Fitness,Depth,Nodes,Generations,time_since_the_start_of_the_evolution,seed,genotype_as_str
0.0,15,165,1,28.89784526824951,40970,"Genotype(dna=[33947, 711, 5349, 51092, 6317, 25841, 23735, 50624, 8959, 63096, 56813, 71802, 99737, 89757, 76774, 53593, 70075, 33968, 11325, 59037, 12140, 78479, 81355, 73501, 81393, 41135, 28083, 13248, 29329, 41405, 89797, 26302, 71602, 37046, 83042, 9556, 37052, 10020, 1364, 96430, 86154, 90948, 98850, 22721, 82420, 86109, 74620, 55532, 10956, 15536, 17218, 45640, 6232, 18726, 24778, 65320, 98082, 51692, 33180, 18627, 47207, 59498, 4555, 72517, 28756, 74950, 52266, 42511, 18768, 95843, 89915, 78078, 96981, 74046, 4901, 37312, 4420, 96023, 86195, 19050, 47623, 97989, 10816, 91801, 50083, 65123, 40201, 5458, 85966, 65101, 69628, 68444, 23863, 59143, 35646, 80193, 97987, 76411, 47285, 52047, 98233, 35792, 53907, 79718, 99381, 20904, 48370, 77958, 5272, 27051, 22102, 45124, 47027, 99717, 77751, 33162, 19231, 36560, 40754, 48285, 45609, 93355, 41023, 2557, 22885, 2665, 58343, 43537, 69801, 26201, 75388, 1001, 78018, 77069, 85933, 76891, 59139, 55902, 89121, 21445, 94055, 45749, 90296, 97356, 47679, 19449, 18939, 9766, 63331, 59693, 12882, 22763, 85528, 71884, 26489, 28290, 97190, 14241, 8041, 9327, 32766, 71828, 93483, 84931, 95731, 54637, 56060, 26787, 50398, 41759, 74257, 79360, 14248, 68986, 77783, 63094, 58124, 39959, 58505, 32752, 17054, 89768, 47427, 20847, 45735, 3543, 54989, 80673, 19339, 85695, 75091, 99181, 34529, 69909, 56895, 68069, 5192, 34480, 68575, 76004, 16043, 15462, 97653, 62646, 34185, 77942, 6229, 98408, 803, 93969, 68790, 2877, 45095, 34580, 92608, 42474, 62929, 38450, 8190, 60918, 55024, 82296, 14020, 12344, 79209, 35183, 3904, 76249, 57647, 62923, 72075, 99621, 28966, 79288, 3998, 19798, 56021, 94780, 89806, 77335, 32676, 75759, 7733, 27312, 37525, 55842, 34676, 11524, 70617, 22077, 65545, 38633, 92724, 68873, 46084, 79734])"
