Fitness,Depth,Nodes,Generations,time_since_the_start_of_the_evolution,seed,genotype_as_str
230.0,7,26,1,2.750525712966919,40003,"Genotype(dna={""<class 'abc.NT_0017'>"": [0, 22416], ""<class 'abc.NT_0017_P_00000'>"": [], ""<class 'abc.NT_0001'>"": [2, 0, 3, 0, 0, 0, 74140], ""<class 'abc.NT_0001_P_00000'>"": [], ""<class 'bool'>"": [13522, 86956, 64367, 81263, 68803, 8735, 98449, 1635, 95660, 10396, 94408, 43208, 82183, 84703, 56778, 52168, 44766, 88181, 11059, 96042, 13268, 18094, 13557, 12668, 54080, 20324, 45410, 58414], ""<class 'abc.NT_0000'>"": [1, 6, 5, 6, 3, 0, 4, 6, 6, 6, 5, 1, 4, 0, 0, 0, 4, 0, 0, 0, 0, 1, 4, 2, 0, 4, 0, 0, 0, 2, 0, 94130], ""<class 'abc.NT_0000_P_00000'>"": [], ""<class 'int'>"": [95528, 40569, 77890, 71338, 20214, 99741, 94497, 20170, 31886, 49307, 99437, 19630, 6711, 95508, 12005, 71848, 37692, 3484, 37961, 37309, 30355, 88237, 25393, 87371, 44045, 31248, 81499, 76147, 76573, 34359, 72707, 24586, 12083, 97854, 1228, 19131], ""<class 'abc.NT_0000_P_00001'>"": [], ""<class 'abc.NT_0000_P_00002'>"": [], ""<class 'abc.NT_0000_P_00003'>"": [], ""<class 'abc.NT_0000_P_00004'>"": [], ""<class 'abc.NT_0000_P_00005'>"": [], ""<class 'abc.NT_0000_P_00006'>"": [], ""<class 'abc.NT_0001_P_00001'>"": [], ""<class 'abc.NT_0001_P_00002'>"": [], ""<class 'abc.NT_0001_P_00003'>"": [], ""<class 'abc.NT_0001_P_00004'>"": [], ""<class 'abc.NT_0005'>"": [1, 18024], ""<class 'abc.NT_0005_P_00000'>"": [], ""<class 'abc.NT_0003'>"": [], ""<class 'abc.NT_0003_P_00000'>"": [], ""<class 'abc.NT_0002'>"": [0, 1, 2, 81953], ""<class 'abc.NT_0002_P_00000'>"": [], ""<class 'abc.NT_0002_P_00001'>"": [], ""<class 'abc.NT_0002_P_00002'>"": [], ""<class 'abc.NT_0002_P_00003'>"": [], ""<class 'abc.NT_0002_P_00004'>"": [], ""<class 'abc.NT_0003_P_00001'>"": [], ""<class 'abc.NT_0003_P_00002'>"": [], ""<class 'abc.NT_0004'>"": [], ""<class 'abc.NT_0004_P_00000'>"": [], ""<class 'abc.NT_0004_P_00001'>"": [], ""<class 'abc.NT_0005_P_00001'>"": [], ""<class 'abc.NT_0005_P_00002'>"": [], ""<class 'abc.NT_0011'>"": [], ""<class 'abc.NT_0011_P_00000'>"": [], ""<class 'abc.NT_0017_P_00001'>"": [], ""<class 'abc.NT_0012'>"": [0, 51601], ""<class 'abc.NT_0012_P_00000'>"": [], ""<class 'abc.NT_0010'>"": [], ""<class 'abc.NT_0010_P_00000'>"": [], ""<class 'abc.NT_0009'>"": [], ""<class 'abc.NT_0009_P_00000'>"": [], ""<class 'abc.NT_0008'>"": [], ""<class 'abc.NT_0008_P_00000'>"": [], ""<class 'abc.NT_0006'>"": [], ""<class 'abc.NT_0006_P_00000'>"": [], ""<class 'abc.NT_0008_P_00001'>"": [], ""<class 'abc.NT_0008_P_00002'>"": [], ""<class 'abc.NT_0008_P_00003'>"": [], ""<class 'abc.NT_0008_P_00004'>"": [], ""<class 'abc.NT_0007'>"": [], ""<class 'abc.NT_0007_P_00000'>"": [], ""<class 'abc.NT_0007_P_00001'>"": [], ""<class 'abc.NT_0007_P_00002'>"": [], ""<class 'abc.NT_0009_P_00001'>"": [], ""<class 'abc.NT_0010_P_00001'>"": [], ""<class 'abc.NT_0010_P_00002'>"": [], ""<class 'abc.NT_0012_P_00001'>"": [], ""<class 'abc.NT_0012_P_00002'>"": [], '$leftovers': [50083, 87758, 44970, 26123, 783, 95786, 79476, 30593, 63309, 19137, 66070, 8065, 96566, 19348, 84166, 64426, 58391, 50141, 14187, 19524, 57060, 35482, 15979, 5102, 97936, 26917, 56055, 76258, 79280, 38955, 69866, 99581, 75247, 66840, 30786, 76513, 31321, 78325, 93503, 84983, 66899, 26788, 30137, 58916, 52607, 38243, 74974, 92543, 52053, 59770, 18020, 66999, 64091, 68211, 63236, 37979, 45846, 21988, 12215, 74137, 37234, 43241, 65826, 82635, 5939, 77325, 95444, 87964, 4999, 87215, 43993, 96790, 77678, 53772, 22092, 33968, 54729, 25980, 62777, 77868, 67807, 62911, 43189, 90857, 8567, 13515, 79637, 16731, 96605, 61762, 16174, 78621, 61855, 50959, 90662, 52312, 23146, 85941, 82196, 43369, 481, 70671, 72761, 29904, 19306, 40869, 50851, 21141, 34039, 5067, 501, 91475, 71463, 94646, 36951, 77843, 35384, 64504, 60752, 70092, 96231, 20151, 11571, 89327, 53089, 3912, 31277, 48057, 62831, 80372, 23150, 98621, 38851, 41360, 82285, 76868, 24023, 11988, 53173, 49817, 73596, 78228, 16900, 92911, 94934, 13488, 9860, 94044, 68775, 33362, 1200, 67475, 92387, 72004, 53274, 80152, 64292, 38620, 81498, 13117, 58969, 65312, 57765, 63387, 6767, 20242, 92324, 85821, 60602, 93577, 73169, 75449, 89481, 70408, 33546, 11280, 10303, 90054, 94210, 75869, 69067, 20486, 84310, 98286, 63095, 71733, 99141, 14108, 63289, 40531, 82234, 41566, 72339, 7337, 96383, 43985, 85290, 91104, 46025, 95502, 23837, 14736, 61514, 83004, 17748, 39017, 64766, 82562, 71817, 17236, 26887, 98347, 85147, 84370, 25194, 76014, 92844, 51686, 10578, 57993, 39768, 91417, 32421, 87555, 11935, 61538, 59928, 35685, 39482, 42375, 55340, 12633, 1535, 465, 18208, 44959, 95815, 71968, 97294, 95427, 7728, 3782, 15449, 2871, 20389, 2740, 36042, 39843, 69689, 89985, 99632, 81047, 63700, 93288, 83123, 48855, 17881, 71810, 61526, 78831, 20739, 81503, 80331, 21089, 48918, 76862, 4013, 94369, 60975, 32648, 33756, 65998, 28539, 75623, 83893, 56787, 84254, 22321, 26656, 52297, 23787, 19662, 19773, 33307, 71842, 55230, 75996, 15420, 54707, 88563, 93122, 73198, 23771, 14869, 55279, 53705, 43552, 1498, 67262, 83896, 9971, 92298, 46031, 10189, 64020, 15716, 90509, 25174, 30322, 69257, 56854, 88551, 5559, 9811, 38171, 82450, 65437, 54445, 49673, 11082, 68636, 9214, 88012, 75183, 27757, 60004, 21733, 44245, 54030, 38241, 66734, 22618, 28926, 15040, 79856, 47409, 24827, 203, 47922, 40691, 32491, 83168, 82308, 79444, 36298, 87325, 57718, 86345, 9738, 99115, 38033, 43608, 95659, 27063, 3892, 88916, 48279, 99054, 30584, 27305, 34323, 10561, 5313, 3781, 11587, 3303, 26516, 85224, 63019, 69470, 46709, 86151, 37423, 50306, 4036, 44887, 14973, 99346, 89860, 95100, 94902, 41599, 44644, 7502, 93288, 95237, 97825, 44935, 14857, 65377, 92147, 13693, 2505, 34911, 16536, 65493, 26941, 73616, 25766, 36185, 39699, 80394, 71383, 3430, 5693, 2603, 25152, 84594, 80619, 22101, 28582, 26520, 2352, 80576, 35907, 75941, 45226, 95994, 90068, 76638, 78170, 62529, 35895, 13705, 89259, 74005, 80047, 77901, 45480, 63258, 83969, 54144, 3486, 43540, 91306, 61300, 52839, 84282, 92869, 25131, 3581, 71674, 14775, 97251, 59651, 93790, 85063, 44730, 24904, 87902, 57074, 37339, 82422, 31506, 86867, 94115, 50844, 91911, 28240, 96983, 752, 15090, 92896, 16389, 33207, 95046, 18236, 4734, 49812, 15412, 94122, 88555, 36248, 14458, 1185, 12071, 88174, 1287, 42493, 54588, 51165, 60863, 32655, 1841, 37576, 27451, 25440, 65681, 47810, 35287, 48050, 6665, 35565, 96607, 38743, 98586, 78558, 67834, 21496, 1640, 88441, 2571, 23904, 41663, 59724, 10737, 47371, 68746, 47669, 25926, 92269, 37940, 63434, 68727, 41044, 45679, 97086, 72599, 62245, 93669, 37828, 93941, 95036, 215, 91995, 27793, 8985, 85064, 27554, 86333, 24532, 73725, 32292, 86375, 4378, 12930, 921, 50177, 18113, 40212, 88069, 17694, 1074, 46023, 82070, 79713, 37548, 14308, 95055, 78845, 12168, 47521, 95715, 78543, 78511, 50777, 81888, 51132, 22675, 75731, 77928, 10066, 22935, 81438, 83499, 21534, 78962, 12388, 35608, 70664, 68335, 66778, 3176, 51417, 15767, 20284, 69292, 37606, 16907, 33606, 12052, 9793, 20487, 51105, 8259, 15890, 37955, 43023, 19206, 38287, 14915, 91993, 64281, 70759, 29536, 72559, 64893, 84079, 28306, 23156, 20046, 26100, 65123, 31190, 24466, 3079, 49405, 99718, 65715, 97101, 45965, 35750, 54641, 29166, 81195, 19604, 91165, 78814, 48024, 35807, 91542, 95249, 59109, 66680, 88288, 67148, 84624, 41749, 15803, 37161, 73416, 10755, 18581, 16155, 29045, 74462, 85127, 35677, 89599, 97408, 44590, 69335, 48552, 48923, 4449, 81893, 10482, 46171, 49586, 79338, 62773, 71265, 38665, 9498, 78595, 61919, 49391, 17385, 87133, 63102, 8043, 20769, 5514, 50066, 63187, 73786, 33719, 13692, 94839, 19146, 12202, 44147, 12084, 64208, 78938, 66377, 40198, 99788, 37700, 54792, 64656, 62980, 20639, 1871, 32910, 29193, 32988, 72027, 21933, 93628, 69358, 54228, 14740, 65155, 32184, 85748, 93817, 60470, 31539, 75219, 60718, 99693, 75394, 81297, 55931, 83275, 34818, 30235, 9606, 24320, 41523, 73286, 62844, 82180, 74905, 24471, 1825, 86328, 22669, 56006, 37205, 30263, 75117, 39139, 35648, 59828, 58177, 45881, 23153, 13105, 53740, 90904, 35790, 33922, 76306, 76844, 86437, 83232, 37909, 64905, 74028, 18813, 76492, 57978, 57034, 4474, 72706, 20340, 78303, 68807, 55611, 19431, 68588, 72870, 98374, 46962, 59663, 83515, 13480, 83147, 92426, 35656, 79800, 95366, 4147, 7929, 3158, 50344, 41434, 23830, 65679, 99898, 51604, 81125, 51244, 69673, 90055, 8017, 15803, 64571, 67938, 84934, 56131, 52347, 87823, 79400, 72152, 43383, 43670, 66722, 42528, 74698, 21462, 1862, 89225, 10301, 51975, 98211, 35555, 71026, 23831, 55030, 19505, 76471, 10571, 53054, 29778, 87442, 67949, 64247, 56925, 89391, 36565, 28301, 38070, 40235, 78537, 75197, 81789, 86533, 96985, 8058, 91674, 88379, 92179, 35799, 60278, 17138, 83588, 55903, 35447, 7157, 48303, 20172, 63117, 74902, 84434, 96390, 39127, 70150, 7437, 45926, 3560, 8696, 91196, 82141, 50002, 57623, 2414, 97092, 42475, 25354, 53038, 19078, 39654, 81176, 18615, 53159, 93485, 58218, 82556, 16556, 2508, 2623, 55468, 75388, 92550, 76553, 40132, 12244, 8033, 96615, 35586, 54358, 12326, 28392, 44343, 55103, 25966, 27308, 89474, 7696, 9406, 79449, 94874, 59258, 96866, 25010, 34809, 49299, 40610, 65501, 2269, 73046, 66038, 399, 68308, 77813, 35226, 14857, 69889, 10823, 88196, 93293, 40606, 42580, 83811, 22660, 48699, 30192, 87450, 72641, 88163, 53316, 20360, 20786, 50499, 3617, 780, 41375, 96152, 14867, 22568, 10349, 1033, 5903, 4891, 96061, 63988, 78577, 80392, 58431, 37829, 29649, 27606, 20711, 27555, 28247, 70121, 17358, 37203, 82220, 28675, 62502, 3995, 41864, 72859, 19175, 5163, 95448, 59244, 64525, 74083, 71261, 35622, 75198, 21694, 61100, 83825, 46529, 55202, 84199, 53574, 19969, 31552, 27097, 2681, 53894, 30348, 59385, 57173, 58235, 78377, 10117, 6809, 41139, 45977, 28693, 45507, 15366, 77226, 51818, 87347, 67440, 85814, 20090, 73468, 98376, 34260, 71678, 30644, 73909, 22416, 51601, 18024, 81953, 74140, 94130, 19131, 58414]})"
230.0,7,26,2,3.7012953758239746,40003,"Genotype(dna={""<class 'abc.NT_0017'>"": [0, 22416], ""<class 'abc.NT_0017_P_00000'>"": [], ""<class 'abc.NT_0001'>"": [2, 0, 3, 0, 0, 0, 74140], ""<class 'abc.NT_0001_P_00000'>"": [], ""<class 'bool'>"": [13522, 86956, 64367, 81263, 68803, 8735, 98449, 1635, 95660, 10396, 94408, 43208, 82183, 84703, 56778, 52168, 44766, 88181, 11059, 96042, 13268, 18094, 13557, 12668, 54080, 20324, 45410, 58414], ""<class 'abc.NT_0000'>"": [1, 6, 5, 6, 3, 0, 4, 6, 6, 6, 5, 1, 4, 0, 0, 0, 4, 0, 0, 0, 0, 1, 4, 2, 0, 4, 0, 0, 0, 2, 0, 94130], ""<class 'abc.NT_0000_P_00000'>"": [], ""<class 'int'>"": [95528, 40569, 77890, 71338, 20214, 99741, 94497, 20170, 31886, 49307, 99437, 19630, 6711, 95508, 12005, 71848, 37692, 3484, 37961, 37309, 30355, 88237, 25393, 87371, 44045, 31248, 81499, 76147, 76573, 34359, 72707, 24586, 12083, 97854, 1228, 19131], ""<class 'abc.NT_0000_P_00001'>"": [], ""<class 'abc.NT_0000_P_00002'>"": [], ""<class 'abc.NT_0000_P_00003'>"": [], ""<class 'abc.NT_0000_P_00004'>"": [], ""<class 'abc.NT_0000_P_00005'>"": [], ""<class 'abc.NT_0000_P_00006'>"": [], ""<class 'abc.NT_0001_P_00001'>"": [], ""<class 'abc.NT_0001_P_00002'>"": [], ""<class 'abc.NT_0001_P_00003'>"": [], ""<class 'abc.NT_0001_P_00004'>"": [], ""<class 'abc.NT_0005'>"": [1, 18024], ""<class 'abc.NT_0005_P_00000'>"": [], ""<class 'abc.NT_0003'>"": [], ""<class 'abc.NT_0003_P_00000'>"": [], ""<class 'abc.NT_0002'>"": [0, 1, 2, 81953], ""<class 'abc.NT_0002_P_00000'>"": [], ""<class 'abc.NT_0002_P_00001'>"": [], ""<class 'abc.NT_0002_P_00002'>"": [], ""<class 'abc.NT_0002_P_00003'>"": [], ""<class 'abc.NT_0002_P_00004'>"": [], ""<class 'abc.NT_0003_P_00001'>"": [], ""<class 'abc.NT_0003_P_00002'>"": [], ""<class 'abc.NT_0004'>"": [], ""<class 'abc.NT_0004_P_00000'>"": [], ""<class 'abc.NT_0004_P_00001'>"": [], ""<class 'abc.NT_0005_P_00001'>"": [], ""<class 'abc.NT_0005_P_00002'>"": [], ""<class 'abc.NT_0011'>"": [], ""<class 'abc.NT_0011_P_00000'>"": [], ""<class 'abc.NT_0017_P_00001'>"": [], ""<class 'abc.NT_0012'>"": [0, 51601], ""<class 'abc.NT_0012_P_00000'>"": [], ""<class 'abc.NT_0010'>"": [], ""<class 'abc.NT_0010_P_00000'>"": [], ""<class 'abc.NT_0009'>"": [], ""<class 'abc.NT_0009_P_00000'>"": [], ""<class 'abc.NT_0008'>"": [], ""<class 'abc.NT_0008_P_00000'>"": [], ""<class 'abc.NT_0006'>"": [], ""<class 'abc.NT_0006_P_00000'>"": [], ""<class 'abc.NT_0008_P_00001'>"": [], ""<class 'abc.NT_0008_P_00002'>"": [], ""<class 'abc.NT_0008_P_00003'>"": [], ""<class 'abc.NT_0008_P_00004'>"": [], ""<class 'abc.NT_0007'>"": [], ""<class 'abc.NT_0007_P_00000'>"": [], ""<class 'abc.NT_0007_P_00001'>"": [], ""<class 'abc.NT_0007_P_00002'>"": [], ""<class 'abc.NT_0009_P_00001'>"": [], ""<class 'abc.NT_0010_P_00001'>"": [], ""<class 'abc.NT_0010_P_00002'>"": [], ""<class 'abc.NT_0012_P_00001'>"": [], ""<class 'abc.NT_0012_P_00002'>"": [], '$leftovers': [50083, 87758, 44970, 26123, 783, 95786, 79476, 30593, 63309, 19137, 66070, 8065, 96566, 19348, 84166, 64426, 58391, 50141, 14187, 19524, 57060, 35482, 15979, 5102, 97936, 26917, 56055, 76258, 79280, 38955, 69866, 99581, 75247, 66840, 30786, 76513, 31321, 78325, 93503, 84983, 66899, 26788, 30137, 58916, 52607, 38243, 74974, 92543, 52053, 59770, 18020, 66999, 64091, 68211, 63236, 37979, 45846, 21988, 12215, 74137, 37234, 43241, 65826, 82635, 5939, 77325, 95444, 87964, 4999, 87215, 43993, 96790, 77678, 53772, 22092, 33968, 54729, 25980, 62777, 77868, 67807, 62911, 43189, 90857, 8567, 13515, 79637, 16731, 96605, 61762, 16174, 78621, 61855, 50959, 90662, 52312, 23146, 85941, 82196, 43369, 481, 70671, 72761, 29904, 19306, 40869, 50851, 21141, 34039, 5067, 501, 91475, 71463, 94646, 36951, 77843, 35384, 64504, 60752, 70092, 96231, 20151, 11571, 89327, 53089, 3912, 31277, 48057, 62831, 80372, 23150, 98621, 38851, 41360, 82285, 76868, 24023, 11988, 53173, 49817, 73596, 78228, 16900, 92911, 94934, 13488, 9860, 94044, 68775, 33362, 1200, 67475, 92387, 72004, 53274, 80152, 64292, 38620, 81498, 13117, 58969, 65312, 57765, 63387, 6767, 20242, 92324, 85821, 60602, 93577, 73169, 75449, 89481, 70408, 33546, 11280, 10303, 90054, 94210, 75869, 69067, 20486, 84310, 98286, 63095, 71733, 99141, 14108, 63289, 40531, 82234, 41566, 72339, 7337, 96383, 43985, 85290, 91104, 46025, 95502, 23837, 14736, 61514, 83004, 17748, 39017, 64766, 82562, 71817, 17236, 26887, 98347, 85147, 84370, 25194, 76014, 92844, 51686, 10578, 57993, 39768, 91417, 32421, 87555, 11935, 61538, 59928, 35685, 39482, 42375, 55340, 12633, 1535, 465, 18208, 44959, 95815, 71968, 97294, 95427, 7728, 3782, 15449, 2871, 20389, 2740, 36042, 39843, 69689, 89985, 99632, 81047, 63700, 93288, 83123, 48855, 17881, 71810, 61526, 78831, 20739, 81503, 80331, 21089, 48918, 76862, 4013, 94369, 60975, 32648, 33756, 65998, 28539, 75623, 83893, 56787, 84254, 22321, 26656, 52297, 23787, 19662, 19773, 33307, 71842, 55230, 75996, 15420, 54707, 88563, 93122, 73198, 23771, 14869, 55279, 53705, 43552, 1498, 67262, 83896, 9971, 92298, 46031, 10189, 64020, 15716, 90509, 25174, 30322, 69257, 56854, 88551, 5559, 9811, 38171, 82450, 65437, 54445, 49673, 11082, 68636, 9214, 88012, 75183, 27757, 60004, 21733, 44245, 54030, 38241, 66734, 22618, 28926, 15040, 79856, 47409, 24827, 203, 47922, 40691, 32491, 83168, 82308, 79444, 36298, 87325, 57718, 86345, 9738, 99115, 38033, 43608, 95659, 27063, 3892, 88916, 48279, 99054, 30584, 27305, 34323, 10561, 5313, 3781, 11587, 3303, 26516, 85224, 63019, 69470, 46709, 86151, 37423, 50306, 4036, 44887, 14973, 99346, 89860, 95100, 94902, 41599, 44644, 7502, 93288, 95237, 97825, 44935, 14857, 65377, 92147, 13693, 2505, 34911, 16536, 65493, 26941, 73616, 25766, 36185, 39699, 80394, 71383, 3430, 5693, 2603, 25152, 84594, 80619, 22101, 28582, 26520, 2352, 80576, 35907, 75941, 45226, 95994, 90068, 76638, 78170, 62529, 35895, 13705, 89259, 74005, 80047, 77901, 45480, 63258, 83969, 54144, 3486, 43540, 91306, 61300, 52839, 84282, 92869, 25131, 3581, 71674, 14775, 97251, 59651, 93790, 85063, 44730, 24904, 87902, 57074, 37339, 82422, 31506, 86867, 94115, 50844, 91911, 28240, 96983, 752, 15090, 92896, 16389, 33207, 95046, 18236, 4734, 49812, 15412, 94122, 88555, 36248, 14458, 1185, 12071, 88174, 1287, 42493, 54588, 51165, 60863, 32655, 1841, 37576, 27451, 25440, 65681, 47810, 35287, 48050, 6665, 35565, 96607, 38743, 98586, 78558, 67834, 21496, 1640, 88441, 2571, 23904, 41663, 59724, 10737, 47371, 68746, 47669, 25926, 92269, 37940, 63434, 68727, 41044, 45679, 97086, 72599, 62245, 93669, 37828, 93941, 95036, 215, 91995, 27793, 8985, 85064, 27554, 86333, 24532, 73725, 32292, 86375, 4378, 12930, 921, 50177, 18113, 40212, 88069, 17694, 1074, 46023, 82070, 79713, 37548, 14308, 95055, 78845, 12168, 47521, 95715, 78543, 78511, 50777, 81888, 51132, 22675, 75731, 77928, 10066, 22935, 81438, 83499, 21534, 78962, 12388, 35608, 70664, 68335, 66778, 3176, 51417, 15767, 20284, 69292, 37606, 16907, 33606, 12052, 9793, 20487, 51105, 8259, 15890, 37955, 43023, 19206, 38287, 14915, 91993, 64281, 70759, 29536, 72559, 64893, 84079, 28306, 23156, 20046, 26100, 65123, 31190, 24466, 3079, 49405, 99718, 65715, 97101, 45965, 35750, 54641, 29166, 81195, 19604, 91165, 78814, 48024, 35807, 91542, 95249, 59109, 66680, 88288, 67148, 84624, 41749, 15803, 37161, 73416, 10755, 18581, 16155, 29045, 74462, 85127, 35677, 89599, 97408, 44590, 69335, 48552, 48923, 4449, 81893, 10482, 46171, 49586, 79338, 62773, 71265, 38665, 9498, 78595, 61919, 49391, 17385, 87133, 63102, 8043, 20769, 5514, 50066, 63187, 73786, 33719, 13692, 94839, 19146, 12202, 44147, 12084, 64208, 78938, 66377, 40198, 99788, 37700, 54792, 64656, 62980, 20639, 1871, 32910, 29193, 32988, 72027, 21933, 93628, 69358, 54228, 14740, 65155, 32184, 85748, 93817, 60470, 31539, 75219, 60718, 99693, 75394, 81297, 55931, 83275, 34818, 30235, 9606, 24320, 41523, 73286, 62844, 82180, 74905, 24471, 1825, 86328, 22669, 56006, 37205, 30263, 75117, 39139, 35648, 59828, 58177, 45881, 23153, 13105, 53740, 90904, 35790, 33922, 76306, 76844, 86437, 83232, 37909, 64905, 74028, 18813, 76492, 57978, 57034, 4474, 72706, 20340, 78303, 68807, 55611, 19431, 68588, 72870, 98374, 46962, 59663, 83515, 13480, 83147, 92426, 35656, 79800, 95366, 4147, 7929, 3158, 50344, 41434, 23830, 65679, 99898, 51604, 81125, 51244, 69673, 90055, 8017, 15803, 64571, 67938, 84934, 56131, 52347, 87823, 79400, 72152, 43383, 43670, 66722, 42528, 74698, 21462, 1862, 89225, 10301, 51975, 98211, 35555, 71026, 23831, 55030, 19505, 76471, 10571, 53054, 29778, 87442, 67949, 64247, 56925, 89391, 36565, 28301, 38070, 40235, 78537, 75197, 81789, 86533, 96985, 8058, 91674, 88379, 92179, 35799, 60278, 17138, 83588, 55903, 35447, 7157, 48303, 20172, 63117, 74902, 84434, 96390, 39127, 70150, 7437, 45926, 3560, 8696, 91196, 82141, 50002, 57623, 2414, 97092, 42475, 25354, 53038, 19078, 39654, 81176, 18615, 53159, 93485, 58218, 82556, 16556, 2508, 2623, 55468, 75388, 92550, 76553, 40132, 12244, 8033, 96615, 35586, 54358, 12326, 28392, 44343, 55103, 25966, 27308, 89474, 7696, 9406, 79449, 94874, 59258, 96866, 25010, 34809, 49299, 40610, 65501, 2269, 73046, 66038, 399, 68308, 77813, 35226, 14857, 69889, 10823, 88196, 93293, 40606, 42580, 83811, 22660, 48699, 30192, 87450, 72641, 88163, 53316, 20360, 20786, 50499, 3617, 780, 41375, 96152, 14867, 22568, 10349, 1033, 5903, 4891, 96061, 63988, 78577, 80392, 58431, 37829, 29649, 27606, 20711, 27555, 28247, 70121, 17358, 37203, 82220, 28675, 62502, 3995, 41864, 72859, 19175, 5163, 95448, 59244, 64525, 74083, 71261, 35622, 75198, 21694, 61100, 83825, 46529, 55202, 84199, 53574, 19969, 31552, 27097, 2681, 53894, 30348, 59385, 57173, 58235, 78377, 10117, 6809, 41139, 45977, 28693, 45507, 15366, 77226, 51818, 87347, 67440, 85814, 20090, 73468, 98376, 34260, 71678, 30644, 73909, 22416, 51601, 18024, 81953, 74140, 94130, 19131, 58414]})"
230.0,7,26,3,4.59747838973999,40003,"Genotype(dna={""<class 'abc.NT_0017'>"": [0, 22416], ""<class 'abc.NT_0017_P_00000'>"": [], ""<class 'abc.NT_0001'>"": [2, 0, 3, 0, 0, 0, 74140], ""<class 'abc.NT_0001_P_00000'>"": [], ""<class 'bool'>"": [13522, 86956, 64367, 81263, 68803, 8735, 98449, 1635, 95660, 10396, 94408, 43208, 82183, 84703, 56778, 52168, 44766, 88181, 11059, 96042, 13268, 18094, 13557, 12668, 54080, 20324, 45410, 58414], ""<class 'abc.NT_0000'>"": [1, 6, 5, 6, 3, 0, 4, 6, 6, 6, 5, 1, 4, 0, 0, 0, 4, 0, 0, 0, 0, 1, 4, 2, 0, 4, 0, 0, 0, 2, 0, 94130], ""<class 'abc.NT_0000_P_00000'>"": [], ""<class 'int'>"": [95528, 40569, 77890, 71338, 20214, 99741, 94497, 20170, 31886, 49307, 99437, 19630, 6711, 95508, 12005, 71848, 37692, 3484, 37961, 37309, 30355, 88237, 25393, 87371, 44045, 31248, 81499, 76147, 76573, 34359, 72707, 24586, 12083, 97854, 1228, 19131], ""<class 'abc.NT_0000_P_00001'>"": [], ""<class 'abc.NT_0000_P_00002'>"": [], ""<class 'abc.NT_0000_P_00003'>"": [], ""<class 'abc.NT_0000_P_00004'>"": [], ""<class 'abc.NT_0000_P_00005'>"": [], ""<class 'abc.NT_0000_P_00006'>"": [], ""<class 'abc.NT_0001_P_00001'>"": [], ""<class 'abc.NT_0001_P_00002'>"": [], ""<class 'abc.NT_0001_P_00003'>"": [], ""<class 'abc.NT_0001_P_00004'>"": [], ""<class 'abc.NT_0005'>"": [1, 18024], ""<class 'abc.NT_0005_P_00000'>"": [], ""<class 'abc.NT_0003'>"": [], ""<class 'abc.NT_0003_P_00000'>"": [], ""<class 'abc.NT_0002'>"": [0, 1, 2, 81953], ""<class 'abc.NT_0002_P_00000'>"": [], ""<class 'abc.NT_0002_P_00001'>"": [], ""<class 'abc.NT_0002_P_00002'>"": [], ""<class 'abc.NT_0002_P_00003'>"": [], ""<class 'abc.NT_0002_P_00004'>"": [], ""<class 'abc.NT_0003_P_00001'>"": [], ""<class 'abc.NT_0003_P_00002'>"": [], ""<class 'abc.NT_0004'>"": [], ""<class 'abc.NT_0004_P_00000'>"": [], ""<class 'abc.NT_0004_P_00001'>"": [], ""<class 'abc.NT_0005_P_00001'>"": [], ""<class 'abc.NT_0005_P_00002'>"": [], ""<class 'abc.NT_0011'>"": [], ""<class 'abc.NT_0011_P_00000'>"": [], ""<class 'abc.NT_0017_P_00001'>"": [], ""<class 'abc.NT_0012'>"": [0, 51601], ""<class 'abc.NT_0012_P_00000'>"": [], ""<class 'abc.NT_0010'>"": [], ""<class 'abc.NT_0010_P_00000'>"": [], ""<class 'abc.NT_0009'>"": [], ""<class 'abc.NT_0009_P_00000'>"": [], ""<class 'abc.NT_0008'>"": [], ""<class 'abc.NT_0008_P_00000'>"": [], ""<class 'abc.NT_0006'>"": [], ""<class 'abc.NT_0006_P_00000'>"": [], ""<class 'abc.NT_0008_P_00001'>"": [], ""<class 'abc.NT_0008_P_00002'>"": [], ""<class 'abc.NT_0008_P_00003'>"": [], ""<class 'abc.NT_0008_P_00004'>"": [], ""<class 'abc.NT_0007'>"": [], ""<class 'abc.NT_0007_P_00000'>"": [], ""<class 'abc.NT_0007_P_00001'>"": [], ""<class 'abc.NT_0007_P_00002'>"": [], ""<class 'abc.NT_0009_P_00001'>"": [], ""<class 'abc.NT_0010_P_00001'>"": [], ""<class 'abc.NT_0010_P_00002'>"": [], ""<class 'abc.NT_0012_P_00001'>"": [], ""<class 'abc.NT_0012_P_00002'>"": [], '$leftovers': [50083, 87758, 44970, 26123, 783, 95786, 79476, 30593, 63309, 19137, 66070, 8065, 96566, 19348, 84166, 64426, 58391, 50141, 14187, 19524, 57060, 35482, 15979, 5102, 97936, 26917, 56055, 76258, 79280, 38955, 69866, 99581, 75247, 66840, 30786, 76513, 31321, 78325, 93503, 84983, 66899, 26788, 30137, 58916, 52607, 38243, 74974, 92543, 52053, 59770, 18020, 66999, 64091, 68211, 63236, 37979, 45846, 21988, 12215, 74137, 37234, 43241, 65826, 82635, 5939, 77325, 95444, 87964, 4999, 87215, 43993, 96790, 77678, 53772, 22092, 33968, 54729, 25980, 62777, 77868, 67807, 62911, 43189, 90857, 8567, 13515, 79637, 16731, 96605, 61762, 16174, 78621, 61855, 50959, 90662, 52312, 23146, 85941, 82196, 43369, 481, 70671, 72761, 29904, 19306, 40869, 50851, 21141, 34039, 5067, 501, 91475, 71463, 94646, 36951, 77843, 35384, 64504, 60752, 70092, 96231, 20151, 11571, 89327, 53089, 3912, 31277, 48057, 62831, 80372, 23150, 98621, 38851, 41360, 82285, 76868, 24023, 11988, 53173, 49817, 73596, 78228, 16900, 92911, 94934, 13488, 9860, 94044, 68775, 33362, 1200, 67475, 92387, 72004, 53274, 80152, 64292, 38620, 81498, 13117, 58969, 65312, 57765, 63387, 6767, 20242, 92324, 85821, 60602, 93577, 73169, 75449, 89481, 70408, 33546, 11280, 10303, 90054, 94210, 75869, 69067, 20486, 84310, 98286, 63095, 71733, 99141, 14108, 63289, 40531, 82234, 41566, 72339, 7337, 96383, 43985, 85290, 91104, 46025, 95502, 23837, 14736, 61514, 83004, 17748, 39017, 64766, 82562, 71817, 17236, 26887, 98347, 85147, 84370, 25194, 76014, 92844, 51686, 10578, 57993, 39768, 91417, 32421, 87555, 11935, 61538, 59928, 35685, 39482, 42375, 55340, 12633, 1535, 465, 18208, 44959, 95815, 71968, 97294, 95427, 7728, 3782, 15449, 2871, 20389, 2740, 36042, 39843, 69689, 89985, 99632, 81047, 63700, 93288, 83123, 48855, 17881, 71810, 61526, 78831, 20739, 81503, 80331, 21089, 48918, 76862, 4013, 94369, 60975, 32648, 33756, 65998, 28539, 75623, 83893, 56787, 84254, 22321, 26656, 52297, 23787, 19662, 19773, 33307, 71842, 55230, 75996, 15420, 54707, 88563, 93122, 73198, 23771, 14869, 55279, 53705, 43552, 1498, 67262, 83896, 9971, 92298, 46031, 10189, 64020, 15716, 90509, 25174, 30322, 69257, 56854, 88551, 5559, 9811, 38171, 82450, 65437, 54445, 49673, 11082, 68636, 9214, 88012, 75183, 27757, 60004, 21733, 44245, 54030, 38241, 66734, 22618, 28926, 15040, 79856, 47409, 24827, 203, 47922, 40691, 32491, 83168, 82308, 79444, 36298, 87325, 57718, 86345, 9738, 99115, 38033, 43608, 95659, 27063, 3892, 88916, 48279, 99054, 30584, 27305, 34323, 10561, 5313, 3781, 11587, 3303, 26516, 85224, 63019, 69470, 46709, 86151, 37423, 50306, 4036, 44887, 14973, 99346, 89860, 95100, 94902, 41599, 44644, 7502, 93288, 95237, 97825, 44935, 14857, 65377, 92147, 13693, 2505, 34911, 16536, 65493, 26941, 73616, 25766, 36185, 39699, 80394, 71383, 3430, 5693, 2603, 25152, 84594, 80619, 22101, 28582, 26520, 2352, 80576, 35907, 75941, 45226, 95994, 90068, 76638, 78170, 62529, 35895, 13705, 89259, 74005, 80047, 77901, 45480, 63258, 83969, 54144, 3486, 43540, 91306, 61300, 52839, 84282, 92869, 25131, 3581, 71674, 14775, 97251, 59651, 93790, 85063, 44730, 24904, 87902, 57074, 37339, 82422, 31506, 86867, 94115, 50844, 91911, 28240, 96983, 752, 15090, 92896, 16389, 33207, 95046, 18236, 4734, 49812, 15412, 94122, 88555, 36248, 14458, 1185, 12071, 88174, 1287, 42493, 54588, 51165, 60863, 32655, 1841, 37576, 27451, 25440, 65681, 47810, 35287, 48050, 6665, 35565, 96607, 38743, 98586, 78558, 67834, 21496, 1640, 88441, 2571, 23904, 41663, 59724, 10737, 47371, 68746, 47669, 25926, 92269, 37940, 63434, 68727, 41044, 45679, 97086, 72599, 62245, 93669, 37828, 93941, 95036, 215, 91995, 27793, 8985, 85064, 27554, 86333, 24532, 73725, 32292, 86375, 4378, 12930, 921, 50177, 18113, 40212, 88069, 17694, 1074, 46023, 82070, 79713, 37548, 14308, 95055, 78845, 12168, 47521, 95715, 78543, 78511, 50777, 81888, 51132, 22675, 75731, 77928, 10066, 22935, 81438, 83499, 21534, 78962, 12388, 35608, 70664, 68335, 66778, 3176, 51417, 15767, 20284, 69292, 37606, 16907, 33606, 12052, 9793, 20487, 51105, 8259, 15890, 37955, 43023, 19206, 38287, 14915, 91993, 64281, 70759, 29536, 72559, 64893, 84079, 28306, 23156, 20046, 26100, 65123, 31190, 24466, 3079, 49405, 99718, 65715, 97101, 45965, 35750, 54641, 29166, 81195, 19604, 91165, 78814, 48024, 35807, 91542, 95249, 59109, 66680, 88288, 67148, 84624, 41749, 15803, 37161, 73416, 10755, 18581, 16155, 29045, 74462, 85127, 35677, 89599, 97408, 44590, 69335, 48552, 48923, 4449, 81893, 10482, 46171, 49586, 79338, 62773, 71265, 38665, 9498, 78595, 61919, 49391, 17385, 87133, 63102, 8043, 20769, 5514, 50066, 63187, 73786, 33719, 13692, 94839, 19146, 12202, 44147, 12084, 64208, 78938, 66377, 40198, 99788, 37700, 54792, 64656, 62980, 20639, 1871, 32910, 29193, 32988, 72027, 21933, 93628, 69358, 54228, 14740, 65155, 32184, 85748, 93817, 60470, 31539, 75219, 60718, 99693, 75394, 81297, 55931, 83275, 34818, 30235, 9606, 24320, 41523, 73286, 62844, 82180, 74905, 24471, 1825, 86328, 22669, 56006, 37205, 30263, 75117, 39139, 35648, 59828, 58177, 45881, 23153, 13105, 53740, 90904, 35790, 33922, 76306, 76844, 86437, 83232, 37909, 64905, 74028, 18813, 76492, 57978, 57034, 4474, 72706, 20340, 78303, 68807, 55611, 19431, 68588, 72870, 98374, 46962, 59663, 83515, 13480, 83147, 92426, 35656, 79800, 95366, 4147, 7929, 3158, 50344, 41434, 23830, 65679, 99898, 51604, 81125, 51244, 69673, 90055, 8017, 15803, 64571, 67938, 84934, 56131, 52347, 87823, 79400, 72152, 43383, 43670, 66722, 42528, 74698, 21462, 1862, 89225, 10301, 51975, 98211, 35555, 71026, 23831, 55030, 19505, 76471, 10571, 53054, 29778, 87442, 67949, 64247, 56925, 89391, 36565, 28301, 38070, 40235, 78537, 75197, 81789, 86533, 96985, 8058, 91674, 88379, 92179, 35799, 60278, 17138, 83588, 55903, 35447, 7157, 48303, 20172, 63117, 74902, 84434, 96390, 39127, 70150, 7437, 45926, 3560, 8696, 91196, 82141, 50002, 57623, 2414, 97092, 42475, 25354, 53038, 19078, 39654, 81176, 18615, 53159, 93485, 58218, 82556, 16556, 2508, 2623, 55468, 75388, 92550, 76553, 40132, 12244, 8033, 96615, 35586, 54358, 12326, 28392, 44343, 55103, 25966, 27308, 89474, 7696, 9406, 79449, 94874, 59258, 96866, 25010, 34809, 49299, 40610, 65501, 2269, 73046, 66038, 399, 68308, 77813, 35226, 14857, 69889, 10823, 88196, 93293, 40606, 42580, 83811, 22660, 48699, 30192, 87450, 72641, 88163, 53316, 20360, 20786, 50499, 3617, 780, 41375, 96152, 14867, 22568, 10349, 1033, 5903, 4891, 96061, 63988, 78577, 80392, 58431, 37829, 29649, 27606, 20711, 27555, 28247, 70121, 17358, 37203, 82220, 28675, 62502, 3995, 41864, 72859, 19175, 5163, 95448, 59244, 64525, 74083, 71261, 35622, 75198, 21694, 61100, 83825, 46529, 55202, 84199, 53574, 19969, 31552, 27097, 2681, 53894, 30348, 59385, 57173, 58235, 78377, 10117, 6809, 41139, 45977, 28693, 45507, 15366, 77226, 51818, 87347, 67440, 85814, 20090, 73468, 98376, 34260, 71678, 30644, 73909, 22416, 51601, 18024, 81953, 74140, 94130, 19131, 58414]})"
197.0,7,31,4,5.29081916809082,40003,"Genotype(dna={""<class 'abc.NT_0017'>"": [0, 1863], ""<class 'abc.NT_0017_P_00000'>"": [], ""<class 'abc.NT_0001'>"": [2, 2, 2, 2, 0, 1, 68566], ""<class 'abc.NT_0001_P_00000'>"": [], ""<class 'bool'>"": [46023, 35570, 21927, 24472, 64826, 47769, 23648, 93816, 7134, 59416, 20134, 85082, 87339, 3266, 78194, 44410, 60665, 74745, 34263, 50242, 42523, 55047, 79213, 55354, 94818], ""<class 'abc.NT_0000'>"": [1, 2, 6, 0, 0, 0, 0, 5, 5, 2, 0, 0, 3, 1, 0, 2, 2, 0, 3, 6, 1, 0, 2, 0, 0, 65812], ""<class 'abc.NT_0000_P_00000'>"": [], ""<class 'int'>"": [51614, 94798, 62709, 59354, 52526, 70159, 85748, 91268, 99322, 97017, 68614, 93746, 6702, 40963, 44680, 38712, 37369, 45498, 58460, 83038, 87308, 60118, 78957, 45108, 40727, 50662, 40359, 78500, 26079, 62592, 24095, 76033, 80107, 52022, 89661, 68167, 24483, 63271, 86486, 20445, 60856, 12770, 13650, 52188], ""<class 'abc.NT_0000_P_00001'>"": [], ""<class 'abc.NT_0000_P_00002'>"": [], ""<class 'abc.NT_0000_P_00003'>"": [], ""<class 'abc.NT_0000_P_00004'>"": [], ""<class 'abc.NT_0000_P_00005'>"": [], ""<class 'abc.NT_0000_P_00006'>"": [], ""<class 'abc.NT_0001_P_00001'>"": [], ""<class 'abc.NT_0001_P_00002'>"": [], ""<class 'abc.NT_0001_P_00003'>"": [], ""<class 'abc.NT_0001_P_00004'>"": [], ""<class 'abc.NT_0005'>"": [2, 8379], ""<class 'abc.NT_0005_P_00000'>"": [], ""<class 'abc.NT_0003'>"": [0, 0, 2, 44909], ""<class 'abc.NT_0003_P_00000'>"": [], ""<class 'abc.NT_0002'>"": [3, 1, 2, 3, 2, 64466], ""<class 'abc.NT_0002_P_00000'>"": [], ""<class 'abc.NT_0002_P_00001'>"": [], ""<class 'abc.NT_0002_P_00002'>"": [], ""<class 'abc.NT_0002_P_00003'>"": [], ""<class 'abc.NT_0002_P_00004'>"": [], ""<class 'abc.NT_0003_P_00001'>"": [], ""<class 'abc.NT_0003_P_00002'>"": [], ""<class 'abc.NT_0004'>"": [0, 60424], ""<class 'abc.NT_0004_P_00000'>"": [], ""<class 'abc.NT_0004_P_00001'>"": [], ""<class 'abc.NT_0005_P_00001'>"": [], ""<class 'abc.NT_0005_P_00002'>"": [], ""<class 'abc.NT_0011'>"": [], ""<class 'abc.NT_0011_P_00000'>"": [], ""<class 'abc.NT_0017_P_00001'>"": [], ""<class 'abc.NT_0012'>"": [0, 60158], ""<class 'abc.NT_0012_P_00000'>"": [], ""<class 'abc.NT_0010'>"": [], ""<class 'abc.NT_0010_P_00000'>"": [], ""<class 'abc.NT_0009'>"": [], ""<class 'abc.NT_0009_P_00000'>"": [], ""<class 'abc.NT_0008'>"": [], ""<class 'abc.NT_0008_P_00000'>"": [], ""<class 'abc.NT_0006'>"": [], ""<class 'abc.NT_0006_P_00000'>"": [], ""<class 'abc.NT_0008_P_00001'>"": [], ""<class 'abc.NT_0008_P_00002'>"": [], ""<class 'abc.NT_0008_P_00003'>"": [], ""<class 'abc.NT_0008_P_00004'>"": [], ""<class 'abc.NT_0007'>"": [], ""<class 'abc.NT_0007_P_00000'>"": [], ""<class 'abc.NT_0007_P_00001'>"": [], ""<class 'abc.NT_0007_P_00002'>"": [], ""<class 'abc.NT_0009_P_00001'>"": [], ""<class 'abc.NT_0010_P_00001'>"": [], ""<class 'abc.NT_0010_P_00002'>"": [], ""<class 'abc.NT_0012_P_00001'>"": [], ""<class 'abc.NT_0012_P_00002'>"": [], '$leftovers': [24110, 33409, 84800, 52930, 73355, 35471, 40030, 9296, 20749, 33075, 49628, 11537, 15, 90830, 51946, 20435, 67193, 37276, 25620, 25545, 23848, 32840, 79736, 6117, 22259, 57571, 60709, 16020, 90131, 83681, 49236, 19740, 96719, 28286, 96500, 25056, 2425, 4606, 76743, 50141, 80972, 89178, 58155, 60076, 20023, 49957, 78859, 71701, 63157, 51036, 27194, 57618, 41826, 72622, 26518, 13650, 37174, 65866, 51535, 26693, 46306, 18622, 78957, 96794, 12749, 98789, 43609, 19799, 33366, 8952, 34480, 94159, 44897, 75759, 82931, 16277, 14916, 72994, 49309, 70538, 2034, 42550, 91026, 7880, 3338, 60131, 98080, 28093, 32900, 15622, 26775, 29552, 32342, 14515, 36096, 41783, 62811, 37254, 75355, 63411, 75272, 23694, 84310, 71082, 79212, 33588, 90706, 48187, 31189, 88482, 9367, 56255, 79617, 1270, 55560, 26203, 26155, 40545, 15484, 55048, 21590, 6079, 95713, 42042, 7599, 11012, 10867, 6326, 4226, 36219, 64167, 95573, 17592, 32396, 33047, 42672, 14688, 56724, 34006, 26116, 19739, 92564, 32446, 49106, 86197, 89608, 29620, 89318, 4676, 30220, 92140, 82233, 42586, 84937, 67832, 88616, 54115, 36688, 72537, 89206, 19927, 60142, 31365, 9503, 17153, 77426, 27373, 71618, 24526, 11066, 35200, 85609, 149, 12686, 31762, 76331, 79662, 42034, 4753, 45093, 9160, 29879, 54031, 81574, 52405, 74338, 45103, 97062, 38418, 65500, 83214, 33515, 71498, 84236, 27012, 42946, 15648, 18758, 74221, 18239, 86131, 1230, 2760, 87805, 47794, 89910, 39873, 11161, 88967, 57997, 33988, 52998, 11574, 11690, 91965, 60505, 6728, 20304, 66663, 21797, 36314, 23383, 77728, 66566, 30573, 81589, 35200, 85889, 50823, 87892, 82732, 87939, 51151, 25364, 57741, 65481, 95697, 91763, 24126, 50698, 89794, 21082, 38556, 8845, 86758, 95312, 40982, 27576, 22409, 10764, 59686, 42374, 46705, 20305, 91930, 20443, 55812, 94550, 17871, 37347, 86111, 91872, 76531, 97561, 22247, 70828, 10031, 86871, 3457, 34403, 47195, 55824, 77269, 2312, 23015, 10509, 90685, 33220, 5095, 32669, 57665, 87461, 23705, 23892, 79569, 25099, 22463, 6825, 87678, 12700, 8086, 18347, 2080, 81725, 1743, 21695, 98864, 601, 27012, 26238, 83756, 20196, 9283, 37922, 9584, 31059, 69305, 33408, 87700, 5472, 17218, 94029, 30946, 42707, 26938, 23929, 42631, 58629, 82345, 34078, 27640, 26857, 52482, 1908, 53363, 57718, 53277, 60874, 47192, 65156, 64324, 98908, 18086, 34571, 80780, 21654, 13015, 54185, 65778, 82905, 54333, 16295, 29750, 10179, 8498, 41149, 76875, 75817, 52840, 36350, 67047, 80721, 50387, 89921, 76598, 79179, 69374, 34188, 84323, 90189, 80063, 75353, 58141, 98604, 61869, 50914, 95998, 60953, 31372, 32800, 20253, 10965, 57825, 30921, 72002, 23478, 52144, 74671, 49790, 35369, 96851, 96268, 91735, 26265, 71492, 35041, 22667, 85381, 87967, 56897, 37761, 44123, 52620, 81795, 86745, 6668, 71796, 22328, 50981, 1304, 65894, 39334, 28965, 37736, 33502, 94725, 98644, 29317, 28672, 49720, 92944, 79154, 30886, 83581, 56853, 86563, 45680, 29702, 43297, 89488, 55541, 95711, 64055, 55857, 75831, 20915, 33733, 41601, 40608, 13946, 42643, 60946, 78379, 66893, 47265, 47663, 96044, 31575, 23271, 29732, 18765, 73934, 86595, 19623, 58152, 23341, 42797, 82035, 84610, 84617, 26296, 48384, 7808, 85181, 83581, 85225, 34491, 3068, 83145, 63958, 59227, 71005, 79763, 19625, 78522, 84816, 70026, 30736, 71763, 20974, 85431, 42194, 51257, 95945, 87370, 84376, 7316, 96397, 73523, 45377, 38170, 929, 19455, 92318, 44476, 31469, 69802, 39812, 96151, 1351, 97970, 67167, 69990, 20536, 43930, 89552, 7692, 94070, 25734, 2163, 89653, 41361, 65843, 55026, 76161, 33606, 7726, 57770, 26583, 72401, 4290, 24460, 59579, 28419, 26896, 42516, 11149, 32412, 43883, 76759, 72953, 63003, 29642, 79399, 49163, 14266, 55493, 15592, 19124, 64343, 71700, 16518, 77843, 61244, 80217, 51694, 11787, 24162, 70922, 1802, 19601, 58039, 19725, 17982, 7030, 87818, 81146, 64592, 10711, 8313, 80311, 12180, 49490, 79809, 96851, 93114, 19741, 87950, 3665, 43498, 8117, 64, 90216, 51752, 43265, 1055, 25064, 4579, 20591, 64262, 8289, 34540, 9038, 32463, 95965, 3202, 36219, 54773, 36301, 21802, 67750, 14517, 59282, 15980, 432, 86613, 99020, 91465, 77787, 78248, 48946, 57777, 58757, 97167, 43438, 57904, 2014, 13213, 67388, 10589, 17904, 46813, 71128, 52635, 3372, 7022, 6285, 13222, 36250, 40728, 91163, 35142, 11502, 89851, 62932, 77460, 96657, 21864, 99883, 81995, 74277, 60986, 50282, 74931, 46950, 5360, 53700, 31843, 59827, 47670, 32934, 30419, 79491, 57514, 74807, 23996, 53538, 62864, 15792, 27971, 79999, 4588, 61344, 72986, 76402, 5098, 58305, 25903, 32899, 85790, 91428, 60548, 56234, 39548, 43974, 98619, 77439, 15993, 73803, 83604, 25519, 18459, 20066, 25903, 97967, 33677, 7371, 6, 36499, 11324, 1243, 39947, 55479, 70470, 34082, 56050, 29544, 54987, 62746, 66607, 80357, 49628, 67933, 33670, 28091, 66945, 50534, 26141, 53322, 91035, 77729, 27580, 46478, 28257, 47427, 93318, 56880, 30918, 94174, 58362, 78991, 44614, 79630, 30263, 11791, 42548, 14198, 37648, 38023, 21220, 21014, 7344, 63974, 96287, 17660, 60202, 79326, 52006, 11171, 66690, 12255, 20285, 10423, 55277, 57487, 11691, 54689, 5652, 76519, 3461, 69755, 64707, 16312, 16295, 40601, 70148, 36176, 16065, 40040, 14183, 24121, 47242, 22032, 11279, 3191, 76223, 38556, 49976, 63279, 28556, 9220, 29217, 76607, 75006, 23148, 76606, 47161, 35794, 52195, 48659, 92402, 6526, 92368, 4935, 12370, 31129, 9968, 86963, 31409, 47029, 77066, 80727, 15785, 15932, 83533, 62000, 17471, 96923, 65812, 20445, 91749, 85889, 26308, 19486, 21715, 34331, 93146, 59506, 57820, 30428, 93243, 92765, 52847, 89535, 66389, 58839, 4150, 25361, 82879, 61511, 68281, 78697, 78403, 87273, 13980, 42687, 23918, 63683, 41580, 73250, 59609, 11414, 2509, 70598, 74474, 19451, 16064, 20767, 90079, 93316, 16483, 26688, 1007, 58343, 58155, 21038, 71715, 57917, 41869, 25781, 18714, 67682, 93754, 85684, 10313, 1573, 45762, 94524, 35755, 32943, 71827, 71670, 16558, 24105, 60194, 63460, 52030, 70450, 68115, 37170, 74590, 45567, 54629, 5725, 85172, 61417, 54506, 78169, 92443, 94152, 97286, 90729, 98431, 21923, 91806, 91215, 9539, 25283, 88955, 21992, 43568, 39295, 10889, 20789, 56007, 943, 72855, 76942, 8942, 7759, 97777, 37307, 60206, 47127, 31059, 56075, 49075, 27392, 83476, 56280, 34162, 34476, 2995, 89626, 72491, 10343, 77379, 88390, 46151, 52405, 17849, 67616, 60968, 77448, 3012, 11905, 89855, 55382, 1710, 27710, 13838, 56579, 51865, 18942, 52511, 18314, 17423, 62667, 73550, 27356, 31707, 24937, 85986, 41982, 29792, 51747, 77050, 33505, 87200, 35919, 25026, 57877, 33854, 14431, 62602, 44937, 83542, 26581, 41702, 40546, 83724, 57348, 95648, 17217, 81032, 51333, 62479, 95232, 68193, 19337, 54406, 7241, 84508, 31853, 36337, 97444, 6715, 84142, 14143, 29646, 61418, 46691, 91055, 95261, 21607, 49389, 87440, 53345, 41371, 1669, 16850, 18440, 60983, 69600, 53625, 40097, 54633, 9055, 65860, 3054, 54468, 13994, 50399, 96381, 93456, 37386, 12374, 72359, 13808, 91360, 1863, 60158, 8379, 60424, 44909, 64466, 68566, 65812, 52188, 94818]})"
183.0,7,31,5,6.427042245864868,40003,"Genotype(dna={""<class 'abc.NT_0017'>"": [44179, 1863], ""<class 'abc.NT_0017_P_00000'>"": [], ""<class 'abc.NT_0001'>"": [2, 2, 2, 2, 0, 1, 68566], ""<class 'abc.NT_0001_P_00000'>"": [], ""<class 'bool'>"": [46023, 35570, 21927, 24472, 64826, 37954, 23648, 93816, 7134, 59416, 20134, 85082, 87339, 3266, 78194, 44410, 58872, 74745, 34263, 50242, 42523, 55047, 79213, 55354, 94818], ""<class 'abc.NT_0000'>"": [1, 2, 6, 0, 0, 0, 0, 5, 5, 2, 0, 0, 3, 1, 0, 2, 2, 0, 3, 6, 1, 0, 2, 0, 0, 65812], ""<class 'abc.NT_0000_P_00000'>"": [], ""<class 'int'>"": [51614, 94798, 62709, 59354, 52526, 70159, 85748, 91268, 99322, 97017, 68614, 93746, 6702, 40963, 44680, 38712, 37369, 45498, 58460, 38445, 87308, 60118, 81940, 45108, 40727, 50662, 40359, 78500, 26079, 62592, 24095, 76033, 80107, 52022, 89661, 45580, 24483, 63271, 86486, 20445, 60856, 12770, 13650, 52188], ""<class 'abc.NT_0000_P_00001'>"": [], ""<class 'abc.NT_0000_P_00002'>"": [], ""<class 'abc.NT_0000_P_00003'>"": [], ""<class 'abc.NT_0000_P_00004'>"": [], ""<class 'abc.NT_0000_P_00005'>"": [], ""<class 'abc.NT_0000_P_00006'>"": [], ""<class 'abc.NT_0001_P_00001'>"": [], ""<class 'abc.NT_0001_P_00002'>"": [], ""<class 'abc.NT_0001_P_00003'>"": [], ""<class 'abc.NT_0001_P_00004'>"": [], ""<class 'abc.NT_0005'>"": [2, 8379], ""<class 'abc.NT_0005_P_00000'>"": [], ""<class 'abc.NT_0003'>"": [0, 14932, 2, 44909], ""<class 'abc.NT_0003_P_00000'>"": [], ""<class 'abc.NT_0002'>"": [3, 1, 2, 3, 2, 64466], ""<class 'abc.NT_0002_P_00000'>"": [], ""<class 'abc.NT_0002_P_00001'>"": [], ""<class 'abc.NT_0002_P_00002'>"": [], ""<class 'abc.NT_0002_P_00003'>"": [], ""<class 'abc.NT_0002_P_00004'>"": [], ""<class 'abc.NT_0003_P_00001'>"": [], ""<class 'abc.NT_0003_P_00002'>"": [], ""<class 'abc.NT_0004'>"": [0, 60424], ""<class 'abc.NT_0004_P_00000'>"": [], ""<class 'abc.NT_0004_P_00001'>"": [], ""<class 'abc.NT_0005_P_00001'>"": [], ""<class 'abc.NT_0005_P_00002'>"": [], ""<class 'abc.NT_0011'>"": [], ""<class 'abc.NT_0011_P_00000'>"": [], ""<class 'abc.NT_0017_P_00001'>"": [], ""<class 'abc.NT_0012'>"": [0, 60158], ""<class 'abc.NT_0012_P_00000'>"": [], ""<class 'abc.NT_0010'>"": [], ""<class 'abc.NT_0010_P_00000'>"": [], ""<class 'abc.NT_0009'>"": [], ""<class 'abc.NT_0009_P_00000'>"": [], ""<class 'abc.NT_0008'>"": [], ""<class 'abc.NT_0008_P_00000'>"": [], ""<class 'abc.NT_0006'>"": [], ""<class 'abc.NT_0006_P_00000'>"": [], ""<class 'abc.NT_0008_P_00001'>"": [], ""<class 'abc.NT_0008_P_00002'>"": [], ""<class 'abc.NT_0008_P_00003'>"": [], ""<class 'abc.NT_0008_P_00004'>"": [], ""<class 'abc.NT_0007'>"": [], ""<class 'abc.NT_0007_P_00000'>"": [], ""<class 'abc.NT_0007_P_00001'>"": [], ""<class 'abc.NT_0007_P_00002'>"": [], ""<class 'abc.NT_0009_P_00001'>"": [], ""<class 'abc.NT_0010_P_00001'>"": [], ""<class 'abc.NT_0010_P_00002'>"": [], ""<class 'abc.NT_0012_P_00001'>"": [], ""<class 'abc.NT_0012_P_00002'>"": [], '$leftovers': [24110, 33409, 84800, 52930, 73355, 35471, 40030, 9296, 20749, 33075, 49628, 11537, 15, 90830, 51946, 20435, 67193, 37276, 25620, 25545, 23848, 32840, 79736, 6117, 22259, 57571, 60709, 16020, 90131, 83681, 49236, 19740, 96719, 28286, 96500, 25056, 2425, 4606, 76743, 50141, 80972, 89178, 58155, 60076, 20023, 49957, 78859, 71701, 63157, 51036, 27194, 57618, 41826, 72622, 26518, 13650, 37174, 65866, 51535, 26693, 46306, 18622, 78957, 96794, 12749, 98789, 43609, 19799, 33366, 8952, 34480, 94159, 44897, 75759, 82931, 16277, 14916, 72994, 49309, 70538, 2034, 42550, 91026, 7880, 3338, 60131, 98080, 28093, 32900, 15622, 26775, 29552, 32342, 14515, 36096, 41783, 62811, 37254, 75355, 63411, 75272, 23694, 84310, 71082, 79212, 33588, 90706, 48187, 31189, 88482, 9367, 56255, 79617, 1270, 55560, 26203, 26155, 40545, 15484, 55048, 21590, 6079, 95713, 42042, 7599, 11012, 10867, 6326, 4226, 36219, 64167, 95573, 17592, 32396, 33047, 42672, 14688, 56724, 34006, 26116, 19739, 92564, 32446, 49106, 86197, 89608, 29620, 89318, 4676, 30220, 92140, 82233, 42586, 84937, 67832, 88616, 54115, 36688, 72537, 89206, 19927, 60142, 31365, 9503, 17153, 77426, 27373, 71618, 24526, 11066, 35200, 85609, 149, 12686, 31762, 76331, 79662, 42034, 4753, 45093, 9160, 29879, 54031, 81574, 52405, 74338, 45103, 97062, 38418, 65500, 83214, 33515, 71498, 84236, 27012, 42946, 15648, 18758, 74221, 18239, 86131, 1230, 2760, 87805, 47794, 89910, 39873, 11161, 88967, 57997, 33988, 52998, 11574, 11690, 91965, 60505, 6728, 20304, 66663, 21797, 36314, 23383, 77728, 66566, 30573, 81589, 35200, 85889, 50823, 87892, 82732, 87939, 51151, 25364, 57741, 65481, 95697, 91763, 24126, 50698, 89794, 21082, 38556, 8845, 86758, 95312, 40982, 27576, 22409, 10764, 59686, 42374, 46705, 20305, 91930, 20443, 55812, 94550, 17871, 37347, 86111, 91872, 76531, 97561, 22247, 70828, 10031, 86871, 3457, 34403, 47195, 55824, 77269, 2312, 23015, 10509, 90685, 33220, 5095, 32669, 57665, 87461, 23705, 23892, 79569, 25099, 22463, 6825, 87678, 12700, 8086, 18347, 2080, 81725, 1743, 21695, 98864, 601, 27012, 26238, 83756, 20196, 9283, 37922, 9584, 31059, 69305, 33408, 87700, 5472, 17218, 94029, 30946, 42707, 26938, 23929, 42631, 58629, 82345, 34078, 27640, 26857, 52482, 1908, 53363, 57718, 53277, 60874, 47192, 65156, 64324, 98908, 18086, 34571, 80780, 21654, 13015, 54185, 65778, 82905, 54333, 16295, 29750, 10179, 8498, 41149, 76875, 75817, 52840, 36350, 67047, 80721, 50387, 89921, 76598, 79179, 69374, 34188, 84323, 90189, 80063, 75353, 58141, 98604, 61869, 50914, 95998, 60953, 31372, 32800, 20253, 10965, 57825, 30921, 72002, 23478, 52144, 74671, 49790, 35369, 96851, 96268, 91735, 26265, 71492, 35041, 22667, 85381, 87967, 56897, 37761, 44123, 52620, 81795, 86745, 6668, 71796, 22328, 50981, 1304, 65894, 39334, 28965, 37736, 33502, 94725, 98644, 29317, 28672, 49720, 92944, 79154, 30886, 83581, 56853, 86563, 45680, 29702, 43297, 89488, 55541, 95711, 64055, 55857, 75831, 20915, 33733, 41601, 40608, 13946, 42643, 60946, 78379, 66893, 47265, 47663, 96044, 31575, 23271, 29732, 18765, 73934, 86595, 19623, 58152, 23341, 42797, 82035, 84610, 84617, 26296, 48384, 7808, 85181, 83581, 85225, 34491, 3068, 83145, 63958, 59227, 71005, 79763, 19625, 78522, 84816, 70026, 30736, 71763, 20974, 85431, 42194, 51257, 95945, 87370, 84376, 7316, 96397, 73523, 45377, 38170, 929, 19455, 92318, 44476, 31469, 69802, 39812, 96151, 1351, 97970, 67167, 69990, 20536, 43930, 89552, 7692, 94070, 25734, 2163, 89653, 41361, 65843, 55026, 76161, 33606, 7726, 57770, 26583, 72401, 4290, 24460, 59579, 28419, 26896, 42516, 11149, 32412, 43883, 76759, 72953, 63003, 29642, 79399, 49163, 14266, 55493, 15592, 19124, 64343, 71700, 16518, 77843, 61244, 80217, 51694, 11787, 24162, 70922, 1802, 19601, 58039, 19725, 17982, 7030, 87818, 81146, 64592, 10711, 8313, 80311, 12180, 49490, 79809, 96851, 93114, 19741, 87950, 3665, 43498, 8117, 64, 90216, 51752, 43265, 1055, 25064, 4579, 20591, 64262, 8289, 34540, 9038, 32463, 95965, 3202, 36219, 54773, 36301, 21802, 67750, 14517, 59282, 15980, 432, 86613, 99020, 91465, 77787, 78248, 48946, 57777, 58757, 97167, 43438, 57904, 2014, 13213, 67388, 10589, 17904, 46813, 71128, 52635, 3372, 7022, 6285, 13222, 36250, 40728, 91163, 35142, 11502, 89851, 62932, 77460, 96657, 21864, 99883, 81995, 74277, 60986, 50282, 74931, 46950, 5360, 53700, 31843, 59827, 47670, 32934, 30419, 79491, 57514, 74807, 23996, 53538, 62864, 15792, 27971, 79999, 4588, 61344, 72986, 76402, 5098, 58305, 25903, 32899, 85790, 91428, 60548, 56234, 39548, 43974, 98619, 77439, 15993, 73803, 83604, 25519, 18459, 20066, 25903, 97967, 33677, 7371, 6, 36499, 11324, 1243, 39947, 55479, 70470, 34082, 56050, 29544, 54987, 62746, 66607, 80357, 49628, 67933, 33670, 28091, 66945, 50534, 26141, 53322, 91035, 77729, 27580, 46478, 28257, 47427, 93318, 56880, 30918, 94174, 58362, 78991, 44614, 79630, 30263, 11791, 42548, 14198, 37648, 38023, 21220, 21014, 7344, 63974, 96287, 17660, 60202, 79326, 52006, 11171, 66690, 12255, 20285, 10423, 55277, 57487, 11691, 54689, 5652, 76519, 3461, 69755, 64707, 16312, 16295, 40601, 70148, 36176, 16065, 40040, 14183, 24121, 47242, 22032, 11279, 3191, 76223, 38556, 49976, 63279, 28556, 9220, 29217, 76607, 75006, 23148, 76606, 47161, 35794, 52195, 48659, 92402, 6526, 92368, 4935, 12370, 31129, 9968, 86963, 31409, 47029, 77066, 80727, 15785, 15932, 83533, 62000, 17471, 96923, 65812, 20445, 91749, 85889, 26308, 19486, 21715, 34331, 93146, 59506, 57820, 30428, 93243, 92765, 52847, 89535, 66389, 58839, 4150, 25361, 82879, 61511, 68281, 78697, 78403, 87273, 13980, 42687, 23918, 63683, 41580, 73250, 59609, 11414, 2509, 70598, 74474, 19451, 16064, 20767, 90079, 93316, 16483, 26688, 1007, 58343, 58155, 21038, 71715, 57917, 41869, 25781, 18714, 67682, 93754, 85684, 10313, 1573, 45762, 94524, 35755, 32943, 71827, 71670, 16558, 24105, 60194, 63460, 52030, 70450, 68115, 37170, 74590, 45567, 54629, 5725, 85172, 61417, 54506, 78169, 92443, 94152, 97286, 90729, 98431, 21923, 91806, 91215, 9539, 25283, 88955, 21992, 43568, 39295, 10889, 20789, 56007, 943, 72855, 76942, 8942, 7759, 97777, 37307, 60206, 47127, 31059, 56075, 49075, 27392, 83476, 56280, 34162, 34476, 2995, 89626, 72491, 10343, 77379, 88390, 46151, 52405, 17849, 67616, 60968, 77448, 3012, 11905, 89855, 55382, 1710, 27710, 13838, 56579, 51865, 18942, 52511, 18314, 17423, 62667, 73550, 27356, 31707, 24937, 85986, 41982, 29792, 51747, 77050, 33505, 87200, 35919, 25026, 57877, 33854, 14431, 62602, 44937, 83542, 26581, 41702, 40546, 83724, 57348, 95648, 17217, 81032, 51333, 62479, 95232, 68193, 19337, 54406, 7241, 84508, 31853, 36337, 97444, 6715, 84142, 14143, 29646, 61418, 46691, 91055, 95261, 21607, 49389, 87440, 53345, 41371, 1669, 16850, 18440, 60983, 69600, 53625, 40097, 54633, 9055, 65860, 3054, 54468, 13994, 50399, 96381, 93456, 37386, 12374, 72359, 13808, 91360, 1863, 60158, 8379, 60424, 44909, 64466, 68566, 65812, 52188, 94818]})"
183.0,7,31,6,7.240082263946533,40003,"Genotype(dna={""<class 'abc.NT_0017'>"": [44179, 1863], ""<class 'abc.NT_0017_P_00000'>"": [], ""<class 'abc.NT_0001'>"": [2, 2, 2, 2, 0, 1, 68566], ""<class 'abc.NT_0001_P_00000'>"": [], ""<class 'bool'>"": [46023, 35570, 21927, 24472, 64826, 37954, 23648, 93816, 7134, 59416, 20134, 85082, 87339, 3266, 78194, 44410, 58872, 74745, 34263, 50242, 42523, 55047, 79213, 55354, 94818], ""<class 'abc.NT_0000'>"": [1, 2, 6, 0, 0, 0, 0, 5, 5, 2, 0, 0, 3, 1, 0, 2, 2, 0, 3, 6, 1, 0, 2, 0, 0, 65812], ""<class 'abc.NT_0000_P_00000'>"": [], ""<class 'int'>"": [51614, 94798, 62709, 59354, 52526, 70159, 85748, 91268, 99322, 97017, 68614, 93746, 6702, 40963, 44680, 38712, 37369, 45498, 58460, 38445, 87308, 60118, 81940, 45108, 40727, 50662, 40359, 78500, 26079, 62592, 24095, 76033, 80107, 52022, 89661, 45580, 24483, 63271, 86486, 20445, 60856, 12770, 13650, 52188], ""<class 'abc.NT_0000_P_00001'>"": [], ""<class 'abc.NT_0000_P_00002'>"": [], ""<class 'abc.NT_0000_P_00003'>"": [], ""<class 'abc.NT_0000_P_00004'>"": [], ""<class 'abc.NT_0000_P_00005'>"": [], ""<class 'abc.NT_0000_P_00006'>"": [], ""<class 'abc.NT_0001_P_00001'>"": [], ""<class 'abc.NT_0001_P_00002'>"": [], ""<class 'abc.NT_0001_P_00003'>"": [], ""<class 'abc.NT_0001_P_00004'>"": [], ""<class 'abc.NT_0005'>"": [2, 8379], ""<class 'abc.NT_0005_P_00000'>"": [], ""<class 'abc.NT_0003'>"": [0, 14932, 2, 44909], ""<class 'abc.NT_0003_P_00000'>"": [], ""<class 'abc.NT_0002'>"": [3, 1, 2, 3, 2, 64466], ""<class 'abc.NT_0002_P_00000'>"": [], ""<class 'abc.NT_0002_P_00001'>"": [], ""<class 'abc.NT_0002_P_00002'>"": [], ""<class 'abc.NT_0002_P_00003'>"": [], ""<class 'abc.NT_0002_P_00004'>"": [], ""<class 'abc.NT_0003_P_00001'>"": [], ""<class 'abc.NT_0003_P_00002'>"": [], ""<class 'abc.NT_0004'>"": [0, 60424], ""<class 'abc.NT_0004_P_00000'>"": [], ""<class 'abc.NT_0004_P_00001'>"": [], ""<class 'abc.NT_0005_P_00001'>"": [], ""<class 'abc.NT_0005_P_00002'>"": [], ""<class 'abc.NT_0011'>"": [], ""<class 'abc.NT_0011_P_00000'>"": [], ""<class 'abc.NT_0017_P_00001'>"": [], ""<class 'abc.NT_0012'>"": [0, 60158], ""<class 'abc.NT_0012_P_00000'>"": [], ""<class 'abc.NT_0010'>"": [], ""<class 'abc.NT_0010_P_00000'>"": [], ""<class 'abc.NT_0009'>"": [], ""<class 'abc.NT_0009_P_00000'>"": [], ""<class 'abc.NT_0008'>"": [], ""<class 'abc.NT_0008_P_00000'>"": [], ""<class 'abc.NT_0006'>"": [], ""<class 'abc.NT_0006_P_00000'>"": [], ""<class 'abc.NT_0008_P_00001'>"": [], ""<class 'abc.NT_0008_P_00002'>"": [], ""<class 'abc.NT_0008_P_00003'>"": [], ""<class 'abc.NT_0008_P_00004'>"": [], ""<class 'abc.NT_0007'>"": [], ""<class 'abc.NT_0007_P_00000'>"": [], ""<class 'abc.NT_0007_P_00001'>"": [], ""<class 'abc.NT_0007_P_00002'>"": [], ""<class 'abc.NT_0009_P_00001'>"": [], ""<class 'abc.NT_0010_P_00001'>"": [], ""<class 'abc.NT_0010_P_00002'>"": [], ""<class 'abc.NT_0012_P_00001'>"": [], ""<class 'abc.NT_0012_P_00002'>"": [], '$leftovers': [24110, 33409, 84800, 52930, 73355, 35471, 40030, 9296, 20749, 33075, 49628, 11537, 15, 90830, 51946, 20435, 67193, 37276, 25620, 25545, 23848, 32840, 79736, 6117, 22259, 57571, 60709, 16020, 90131, 83681, 49236, 19740, 96719, 28286, 96500, 25056, 2425, 4606, 76743, 50141, 80972, 89178, 58155, 60076, 20023, 49957, 78859, 71701, 63157, 51036, 27194, 57618, 41826, 72622, 26518, 13650, 37174, 65866, 51535, 26693, 46306, 18622, 78957, 96794, 12749, 98789, 43609, 19799, 33366, 8952, 34480, 94159, 44897, 75759, 82931, 16277, 14916, 72994, 49309, 70538, 2034, 42550, 91026, 7880, 3338, 60131, 98080, 28093, 32900, 15622, 26775, 29552, 32342, 14515, 36096, 41783, 62811, 37254, 75355, 63411, 75272, 23694, 84310, 71082, 79212, 33588, 90706, 48187, 31189, 88482, 9367, 56255, 79617, 1270, 55560, 26203, 26155, 40545, 15484, 55048, 21590, 6079, 95713, 42042, 7599, 11012, 10867, 6326, 4226, 36219, 64167, 95573, 17592, 32396, 33047, 42672, 14688, 56724, 34006, 26116, 19739, 92564, 32446, 49106, 86197, 89608, 29620, 89318, 4676, 30220, 92140, 82233, 42586, 84937, 67832, 88616, 54115, 36688, 72537, 89206, 19927, 60142, 31365, 9503, 17153, 77426, 27373, 71618, 24526, 11066, 35200, 85609, 149, 12686, 31762, 76331, 79662, 42034, 4753, 45093, 9160, 29879, 54031, 81574, 52405, 74338, 45103, 97062, 38418, 65500, 83214, 33515, 71498, 84236, 27012, 42946, 15648, 18758, 74221, 18239, 86131, 1230, 2760, 87805, 47794, 89910, 39873, 11161, 88967, 57997, 33988, 52998, 11574, 11690, 91965, 60505, 6728, 20304, 66663, 21797, 36314, 23383, 77728, 66566, 30573, 81589, 35200, 85889, 50823, 87892, 82732, 87939, 51151, 25364, 57741, 65481, 95697, 91763, 24126, 50698, 89794, 21082, 38556, 8845, 86758, 95312, 40982, 27576, 22409, 10764, 59686, 42374, 46705, 20305, 91930, 20443, 55812, 94550, 17871, 37347, 86111, 91872, 76531, 97561, 22247, 70828, 10031, 86871, 3457, 34403, 47195, 55824, 77269, 2312, 23015, 10509, 90685, 33220, 5095, 32669, 57665, 87461, 23705, 23892, 79569, 25099, 22463, 6825, 87678, 12700, 8086, 18347, 2080, 81725, 1743, 21695, 98864, 601, 27012, 26238, 83756, 20196, 9283, 37922, 9584, 31059, 69305, 33408, 87700, 5472, 17218, 94029, 30946, 42707, 26938, 23929, 42631, 58629, 82345, 34078, 27640, 26857, 52482, 1908, 53363, 57718, 53277, 60874, 47192, 65156, 64324, 98908, 18086, 34571, 80780, 21654, 13015, 54185, 65778, 82905, 54333, 16295, 29750, 10179, 8498, 41149, 76875, 75817, 52840, 36350, 67047, 80721, 50387, 89921, 76598, 79179, 69374, 34188, 84323, 90189, 80063, 75353, 58141, 98604, 61869, 50914, 95998, 60953, 31372, 32800, 20253, 10965, 57825, 30921, 72002, 23478, 52144, 74671, 49790, 35369, 96851, 96268, 91735, 26265, 71492, 35041, 22667, 85381, 87967, 56897, 37761, 44123, 52620, 81795, 86745, 6668, 71796, 22328, 50981, 1304, 65894, 39334, 28965, 37736, 33502, 94725, 98644, 29317, 28672, 49720, 92944, 79154, 30886, 83581, 56853, 86563, 45680, 29702, 43297, 89488, 55541, 95711, 64055, 55857, 75831, 20915, 33733, 41601, 40608, 13946, 42643, 60946, 78379, 66893, 47265, 47663, 96044, 31575, 23271, 29732, 18765, 73934, 86595, 19623, 58152, 23341, 42797, 82035, 84610, 84617, 26296, 48384, 7808, 85181, 83581, 85225, 34491, 3068, 83145, 63958, 59227, 71005, 79763, 19625, 78522, 84816, 70026, 30736, 71763, 20974, 85431, 42194, 51257, 95945, 87370, 84376, 7316, 96397, 73523, 45377, 38170, 929, 19455, 92318, 44476, 31469, 69802, 39812, 96151, 1351, 97970, 67167, 69990, 20536, 43930, 89552, 7692, 94070, 25734, 2163, 89653, 41361, 65843, 55026, 76161, 33606, 7726, 57770, 26583, 72401, 4290, 24460, 59579, 28419, 26896, 42516, 11149, 32412, 43883, 76759, 72953, 63003, 29642, 79399, 49163, 14266, 55493, 15592, 19124, 64343, 71700, 16518, 77843, 61244, 80217, 51694, 11787, 24162, 70922, 1802, 19601, 58039, 19725, 17982, 7030, 87818, 81146, 64592, 10711, 8313, 80311, 12180, 49490, 79809, 96851, 93114, 19741, 87950, 3665, 43498, 8117, 64, 90216, 51752, 43265, 1055, 25064, 4579, 20591, 64262, 8289, 34540, 9038, 32463, 95965, 3202, 36219, 54773, 36301, 21802, 67750, 14517, 59282, 15980, 432, 86613, 99020, 91465, 77787, 78248, 48946, 57777, 58757, 97167, 43438, 57904, 2014, 13213, 67388, 10589, 17904, 46813, 71128, 52635, 3372, 7022, 6285, 13222, 36250, 40728, 91163, 35142, 11502, 89851, 62932, 77460, 96657, 21864, 99883, 81995, 74277, 60986, 50282, 74931, 46950, 5360, 53700, 31843, 59827, 47670, 32934, 30419, 79491, 57514, 74807, 23996, 53538, 62864, 15792, 27971, 79999, 4588, 61344, 72986, 76402, 5098, 58305, 25903, 32899, 85790, 91428, 60548, 56234, 39548, 43974, 98619, 77439, 15993, 73803, 83604, 25519, 18459, 20066, 25903, 97967, 33677, 7371, 6, 36499, 11324, 1243, 39947, 55479, 70470, 34082, 56050, 29544, 54987, 62746, 66607, 80357, 49628, 67933, 33670, 28091, 66945, 50534, 26141, 53322, 91035, 77729, 27580, 46478, 28257, 47427, 93318, 56880, 30918, 94174, 58362, 78991, 44614, 79630, 30263, 11791, 42548, 14198, 37648, 38023, 21220, 21014, 7344, 63974, 96287, 17660, 60202, 79326, 52006, 11171, 66690, 12255, 20285, 10423, 55277, 57487, 11691, 54689, 5652, 76519, 3461, 69755, 64707, 16312, 16295, 40601, 70148, 36176, 16065, 40040, 14183, 24121, 47242, 22032, 11279, 3191, 76223, 38556, 49976, 63279, 28556, 9220, 29217, 76607, 75006, 23148, 76606, 47161, 35794, 52195, 48659, 92402, 6526, 92368, 4935, 12370, 31129, 9968, 86963, 31409, 47029, 77066, 80727, 15785, 15932, 83533, 62000, 17471, 96923, 65812, 20445, 91749, 85889, 26308, 19486, 21715, 34331, 93146, 59506, 57820, 30428, 93243, 92765, 52847, 89535, 66389, 58839, 4150, 25361, 82879, 61511, 68281, 78697, 78403, 87273, 13980, 42687, 23918, 63683, 41580, 73250, 59609, 11414, 2509, 70598, 74474, 19451, 16064, 20767, 90079, 93316, 16483, 26688, 1007, 58343, 58155, 21038, 71715, 57917, 41869, 25781, 18714, 67682, 93754, 85684, 10313, 1573, 45762, 94524, 35755, 32943, 71827, 71670, 16558, 24105, 60194, 63460, 52030, 70450, 68115, 37170, 74590, 45567, 54629, 5725, 85172, 61417, 54506, 78169, 92443, 94152, 97286, 90729, 98431, 21923, 91806, 91215, 9539, 25283, 88955, 21992, 43568, 39295, 10889, 20789, 56007, 943, 72855, 76942, 8942, 7759, 97777, 37307, 60206, 47127, 31059, 56075, 49075, 27392, 83476, 56280, 34162, 34476, 2995, 89626, 72491, 10343, 77379, 88390, 46151, 52405, 17849, 67616, 60968, 77448, 3012, 11905, 89855, 55382, 1710, 27710, 13838, 56579, 51865, 18942, 52511, 18314, 17423, 62667, 73550, 27356, 31707, 24937, 85986, 41982, 29792, 51747, 77050, 33505, 87200, 35919, 25026, 57877, 33854, 14431, 62602, 44937, 83542, 26581, 41702, 40546, 83724, 57348, 95648, 17217, 81032, 51333, 62479, 95232, 68193, 19337, 54406, 7241, 84508, 31853, 36337, 97444, 6715, 84142, 14143, 29646, 61418, 46691, 91055, 95261, 21607, 49389, 87440, 53345, 41371, 1669, 16850, 18440, 60983, 69600, 53625, 40097, 54633, 9055, 65860, 3054, 54468, 13994, 50399, 96381, 93456, 37386, 12374, 72359, 13808, 91360, 1863, 60158, 8379, 60424, 44909, 64466, 68566, 65812, 52188, 94818]})"
183.0,7,31,7,7.957379579544067,40003,"Genotype(dna={""<class 'abc.NT_0017'>"": [44179, 1863], ""<class 'abc.NT_0017_P_00000'>"": [], ""<class 'abc.NT_0001'>"": [2, 2, 2, 2, 0, 1, 68566], ""<class 'abc.NT_0001_P_00000'>"": [], ""<class 'bool'>"": [46023, 35570, 21927, 24472, 64826, 37954, 23648, 93816, 7134, 59416, 20134, 85082, 87339, 3266, 78194, 44410, 58872, 74745, 34263, 50242, 42523, 55047, 79213, 55354, 94818], ""<class 'abc.NT_0000'>"": [1, 2, 6, 0, 0, 0, 0, 5, 5, 2, 0, 0, 3, 1, 0, 2, 2, 0, 3, 6, 1, 0, 2, 0, 0, 65812], ""<class 'abc.NT_0000_P_00000'>"": [], ""<class 'int'>"": [51614, 94798, 62709, 59354, 52526, 70159, 85748, 91268, 99322, 97017, 68614, 93746, 6702, 40963, 44680, 38712, 37369, 45498, 58460, 38445, 87308, 60118, 81940, 45108, 40727, 50662, 40359, 78500, 26079, 62592, 24095, 76033, 80107, 52022, 89661, 45580, 24483, 63271, 86486, 20445, 60856, 12770, 13650, 52188], ""<class 'abc.NT_0000_P_00001'>"": [], ""<class 'abc.NT_0000_P_00002'>"": [], ""<class 'abc.NT_0000_P_00003'>"": [], ""<class 'abc.NT_0000_P_00004'>"": [], ""<class 'abc.NT_0000_P_00005'>"": [], ""<class 'abc.NT_0000_P_00006'>"": [], ""<class 'abc.NT_0001_P_00001'>"": [], ""<class 'abc.NT_0001_P_00002'>"": [], ""<class 'abc.NT_0001_P_00003'>"": [], ""<class 'abc.NT_0001_P_00004'>"": [], ""<class 'abc.NT_0005'>"": [2, 8379], ""<class 'abc.NT_0005_P_00000'>"": [], ""<class 'abc.NT_0003'>"": [0, 14932, 2, 44909], ""<class 'abc.NT_0003_P_00000'>"": [], ""<class 'abc.NT_0002'>"": [3, 1, 2, 3, 2, 64466], ""<class 'abc.NT_0002_P_00000'>"": [], ""<class 'abc.NT_0002_P_00001'>"": [], ""<class 'abc.NT_0002_P_00002'>"": [], ""<class 'abc.NT_0002_P_00003'>"": [], ""<class 'abc.NT_0002_P_00004'>"": [], ""<class 'abc.NT_0003_P_00001'>"": [], ""<class 'abc.NT_0003_P_00002'>"": [], ""<class 'abc.NT_0004'>"": [0, 60424], ""<class 'abc.NT_0004_P_00000'>"": [], ""<class 'abc.NT_0004_P_00001'>"": [], ""<class 'abc.NT_0005_P_00001'>"": [], ""<class 'abc.NT_0005_P_00002'>"": [], ""<class 'abc.NT_0011'>"": [], ""<class 'abc.NT_0011_P_00000'>"": [], ""<class 'abc.NT_0017_P_00001'>"": [], ""<class 'abc.NT_0012'>"": [0, 60158], ""<class 'abc.NT_0012_P_00000'>"": [], ""<class 'abc.NT_0010'>"": [], ""<class 'abc.NT_0010_P_00000'>"": [], ""<class 'abc.NT_0009'>"": [], ""<class 'abc.NT_0009_P_00000'>"": [], ""<class 'abc.NT_0008'>"": [], ""<class 'abc.NT_0008_P_00000'>"": [], ""<class 'abc.NT_0006'>"": [], ""<class 'abc.NT_0006_P_00000'>"": [], ""<class 'abc.NT_0008_P_00001'>"": [], ""<class 'abc.NT_0008_P_00002'>"": [], ""<class 'abc.NT_0008_P_00003'>"": [], ""<class 'abc.NT_0008_P_00004'>"": [], ""<class 'abc.NT_0007'>"": [], ""<class 'abc.NT_0007_P_00000'>"": [], ""<class 'abc.NT_0007_P_00001'>"": [], ""<class 'abc.NT_0007_P_00002'>"": [], ""<class 'abc.NT_0009_P_00001'>"": [], ""<class 'abc.NT_0010_P_00001'>"": [], ""<class 'abc.NT_0010_P_00002'>"": [], ""<class 'abc.NT_0012_P_00001'>"": [], ""<class 'abc.NT_0012_P_00002'>"": [], '$leftovers': [24110, 33409, 84800, 52930, 73355, 35471, 40030, 9296, 20749, 33075, 49628, 11537, 15, 90830, 51946, 20435, 67193, 37276, 25620, 25545, 23848, 32840, 79736, 6117, 22259, 57571, 60709, 16020, 90131, 83681, 49236, 19740, 96719, 28286, 96500, 25056, 2425, 4606, 76743, 50141, 80972, 89178, 58155, 60076, 20023, 49957, 78859, 71701, 63157, 51036, 27194, 57618, 41826, 72622, 26518, 13650, 37174, 65866, 51535, 26693, 46306, 18622, 78957, 96794, 12749, 98789, 43609, 19799, 33366, 8952, 34480, 94159, 44897, 75759, 82931, 16277, 14916, 72994, 49309, 70538, 2034, 42550, 91026, 7880, 3338, 60131, 98080, 28093, 32900, 15622, 26775, 29552, 32342, 14515, 36096, 41783, 62811, 37254, 75355, 63411, 75272, 23694, 84310, 71082, 79212, 33588, 90706, 48187, 31189, 88482, 9367, 56255, 79617, 1270, 55560, 26203, 26155, 40545, 15484, 55048, 21590, 6079, 95713, 42042, 7599, 11012, 10867, 6326, 4226, 36219, 64167, 95573, 17592, 32396, 33047, 42672, 14688, 56724, 34006, 26116, 19739, 92564, 32446, 49106, 86197, 89608, 29620, 89318, 4676, 30220, 92140, 82233, 42586, 84937, 67832, 88616, 54115, 36688, 72537, 89206, 19927, 60142, 31365, 9503, 17153, 77426, 27373, 71618, 24526, 11066, 35200, 85609, 149, 12686, 31762, 76331, 79662, 42034, 4753, 45093, 9160, 29879, 54031, 81574, 52405, 74338, 45103, 97062, 38418, 65500, 83214, 33515, 71498, 84236, 27012, 42946, 15648, 18758, 74221, 18239, 86131, 1230, 2760, 87805, 47794, 89910, 39873, 11161, 88967, 57997, 33988, 52998, 11574, 11690, 91965, 60505, 6728, 20304, 66663, 21797, 36314, 23383, 77728, 66566, 30573, 81589, 35200, 85889, 50823, 87892, 82732, 87939, 51151, 25364, 57741, 65481, 95697, 91763, 24126, 50698, 89794, 21082, 38556, 8845, 86758, 95312, 40982, 27576, 22409, 10764, 59686, 42374, 46705, 20305, 91930, 20443, 55812, 94550, 17871, 37347, 86111, 91872, 76531, 97561, 22247, 70828, 10031, 86871, 3457, 34403, 47195, 55824, 77269, 2312, 23015, 10509, 90685, 33220, 5095, 32669, 57665, 87461, 23705, 23892, 79569, 25099, 22463, 6825, 87678, 12700, 8086, 18347, 2080, 81725, 1743, 21695, 98864, 601, 27012, 26238, 83756, 20196, 9283, 37922, 9584, 31059, 69305, 33408, 87700, 5472, 17218, 94029, 30946, 42707, 26938, 23929, 42631, 58629, 82345, 34078, 27640, 26857, 52482, 1908, 53363, 57718, 53277, 60874, 47192, 65156, 64324, 98908, 18086, 34571, 80780, 21654, 13015, 54185, 65778, 82905, 54333, 16295, 29750, 10179, 8498, 41149, 76875, 75817, 52840, 36350, 67047, 80721, 50387, 89921, 76598, 79179, 69374, 34188, 84323, 90189, 80063, 75353, 58141, 98604, 61869, 50914, 95998, 60953, 31372, 32800, 20253, 10965, 57825, 30921, 72002, 23478, 52144, 74671, 49790, 35369, 96851, 96268, 91735, 26265, 71492, 35041, 22667, 85381, 87967, 56897, 37761, 44123, 52620, 81795, 86745, 6668, 71796, 22328, 50981, 1304, 65894, 39334, 28965, 37736, 33502, 94725, 98644, 29317, 28672, 49720, 92944, 79154, 30886, 83581, 56853, 86563, 45680, 29702, 43297, 89488, 55541, 95711, 64055, 55857, 75831, 20915, 33733, 41601, 40608, 13946, 42643, 60946, 78379, 66893, 47265, 47663, 96044, 31575, 23271, 29732, 18765, 73934, 86595, 19623, 58152, 23341, 42797, 82035, 84610, 84617, 26296, 48384, 7808, 85181, 83581, 85225, 34491, 3068, 83145, 63958, 59227, 71005, 79763, 19625, 78522, 84816, 70026, 30736, 71763, 20974, 85431, 42194, 51257, 95945, 87370, 84376, 7316, 96397, 73523, 45377, 38170, 929, 19455, 92318, 44476, 31469, 69802, 39812, 96151, 1351, 97970, 67167, 69990, 20536, 43930, 89552, 7692, 94070, 25734, 2163, 89653, 41361, 65843, 55026, 76161, 33606, 7726, 57770, 26583, 72401, 4290, 24460, 59579, 28419, 26896, 42516, 11149, 32412, 43883, 76759, 72953, 63003, 29642, 79399, 49163, 14266, 55493, 15592, 19124, 64343, 71700, 16518, 77843, 61244, 80217, 51694, 11787, 24162, 70922, 1802, 19601, 58039, 19725, 17982, 7030, 87818, 81146, 64592, 10711, 8313, 80311, 12180, 49490, 79809, 96851, 93114, 19741, 87950, 3665, 43498, 8117, 64, 90216, 51752, 43265, 1055, 25064, 4579, 20591, 64262, 8289, 34540, 9038, 32463, 95965, 3202, 36219, 54773, 36301, 21802, 67750, 14517, 59282, 15980, 432, 86613, 99020, 91465, 77787, 78248, 48946, 57777, 58757, 97167, 43438, 57904, 2014, 13213, 67388, 10589, 17904, 46813, 71128, 52635, 3372, 7022, 6285, 13222, 36250, 40728, 91163, 35142, 11502, 89851, 62932, 77460, 96657, 21864, 99883, 81995, 74277, 60986, 50282, 74931, 46950, 5360, 53700, 31843, 59827, 47670, 32934, 30419, 79491, 57514, 74807, 23996, 53538, 62864, 15792, 27971, 79999, 4588, 61344, 72986, 76402, 5098, 58305, 25903, 32899, 85790, 91428, 60548, 56234, 39548, 43974, 98619, 77439, 15993, 73803, 83604, 25519, 18459, 20066, 25903, 97967, 33677, 7371, 6, 36499, 11324, 1243, 39947, 55479, 70470, 34082, 56050, 29544, 54987, 62746, 66607, 80357, 49628, 67933, 33670, 28091, 66945, 50534, 26141, 53322, 91035, 77729, 27580, 46478, 28257, 47427, 93318, 56880, 30918, 94174, 58362, 78991, 44614, 79630, 30263, 11791, 42548, 14198, 37648, 38023, 21220, 21014, 7344, 63974, 96287, 17660, 60202, 79326, 52006, 11171, 66690, 12255, 20285, 10423, 55277, 57487, 11691, 54689, 5652, 76519, 3461, 69755, 64707, 16312, 16295, 40601, 70148, 36176, 16065, 40040, 14183, 24121, 47242, 22032, 11279, 3191, 76223, 38556, 49976, 63279, 28556, 9220, 29217, 76607, 75006, 23148, 76606, 47161, 35794, 52195, 48659, 92402, 6526, 92368, 4935, 12370, 31129, 9968, 86963, 31409, 47029, 77066, 80727, 15785, 15932, 83533, 62000, 17471, 96923, 65812, 20445, 91749, 85889, 26308, 19486, 21715, 34331, 93146, 59506, 57820, 30428, 93243, 92765, 52847, 89535, 66389, 58839, 4150, 25361, 82879, 61511, 68281, 78697, 78403, 87273, 13980, 42687, 23918, 63683, 41580, 73250, 59609, 11414, 2509, 70598, 74474, 19451, 16064, 20767, 90079, 93316, 16483, 26688, 1007, 58343, 58155, 21038, 71715, 57917, 41869, 25781, 18714, 67682, 93754, 85684, 10313, 1573, 45762, 94524, 35755, 32943, 71827, 71670, 16558, 24105, 60194, 63460, 52030, 70450, 68115, 37170, 74590, 45567, 54629, 5725, 85172, 61417, 54506, 78169, 92443, 94152, 97286, 90729, 98431, 21923, 91806, 91215, 9539, 25283, 88955, 21992, 43568, 39295, 10889, 20789, 56007, 943, 72855, 76942, 8942, 7759, 97777, 37307, 60206, 47127, 31059, 56075, 49075, 27392, 83476, 56280, 34162, 34476, 2995, 89626, 72491, 10343, 77379, 88390, 46151, 52405, 17849, 67616, 60968, 77448, 3012, 11905, 89855, 55382, 1710, 27710, 13838, 56579, 51865, 18942, 52511, 18314, 17423, 62667, 73550, 27356, 31707, 24937, 85986, 41982, 29792, 51747, 77050, 33505, 87200, 35919, 25026, 57877, 33854, 14431, 62602, 44937, 83542, 26581, 41702, 40546, 83724, 57348, 95648, 17217, 81032, 51333, 62479, 95232, 68193, 19337, 54406, 7241, 84508, 31853, 36337, 97444, 6715, 84142, 14143, 29646, 61418, 46691, 91055, 95261, 21607, 49389, 87440, 53345, 41371, 1669, 16850, 18440, 60983, 69600, 53625, 40097, 54633, 9055, 65860, 3054, 54468, 13994, 50399, 96381, 93456, 37386, 12374, 72359, 13808, 91360, 1863, 60158, 8379, 60424, 44909, 64466, 68566, 65812, 52188, 94818]})"
183.0,7,31,8,8.689749240875244,40003,"Genotype(dna={""<class 'abc.NT_0017'>"": [44179, 1863], ""<class 'abc.NT_0017_P_00000'>"": [], ""<class 'abc.NT_0001'>"": [2, 2, 2, 2, 0, 1, 68566], ""<class 'abc.NT_0001_P_00000'>"": [], ""<class 'bool'>"": [46023, 35570, 21927, 24472, 64826, 37954, 23648, 93816, 7134, 59416, 20134, 85082, 87339, 3266, 78194, 44410, 58872, 74745, 34263, 50242, 42523, 55047, 79213, 55354, 94818], ""<class 'abc.NT_0000'>"": [1, 2, 6, 0, 0, 0, 0, 5, 5, 2, 0, 0, 3, 1, 0, 2, 2, 0, 3, 6, 1, 0, 2, 0, 0, 65812], ""<class 'abc.NT_0000_P_00000'>"": [], ""<class 'int'>"": [51614, 94798, 62709, 59354, 52526, 70159, 85748, 91268, 99322, 97017, 68614, 93746, 6702, 40963, 44680, 38712, 37369, 45498, 58460, 38445, 87308, 60118, 81940, 45108, 40727, 50662, 40359, 78500, 26079, 62592, 24095, 76033, 80107, 52022, 89661, 45580, 24483, 63271, 86486, 20445, 60856, 12770, 13650, 52188], ""<class 'abc.NT_0000_P_00001'>"": [], ""<class 'abc.NT_0000_P_00002'>"": [], ""<class 'abc.NT_0000_P_00003'>"": [], ""<class 'abc.NT_0000_P_00004'>"": [], ""<class 'abc.NT_0000_P_00005'>"": [], ""<class 'abc.NT_0000_P_00006'>"": [], ""<class 'abc.NT_0001_P_00001'>"": [], ""<class 'abc.NT_0001_P_00002'>"": [], ""<class 'abc.NT_0001_P_00003'>"": [], ""<class 'abc.NT_0001_P_00004'>"": [], ""<class 'abc.NT_0005'>"": [2, 8379], ""<class 'abc.NT_0005_P_00000'>"": [], ""<class 'abc.NT_0003'>"": [0, 14932, 2, 44909], ""<class 'abc.NT_0003_P_00000'>"": [], ""<class 'abc.NT_0002'>"": [3, 1, 2, 3, 2, 64466], ""<class 'abc.NT_0002_P_00000'>"": [], ""<class 'abc.NT_0002_P_00001'>"": [], ""<class 'abc.NT_0002_P_00002'>"": [], ""<class 'abc.NT_0002_P_00003'>"": [], ""<class 'abc.NT_0002_P_00004'>"": [], ""<class 'abc.NT_0003_P_00001'>"": [], ""<class 'abc.NT_0003_P_00002'>"": [], ""<class 'abc.NT_0004'>"": [0, 60424], ""<class 'abc.NT_0004_P_00000'>"": [], ""<class 'abc.NT_0004_P_00001'>"": [], ""<class 'abc.NT_0005_P_00001'>"": [], ""<class 'abc.NT_0005_P_00002'>"": [], ""<class 'abc.NT_0011'>"": [], ""<class 'abc.NT_0011_P_00000'>"": [], ""<class 'abc.NT_0017_P_00001'>"": [], ""<class 'abc.NT_0012'>"": [0, 60158], ""<class 'abc.NT_0012_P_00000'>"": [], ""<class 'abc.NT_0010'>"": [], ""<class 'abc.NT_0010_P_00000'>"": [], ""<class 'abc.NT_0009'>"": [], ""<class 'abc.NT_0009_P_00000'>"": [], ""<class 'abc.NT_0008'>"": [], ""<class 'abc.NT_0008_P_00000'>"": [], ""<class 'abc.NT_0006'>"": [], ""<class 'abc.NT_0006_P_00000'>"": [], ""<class 'abc.NT_0008_P_00001'>"": [], ""<class 'abc.NT_0008_P_00002'>"": [], ""<class 'abc.NT_0008_P_00003'>"": [], ""<class 'abc.NT_0008_P_00004'>"": [], ""<class 'abc.NT_0007'>"": [], ""<class 'abc.NT_0007_P_00000'>"": [], ""<class 'abc.NT_0007_P_00001'>"": [], ""<class 'abc.NT_0007_P_00002'>"": [], ""<class 'abc.NT_0009_P_00001'>"": [], ""<class 'abc.NT_0010_P_00001'>"": [], ""<class 'abc.NT_0010_P_00002'>"": [], ""<class 'abc.NT_0012_P_00001'>"": [], ""<class 'abc.NT_0012_P_00002'>"": [], '$leftovers': [24110, 33409, 84800, 52930, 73355, 35471, 40030, 9296, 20749, 33075, 49628, 11537, 15, 90830, 51946, 20435, 67193, 37276, 25620, 25545, 23848, 32840, 79736, 6117, 22259, 57571, 60709, 16020, 90131, 83681, 49236, 19740, 96719, 28286, 96500, 25056, 2425, 4606, 76743, 50141, 80972, 89178, 58155, 60076, 20023, 49957, 78859, 71701, 63157, 51036, 27194, 57618, 41826, 72622, 26518, 13650, 37174, 65866, 51535, 26693, 46306, 18622, 78957, 96794, 12749, 98789, 43609, 19799, 33366, 8952, 34480, 94159, 44897, 75759, 82931, 16277, 14916, 72994, 49309, 70538, 2034, 42550, 91026, 7880, 3338, 60131, 98080, 28093, 32900, 15622, 26775, 29552, 32342, 14515, 36096, 41783, 62811, 37254, 75355, 63411, 75272, 23694, 84310, 71082, 79212, 33588, 90706, 48187, 31189, 88482, 9367, 56255, 79617, 1270, 55560, 26203, 26155, 40545, 15484, 55048, 21590, 6079, 95713, 42042, 7599, 11012, 10867, 6326, 4226, 36219, 64167, 95573, 17592, 32396, 33047, 42672, 14688, 56724, 34006, 26116, 19739, 92564, 32446, 49106, 86197, 89608, 29620, 89318, 4676, 30220, 92140, 82233, 42586, 84937, 67832, 88616, 54115, 36688, 72537, 89206, 19927, 60142, 31365, 9503, 17153, 77426, 27373, 71618, 24526, 11066, 35200, 85609, 149, 12686, 31762, 76331, 79662, 42034, 4753, 45093, 9160, 29879, 54031, 81574, 52405, 74338, 45103, 97062, 38418, 65500, 83214, 33515, 71498, 84236, 27012, 42946, 15648, 18758, 74221, 18239, 86131, 1230, 2760, 87805, 47794, 89910, 39873, 11161, 88967, 57997, 33988, 52998, 11574, 11690, 91965, 60505, 6728, 20304, 66663, 21797, 36314, 23383, 77728, 66566, 30573, 81589, 35200, 85889, 50823, 87892, 82732, 87939, 51151, 25364, 57741, 65481, 95697, 91763, 24126, 50698, 89794, 21082, 38556, 8845, 86758, 95312, 40982, 27576, 22409, 10764, 59686, 42374, 46705, 20305, 91930, 20443, 55812, 94550, 17871, 37347, 86111, 91872, 76531, 97561, 22247, 70828, 10031, 86871, 3457, 34403, 47195, 55824, 77269, 2312, 23015, 10509, 90685, 33220, 5095, 32669, 57665, 87461, 23705, 23892, 79569, 25099, 22463, 6825, 87678, 12700, 8086, 18347, 2080, 81725, 1743, 21695, 98864, 601, 27012, 26238, 83756, 20196, 9283, 37922, 9584, 31059, 69305, 33408, 87700, 5472, 17218, 94029, 30946, 42707, 26938, 23929, 42631, 58629, 82345, 34078, 27640, 26857, 52482, 1908, 53363, 57718, 53277, 60874, 47192, 65156, 64324, 98908, 18086, 34571, 80780, 21654, 13015, 54185, 65778, 82905, 54333, 16295, 29750, 10179, 8498, 41149, 76875, 75817, 52840, 36350, 67047, 80721, 50387, 89921, 76598, 79179, 69374, 34188, 84323, 90189, 80063, 75353, 58141, 98604, 61869, 50914, 95998, 60953, 31372, 32800, 20253, 10965, 57825, 30921, 72002, 23478, 52144, 74671, 49790, 35369, 96851, 96268, 91735, 26265, 71492, 35041, 22667, 85381, 87967, 56897, 37761, 44123, 52620, 81795, 86745, 6668, 71796, 22328, 50981, 1304, 65894, 39334, 28965, 37736, 33502, 94725, 98644, 29317, 28672, 49720, 92944, 79154, 30886, 83581, 56853, 86563, 45680, 29702, 43297, 89488, 55541, 95711, 64055, 55857, 75831, 20915, 33733, 41601, 40608, 13946, 42643, 60946, 78379, 66893, 47265, 47663, 96044, 31575, 23271, 29732, 18765, 73934, 86595, 19623, 58152, 23341, 42797, 82035, 84610, 84617, 26296, 48384, 7808, 85181, 83581, 85225, 34491, 3068, 83145, 63958, 59227, 71005, 79763, 19625, 78522, 84816, 70026, 30736, 71763, 20974, 85431, 42194, 51257, 95945, 87370, 84376, 7316, 96397, 73523, 45377, 38170, 929, 19455, 92318, 44476, 31469, 69802, 39812, 96151, 1351, 97970, 67167, 69990, 20536, 43930, 89552, 7692, 94070, 25734, 2163, 89653, 41361, 65843, 55026, 76161, 33606, 7726, 57770, 26583, 72401, 4290, 24460, 59579, 28419, 26896, 42516, 11149, 32412, 43883, 76759, 72953, 63003, 29642, 79399, 49163, 14266, 55493, 15592, 19124, 64343, 71700, 16518, 77843, 61244, 80217, 51694, 11787, 24162, 70922, 1802, 19601, 58039, 19725, 17982, 7030, 87818, 81146, 64592, 10711, 8313, 80311, 12180, 49490, 79809, 96851, 93114, 19741, 87950, 3665, 43498, 8117, 64, 90216, 51752, 43265, 1055, 25064, 4579, 20591, 64262, 8289, 34540, 9038, 32463, 95965, 3202, 36219, 54773, 36301, 21802, 67750, 14517, 59282, 15980, 432, 86613, 99020, 91465, 77787, 78248, 48946, 57777, 58757, 97167, 43438, 57904, 2014, 13213, 67388, 10589, 17904, 46813, 71128, 52635, 3372, 7022, 6285, 13222, 36250, 40728, 91163, 35142, 11502, 89851, 62932, 77460, 96657, 21864, 99883, 81995, 74277, 60986, 50282, 74931, 46950, 5360, 53700, 31843, 59827, 47670, 32934, 30419, 79491, 57514, 74807, 23996, 53538, 62864, 15792, 27971, 79999, 4588, 61344, 72986, 76402, 5098, 58305, 25903, 32899, 85790, 91428, 60548, 56234, 39548, 43974, 98619, 77439, 15993, 73803, 83604, 25519, 18459, 20066, 25903, 97967, 33677, 7371, 6, 36499, 11324, 1243, 39947, 55479, 70470, 34082, 56050, 29544, 54987, 62746, 66607, 80357, 49628, 67933, 33670, 28091, 66945, 50534, 26141, 53322, 91035, 77729, 27580, 46478, 28257, 47427, 93318, 56880, 30918, 94174, 58362, 78991, 44614, 79630, 30263, 11791, 42548, 14198, 37648, 38023, 21220, 21014, 7344, 63974, 96287, 17660, 60202, 79326, 52006, 11171, 66690, 12255, 20285, 10423, 55277, 57487, 11691, 54689, 5652, 76519, 3461, 69755, 64707, 16312, 16295, 40601, 70148, 36176, 16065, 40040, 14183, 24121, 47242, 22032, 11279, 3191, 76223, 38556, 49976, 63279, 28556, 9220, 29217, 76607, 75006, 23148, 76606, 47161, 35794, 52195, 48659, 92402, 6526, 92368, 4935, 12370, 31129, 9968, 86963, 31409, 47029, 77066, 80727, 15785, 15932, 83533, 62000, 17471, 96923, 65812, 20445, 91749, 85889, 26308, 19486, 21715, 34331, 93146, 59506, 57820, 30428, 93243, 92765, 52847, 89535, 66389, 58839, 4150, 25361, 82879, 61511, 68281, 78697, 78403, 87273, 13980, 42687, 23918, 63683, 41580, 73250, 59609, 11414, 2509, 70598, 74474, 19451, 16064, 20767, 90079, 93316, 16483, 26688, 1007, 58343, 58155, 21038, 71715, 57917, 41869, 25781, 18714, 67682, 93754, 85684, 10313, 1573, 45762, 94524, 35755, 32943, 71827, 71670, 16558, 24105, 60194, 63460, 52030, 70450, 68115, 37170, 74590, 45567, 54629, 5725, 85172, 61417, 54506, 78169, 92443, 94152, 97286, 90729, 98431, 21923, 91806, 91215, 9539, 25283, 88955, 21992, 43568, 39295, 10889, 20789, 56007, 943, 72855, 76942, 8942, 7759, 97777, 37307, 60206, 47127, 31059, 56075, 49075, 27392, 83476, 56280, 34162, 34476, 2995, 89626, 72491, 10343, 77379, 88390, 46151, 52405, 17849, 67616, 60968, 77448, 3012, 11905, 89855, 55382, 1710, 27710, 13838, 56579, 51865, 18942, 52511, 18314, 17423, 62667, 73550, 27356, 31707, 24937, 85986, 41982, 29792, 51747, 77050, 33505, 87200, 35919, 25026, 57877, 33854, 14431, 62602, 44937, 83542, 26581, 41702, 40546, 83724, 57348, 95648, 17217, 81032, 51333, 62479, 95232, 68193, 19337, 54406, 7241, 84508, 31853, 36337, 97444, 6715, 84142, 14143, 29646, 61418, 46691, 91055, 95261, 21607, 49389, 87440, 53345, 41371, 1669, 16850, 18440, 60983, 69600, 53625, 40097, 54633, 9055, 65860, 3054, 54468, 13994, 50399, 96381, 93456, 37386, 12374, 72359, 13808, 91360, 1863, 60158, 8379, 60424, 44909, 64466, 68566, 65812, 52188, 94818]})"
182.0,7,26,9,9.10377025604248,40003,"Genotype(dna={""<class 'abc.NT_0017'>"": [0, 22416], ""<class 'abc.NT_0017_P_00000'>"": [], ""<class 'abc.NT_0001'>"": [2, 0, 3, 0, 0, 0, 74140], ""<class 'abc.NT_0001_P_00000'>"": [], ""<class 'bool'>"": [4632, 29897, 64367, 81263, 68803, 8735, 98449, 1635, 95660, 10396, 94408, 43208, 82183, 84703, 56778, 52168, 44766, 88181, 11059, 96042, 13268, 18094, 13557, 12668, 75524, 20324, 45410, 93248], ""<class 'abc.NT_0000'>"": [1, 6, 5, 6, 3, 0, 4, 6, 6, 6, 5, 1, 4, 0, 0, 0, 4, 0, 0, 0, 0, 1, 4, 2, 0, 4, 0, 0, 0, 7010, 0, 94130], ""<class 'abc.NT_0000_P_00000'>"": [], ""<class 'int'>"": [54953, 40569, 77890, 71338, 20214, 99741, 94497, 20170, 68545, 49307, 99437, 19630, 6711, 95508, 12005, 71848, 37692, 3484, 37961, 37309, 30355, 88237, 25393, 87371, 44045, 31248, 81499, 76147, 76573, 34359, 72707, 24586, 12083, 97854, 1228, 19131], ""<class 'abc.NT_0000_P_00001'>"": [], ""<class 'abc.NT_0000_P_00002'>"": [], ""<class 'abc.NT_0000_P_00003'>"": [], ""<class 'abc.NT_0000_P_00004'>"": [], ""<class 'abc.NT_0000_P_00005'>"": [], ""<class 'abc.NT_0000_P_00006'>"": [], ""<class 'abc.NT_0001_P_00001'>"": [], ""<class 'abc.NT_0001_P_00002'>"": [], ""<class 'abc.NT_0001_P_00003'>"": [], ""<class 'abc.NT_0001_P_00004'>"": [], ""<class 'abc.NT_0005'>"": [1, 18024], ""<class 'abc.NT_0005_P_00000'>"": [], ""<class 'abc.NT_0003'>"": [], ""<class 'abc.NT_0003_P_00000'>"": [], ""<class 'abc.NT_0002'>"": [0, 1, 2, 81953], ""<class 'abc.NT_0002_P_00000'>"": [], ""<class 'abc.NT_0002_P_00001'>"": [], ""<class 'abc.NT_0002_P_00002'>"": [], ""<class 'abc.NT_0002_P_00003'>"": [], ""<class 'abc.NT_0002_P_00004'>"": [], ""<class 'abc.NT_0003_P_00001'>"": [], ""<class 'abc.NT_0003_P_00002'>"": [], ""<class 'abc.NT_0004'>"": [], ""<class 'abc.NT_0004_P_00000'>"": [], ""<class 'abc.NT_0004_P_00001'>"": [], ""<class 'abc.NT_0005_P_00001'>"": [], ""<class 'abc.NT_0005_P_00002'>"": [], ""<class 'abc.NT_0011'>"": [], ""<class 'abc.NT_0011_P_00000'>"": [], ""<class 'abc.NT_0017_P_00001'>"": [], ""<class 'abc.NT_0012'>"": [0, 51601], ""<class 'abc.NT_0012_P_00000'>"": [], ""<class 'abc.NT_0010'>"": [], ""<class 'abc.NT_0010_P_00000'>"": [], ""<class 'abc.NT_0009'>"": [], ""<class 'abc.NT_0009_P_00000'>"": [], ""<class 'abc.NT_0008'>"": [], ""<class 'abc.NT_0008_P_00000'>"": [], ""<class 'abc.NT_0006'>"": [], ""<class 'abc.NT_0006_P_00000'>"": [], ""<class 'abc.NT_0008_P_00001'>"": [], ""<class 'abc.NT_0008_P_00002'>"": [], ""<class 'abc.NT_0008_P_00003'>"": [], ""<class 'abc.NT_0008_P_00004'>"": [], ""<class 'abc.NT_0007'>"": [], ""<class 'abc.NT_0007_P_00000'>"": [], ""<class 'abc.NT_0007_P_00001'>"": [], ""<class 'abc.NT_0007_P_00002'>"": [], ""<class 'abc.NT_0009_P_00001'>"": [], ""<class 'abc.NT_0010_P_00001'>"": [], ""<class 'abc.NT_0010_P_00002'>"": [], ""<class 'abc.NT_0012_P_00001'>"": [], ""<class 'abc.NT_0012_P_00002'>"": [], '$leftovers': [50083, 87758, 44970, 26123, 783, 95786, 79476, 30593, 63309, 19137, 66070, 8065, 96566, 19348, 84166, 64426, 58391, 50141, 14187, 19524, 57060, 35482, 15979, 5102, 97936, 26917, 56055, 76258, 79280, 38955, 69866, 99581, 75247, 66840, 30786, 76513, 31321, 78325, 93503, 84983, 66899, 26788, 30137, 58916, 52607, 38243, 74974, 92543, 52053, 59770, 18020, 66999, 64091, 68211, 63236, 37979, 45846, 21988, 12215, 74137, 37234, 43241, 65826, 82635, 5939, 77325, 95444, 87964, 4999, 87215, 43993, 96790, 77678, 53772, 22092, 33968, 54729, 25980, 62777, 77868, 67807, 62911, 43189, 90857, 8567, 13515, 79637, 16731, 96605, 61762, 16174, 78621, 61855, 50959, 90662, 52312, 23146, 85941, 82196, 43369, 481, 70671, 72761, 29904, 19306, 40869, 50851, 21141, 34039, 5067, 501, 91475, 71463, 94646, 36951, 77843, 35384, 64504, 60752, 70092, 96231, 20151, 11571, 89327, 53089, 3912, 31277, 48057, 62831, 80372, 23150, 98621, 38851, 41360, 82285, 76868, 24023, 11988, 53173, 49817, 73596, 78228, 16900, 92911, 94934, 13488, 9860, 94044, 68775, 33362, 1200, 67475, 92387, 72004, 53274, 80152, 64292, 38620, 81498, 13117, 58969, 65312, 57765, 63387, 6767, 20242, 92324, 85821, 60602, 93577, 73169, 75449, 89481, 70408, 33546, 11280, 10303, 90054, 94210, 75869, 69067, 20486, 84310, 98286, 63095, 71733, 99141, 14108, 63289, 40531, 82234, 41566, 72339, 7337, 96383, 43985, 85290, 91104, 46025, 95502, 23837, 14736, 61514, 83004, 17748, 39017, 64766, 82562, 71817, 17236, 26887, 98347, 85147, 84370, 25194, 76014, 92844, 51686, 10578, 57993, 39768, 91417, 32421, 87555, 11935, 61538, 59928, 35685, 39482, 42375, 55340, 12633, 1535, 465, 18208, 44959, 95815, 71968, 97294, 95427, 7728, 3782, 15449, 2871, 20389, 2740, 36042, 39843, 69689, 89985, 99632, 81047, 63700, 93288, 83123, 48855, 17881, 71810, 61526, 78831, 20739, 81503, 80331, 21089, 48918, 76862, 4013, 94369, 60975, 32648, 33756, 65998, 28539, 75623, 83893, 56787, 84254, 22321, 26656, 52297, 23787, 19662, 19773, 33307, 71842, 55230, 75996, 15420, 54707, 88563, 93122, 73198, 23771, 14869, 55279, 53705, 43552, 1498, 67262, 83896, 9971, 92298, 46031, 10189, 64020, 15716, 90509, 25174, 30322, 69257, 56854, 88551, 5559, 9811, 38171, 82450, 65437, 54445, 49673, 11082, 68636, 9214, 88012, 75183, 27757, 60004, 21733, 44245, 54030, 38241, 66734, 22618, 28926, 15040, 79856, 47409, 24827, 203, 47922, 40691, 32491, 83168, 82308, 79444, 36298, 87325, 57718, 86345, 9738, 99115, 38033, 43608, 95659, 27063, 3892, 88916, 48279, 99054, 30584, 27305, 34323, 10561, 5313, 3781, 11587, 3303, 26516, 85224, 63019, 69470, 46709, 86151, 37423, 50306, 4036, 44887, 14973, 99346, 89860, 95100, 94902, 41599, 44644, 7502, 93288, 95237, 97825, 44935, 14857, 65377, 92147, 13693, 2505, 34911, 16536, 65493, 26941, 73616, 25766, 36185, 39699, 80394, 71383, 3430, 5693, 2603, 25152, 84594, 80619, 22101, 28582, 26520, 2352, 80576, 35907, 75941, 45226, 95994, 90068, 76638, 78170, 62529, 35895, 13705, 89259, 74005, 80047, 77901, 45480, 63258, 83969, 54144, 3486, 43540, 91306, 61300, 52839, 84282, 92869, 25131, 3581, 71674, 14775, 97251, 59651, 93790, 85063, 44730, 24904, 87902, 57074, 37339, 82422, 31506, 86867, 94115, 50844, 91911, 28240, 96983, 752, 15090, 92896, 16389, 33207, 95046, 18236, 4734, 49812, 15412, 94122, 88555, 36248, 14458, 1185, 12071, 88174, 1287, 42493, 54588, 51165, 60863, 32655, 1841, 37576, 27451, 25440, 65681, 47810, 35287, 48050, 6665, 35565, 96607, 38743, 98586, 78558, 67834, 21496, 1640, 88441, 2571, 23904, 41663, 59724, 10737, 47371, 68746, 47669, 25926, 92269, 37940, 63434, 68727, 41044, 45679, 97086, 72599, 62245, 93669, 37828, 93941, 95036, 215, 91995, 27793, 8985, 85064, 27554, 86333, 24532, 73725, 32292, 86375, 4378, 12930, 921, 50177, 18113, 40212, 88069, 17694, 1074, 46023, 82070, 79713, 37548, 14308, 95055, 78845, 12168, 47521, 95715, 78543, 78511, 50777, 81888, 51132, 22675, 75731, 77928, 10066, 22935, 81438, 83499, 21534, 78962, 12388, 35608, 70664, 68335, 66778, 3176, 51417, 15767, 20284, 69292, 37606, 16907, 33606, 12052, 9793, 20487, 51105, 8259, 15890, 37955, 43023, 19206, 38287, 14915, 91993, 64281, 70759, 29536, 72559, 64893, 84079, 28306, 23156, 20046, 26100, 65123, 31190, 24466, 3079, 49405, 99718, 65715, 97101, 45965, 35750, 54641, 29166, 81195, 19604, 91165, 78814, 48024, 35807, 91542, 95249, 59109, 66680, 88288, 67148, 84624, 41749, 15803, 37161, 73416, 10755, 18581, 16155, 29045, 74462, 85127, 35677, 89599, 97408, 44590, 69335, 48552, 48923, 4449, 81893, 10482, 46171, 49586, 79338, 62773, 71265, 38665, 9498, 78595, 61919, 49391, 17385, 87133, 63102, 8043, 20769, 5514, 50066, 63187, 73786, 33719, 13692, 94839, 19146, 12202, 44147, 12084, 64208, 78938, 66377, 40198, 99788, 37700, 54792, 64656, 62980, 20639, 1871, 32910, 29193, 32988, 72027, 21933, 93628, 69358, 54228, 14740, 65155, 32184, 85748, 93817, 60470, 31539, 75219, 60718, 99693, 75394, 81297, 55931, 83275, 34818, 30235, 9606, 24320, 41523, 73286, 62844, 82180, 74905, 24471, 1825, 86328, 22669, 56006, 37205, 30263, 75117, 39139, 35648, 59828, 58177, 45881, 23153, 13105, 53740, 90904, 35790, 33922, 76306, 76844, 86437, 83232, 37909, 64905, 74028, 18813, 76492, 57978, 57034, 4474, 72706, 20340, 78303, 68807, 55611, 19431, 68588, 72870, 98374, 46962, 59663, 83515, 13480, 83147, 92426, 35656, 79800, 95366, 4147, 7929, 3158, 50344, 41434, 23830, 65679, 99898, 51604, 81125, 51244, 69673, 90055, 8017, 15803, 64571, 67938, 84934, 56131, 52347, 87823, 79400, 72152, 43383, 43670, 66722, 42528, 74698, 21462, 1862, 89225, 10301, 51975, 98211, 35555, 71026, 23831, 55030, 19505, 76471, 10571, 53054, 29778, 87442, 67949, 64247, 56925, 89391, 36565, 28301, 38070, 40235, 78537, 75197, 81789, 86533, 96985, 8058, 91674, 88379, 92179, 35799, 60278, 17138, 83588, 55903, 35447, 7157, 48303, 20172, 63117, 74902, 84434, 96390, 39127, 70150, 7437, 45926, 3560, 8696, 91196, 82141, 50002, 57623, 2414, 97092, 42475, 25354, 53038, 19078, 39654, 81176, 18615, 53159, 93485, 58218, 82556, 16556, 2508, 2623, 55468, 75388, 92550, 76553, 40132, 12244, 8033, 96615, 35586, 54358, 12326, 28392, 44343, 55103, 25966, 27308, 89474, 7696, 9406, 79449, 94874, 59258, 96866, 25010, 34809, 49299, 40610, 65501, 2269, 73046, 66038, 399, 68308, 77813, 35226, 14857, 69889, 10823, 88196, 93293, 40606, 42580, 83811, 22660, 48699, 30192, 87450, 72641, 88163, 53316, 20360, 20786, 50499, 3617, 780, 41375, 96152, 14867, 22568, 10349, 1033, 5903, 4891, 96061, 63988, 78577, 80392, 58431, 37829, 29649, 27606, 20711, 27555, 28247, 70121, 17358, 37203, 82220, 28675, 62502, 3995, 41864, 72859, 19175, 5163, 95448, 59244, 64525, 74083, 71261, 35622, 75198, 21694, 61100, 83825, 46529, 55202, 84199, 53574, 19969, 31552, 27097, 2681, 53894, 30348, 59385, 57173, 58235, 78377, 10117, 6809, 41139, 45977, 28693, 45507, 15366, 77226, 51818, 87347, 67440, 85814, 20090, 73468, 98376, 34260, 71678, 30644, 73909, 22416, 51601, 18024, 81953, 74140, 94130, 19131, 58414]})"
182.0,7,26,10,9.588613510131836,40003,"Genotype(dna={""<class 'abc.NT_0017'>"": [0, 22416], ""<class 'abc.NT_0017_P_00000'>"": [], ""<class 'abc.NT_0001'>"": [2, 0, 3, 0, 0, 0, 74140], ""<class 'abc.NT_0001_P_00000'>"": [], ""<class 'bool'>"": [4632, 29897, 64367, 81263, 68803, 8735, 98449, 1635, 95660, 10396, 94408, 43208, 82183, 84703, 56778, 52168, 44766, 88181, 11059, 96042, 13268, 18094, 13557, 12668, 75524, 20324, 45410, 93248], ""<class 'abc.NT_0000'>"": [1, 6, 5, 6, 3, 0, 4, 6, 6, 6, 5, 1, 4, 0, 0, 0, 4, 0, 0, 0, 0, 1, 4, 2, 0, 4, 0, 0, 0, 7010, 0, 94130], ""<class 'abc.NT_0000_P_00000'>"": [], ""<class 'int'>"": [54953, 40569, 77890, 71338, 20214, 99741, 94497, 20170, 68545, 49307, 99437, 19630, 6711, 95508, 12005, 71848, 37692, 3484, 37961, 37309, 30355, 88237, 25393, 87371, 44045, 31248, 81499, 76147, 76573, 34359, 72707, 24586, 12083, 97854, 1228, 19131], ""<class 'abc.NT_0000_P_00001'>"": [], ""<class 'abc.NT_0000_P_00002'>"": [], ""<class 'abc.NT_0000_P_00003'>"": [], ""<class 'abc.NT_0000_P_00004'>"": [], ""<class 'abc.NT_0000_P_00005'>"": [], ""<class 'abc.NT_0000_P_00006'>"": [], ""<class 'abc.NT_0001_P_00001'>"": [], ""<class 'abc.NT_0001_P_00002'>"": [], ""<class 'abc.NT_0001_P_00003'>"": [], ""<class 'abc.NT_0001_P_00004'>"": [], ""<class 'abc.NT_0005'>"": [1, 18024], ""<class 'abc.NT_0005_P_00000'>"": [], ""<class 'abc.NT_0003'>"": [], ""<class 'abc.NT_0003_P_00000'>"": [], ""<class 'abc.NT_0002'>"": [0, 1, 2, 81953], ""<class 'abc.NT_0002_P_00000'>"": [], ""<class 'abc.NT_0002_P_00001'>"": [], ""<class 'abc.NT_0002_P_00002'>"": [], ""<class 'abc.NT_0002_P_00003'>"": [], ""<class 'abc.NT_0002_P_00004'>"": [], ""<class 'abc.NT_0003_P_00001'>"": [], ""<class 'abc.NT_0003_P_00002'>"": [], ""<class 'abc.NT_0004'>"": [], ""<class 'abc.NT_0004_P_00000'>"": [], ""<class 'abc.NT_0004_P_00001'>"": [], ""<class 'abc.NT_0005_P_00001'>"": [], ""<class 'abc.NT_0005_P_00002'>"": [], ""<class 'abc.NT_0011'>"": [], ""<class 'abc.NT_0011_P_00000'>"": [], ""<class 'abc.NT_0017_P_00001'>"": [], ""<class 'abc.NT_0012'>"": [0, 51601], ""<class 'abc.NT_0012_P_00000'>"": [], ""<class 'abc.NT_0010'>"": [], ""<class 'abc.NT_0010_P_00000'>"": [], ""<class 'abc.NT_0009'>"": [], ""<class 'abc.NT_0009_P_00000'>"": [], ""<class 'abc.NT_0008'>"": [], ""<class 'abc.NT_0008_P_00000'>"": [], ""<class 'abc.NT_0006'>"": [], ""<class 'abc.NT_0006_P_00000'>"": [], ""<class 'abc.NT_0008_P_00001'>"": [], ""<class 'abc.NT_0008_P_00002'>"": [], ""<class 'abc.NT_0008_P_00003'>"": [], ""<class 'abc.NT_0008_P_00004'>"": [], ""<class 'abc.NT_0007'>"": [], ""<class 'abc.NT_0007_P_00000'>"": [], ""<class 'abc.NT_0007_P_00001'>"": [], ""<class 'abc.NT_0007_P_00002'>"": [], ""<class 'abc.NT_0009_P_00001'>"": [], ""<class 'abc.NT_0010_P_00001'>"": [], ""<class 'abc.NT_0010_P_00002'>"": [], ""<class 'abc.NT_0012_P_00001'>"": [], ""<class 'abc.NT_0012_P_00002'>"": [], '$leftovers': [50083, 87758, 44970, 26123, 783, 95786, 79476, 30593, 63309, 19137, 66070, 8065, 96566, 19348, 84166, 64426, 58391, 50141, 14187, 19524, 57060, 35482, 15979, 5102, 97936, 26917, 56055, 76258, 79280, 38955, 69866, 99581, 75247, 66840, 30786, 76513, 31321, 78325, 93503, 84983, 66899, 26788, 30137, 58916, 52607, 38243, 74974, 92543, 52053, 59770, 18020, 66999, 64091, 68211, 63236, 37979, 45846, 21988, 12215, 74137, 37234, 43241, 65826, 82635, 5939, 77325, 95444, 87964, 4999, 87215, 43993, 96790, 77678, 53772, 22092, 33968, 54729, 25980, 62777, 77868, 67807, 62911, 43189, 90857, 8567, 13515, 79637, 16731, 96605, 61762, 16174, 78621, 61855, 50959, 90662, 52312, 23146, 85941, 82196, 43369, 481, 70671, 72761, 29904, 19306, 40869, 50851, 21141, 34039, 5067, 501, 91475, 71463, 94646, 36951, 77843, 35384, 64504, 60752, 70092, 96231, 20151, 11571, 89327, 53089, 3912, 31277, 48057, 62831, 80372, 23150, 98621, 38851, 41360, 82285, 76868, 24023, 11988, 53173, 49817, 73596, 78228, 16900, 92911, 94934, 13488, 9860, 94044, 68775, 33362, 1200, 67475, 92387, 72004, 53274, 80152, 64292, 38620, 81498, 13117, 58969, 65312, 57765, 63387, 6767, 20242, 92324, 85821, 60602, 93577, 73169, 75449, 89481, 70408, 33546, 11280, 10303, 90054, 94210, 75869, 69067, 20486, 84310, 98286, 63095, 71733, 99141, 14108, 63289, 40531, 82234, 41566, 72339, 7337, 96383, 43985, 85290, 91104, 46025, 95502, 23837, 14736, 61514, 83004, 17748, 39017, 64766, 82562, 71817, 17236, 26887, 98347, 85147, 84370, 25194, 76014, 92844, 51686, 10578, 57993, 39768, 91417, 32421, 87555, 11935, 61538, 59928, 35685, 39482, 42375, 55340, 12633, 1535, 465, 18208, 44959, 95815, 71968, 97294, 95427, 7728, 3782, 15449, 2871, 20389, 2740, 36042, 39843, 69689, 89985, 99632, 81047, 63700, 93288, 83123, 48855, 17881, 71810, 61526, 78831, 20739, 81503, 80331, 21089, 48918, 76862, 4013, 94369, 60975, 32648, 33756, 65998, 28539, 75623, 83893, 56787, 84254, 22321, 26656, 52297, 23787, 19662, 19773, 33307, 71842, 55230, 75996, 15420, 54707, 88563, 93122, 73198, 23771, 14869, 55279, 53705, 43552, 1498, 67262, 83896, 9971, 92298, 46031, 10189, 64020, 15716, 90509, 25174, 30322, 69257, 56854, 88551, 5559, 9811, 38171, 82450, 65437, 54445, 49673, 11082, 68636, 9214, 88012, 75183, 27757, 60004, 21733, 44245, 54030, 38241, 66734, 22618, 28926, 15040, 79856, 47409, 24827, 203, 47922, 40691, 32491, 83168, 82308, 79444, 36298, 87325, 57718, 86345, 9738, 99115, 38033, 43608, 95659, 27063, 3892, 88916, 48279, 99054, 30584, 27305, 34323, 10561, 5313, 3781, 11587, 3303, 26516, 85224, 63019, 69470, 46709, 86151, 37423, 50306, 4036, 44887, 14973, 99346, 89860, 95100, 94902, 41599, 44644, 7502, 93288, 95237, 97825, 44935, 14857, 65377, 92147, 13693, 2505, 34911, 16536, 65493, 26941, 73616, 25766, 36185, 39699, 80394, 71383, 3430, 5693, 2603, 25152, 84594, 80619, 22101, 28582, 26520, 2352, 80576, 35907, 75941, 45226, 95994, 90068, 76638, 78170, 62529, 35895, 13705, 89259, 74005, 80047, 77901, 45480, 63258, 83969, 54144, 3486, 43540, 91306, 61300, 52839, 84282, 92869, 25131, 3581, 71674, 14775, 97251, 59651, 93790, 85063, 44730, 24904, 87902, 57074, 37339, 82422, 31506, 86867, 94115, 50844, 91911, 28240, 96983, 752, 15090, 92896, 16389, 33207, 95046, 18236, 4734, 49812, 15412, 94122, 88555, 36248, 14458, 1185, 12071, 88174, 1287, 42493, 54588, 51165, 60863, 32655, 1841, 37576, 27451, 25440, 65681, 47810, 35287, 48050, 6665, 35565, 96607, 38743, 98586, 78558, 67834, 21496, 1640, 88441, 2571, 23904, 41663, 59724, 10737, 47371, 68746, 47669, 25926, 92269, 37940, 63434, 68727, 41044, 45679, 97086, 72599, 62245, 93669, 37828, 93941, 95036, 215, 91995, 27793, 8985, 85064, 27554, 86333, 24532, 73725, 32292, 86375, 4378, 12930, 921, 50177, 18113, 40212, 88069, 17694, 1074, 46023, 82070, 79713, 37548, 14308, 95055, 78845, 12168, 47521, 95715, 78543, 78511, 50777, 81888, 51132, 22675, 75731, 77928, 10066, 22935, 81438, 83499, 21534, 78962, 12388, 35608, 70664, 68335, 66778, 3176, 51417, 15767, 20284, 69292, 37606, 16907, 33606, 12052, 9793, 20487, 51105, 8259, 15890, 37955, 43023, 19206, 38287, 14915, 91993, 64281, 70759, 29536, 72559, 64893, 84079, 28306, 23156, 20046, 26100, 65123, 31190, 24466, 3079, 49405, 99718, 65715, 97101, 45965, 35750, 54641, 29166, 81195, 19604, 91165, 78814, 48024, 35807, 91542, 95249, 59109, 66680, 88288, 67148, 84624, 41749, 15803, 37161, 73416, 10755, 18581, 16155, 29045, 74462, 85127, 35677, 89599, 97408, 44590, 69335, 48552, 48923, 4449, 81893, 10482, 46171, 49586, 79338, 62773, 71265, 38665, 9498, 78595, 61919, 49391, 17385, 87133, 63102, 8043, 20769, 5514, 50066, 63187, 73786, 33719, 13692, 94839, 19146, 12202, 44147, 12084, 64208, 78938, 66377, 40198, 99788, 37700, 54792, 64656, 62980, 20639, 1871, 32910, 29193, 32988, 72027, 21933, 93628, 69358, 54228, 14740, 65155, 32184, 85748, 93817, 60470, 31539, 75219, 60718, 99693, 75394, 81297, 55931, 83275, 34818, 30235, 9606, 24320, 41523, 73286, 62844, 82180, 74905, 24471, 1825, 86328, 22669, 56006, 37205, 30263, 75117, 39139, 35648, 59828, 58177, 45881, 23153, 13105, 53740, 90904, 35790, 33922, 76306, 76844, 86437, 83232, 37909, 64905, 74028, 18813, 76492, 57978, 57034, 4474, 72706, 20340, 78303, 68807, 55611, 19431, 68588, 72870, 98374, 46962, 59663, 83515, 13480, 83147, 92426, 35656, 79800, 95366, 4147, 7929, 3158, 50344, 41434, 23830, 65679, 99898, 51604, 81125, 51244, 69673, 90055, 8017, 15803, 64571, 67938, 84934, 56131, 52347, 87823, 79400, 72152, 43383, 43670, 66722, 42528, 74698, 21462, 1862, 89225, 10301, 51975, 98211, 35555, 71026, 23831, 55030, 19505, 76471, 10571, 53054, 29778, 87442, 67949, 64247, 56925, 89391, 36565, 28301, 38070, 40235, 78537, 75197, 81789, 86533, 96985, 8058, 91674, 88379, 92179, 35799, 60278, 17138, 83588, 55903, 35447, 7157, 48303, 20172, 63117, 74902, 84434, 96390, 39127, 70150, 7437, 45926, 3560, 8696, 91196, 82141, 50002, 57623, 2414, 97092, 42475, 25354, 53038, 19078, 39654, 81176, 18615, 53159, 93485, 58218, 82556, 16556, 2508, 2623, 55468, 75388, 92550, 76553, 40132, 12244, 8033, 96615, 35586, 54358, 12326, 28392, 44343, 55103, 25966, 27308, 89474, 7696, 9406, 79449, 94874, 59258, 96866, 25010, 34809, 49299, 40610, 65501, 2269, 73046, 66038, 399, 68308, 77813, 35226, 14857, 69889, 10823, 88196, 93293, 40606, 42580, 83811, 22660, 48699, 30192, 87450, 72641, 88163, 53316, 20360, 20786, 50499, 3617, 780, 41375, 96152, 14867, 22568, 10349, 1033, 5903, 4891, 96061, 63988, 78577, 80392, 58431, 37829, 29649, 27606, 20711, 27555, 28247, 70121, 17358, 37203, 82220, 28675, 62502, 3995, 41864, 72859, 19175, 5163, 95448, 59244, 64525, 74083, 71261, 35622, 75198, 21694, 61100, 83825, 46529, 55202, 84199, 53574, 19969, 31552, 27097, 2681, 53894, 30348, 59385, 57173, 58235, 78377, 10117, 6809, 41139, 45977, 28693, 45507, 15366, 77226, 51818, 87347, 67440, 85814, 20090, 73468, 98376, 34260, 71678, 30644, 73909, 22416, 51601, 18024, 81953, 74140, 94130, 19131, 58414]})"
177.0,7,32,11,10.016510248184204,40003,"Genotype(dna={""<class 'abc.NT_0017'>"": [0, 1863], ""<class 'abc.NT_0017_P_00000'>"": [], ""<class 'abc.NT_0001'>"": [2, 2, 2, 2, 0, 1, 68566], ""<class 'abc.NT_0001_P_00000'>"": [], ""<class 'bool'>"": [46023, 35570, 21927, 24472, 64826, 47769, 66440, 93816, 7134, 59416, 20134, 85082, 87339, 3266, 78194, 44410, 60665, 74745, 34263, 50242, 42523, 55047, 79213, 55354, 94818, 24110], ""<class 'abc.NT_0000'>"": [1, 2, 6, 0, 0, 0, 0, 5, 5, 2, 0, 0, 3, 1, 0, 2, 2, 0, 3, 6, 13291, 0, 2, 0, 0, 65812], ""<class 'abc.NT_0000_P_00000'>"": [], ""<class 'int'>"": [51614, 94798, 62709, 59354, 52526, 70159, 85748, 91268, 99322, 97017, 68614, 86129, 6702, 11337, 44680, 2940, 37369, 45498, 58460, 83038, 87308, 60118, 78957, 45108, 22860, 50662, 40359, 78500, 26079, 62592, 24095, 89284, 80107, 52022, 89661, 68167, 24483, 63271, 86486, 20445, 60856, 12770, 13650, 52188, 33409], ""<class 'abc.NT_0000_P_00001'>"": [], ""<class 'abc.NT_0000_P_00002'>"": [], ""<class 'abc.NT_0000_P_00003'>"": [], ""<class 'abc.NT_0000_P_00004'>"": [], ""<class 'abc.NT_0000_P_00005'>"": [], ""<class 'abc.NT_0000_P_00006'>"": [], ""<class 'abc.NT_0001_P_00001'>"": [], ""<class 'abc.NT_0001_P_00002'>"": [], ""<class 'abc.NT_0001_P_00003'>"": [], ""<class 'abc.NT_0001_P_00004'>"": [], ""<class 'abc.NT_0005'>"": [2, 8379], ""<class 'abc.NT_0005_P_00000'>"": [], ""<class 'abc.NT_0003'>"": [0, 0, 2, 44909], ""<class 'abc.NT_0003_P_00000'>"": [], ""<class 'abc.NT_0002'>"": [3, 1, 2, 3, 2, 82496], ""<class 'abc.NT_0002_P_00000'>"": [], ""<class 'abc.NT_0002_P_00001'>"": [], ""<class 'abc.NT_0002_P_00002'>"": [], ""<class 'abc.NT_0002_P_00003'>"": [], ""<class 'abc.NT_0002_P_00004'>"": [], ""<class 'abc.NT_0003_P_00001'>"": [], ""<class 'abc.NT_0003_P_00002'>"": [], ""<class 'abc.NT_0004'>"": [0, 60424], ""<class 'abc.NT_0004_P_00000'>"": [], ""<class 'abc.NT_0004_P_00001'>"": [], ""<class 'abc.NT_0005_P_00001'>"": [], ""<class 'abc.NT_0005_P_00002'>"": [], ""<class 'abc.NT_0011'>"": [], ""<class 'abc.NT_0011_P_00000'>"": [], ""<class 'abc.NT_0017_P_00001'>"": [], ""<class 'abc.NT_0012'>"": [0, 60158], ""<class 'abc.NT_0012_P_00000'>"": [], ""<class 'abc.NT_0010'>"": [], ""<class 'abc.NT_0010_P_00000'>"": [], ""<class 'abc.NT_0009'>"": [], ""<class 'abc.NT_0009_P_00000'>"": [], ""<class 'abc.NT_0008'>"": [], ""<class 'abc.NT_0008_P_00000'>"": [], ""<class 'abc.NT_0006'>"": [], ""<class 'abc.NT_0006_P_00000'>"": [], ""<class 'abc.NT_0008_P_00001'>"": [], ""<class 'abc.NT_0008_P_00002'>"": [], ""<class 'abc.NT_0008_P_00003'>"": [], ""<class 'abc.NT_0008_P_00004'>"": [], ""<class 'abc.NT_0007'>"": [], ""<class 'abc.NT_0007_P_00000'>"": [], ""<class 'abc.NT_0007_P_00001'>"": [], ""<class 'abc.NT_0007_P_00002'>"": [], ""<class 'abc.NT_0009_P_00001'>"": [], ""<class 'abc.NT_0010_P_00001'>"": [], ""<class 'abc.NT_0010_P_00002'>"": [], ""<class 'abc.NT_0012_P_00001'>"": [], ""<class 'abc.NT_0012_P_00002'>"": [], '$leftovers': [84800, 52930, 73355, 35471, 40030, 9296, 20749, 33075, 49628, 11537, 15, 90830, 51946, 20435, 67193, 37276, 25620, 25545, 23848, 32840, 79736, 6117, 22259, 57571, 60709, 16020, 90131, 83681, 49236, 19740, 96719, 28286, 96500, 25056, 2425, 4606, 76743, 50141, 80972, 89178, 58155, 60076, 20023, 49957, 78859, 71701, 63157, 51036, 27194, 57618, 41826, 72622, 26518, 13650, 37174, 65866, 51535, 26693, 46306, 18622, 78957, 96794, 12749, 98789, 43609, 19799, 33366, 8952, 34480, 94159, 44897, 75759, 82931, 16277, 14916, 72994, 49309, 70538, 2034, 42550, 91026, 7880, 3338, 60131, 98080, 28093, 32900, 15622, 26775, 29552, 32342, 14515, 36096, 41783, 62811, 37254, 75355, 63411, 75272, 23694, 84310, 71082, 79212, 33588, 90706, 48187, 31189, 88482, 9367, 56255, 79617, 1270, 55560, 26203, 26155, 40545, 15484, 55048, 21590, 6079, 95713, 42042, 7599, 11012, 10867, 6326, 4226, 36219, 64167, 95573, 17592, 32396, 33047, 42672, 14688, 56724, 34006, 26116, 19739, 92564, 32446, 49106, 86197, 89608, 29620, 89318, 4676, 30220, 92140, 82233, 42586, 84937, 67832, 88616, 54115, 36688, 72537, 89206, 19927, 60142, 31365, 9503, 17153, 77426, 27373, 71618, 24526, 11066, 35200, 85609, 149, 12686, 31762, 76331, 79662, 42034, 4753, 45093, 9160, 29879, 54031, 81574, 52405, 74338, 45103, 97062, 38418, 65500, 83214, 33515, 71498, 84236, 27012, 42946, 15648, 18758, 74221, 18239, 86131, 1230, 2760, 87805, 47794, 89910, 39873, 11161, 88967, 57997, 33988, 52998, 11574, 11690, 91965, 60505, 6728, 20304, 66663, 21797, 36314, 23383, 77728, 66566, 30573, 81589, 35200, 85889, 50823, 87892, 82732, 87939, 51151, 25364, 57741, 65481, 95697, 91763, 24126, 50698, 89794, 21082, 38556, 8845, 86758, 95312, 40982, 27576, 22409, 10764, 59686, 42374, 46705, 20305, 91930, 20443, 55812, 94550, 17871, 37347, 86111, 91872, 76531, 97561, 22247, 70828, 10031, 86871, 3457, 34403, 47195, 55824, 77269, 2312, 23015, 10509, 90685, 33220, 5095, 32669, 57665, 87461, 23705, 23892, 79569, 25099, 22463, 6825, 87678, 12700, 8086, 18347, 2080, 81725, 1743, 21695, 98864, 601, 27012, 26238, 83756, 20196, 9283, 37922, 9584, 31059, 69305, 33408, 87700, 5472, 17218, 94029, 30946, 42707, 26938, 23929, 42631, 58629, 82345, 34078, 27640, 26857, 52482, 1908, 53363, 57718, 53277, 60874, 47192, 65156, 64324, 98908, 18086, 34571, 80780, 21654, 13015, 54185, 65778, 82905, 54333, 16295, 29750, 10179, 8498, 41149, 76875, 75817, 52840, 36350, 67047, 80721, 50387, 89921, 76598, 79179, 69374, 34188, 84323, 90189, 80063, 75353, 58141, 98604, 61869, 50914, 95998, 60953, 31372, 32800, 20253, 10965, 57825, 30921, 72002, 23478, 52144, 74671, 49790, 35369, 96851, 96268, 91735, 26265, 71492, 35041, 22667, 85381, 87967, 56897, 37761, 44123, 52620, 81795, 86745, 6668, 71796, 22328, 50981, 1304, 65894, 39334, 28965, 37736, 33502, 94725, 98644, 29317, 28672, 49720, 92944, 79154, 30886, 83581, 56853, 86563, 45680, 29702, 43297, 89488, 55541, 95711, 64055, 55857, 75831, 20915, 33733, 41601, 40608, 13946, 42643, 60946, 78379, 66893, 47265, 47663, 96044, 31575, 23271, 29732, 18765, 73934, 86595, 19623, 58152, 23341, 42797, 82035, 84610, 84617, 26296, 48384, 7808, 85181, 83581, 85225, 34491, 3068, 83145, 63958, 59227, 71005, 79763, 19625, 78522, 84816, 70026, 30736, 71763, 20974, 85431, 42194, 51257, 95945, 87370, 84376, 7316, 96397, 73523, 45377, 38170, 929, 19455, 92318, 44476, 31469, 69802, 39812, 96151, 1351, 97970, 67167, 69990, 20536, 43930, 89552, 7692, 94070, 25734, 2163, 89653, 41361, 65843, 55026, 76161, 33606, 7726, 57770, 26583, 72401, 4290, 24460, 59579, 28419, 26896, 42516, 11149, 32412, 43883, 76759, 72953, 63003, 29642, 79399, 49163, 14266, 55493, 15592, 19124, 64343, 71700, 16518, 77843, 61244, 80217, 51694, 11787, 24162, 70922, 1802, 19601, 58039, 19725, 17982, 7030, 87818, 81146, 64592, 10711, 8313, 80311, 12180, 49490, 79809, 96851, 93114, 19741, 87950, 3665, 43498, 8117, 64, 90216, 51752, 43265, 1055, 25064, 4579, 20591, 64262, 8289, 34540, 9038, 32463, 95965, 3202, 36219, 54773, 36301, 21802, 67750, 14517, 59282, 15980, 432, 86613, 99020, 91465, 77787, 78248, 48946, 57777, 58757, 97167, 43438, 57904, 2014, 13213, 67388, 10589, 17904, 46813, 71128, 52635, 3372, 7022, 6285, 13222, 36250, 40728, 91163, 35142, 11502, 89851, 62932, 77460, 96657, 21864, 99883, 81995, 74277, 60986, 50282, 74931, 46950, 5360, 53700, 31843, 59827, 47670, 32934, 30419, 79491, 57514, 74807, 23996, 53538, 62864, 15792, 27971, 79999, 4588, 61344, 72986, 76402, 5098, 58305, 25903, 32899, 85790, 91428, 60548, 56234, 39548, 43974, 98619, 77439, 15993, 73803, 83604, 25519, 18459, 20066, 25903, 97967, 33677, 7371, 6, 36499, 11324, 1243, 39947, 55479, 70470, 34082, 56050, 29544, 54987, 62746, 66607, 80357, 49628, 67933, 33670, 28091, 66945, 50534, 26141, 53322, 91035, 77729, 27580, 46478, 28257, 47427, 93318, 56880, 30918, 94174, 58362, 78991, 44614, 79630, 30263, 11791, 42548, 14198, 37648, 38023, 21220, 21014, 7344, 63974, 96287, 17660, 60202, 79326, 52006, 11171, 66690, 12255, 20285, 10423, 55277, 57487, 11691, 54689, 5652, 76519, 3461, 69755, 64707, 16312, 16295, 40601, 70148, 36176, 16065, 40040, 14183, 24121, 47242, 22032, 11279, 3191, 76223, 38556, 49976, 63279, 28556, 9220, 29217, 76607, 75006, 23148, 76606, 47161, 35794, 52195, 48659, 92402, 6526, 92368, 4935, 12370, 31129, 9968, 86963, 31409, 47029, 77066, 80727, 15785, 15932, 83533, 62000, 17471, 96923, 65812, 20445, 91749, 85889, 26308, 19486, 21715, 34331, 93146, 59506, 57820, 30428, 93243, 92765, 52847, 89535, 66389, 58839, 4150, 25361, 82879, 61511, 68281, 78697, 78403, 87273, 13980, 42687, 23918, 63683, 41580, 73250, 59609, 11414, 2509, 70598, 74474, 19451, 16064, 20767, 90079, 93316, 16483, 26688, 1007, 58343, 58155, 21038, 71715, 57917, 41869, 25781, 18714, 67682, 93754, 85684, 10313, 1573, 45762, 94524, 35755, 32943, 71827, 71670, 16558, 24105, 60194, 63460, 52030, 70450, 68115, 37170, 74590, 45567, 54629, 5725, 85172, 61417, 54506, 78169, 92443, 94152, 97286, 90729, 98431, 21923, 91806, 91215, 9539, 25283, 88955, 21992, 43568, 39295, 10889, 20789, 56007, 943, 72855, 76942, 8942, 7759, 97777, 37307, 60206, 47127, 31059, 56075, 49075, 27392, 83476, 56280, 34162, 34476, 2995, 89626, 72491, 10343, 77379, 88390, 46151, 52405, 17849, 67616, 60968, 77448, 3012, 11905, 89855, 55382, 1710, 27710, 13838, 56579, 51865, 18942, 52511, 18314, 17423, 62667, 73550, 27356, 31707, 24937, 85986, 41982, 29792, 51747, 77050, 33505, 87200, 35919, 25026, 57877, 33854, 14431, 62602, 44937, 83542, 26581, 41702, 40546, 83724, 57348, 95648, 17217, 81032, 51333, 62479, 95232, 68193, 19337, 54406, 7241, 84508, 31853, 36337, 97444, 6715, 84142, 14143, 29646, 61418, 46691, 91055, 95261, 21607, 49389, 87440, 53345, 41371, 1669, 16850, 18440, 60983, 69600, 53625, 40097, 54633, 9055, 65860, 3054, 54468, 13994, 50399, 96381, 93456, 37386, 12374, 72359, 13808, 91360, 1863, 60158, 8379, 60424, 44909, 64466, 68566, 65812, 52188, 94818, 24110, 33409]})"
177.0,7,32,12,10.470161199569702,40003,"Genotype(dna={""<class 'abc.NT_0017'>"": [0, 1863], ""<class 'abc.NT_0017_P_00000'>"": [], ""<class 'abc.NT_0001'>"": [2, 2, 2, 2, 0, 1, 68566], ""<class 'abc.NT_0001_P_00000'>"": [], ""<class 'bool'>"": [46023, 35570, 21927, 24472, 64826, 47769, 66440, 93816, 7134, 59416, 20134, 85082, 87339, 3266, 78194, 44410, 60665, 74745, 34263, 50242, 42523, 55047, 79213, 55354, 94818, 24110], ""<class 'abc.NT_0000'>"": [1, 2, 6, 0, 0, 0, 0, 5, 5, 2, 0, 0, 3, 1, 0, 2, 2, 0, 3, 6, 13291, 0, 2, 0, 0, 65812], ""<class 'abc.NT_0000_P_00000'>"": [], ""<class 'int'>"": [51614, 94798, 62709, 59354, 52526, 70159, 85748, 91268, 99322, 97017, 68614, 86129, 6702, 11337, 44680, 2940, 37369, 45498, 58460, 83038, 87308, 60118, 78957, 45108, 22860, 50662, 40359, 78500, 26079, 62592, 24095, 89284, 80107, 52022, 89661, 68167, 24483, 63271, 86486, 20445, 60856, 12770, 13650, 52188, 33409], ""<class 'abc.NT_0000_P_00001'>"": [], ""<class 'abc.NT_0000_P_00002'>"": [], ""<class 'abc.NT_0000_P_00003'>"": [], ""<class 'abc.NT_0000_P_00004'>"": [], ""<class 'abc.NT_0000_P_00005'>"": [], ""<class 'abc.NT_0000_P_00006'>"": [], ""<class 'abc.NT_0001_P_00001'>"": [], ""<class 'abc.NT_0001_P_00002'>"": [], ""<class 'abc.NT_0001_P_00003'>"": [], ""<class 'abc.NT_0001_P_00004'>"": [], ""<class 'abc.NT_0005'>"": [2, 8379], ""<class 'abc.NT_0005_P_00000'>"": [], ""<class 'abc.NT_0003'>"": [0, 0, 2, 44909], ""<class 'abc.NT_0003_P_00000'>"": [], ""<class 'abc.NT_0002'>"": [3, 1, 2, 3, 2, 82496], ""<class 'abc.NT_0002_P_00000'>"": [], ""<class 'abc.NT_0002_P_00001'>"": [], ""<class 'abc.NT_0002_P_00002'>"": [], ""<class 'abc.NT_0002_P_00003'>"": [], ""<class 'abc.NT_0002_P_00004'>"": [], ""<class 'abc.NT_0003_P_00001'>"": [], ""<class 'abc.NT_0003_P_00002'>"": [], ""<class 'abc.NT_0004'>"": [0, 60424], ""<class 'abc.NT_0004_P_00000'>"": [], ""<class 'abc.NT_0004_P_00001'>"": [], ""<class 'abc.NT_0005_P_00001'>"": [], ""<class 'abc.NT_0005_P_00002'>"": [], ""<class 'abc.NT_0011'>"": [], ""<class 'abc.NT_0011_P_00000'>"": [], ""<class 'abc.NT_0017_P_00001'>"": [], ""<class 'abc.NT_0012'>"": [0, 60158], ""<class 'abc.NT_0012_P_00000'>"": [], ""<class 'abc.NT_0010'>"": [], ""<class 'abc.NT_0010_P_00000'>"": [], ""<class 'abc.NT_0009'>"": [], ""<class 'abc.NT_0009_P_00000'>"": [], ""<class 'abc.NT_0008'>"": [], ""<class 'abc.NT_0008_P_00000'>"": [], ""<class 'abc.NT_0006'>"": [], ""<class 'abc.NT_0006_P_00000'>"": [], ""<class 'abc.NT_0008_P_00001'>"": [], ""<class 'abc.NT_0008_P_00002'>"": [], ""<class 'abc.NT_0008_P_00003'>"": [], ""<class 'abc.NT_0008_P_00004'>"": [], ""<class 'abc.NT_0007'>"": [], ""<class 'abc.NT_0007_P_00000'>"": [], ""<class 'abc.NT_0007_P_00001'>"": [], ""<class 'abc.NT_0007_P_00002'>"": [], ""<class 'abc.NT_0009_P_00001'>"": [], ""<class 'abc.NT_0010_P_00001'>"": [], ""<class 'abc.NT_0010_P_00002'>"": [], ""<class 'abc.NT_0012_P_00001'>"": [], ""<class 'abc.NT_0012_P_00002'>"": [], '$leftovers': [84800, 52930, 73355, 35471, 40030, 9296, 20749, 33075, 49628, 11537, 15, 90830, 51946, 20435, 67193, 37276, 25620, 25545, 23848, 32840, 79736, 6117, 22259, 57571, 60709, 16020, 90131, 83681, 49236, 19740, 96719, 28286, 96500, 25056, 2425, 4606, 76743, 50141, 80972, 89178, 58155, 60076, 20023, 49957, 78859, 71701, 63157, 51036, 27194, 57618, 41826, 72622, 26518, 13650, 37174, 65866, 51535, 26693, 46306, 18622, 78957, 96794, 12749, 98789, 43609, 19799, 33366, 8952, 34480, 94159, 44897, 75759, 82931, 16277, 14916, 72994, 49309, 70538, 2034, 42550, 91026, 7880, 3338, 60131, 98080, 28093, 32900, 15622, 26775, 29552, 32342, 14515, 36096, 41783, 62811, 37254, 75355, 63411, 75272, 23694, 84310, 71082, 79212, 33588, 90706, 48187, 31189, 88482, 9367, 56255, 79617, 1270, 55560, 26203, 26155, 40545, 15484, 55048, 21590, 6079, 95713, 42042, 7599, 11012, 10867, 6326, 4226, 36219, 64167, 95573, 17592, 32396, 33047, 42672, 14688, 56724, 34006, 26116, 19739, 92564, 32446, 49106, 86197, 89608, 29620, 89318, 4676, 30220, 92140, 82233, 42586, 84937, 67832, 88616, 54115, 36688, 72537, 89206, 19927, 60142, 31365, 9503, 17153, 77426, 27373, 71618, 24526, 11066, 35200, 85609, 149, 12686, 31762, 76331, 79662, 42034, 4753, 45093, 9160, 29879, 54031, 81574, 52405, 74338, 45103, 97062, 38418, 65500, 83214, 33515, 71498, 84236, 27012, 42946, 15648, 18758, 74221, 18239, 86131, 1230, 2760, 87805, 47794, 89910, 39873, 11161, 88967, 57997, 33988, 52998, 11574, 11690, 91965, 60505, 6728, 20304, 66663, 21797, 36314, 23383, 77728, 66566, 30573, 81589, 35200, 85889, 50823, 87892, 82732, 87939, 51151, 25364, 57741, 65481, 95697, 91763, 24126, 50698, 89794, 21082, 38556, 8845, 86758, 95312, 40982, 27576, 22409, 10764, 59686, 42374, 46705, 20305, 91930, 20443, 55812, 94550, 17871, 37347, 86111, 91872, 76531, 97561, 22247, 70828, 10031, 86871, 3457, 34403, 47195, 55824, 77269, 2312, 23015, 10509, 90685, 33220, 5095, 32669, 57665, 87461, 23705, 23892, 79569, 25099, 22463, 6825, 87678, 12700, 8086, 18347, 2080, 81725, 1743, 21695, 98864, 601, 27012, 26238, 83756, 20196, 9283, 37922, 9584, 31059, 69305, 33408, 87700, 5472, 17218, 94029, 30946, 42707, 26938, 23929, 42631, 58629, 82345, 34078, 27640, 26857, 52482, 1908, 53363, 57718, 53277, 60874, 47192, 65156, 64324, 98908, 18086, 34571, 80780, 21654, 13015, 54185, 65778, 82905, 54333, 16295, 29750, 10179, 8498, 41149, 76875, 75817, 52840, 36350, 67047, 80721, 50387, 89921, 76598, 79179, 69374, 34188, 84323, 90189, 80063, 75353, 58141, 98604, 61869, 50914, 95998, 60953, 31372, 32800, 20253, 10965, 57825, 30921, 72002, 23478, 52144, 74671, 49790, 35369, 96851, 96268, 91735, 26265, 71492, 35041, 22667, 85381, 87967, 56897, 37761, 44123, 52620, 81795, 86745, 6668, 71796, 22328, 50981, 1304, 65894, 39334, 28965, 37736, 33502, 94725, 98644, 29317, 28672, 49720, 92944, 79154, 30886, 83581, 56853, 86563, 45680, 29702, 43297, 89488, 55541, 95711, 64055, 55857, 75831, 20915, 33733, 41601, 40608, 13946, 42643, 60946, 78379, 66893, 47265, 47663, 96044, 31575, 23271, 29732, 18765, 73934, 86595, 19623, 58152, 23341, 42797, 82035, 84610, 84617, 26296, 48384, 7808, 85181, 83581, 85225, 34491, 3068, 83145, 63958, 59227, 71005, 79763, 19625, 78522, 84816, 70026, 30736, 71763, 20974, 85431, 42194, 51257, 95945, 87370, 84376, 7316, 96397, 73523, 45377, 38170, 929, 19455, 92318, 44476, 31469, 69802, 39812, 96151, 1351, 97970, 67167, 69990, 20536, 43930, 89552, 7692, 94070, 25734, 2163, 89653, 41361, 65843, 55026, 76161, 33606, 7726, 57770, 26583, 72401, 4290, 24460, 59579, 28419, 26896, 42516, 11149, 32412, 43883, 76759, 72953, 63003, 29642, 79399, 49163, 14266, 55493, 15592, 19124, 64343, 71700, 16518, 77843, 61244, 80217, 51694, 11787, 24162, 70922, 1802, 19601, 58039, 19725, 17982, 7030, 87818, 81146, 64592, 10711, 8313, 80311, 12180, 49490, 79809, 96851, 93114, 19741, 87950, 3665, 43498, 8117, 64, 90216, 51752, 43265, 1055, 25064, 4579, 20591, 64262, 8289, 34540, 9038, 32463, 95965, 3202, 36219, 54773, 36301, 21802, 67750, 14517, 59282, 15980, 432, 86613, 99020, 91465, 77787, 78248, 48946, 57777, 58757, 97167, 43438, 57904, 2014, 13213, 67388, 10589, 17904, 46813, 71128, 52635, 3372, 7022, 6285, 13222, 36250, 40728, 91163, 35142, 11502, 89851, 62932, 77460, 96657, 21864, 99883, 81995, 74277, 60986, 50282, 74931, 46950, 5360, 53700, 31843, 59827, 47670, 32934, 30419, 79491, 57514, 74807, 23996, 53538, 62864, 15792, 27971, 79999, 4588, 61344, 72986, 76402, 5098, 58305, 25903, 32899, 85790, 91428, 60548, 56234, 39548, 43974, 98619, 77439, 15993, 73803, 83604, 25519, 18459, 20066, 25903, 97967, 33677, 7371, 6, 36499, 11324, 1243, 39947, 55479, 70470, 34082, 56050, 29544, 54987, 62746, 66607, 80357, 49628, 67933, 33670, 28091, 66945, 50534, 26141, 53322, 91035, 77729, 27580, 46478, 28257, 47427, 93318, 56880, 30918, 94174, 58362, 78991, 44614, 79630, 30263, 11791, 42548, 14198, 37648, 38023, 21220, 21014, 7344, 63974, 96287, 17660, 60202, 79326, 52006, 11171, 66690, 12255, 20285, 10423, 55277, 57487, 11691, 54689, 5652, 76519, 3461, 69755, 64707, 16312, 16295, 40601, 70148, 36176, 16065, 40040, 14183, 24121, 47242, 22032, 11279, 3191, 76223, 38556, 49976, 63279, 28556, 9220, 29217, 76607, 75006, 23148, 76606, 47161, 35794, 52195, 48659, 92402, 6526, 92368, 4935, 12370, 31129, 9968, 86963, 31409, 47029, 77066, 80727, 15785, 15932, 83533, 62000, 17471, 96923, 65812, 20445, 91749, 85889, 26308, 19486, 21715, 34331, 93146, 59506, 57820, 30428, 93243, 92765, 52847, 89535, 66389, 58839, 4150, 25361, 82879, 61511, 68281, 78697, 78403, 87273, 13980, 42687, 23918, 63683, 41580, 73250, 59609, 11414, 2509, 70598, 74474, 19451, 16064, 20767, 90079, 93316, 16483, 26688, 1007, 58343, 58155, 21038, 71715, 57917, 41869, 25781, 18714, 67682, 93754, 85684, 10313, 1573, 45762, 94524, 35755, 32943, 71827, 71670, 16558, 24105, 60194, 63460, 52030, 70450, 68115, 37170, 74590, 45567, 54629, 5725, 85172, 61417, 54506, 78169, 92443, 94152, 97286, 90729, 98431, 21923, 91806, 91215, 9539, 25283, 88955, 21992, 43568, 39295, 10889, 20789, 56007, 943, 72855, 76942, 8942, 7759, 97777, 37307, 60206, 47127, 31059, 56075, 49075, 27392, 83476, 56280, 34162, 34476, 2995, 89626, 72491, 10343, 77379, 88390, 46151, 52405, 17849, 67616, 60968, 77448, 3012, 11905, 89855, 55382, 1710, 27710, 13838, 56579, 51865, 18942, 52511, 18314, 17423, 62667, 73550, 27356, 31707, 24937, 85986, 41982, 29792, 51747, 77050, 33505, 87200, 35919, 25026, 57877, 33854, 14431, 62602, 44937, 83542, 26581, 41702, 40546, 83724, 57348, 95648, 17217, 81032, 51333, 62479, 95232, 68193, 19337, 54406, 7241, 84508, 31853, 36337, 97444, 6715, 84142, 14143, 29646, 61418, 46691, 91055, 95261, 21607, 49389, 87440, 53345, 41371, 1669, 16850, 18440, 60983, 69600, 53625, 40097, 54633, 9055, 65860, 3054, 54468, 13994, 50399, 96381, 93456, 37386, 12374, 72359, 13808, 91360, 1863, 60158, 8379, 60424, 44909, 64466, 68566, 65812, 52188, 94818, 24110, 33409]})"
177.0,7,32,13,10.76851487159729,40003,"Genotype(dna={""<class 'abc.NT_0017'>"": [0, 1863], ""<class 'abc.NT_0017_P_00000'>"": [], ""<class 'abc.NT_0001'>"": [2, 2, 2, 2, 0, 1, 68566], ""<class 'abc.NT_0001_P_00000'>"": [], ""<class 'bool'>"": [46023, 35570, 21927, 24472, 64826, 47769, 66440, 93816, 7134, 59416, 20134, 85082, 87339, 3266, 78194, 44410, 60665, 74745, 34263, 50242, 42523, 55047, 79213, 55354, 94818, 24110], ""<class 'abc.NT_0000'>"": [1, 2, 6, 0, 0, 0, 0, 5, 5, 2, 0, 0, 3, 1, 0, 2, 2, 0, 3, 6, 13291, 0, 2, 0, 0, 65812], ""<class 'abc.NT_0000_P_00000'>"": [], ""<class 'int'>"": [51614, 94798, 62709, 59354, 52526, 70159, 85748, 91268, 99322, 97017, 68614, 86129, 6702, 11337, 44680, 2940, 37369, 45498, 58460, 83038, 87308, 60118, 78957, 45108, 22860, 50662, 40359, 78500, 26079, 62592, 24095, 89284, 80107, 52022, 89661, 68167, 24483, 63271, 86486, 20445, 60856, 12770, 13650, 52188, 33409], ""<class 'abc.NT_0000_P_00001'>"": [], ""<class 'abc.NT_0000_P_00002'>"": [], ""<class 'abc.NT_0000_P_00003'>"": [], ""<class 'abc.NT_0000_P_00004'>"": [], ""<class 'abc.NT_0000_P_00005'>"": [], ""<class 'abc.NT_0000_P_00006'>"": [], ""<class 'abc.NT_0001_P_00001'>"": [], ""<class 'abc.NT_0001_P_00002'>"": [], ""<class 'abc.NT_0001_P_00003'>"": [], ""<class 'abc.NT_0001_P_00004'>"": [], ""<class 'abc.NT_0005'>"": [2, 8379], ""<class 'abc.NT_0005_P_00000'>"": [], ""<class 'abc.NT_0003'>"": [0, 0, 2, 44909], ""<class 'abc.NT_0003_P_00000'>"": [], ""<class 'abc.NT_0002'>"": [3, 1, 2, 3, 2, 82496], ""<class 'abc.NT_0002_P_00000'>"": [], ""<class 'abc.NT_0002_P_00001'>"": [], ""<class 'abc.NT_0002_P_00002'>"": [], ""<class 'abc.NT_0002_P_00003'>"": [], ""<class 'abc.NT_0002_P_00004'>"": [], ""<class 'abc.NT_0003_P_00001'>"": [], ""<class 'abc.NT_0003_P_00002'>"": [], ""<class 'abc.NT_0004'>"": [0, 60424], ""<class 'abc.NT_0004_P_00000'>"": [], ""<class 'abc.NT_0004_P_00001'>"": [], ""<class 'abc.NT_0005_P_00001'>"": [], ""<class 'abc.NT_0005_P_00002'>"": [], ""<class 'abc.NT_0011'>"": [], ""<class 'abc.NT_0011_P_00000'>"": [], ""<class 'abc.NT_0017_P_00001'>"": [], ""<class 'abc.NT_0012'>"": [0, 60158], ""<class 'abc.NT_0012_P_00000'>"": [], ""<class 'abc.NT_0010'>"": [], ""<class 'abc.NT_0010_P_00000'>"": [], ""<class 'abc.NT_0009'>"": [], ""<class 'abc.NT_0009_P_00000'>"": [], ""<class 'abc.NT_0008'>"": [], ""<class 'abc.NT_0008_P_00000'>"": [], ""<class 'abc.NT_0006'>"": [], ""<class 'abc.NT_0006_P_00000'>"": [], ""<class 'abc.NT_0008_P_00001'>"": [], ""<class 'abc.NT_0008_P_00002'>"": [], ""<class 'abc.NT_0008_P_00003'>"": [], ""<class 'abc.NT_0008_P_00004'>"": [], ""<class 'abc.NT_0007'>"": [], ""<class 'abc.NT_0007_P_00000'>"": [], ""<class 'abc.NT_0007_P_00001'>"": [], ""<class 'abc.NT_0007_P_00002'>"": [], ""<class 'abc.NT_0009_P_00001'>"": [], ""<class 'abc.NT_0010_P_00001'>"": [], ""<class 'abc.NT_0010_P_00002'>"": [], ""<class 'abc.NT_0012_P_00001'>"": [], ""<class 'abc.NT_0012_P_00002'>"": [], '$leftovers': [84800, 52930, 73355, 35471, 40030, 9296, 20749, 33075, 49628, 11537, 15, 90830, 51946, 20435, 67193, 37276, 25620, 25545, 23848, 32840, 79736, 6117, 22259, 57571, 60709, 16020, 90131, 83681, 49236, 19740, 96719, 28286, 96500, 25056, 2425, 4606, 76743, 50141, 80972, 89178, 58155, 60076, 20023, 49957, 78859, 71701, 63157, 51036, 27194, 57618, 41826, 72622, 26518, 13650, 37174, 65866, 51535, 26693, 46306, 18622, 78957, 96794, 12749, 98789, 43609, 19799, 33366, 8952, 34480, 94159, 44897, 75759, 82931, 16277, 14916, 72994, 49309, 70538, 2034, 42550, 91026, 7880, 3338, 60131, 98080, 28093, 32900, 15622, 26775, 29552, 32342, 14515, 36096, 41783, 62811, 37254, 75355, 63411, 75272, 23694, 84310, 71082, 79212, 33588, 90706, 48187, 31189, 88482, 9367, 56255, 79617, 1270, 55560, 26203, 26155, 40545, 15484, 55048, 21590, 6079, 95713, 42042, 7599, 11012, 10867, 6326, 4226, 36219, 64167, 95573, 17592, 32396, 33047, 42672, 14688, 56724, 34006, 26116, 19739, 92564, 32446, 49106, 86197, 89608, 29620, 89318, 4676, 30220, 92140, 82233, 42586, 84937, 67832, 88616, 54115, 36688, 72537, 89206, 19927, 60142, 31365, 9503, 17153, 77426, 27373, 71618, 24526, 11066, 35200, 85609, 149, 12686, 31762, 76331, 79662, 42034, 4753, 45093, 9160, 29879, 54031, 81574, 52405, 74338, 45103, 97062, 38418, 65500, 83214, 33515, 71498, 84236, 27012, 42946, 15648, 18758, 74221, 18239, 86131, 1230, 2760, 87805, 47794, 89910, 39873, 11161, 88967, 57997, 33988, 52998, 11574, 11690, 91965, 60505, 6728, 20304, 66663, 21797, 36314, 23383, 77728, 66566, 30573, 81589, 35200, 85889, 50823, 87892, 82732, 87939, 51151, 25364, 57741, 65481, 95697, 91763, 24126, 50698, 89794, 21082, 38556, 8845, 86758, 95312, 40982, 27576, 22409, 10764, 59686, 42374, 46705, 20305, 91930, 20443, 55812, 94550, 17871, 37347, 86111, 91872, 76531, 97561, 22247, 70828, 10031, 86871, 3457, 34403, 47195, 55824, 77269, 2312, 23015, 10509, 90685, 33220, 5095, 32669, 57665, 87461, 23705, 23892, 79569, 25099, 22463, 6825, 87678, 12700, 8086, 18347, 2080, 81725, 1743, 21695, 98864, 601, 27012, 26238, 83756, 20196, 9283, 37922, 9584, 31059, 69305, 33408, 87700, 5472, 17218, 94029, 30946, 42707, 26938, 23929, 42631, 58629, 82345, 34078, 27640, 26857, 52482, 1908, 53363, 57718, 53277, 60874, 47192, 65156, 64324, 98908, 18086, 34571, 80780, 21654, 13015, 54185, 65778, 82905, 54333, 16295, 29750, 10179, 8498, 41149, 76875, 75817, 52840, 36350, 67047, 80721, 50387, 89921, 76598, 79179, 69374, 34188, 84323, 90189, 80063, 75353, 58141, 98604, 61869, 50914, 95998, 60953, 31372, 32800, 20253, 10965, 57825, 30921, 72002, 23478, 52144, 74671, 49790, 35369, 96851, 96268, 91735, 26265, 71492, 35041, 22667, 85381, 87967, 56897, 37761, 44123, 52620, 81795, 86745, 6668, 71796, 22328, 50981, 1304, 65894, 39334, 28965, 37736, 33502, 94725, 98644, 29317, 28672, 49720, 92944, 79154, 30886, 83581, 56853, 86563, 45680, 29702, 43297, 89488, 55541, 95711, 64055, 55857, 75831, 20915, 33733, 41601, 40608, 13946, 42643, 60946, 78379, 66893, 47265, 47663, 96044, 31575, 23271, 29732, 18765, 73934, 86595, 19623, 58152, 23341, 42797, 82035, 84610, 84617, 26296, 48384, 7808, 85181, 83581, 85225, 34491, 3068, 83145, 63958, 59227, 71005, 79763, 19625, 78522, 84816, 70026, 30736, 71763, 20974, 85431, 42194, 51257, 95945, 87370, 84376, 7316, 96397, 73523, 45377, 38170, 929, 19455, 92318, 44476, 31469, 69802, 39812, 96151, 1351, 97970, 67167, 69990, 20536, 43930, 89552, 7692, 94070, 25734, 2163, 89653, 41361, 65843, 55026, 76161, 33606, 7726, 57770, 26583, 72401, 4290, 24460, 59579, 28419, 26896, 42516, 11149, 32412, 43883, 76759, 72953, 63003, 29642, 79399, 49163, 14266, 55493, 15592, 19124, 64343, 71700, 16518, 77843, 61244, 80217, 51694, 11787, 24162, 70922, 1802, 19601, 58039, 19725, 17982, 7030, 87818, 81146, 64592, 10711, 8313, 80311, 12180, 49490, 79809, 96851, 93114, 19741, 87950, 3665, 43498, 8117, 64, 90216, 51752, 43265, 1055, 25064, 4579, 20591, 64262, 8289, 34540, 9038, 32463, 95965, 3202, 36219, 54773, 36301, 21802, 67750, 14517, 59282, 15980, 432, 86613, 99020, 91465, 77787, 78248, 48946, 57777, 58757, 97167, 43438, 57904, 2014, 13213, 67388, 10589, 17904, 46813, 71128, 52635, 3372, 7022, 6285, 13222, 36250, 40728, 91163, 35142, 11502, 89851, 62932, 77460, 96657, 21864, 99883, 81995, 74277, 60986, 50282, 74931, 46950, 5360, 53700, 31843, 59827, 47670, 32934, 30419, 79491, 57514, 74807, 23996, 53538, 62864, 15792, 27971, 79999, 4588, 61344, 72986, 76402, 5098, 58305, 25903, 32899, 85790, 91428, 60548, 56234, 39548, 43974, 98619, 77439, 15993, 73803, 83604, 25519, 18459, 20066, 25903, 97967, 33677, 7371, 6, 36499, 11324, 1243, 39947, 55479, 70470, 34082, 56050, 29544, 54987, 62746, 66607, 80357, 49628, 67933, 33670, 28091, 66945, 50534, 26141, 53322, 91035, 77729, 27580, 46478, 28257, 47427, 93318, 56880, 30918, 94174, 58362, 78991, 44614, 79630, 30263, 11791, 42548, 14198, 37648, 38023, 21220, 21014, 7344, 63974, 96287, 17660, 60202, 79326, 52006, 11171, 66690, 12255, 20285, 10423, 55277, 57487, 11691, 54689, 5652, 76519, 3461, 69755, 64707, 16312, 16295, 40601, 70148, 36176, 16065, 40040, 14183, 24121, 47242, 22032, 11279, 3191, 76223, 38556, 49976, 63279, 28556, 9220, 29217, 76607, 75006, 23148, 76606, 47161, 35794, 52195, 48659, 92402, 6526, 92368, 4935, 12370, 31129, 9968, 86963, 31409, 47029, 77066, 80727, 15785, 15932, 83533, 62000, 17471, 96923, 65812, 20445, 91749, 85889, 26308, 19486, 21715, 34331, 93146, 59506, 57820, 30428, 93243, 92765, 52847, 89535, 66389, 58839, 4150, 25361, 82879, 61511, 68281, 78697, 78403, 87273, 13980, 42687, 23918, 63683, 41580, 73250, 59609, 11414, 2509, 70598, 74474, 19451, 16064, 20767, 90079, 93316, 16483, 26688, 1007, 58343, 58155, 21038, 71715, 57917, 41869, 25781, 18714, 67682, 93754, 85684, 10313, 1573, 45762, 94524, 35755, 32943, 71827, 71670, 16558, 24105, 60194, 63460, 52030, 70450, 68115, 37170, 74590, 45567, 54629, 5725, 85172, 61417, 54506, 78169, 92443, 94152, 97286, 90729, 98431, 21923, 91806, 91215, 9539, 25283, 88955, 21992, 43568, 39295, 10889, 20789, 56007, 943, 72855, 76942, 8942, 7759, 97777, 37307, 60206, 47127, 31059, 56075, 49075, 27392, 83476, 56280, 34162, 34476, 2995, 89626, 72491, 10343, 77379, 88390, 46151, 52405, 17849, 67616, 60968, 77448, 3012, 11905, 89855, 55382, 1710, 27710, 13838, 56579, 51865, 18942, 52511, 18314, 17423, 62667, 73550, 27356, 31707, 24937, 85986, 41982, 29792, 51747, 77050, 33505, 87200, 35919, 25026, 57877, 33854, 14431, 62602, 44937, 83542, 26581, 41702, 40546, 83724, 57348, 95648, 17217, 81032, 51333, 62479, 95232, 68193, 19337, 54406, 7241, 84508, 31853, 36337, 97444, 6715, 84142, 14143, 29646, 61418, 46691, 91055, 95261, 21607, 49389, 87440, 53345, 41371, 1669, 16850, 18440, 60983, 69600, 53625, 40097, 54633, 9055, 65860, 3054, 54468, 13994, 50399, 96381, 93456, 37386, 12374, 72359, 13808, 91360, 1863, 60158, 8379, 60424, 44909, 64466, 68566, 65812, 52188, 94818, 24110, 33409]})"
174.0,7,30,14,11.11159348487854,40003,"Genotype(dna={""<class 'abc.NT_0017'>"": [0, 1863], ""<class 'abc.NT_0017_P_00000'>"": [], ""<class 'abc.NT_0001'>"": [2, 2, 2, 2, 0, 1, 68566], ""<class 'abc.NT_0001_P_00000'>"": [], ""<class 'bool'>"": [46023, 35570, 21927, 24472, 64826, 47769, 23648, 93816, 7134, 59416, 20134, 85082, 87339, 47436, 78194, 44410, 60665, 3649, 34263, 50242, 42523, 55047, 79213, 55354, 94818], ""<class 'abc.NT_0000'>"": [1, 2, 6, 0, 0, 0, 0, 37022, 5, 2, 0, 0, 3, 1, 0, 2, 2, 0, 3, 6, 1, 0, 2, 0, 0, 65812], ""<class 'abc.NT_0000_P_00000'>"": [], ""<class 'int'>"": [51614, 94798, 78987, 59354, 52526, 70159, 85748, 91268, 99322, 97017, 68614, 93746, 6702, 40963, 41597, 92372, 37369, 45498, 58460, 83038, 87308, 60118, 78957, 45108, 40727, 50662, 40359, 78500, 26079, 62592, 24095, 76033, 80107, 93531, 89661, 93789, 24483, 31350, 86486, 10735, 60856, 12770, 13650, 52188], ""<class 'abc.NT_0000_P_00001'>"": [], ""<class 'abc.NT_0000_P_00002'>"": [], ""<class 'abc.NT_0000_P_00003'>"": [], ""<class 'abc.NT_0000_P_00004'>"": [], ""<class 'abc.NT_0000_P_00005'>"": [], ""<class 'abc.NT_0000_P_00006'>"": [], ""<class 'abc.NT_0001_P_00001'>"": [], ""<class 'abc.NT_0001_P_00002'>"": [], ""<class 'abc.NT_0001_P_00003'>"": [], ""<class 'abc.NT_0001_P_00004'>"": [], ""<class 'abc.NT_0005'>"": [2, 8379], ""<class 'abc.NT_0005_P_00000'>"": [], ""<class 'abc.NT_0003'>"": [0, 0, 2, 44909], ""<class 'abc.NT_0003_P_00000'>"": [], ""<class 'abc.NT_0002'>"": [3, 1, 2, 3, 2, 64466], ""<class 'abc.NT_0002_P_00000'>"": [], ""<class 'abc.NT_0002_P_00001'>"": [], ""<class 'abc.NT_0002_P_00002'>"": [], ""<class 'abc.NT_0002_P_00003'>"": [], ""<class 'abc.NT_0002_P_00004'>"": [], ""<class 'abc.NT_0003_P_00001'>"": [], ""<class 'abc.NT_0003_P_00002'>"": [], ""<class 'abc.NT_0004'>"": [0, 60424], ""<class 'abc.NT_0004_P_00000'>"": [], ""<class 'abc.NT_0004_P_00001'>"": [], ""<class 'abc.NT_0005_P_00001'>"": [], ""<class 'abc.NT_0005_P_00002'>"": [], ""<class 'abc.NT_0011'>"": [], ""<class 'abc.NT_0011_P_00000'>"": [], ""<class 'abc.NT_0017_P_00001'>"": [], ""<class 'abc.NT_0012'>"": [0, 60158], ""<class 'abc.NT_0012_P_00000'>"": [], ""<class 'abc.NT_0010'>"": [], ""<class 'abc.NT_0010_P_00000'>"": [], ""<class 'abc.NT_0009'>"": [], ""<class 'abc.NT_0009_P_00000'>"": [], ""<class 'abc.NT_0008'>"": [], ""<class 'abc.NT_0008_P_00000'>"": [], ""<class 'abc.NT_0006'>"": [], ""<class 'abc.NT_0006_P_00000'>"": [], ""<class 'abc.NT_0008_P_00001'>"": [], ""<class 'abc.NT_0008_P_00002'>"": [], ""<class 'abc.NT_0008_P_00003'>"": [], ""<class 'abc.NT_0008_P_00004'>"": [], ""<class 'abc.NT_0007'>"": [], ""<class 'abc.NT_0007_P_00000'>"": [], ""<class 'abc.NT_0007_P_00001'>"": [], ""<class 'abc.NT_0007_P_00002'>"": [], ""<class 'abc.NT_0009_P_00001'>"": [], ""<class 'abc.NT_0010_P_00001'>"": [], ""<class 'abc.NT_0010_P_00002'>"": [], ""<class 'abc.NT_0012_P_00001'>"": [], ""<class 'abc.NT_0012_P_00002'>"": [], '$leftovers': [24110, 33409, 84800, 52930, 73355, 35471, 40030, 9296, 20749, 33075, 49628, 11537, 15, 90830, 51946, 20435, 67193, 37276, 25620, 25545, 23848, 32840, 79736, 6117, 22259, 57571, 60709, 16020, 90131, 83681, 49236, 19740, 96719, 28286, 96500, 25056, 2425, 4606, 76743, 50141, 80972, 89178, 58155, 60076, 20023, 49957, 78859, 71701, 63157, 51036, 27194, 57618, 41826, 72622, 26518, 13650, 37174, 65866, 51535, 26693, 46306, 18622, 78957, 96794, 12749, 98789, 43609, 19799, 33366, 8952, 34480, 94159, 44897, 75759, 82931, 16277, 14916, 72994, 49309, 70538, 2034, 42550, 91026, 7880, 3338, 60131, 98080, 28093, 32900, 15622, 26775, 29552, 32342, 14515, 36096, 41783, 62811, 37254, 75355, 63411, 75272, 23694, 84310, 71082, 79212, 33588, 90706, 48187, 31189, 88482, 9367, 56255, 79617, 1270, 55560, 26203, 26155, 40545, 15484, 55048, 21590, 6079, 95713, 42042, 7599, 11012, 10867, 6326, 4226, 36219, 64167, 95573, 17592, 32396, 33047, 42672, 14688, 56724, 34006, 26116, 19739, 92564, 32446, 49106, 86197, 89608, 29620, 89318, 4676, 30220, 92140, 82233, 42586, 84937, 67832, 88616, 54115, 36688, 72537, 89206, 19927, 60142, 31365, 9503, 17153, 77426, 27373, 71618, 24526, 11066, 35200, 85609, 149, 12686, 31762, 76331, 79662, 42034, 4753, 45093, 9160, 29879, 54031, 81574, 52405, 74338, 45103, 97062, 38418, 65500, 83214, 33515, 71498, 84236, 27012, 42946, 15648, 18758, 74221, 18239, 86131, 1230, 2760, 87805, 47794, 89910, 39873, 11161, 88967, 57997, 33988, 52998, 11574, 11690, 91965, 60505, 6728, 20304, 66663, 21797, 36314, 23383, 77728, 66566, 30573, 81589, 35200, 85889, 50823, 87892, 82732, 87939, 51151, 25364, 57741, 65481, 95697, 91763, 24126, 50698, 89794, 21082, 38556, 8845, 86758, 95312, 40982, 27576, 22409, 10764, 59686, 42374, 46705, 20305, 91930, 20443, 55812, 94550, 17871, 37347, 86111, 91872, 76531, 97561, 22247, 70828, 10031, 86871, 3457, 34403, 47195, 55824, 77269, 2312, 23015, 10509, 90685, 33220, 5095, 32669, 57665, 87461, 23705, 23892, 79569, 25099, 22463, 6825, 87678, 12700, 8086, 18347, 2080, 81725, 1743, 21695, 98864, 601, 27012, 26238, 83756, 20196, 9283, 37922, 9584, 31059, 69305, 33408, 87700, 5472, 17218, 94029, 30946, 42707, 26938, 23929, 42631, 58629, 82345, 34078, 27640, 26857, 52482, 1908, 53363, 57718, 53277, 60874, 47192, 65156, 64324, 98908, 18086, 34571, 80780, 21654, 13015, 54185, 65778, 82905, 54333, 16295, 29750, 10179, 8498, 41149, 76875, 75817, 52840, 36350, 67047, 80721, 50387, 89921, 76598, 79179, 69374, 34188, 84323, 90189, 80063, 75353, 58141, 98604, 61869, 50914, 95998, 60953, 31372, 32800, 20253, 10965, 57825, 30921, 72002, 23478, 52144, 74671, 49790, 35369, 96851, 96268, 91735, 26265, 71492, 35041, 22667, 85381, 87967, 56897, 37761, 44123, 52620, 81795, 86745, 6668, 71796, 22328, 50981, 1304, 65894, 39334, 28965, 37736, 33502, 94725, 98644, 29317, 28672, 49720, 92944, 79154, 30886, 83581, 56853, 86563, 45680, 29702, 43297, 89488, 55541, 95711, 64055, 55857, 75831, 20915, 33733, 41601, 40608, 13946, 42643, 60946, 78379, 66893, 47265, 47663, 96044, 31575, 23271, 29732, 18765, 73934, 86595, 19623, 58152, 23341, 42797, 82035, 84610, 84617, 26296, 48384, 7808, 85181, 83581, 85225, 34491, 3068, 83145, 63958, 59227, 71005, 79763, 19625, 78522, 84816, 70026, 30736, 71763, 20974, 85431, 42194, 51257, 95945, 87370, 84376, 7316, 96397, 73523, 45377, 38170, 929, 19455, 92318, 44476, 31469, 69802, 39812, 96151, 1351, 97970, 67167, 69990, 20536, 43930, 89552, 7692, 94070, 25734, 2163, 89653, 41361, 65843, 55026, 76161, 33606, 7726, 57770, 26583, 72401, 4290, 24460, 59579, 28419, 26896, 42516, 11149, 32412, 43883, 76759, 72953, 63003, 29642, 79399, 49163, 14266, 55493, 15592, 19124, 64343, 71700, 16518, 77843, 61244, 80217, 51694, 11787, 24162, 70922, 1802, 19601, 58039, 19725, 17982, 7030, 87818, 81146, 64592, 10711, 8313, 80311, 12180, 49490, 79809, 96851, 93114, 19741, 87950, 3665, 43498, 8117, 64, 90216, 51752, 43265, 1055, 25064, 4579, 20591, 64262, 8289, 34540, 9038, 32463, 95965, 3202, 36219, 54773, 36301, 21802, 67750, 14517, 59282, 15980, 432, 86613, 99020, 91465, 77787, 78248, 48946, 57777, 58757, 97167, 43438, 57904, 2014, 13213, 67388, 10589, 17904, 46813, 71128, 52635, 3372, 7022, 6285, 13222, 36250, 40728, 91163, 35142, 11502, 89851, 62932, 77460, 96657, 21864, 99883, 81995, 74277, 60986, 50282, 74931, 46950, 5360, 53700, 31843, 59827, 47670, 32934, 30419, 79491, 57514, 74807, 23996, 53538, 62864, 15792, 27971, 79999, 4588, 61344, 72986, 76402, 5098, 58305, 25903, 32899, 85790, 91428, 60548, 56234, 39548, 43974, 98619, 77439, 15993, 73803, 83604, 25519, 18459, 20066, 25903, 97967, 33677, 7371, 6, 36499, 11324, 1243, 39947, 55479, 70470, 34082, 56050, 29544, 54987, 62746, 66607, 80357, 49628, 67933, 33670, 28091, 66945, 50534, 26141, 53322, 91035, 77729, 27580, 46478, 28257, 47427, 93318, 56880, 30918, 94174, 58362, 78991, 44614, 79630, 30263, 11791, 42548, 14198, 37648, 38023, 21220, 21014, 7344, 63974, 96287, 17660, 60202, 79326, 52006, 11171, 66690, 12255, 20285, 10423, 55277, 57487, 11691, 54689, 5652, 76519, 3461, 69755, 64707, 16312, 16295, 40601, 70148, 36176, 16065, 40040, 14183, 24121, 47242, 22032, 11279, 3191, 76223, 38556, 49976, 63279, 28556, 9220, 29217, 76607, 75006, 23148, 76606, 47161, 35794, 52195, 48659, 92402, 6526, 92368, 4935, 12370, 31129, 9968, 86963, 31409, 47029, 77066, 80727, 15785, 15932, 83533, 62000, 17471, 96923, 65812, 20445, 91749, 85889, 26308, 19486, 21715, 34331, 93146, 59506, 57820, 30428, 93243, 92765, 52847, 89535, 66389, 58839, 4150, 25361, 82879, 61511, 68281, 78697, 78403, 87273, 13980, 42687, 23918, 63683, 41580, 73250, 59609, 11414, 2509, 70598, 74474, 19451, 16064, 20767, 90079, 93316, 16483, 26688, 1007, 58343, 58155, 21038, 71715, 57917, 41869, 25781, 18714, 67682, 93754, 85684, 10313, 1573, 45762, 94524, 35755, 32943, 71827, 71670, 16558, 24105, 60194, 63460, 52030, 70450, 68115, 37170, 74590, 45567, 54629, 5725, 85172, 61417, 54506, 78169, 92443, 94152, 97286, 90729, 98431, 21923, 91806, 91215, 9539, 25283, 88955, 21992, 43568, 39295, 10889, 20789, 56007, 943, 72855, 76942, 8942, 7759, 97777, 37307, 60206, 47127, 31059, 56075, 49075, 27392, 83476, 56280, 34162, 34476, 2995, 89626, 72491, 10343, 77379, 88390, 46151, 52405, 17849, 67616, 60968, 77448, 3012, 11905, 89855, 55382, 1710, 27710, 13838, 56579, 51865, 18942, 52511, 18314, 17423, 62667, 73550, 27356, 31707, 24937, 85986, 41982, 29792, 51747, 77050, 33505, 87200, 35919, 25026, 57877, 33854, 14431, 62602, 44937, 83542, 26581, 41702, 40546, 83724, 57348, 95648, 17217, 81032, 51333, 62479, 95232, 68193, 19337, 54406, 7241, 84508, 31853, 36337, 97444, 6715, 84142, 14143, 29646, 61418, 46691, 91055, 95261, 21607, 49389, 87440, 53345, 41371, 1669, 16850, 18440, 60983, 69600, 53625, 40097, 54633, 9055, 65860, 3054, 54468, 13994, 50399, 96381, 93456, 37386, 12374, 72359, 13808, 91360, 1863, 60158, 8379, 60424, 44909, 64466, 68566, 65812, 52188, 94818]})"
174.0,7,30,15,11.616675853729248,40003,"Genotype(dna={""<class 'abc.NT_0017'>"": [0, 1863], ""<class 'abc.NT_0017_P_00000'>"": [], ""<class 'abc.NT_0001'>"": [2, 2, 2, 2, 0, 1, 68566], ""<class 'abc.NT_0001_P_00000'>"": [], ""<class 'bool'>"": [46023, 35570, 21927, 24472, 64826, 47769, 23648, 93816, 7134, 59416, 20134, 85082, 87339, 47436, 78194, 44410, 60665, 3649, 34263, 50242, 42523, 55047, 79213, 55354, 94818], ""<class 'abc.NT_0000'>"": [1, 2, 6, 0, 0, 0, 0, 37022, 5, 2, 0, 0, 3, 1, 0, 2, 2, 0, 3, 6, 1, 0, 2, 0, 0, 65812], ""<class 'abc.NT_0000_P_00000'>"": [], ""<class 'int'>"": [51614, 94798, 78987, 59354, 52526, 70159, 85748, 91268, 99322, 97017, 68614, 93746, 6702, 40963, 41597, 92372, 37369, 45498, 58460, 83038, 87308, 60118, 78957, 45108, 40727, 50662, 40359, 78500, 26079, 62592, 24095, 76033, 80107, 93531, 89661, 93789, 24483, 31350, 86486, 10735, 60856, 12770, 13650, 52188], ""<class 'abc.NT_0000_P_00001'>"": [], ""<class 'abc.NT_0000_P_00002'>"": [], ""<class 'abc.NT_0000_P_00003'>"": [], ""<class 'abc.NT_0000_P_00004'>"": [], ""<class 'abc.NT_0000_P_00005'>"": [], ""<class 'abc.NT_0000_P_00006'>"": [], ""<class 'abc.NT_0001_P_00001'>"": [], ""<class 'abc.NT_0001_P_00002'>"": [], ""<class 'abc.NT_0001_P_00003'>"": [], ""<class 'abc.NT_0001_P_00004'>"": [], ""<class 'abc.NT_0005'>"": [2, 8379], ""<class 'abc.NT_0005_P_00000'>"": [], ""<class 'abc.NT_0003'>"": [0, 0, 2, 44909], ""<class 'abc.NT_0003_P_00000'>"": [], ""<class 'abc.NT_0002'>"": [3, 1, 2, 3, 2, 64466], ""<class 'abc.NT_0002_P_00000'>"": [], ""<class 'abc.NT_0002_P_00001'>"": [], ""<class 'abc.NT_0002_P_00002'>"": [], ""<class 'abc.NT_0002_P_00003'>"": [], ""<class 'abc.NT_0002_P_00004'>"": [], ""<class 'abc.NT_0003_P_00001'>"": [], ""<class 'abc.NT_0003_P_00002'>"": [], ""<class 'abc.NT_0004'>"": [0, 60424], ""<class 'abc.NT_0004_P_00000'>"": [], ""<class 'abc.NT_0004_P_00001'>"": [], ""<class 'abc.NT_0005_P_00001'>"": [], ""<class 'abc.NT_0005_P_00002'>"": [], ""<class 'abc.NT_0011'>"": [], ""<class 'abc.NT_0011_P_00000'>"": [], ""<class 'abc.NT_0017_P_00001'>"": [], ""<class 'abc.NT_0012'>"": [0, 60158], ""<class 'abc.NT_0012_P_00000'>"": [], ""<class 'abc.NT_0010'>"": [], ""<class 'abc.NT_0010_P_00000'>"": [], ""<class 'abc.NT_0009'>"": [], ""<class 'abc.NT_0009_P_00000'>"": [], ""<class 'abc.NT_0008'>"": [], ""<class 'abc.NT_0008_P_00000'>"": [], ""<class 'abc.NT_0006'>"": [], ""<class 'abc.NT_0006_P_00000'>"": [], ""<class 'abc.NT_0008_P_00001'>"": [], ""<class 'abc.NT_0008_P_00002'>"": [], ""<class 'abc.NT_0008_P_00003'>"": [], ""<class 'abc.NT_0008_P_00004'>"": [], ""<class 'abc.NT_0007'>"": [], ""<class 'abc.NT_0007_P_00000'>"": [], ""<class 'abc.NT_0007_P_00001'>"": [], ""<class 'abc.NT_0007_P_00002'>"": [], ""<class 'abc.NT_0009_P_00001'>"": [], ""<class 'abc.NT_0010_P_00001'>"": [], ""<class 'abc.NT_0010_P_00002'>"": [], ""<class 'abc.NT_0012_P_00001'>"": [], ""<class 'abc.NT_0012_P_00002'>"": [], '$leftovers': [24110, 33409, 84800, 52930, 73355, 35471, 40030, 9296, 20749, 33075, 49628, 11537, 15, 90830, 51946, 20435, 67193, 37276, 25620, 25545, 23848, 32840, 79736, 6117, 22259, 57571, 60709, 16020, 90131, 83681, 49236, 19740, 96719, 28286, 96500, 25056, 2425, 4606, 76743, 50141, 80972, 89178, 58155, 60076, 20023, 49957, 78859, 71701, 63157, 51036, 27194, 57618, 41826, 72622, 26518, 13650, 37174, 65866, 51535, 26693, 46306, 18622, 78957, 96794, 12749, 98789, 43609, 19799, 33366, 8952, 34480, 94159, 44897, 75759, 82931, 16277, 14916, 72994, 49309, 70538, 2034, 42550, 91026, 7880, 3338, 60131, 98080, 28093, 32900, 15622, 26775, 29552, 32342, 14515, 36096, 41783, 62811, 37254, 75355, 63411, 75272, 23694, 84310, 71082, 79212, 33588, 90706, 48187, 31189, 88482, 9367, 56255, 79617, 1270, 55560, 26203, 26155, 40545, 15484, 55048, 21590, 6079, 95713, 42042, 7599, 11012, 10867, 6326, 4226, 36219, 64167, 95573, 17592, 32396, 33047, 42672, 14688, 56724, 34006, 26116, 19739, 92564, 32446, 49106, 86197, 89608, 29620, 89318, 4676, 30220, 92140, 82233, 42586, 84937, 67832, 88616, 54115, 36688, 72537, 89206, 19927, 60142, 31365, 9503, 17153, 77426, 27373, 71618, 24526, 11066, 35200, 85609, 149, 12686, 31762, 76331, 79662, 42034, 4753, 45093, 9160, 29879, 54031, 81574, 52405, 74338, 45103, 97062, 38418, 65500, 83214, 33515, 71498, 84236, 27012, 42946, 15648, 18758, 74221, 18239, 86131, 1230, 2760, 87805, 47794, 89910, 39873, 11161, 88967, 57997, 33988, 52998, 11574, 11690, 91965, 60505, 6728, 20304, 66663, 21797, 36314, 23383, 77728, 66566, 30573, 81589, 35200, 85889, 50823, 87892, 82732, 87939, 51151, 25364, 57741, 65481, 95697, 91763, 24126, 50698, 89794, 21082, 38556, 8845, 86758, 95312, 40982, 27576, 22409, 10764, 59686, 42374, 46705, 20305, 91930, 20443, 55812, 94550, 17871, 37347, 86111, 91872, 76531, 97561, 22247, 70828, 10031, 86871, 3457, 34403, 47195, 55824, 77269, 2312, 23015, 10509, 90685, 33220, 5095, 32669, 57665, 87461, 23705, 23892, 79569, 25099, 22463, 6825, 87678, 12700, 8086, 18347, 2080, 81725, 1743, 21695, 98864, 601, 27012, 26238, 83756, 20196, 9283, 37922, 9584, 31059, 69305, 33408, 87700, 5472, 17218, 94029, 30946, 42707, 26938, 23929, 42631, 58629, 82345, 34078, 27640, 26857, 52482, 1908, 53363, 57718, 53277, 60874, 47192, 65156, 64324, 98908, 18086, 34571, 80780, 21654, 13015, 54185, 65778, 82905, 54333, 16295, 29750, 10179, 8498, 41149, 76875, 75817, 52840, 36350, 67047, 80721, 50387, 89921, 76598, 79179, 69374, 34188, 84323, 90189, 80063, 75353, 58141, 98604, 61869, 50914, 95998, 60953, 31372, 32800, 20253, 10965, 57825, 30921, 72002, 23478, 52144, 74671, 49790, 35369, 96851, 96268, 91735, 26265, 71492, 35041, 22667, 85381, 87967, 56897, 37761, 44123, 52620, 81795, 86745, 6668, 71796, 22328, 50981, 1304, 65894, 39334, 28965, 37736, 33502, 94725, 98644, 29317, 28672, 49720, 92944, 79154, 30886, 83581, 56853, 86563, 45680, 29702, 43297, 89488, 55541, 95711, 64055, 55857, 75831, 20915, 33733, 41601, 40608, 13946, 42643, 60946, 78379, 66893, 47265, 47663, 96044, 31575, 23271, 29732, 18765, 73934, 86595, 19623, 58152, 23341, 42797, 82035, 84610, 84617, 26296, 48384, 7808, 85181, 83581, 85225, 34491, 3068, 83145, 63958, 59227, 71005, 79763, 19625, 78522, 84816, 70026, 30736, 71763, 20974, 85431, 42194, 51257, 95945, 87370, 84376, 7316, 96397, 73523, 45377, 38170, 929, 19455, 92318, 44476, 31469, 69802, 39812, 96151, 1351, 97970, 67167, 69990, 20536, 43930, 89552, 7692, 94070, 25734, 2163, 89653, 41361, 65843, 55026, 76161, 33606, 7726, 57770, 26583, 72401, 4290, 24460, 59579, 28419, 26896, 42516, 11149, 32412, 43883, 76759, 72953, 63003, 29642, 79399, 49163, 14266, 55493, 15592, 19124, 64343, 71700, 16518, 77843, 61244, 80217, 51694, 11787, 24162, 70922, 1802, 19601, 58039, 19725, 17982, 7030, 87818, 81146, 64592, 10711, 8313, 80311, 12180, 49490, 79809, 96851, 93114, 19741, 87950, 3665, 43498, 8117, 64, 90216, 51752, 43265, 1055, 25064, 4579, 20591, 64262, 8289, 34540, 9038, 32463, 95965, 3202, 36219, 54773, 36301, 21802, 67750, 14517, 59282, 15980, 432, 86613, 99020, 91465, 77787, 78248, 48946, 57777, 58757, 97167, 43438, 57904, 2014, 13213, 67388, 10589, 17904, 46813, 71128, 52635, 3372, 7022, 6285, 13222, 36250, 40728, 91163, 35142, 11502, 89851, 62932, 77460, 96657, 21864, 99883, 81995, 74277, 60986, 50282, 74931, 46950, 5360, 53700, 31843, 59827, 47670, 32934, 30419, 79491, 57514, 74807, 23996, 53538, 62864, 15792, 27971, 79999, 4588, 61344, 72986, 76402, 5098, 58305, 25903, 32899, 85790, 91428, 60548, 56234, 39548, 43974, 98619, 77439, 15993, 73803, 83604, 25519, 18459, 20066, 25903, 97967, 33677, 7371, 6, 36499, 11324, 1243, 39947, 55479, 70470, 34082, 56050, 29544, 54987, 62746, 66607, 80357, 49628, 67933, 33670, 28091, 66945, 50534, 26141, 53322, 91035, 77729, 27580, 46478, 28257, 47427, 93318, 56880, 30918, 94174, 58362, 78991, 44614, 79630, 30263, 11791, 42548, 14198, 37648, 38023, 21220, 21014, 7344, 63974, 96287, 17660, 60202, 79326, 52006, 11171, 66690, 12255, 20285, 10423, 55277, 57487, 11691, 54689, 5652, 76519, 3461, 69755, 64707, 16312, 16295, 40601, 70148, 36176, 16065, 40040, 14183, 24121, 47242, 22032, 11279, 3191, 76223, 38556, 49976, 63279, 28556, 9220, 29217, 76607, 75006, 23148, 76606, 47161, 35794, 52195, 48659, 92402, 6526, 92368, 4935, 12370, 31129, 9968, 86963, 31409, 47029, 77066, 80727, 15785, 15932, 83533, 62000, 17471, 96923, 65812, 20445, 91749, 85889, 26308, 19486, 21715, 34331, 93146, 59506, 57820, 30428, 93243, 92765, 52847, 89535, 66389, 58839, 4150, 25361, 82879, 61511, 68281, 78697, 78403, 87273, 13980, 42687, 23918, 63683, 41580, 73250, 59609, 11414, 2509, 70598, 74474, 19451, 16064, 20767, 90079, 93316, 16483, 26688, 1007, 58343, 58155, 21038, 71715, 57917, 41869, 25781, 18714, 67682, 93754, 85684, 10313, 1573, 45762, 94524, 35755, 32943, 71827, 71670, 16558, 24105, 60194, 63460, 52030, 70450, 68115, 37170, 74590, 45567, 54629, 5725, 85172, 61417, 54506, 78169, 92443, 94152, 97286, 90729, 98431, 21923, 91806, 91215, 9539, 25283, 88955, 21992, 43568, 39295, 10889, 20789, 56007, 943, 72855, 76942, 8942, 7759, 97777, 37307, 60206, 47127, 31059, 56075, 49075, 27392, 83476, 56280, 34162, 34476, 2995, 89626, 72491, 10343, 77379, 88390, 46151, 52405, 17849, 67616, 60968, 77448, 3012, 11905, 89855, 55382, 1710, 27710, 13838, 56579, 51865, 18942, 52511, 18314, 17423, 62667, 73550, 27356, 31707, 24937, 85986, 41982, 29792, 51747, 77050, 33505, 87200, 35919, 25026, 57877, 33854, 14431, 62602, 44937, 83542, 26581, 41702, 40546, 83724, 57348, 95648, 17217, 81032, 51333, 62479, 95232, 68193, 19337, 54406, 7241, 84508, 31853, 36337, 97444, 6715, 84142, 14143, 29646, 61418, 46691, 91055, 95261, 21607, 49389, 87440, 53345, 41371, 1669, 16850, 18440, 60983, 69600, 53625, 40097, 54633, 9055, 65860, 3054, 54468, 13994, 50399, 96381, 93456, 37386, 12374, 72359, 13808, 91360, 1863, 60158, 8379, 60424, 44909, 64466, 68566, 65812, 52188, 94818]})"
174.0,7,30,16,12.264257669448853,40003,"Genotype(dna={""<class 'abc.NT_0017'>"": [0, 1863], ""<class 'abc.NT_0017_P_00000'>"": [], ""<class 'abc.NT_0001'>"": [2, 2, 2, 2, 0, 1, 68566], ""<class 'abc.NT_0001_P_00000'>"": [], ""<class 'bool'>"": [46023, 35570, 21927, 24472, 64826, 47769, 23648, 93816, 7134, 59416, 20134, 85082, 87339, 47436, 78194, 44410, 60665, 3649, 34263, 50242, 42523, 55047, 79213, 55354, 94818], ""<class 'abc.NT_0000'>"": [1, 2, 6, 0, 0, 0, 0, 37022, 5, 2, 0, 0, 3, 1, 0, 2, 2, 0, 3, 6, 1, 0, 2, 0, 0, 65812], ""<class 'abc.NT_0000_P_00000'>"": [], ""<class 'int'>"": [51614, 94798, 78987, 59354, 52526, 70159, 85748, 91268, 99322, 97017, 68614, 93746, 6702, 40963, 41597, 92372, 37369, 45498, 58460, 83038, 87308, 60118, 78957, 45108, 40727, 50662, 40359, 78500, 26079, 62592, 24095, 76033, 80107, 93531, 89661, 93789, 24483, 31350, 86486, 10735, 60856, 12770, 13650, 52188], ""<class 'abc.NT_0000_P_00001'>"": [], ""<class 'abc.NT_0000_P_00002'>"": [], ""<class 'abc.NT_0000_P_00003'>"": [], ""<class 'abc.NT_0000_P_00004'>"": [], ""<class 'abc.NT_0000_P_00005'>"": [], ""<class 'abc.NT_0000_P_00006'>"": [], ""<class 'abc.NT_0001_P_00001'>"": [], ""<class 'abc.NT_0001_P_00002'>"": [], ""<class 'abc.NT_0001_P_00003'>"": [], ""<class 'abc.NT_0001_P_00004'>"": [], ""<class 'abc.NT_0005'>"": [2, 8379], ""<class 'abc.NT_0005_P_00000'>"": [], ""<class 'abc.NT_0003'>"": [0, 0, 2, 44909], ""<class 'abc.NT_0003_P_00000'>"": [], ""<class 'abc.NT_0002'>"": [3, 1, 2, 3, 2, 64466], ""<class 'abc.NT_0002_P_00000'>"": [], ""<class 'abc.NT_0002_P_00001'>"": [], ""<class 'abc.NT_0002_P_00002'>"": [], ""<class 'abc.NT_0002_P_00003'>"": [], ""<class 'abc.NT_0002_P_00004'>"": [], ""<class 'abc.NT_0003_P_00001'>"": [], ""<class 'abc.NT_0003_P_00002'>"": [], ""<class 'abc.NT_0004'>"": [0, 60424], ""<class 'abc.NT_0004_P_00000'>"": [], ""<class 'abc.NT_0004_P_00001'>"": [], ""<class 'abc.NT_0005_P_00001'>"": [], ""<class 'abc.NT_0005_P_00002'>"": [], ""<class 'abc.NT_0011'>"": [], ""<class 'abc.NT_0011_P_00000'>"": [], ""<class 'abc.NT_0017_P_00001'>"": [], ""<class 'abc.NT_0012'>"": [0, 60158], ""<class 'abc.NT_0012_P_00000'>"": [], ""<class 'abc.NT_0010'>"": [], ""<class 'abc.NT_0010_P_00000'>"": [], ""<class 'abc.NT_0009'>"": [], ""<class 'abc.NT_0009_P_00000'>"": [], ""<class 'abc.NT_0008'>"": [], ""<class 'abc.NT_0008_P_00000'>"": [], ""<class 'abc.NT_0006'>"": [], ""<class 'abc.NT_0006_P_00000'>"": [], ""<class 'abc.NT_0008_P_00001'>"": [], ""<class 'abc.NT_0008_P_00002'>"": [], ""<class 'abc.NT_0008_P_00003'>"": [], ""<class 'abc.NT_0008_P_00004'>"": [], ""<class 'abc.NT_0007'>"": [], ""<class 'abc.NT_0007_P_00000'>"": [], ""<class 'abc.NT_0007_P_00001'>"": [], ""<class 'abc.NT_0007_P_00002'>"": [], ""<class 'abc.NT_0009_P_00001'>"": [], ""<class 'abc.NT_0010_P_00001'>"": [], ""<class 'abc.NT_0010_P_00002'>"": [], ""<class 'abc.NT_0012_P_00001'>"": [], ""<class 'abc.NT_0012_P_00002'>"": [], '$leftovers': [24110, 33409, 84800, 52930, 73355, 35471, 40030, 9296, 20749, 33075, 49628, 11537, 15, 90830, 51946, 20435, 67193, 37276, 25620, 25545, 23848, 32840, 79736, 6117, 22259, 57571, 60709, 16020, 90131, 83681, 49236, 19740, 96719, 28286, 96500, 25056, 2425, 4606, 76743, 50141, 80972, 89178, 58155, 60076, 20023, 49957, 78859, 71701, 63157, 51036, 27194, 57618, 41826, 72622, 26518, 13650, 37174, 65866, 51535, 26693, 46306, 18622, 78957, 96794, 12749, 98789, 43609, 19799, 33366, 8952, 34480, 94159, 44897, 75759, 82931, 16277, 14916, 72994, 49309, 70538, 2034, 42550, 91026, 7880, 3338, 60131, 98080, 28093, 32900, 15622, 26775, 29552, 32342, 14515, 36096, 41783, 62811, 37254, 75355, 63411, 75272, 23694, 84310, 71082, 79212, 33588, 90706, 48187, 31189, 88482, 9367, 56255, 79617, 1270, 55560, 26203, 26155, 40545, 15484, 55048, 21590, 6079, 95713, 42042, 7599, 11012, 10867, 6326, 4226, 36219, 64167, 95573, 17592, 32396, 33047, 42672, 14688, 56724, 34006, 26116, 19739, 92564, 32446, 49106, 86197, 89608, 29620, 89318, 4676, 30220, 92140, 82233, 42586, 84937, 67832, 88616, 54115, 36688, 72537, 89206, 19927, 60142, 31365, 9503, 17153, 77426, 27373, 71618, 24526, 11066, 35200, 85609, 149, 12686, 31762, 76331, 79662, 42034, 4753, 45093, 9160, 29879, 54031, 81574, 52405, 74338, 45103, 97062, 38418, 65500, 83214, 33515, 71498, 84236, 27012, 42946, 15648, 18758, 74221, 18239, 86131, 1230, 2760, 87805, 47794, 89910, 39873, 11161, 88967, 57997, 33988, 52998, 11574, 11690, 91965, 60505, 6728, 20304, 66663, 21797, 36314, 23383, 77728, 66566, 30573, 81589, 35200, 85889, 50823, 87892, 82732, 87939, 51151, 25364, 57741, 65481, 95697, 91763, 24126, 50698, 89794, 21082, 38556, 8845, 86758, 95312, 40982, 27576, 22409, 10764, 59686, 42374, 46705, 20305, 91930, 20443, 55812, 94550, 17871, 37347, 86111, 91872, 76531, 97561, 22247, 70828, 10031, 86871, 3457, 34403, 47195, 55824, 77269, 2312, 23015, 10509, 90685, 33220, 5095, 32669, 57665, 87461, 23705, 23892, 79569, 25099, 22463, 6825, 87678, 12700, 8086, 18347, 2080, 81725, 1743, 21695, 98864, 601, 27012, 26238, 83756, 20196, 9283, 37922, 9584, 31059, 69305, 33408, 87700, 5472, 17218, 94029, 30946, 42707, 26938, 23929, 42631, 58629, 82345, 34078, 27640, 26857, 52482, 1908, 53363, 57718, 53277, 60874, 47192, 65156, 64324, 98908, 18086, 34571, 80780, 21654, 13015, 54185, 65778, 82905, 54333, 16295, 29750, 10179, 8498, 41149, 76875, 75817, 52840, 36350, 67047, 80721, 50387, 89921, 76598, 79179, 69374, 34188, 84323, 90189, 80063, 75353, 58141, 98604, 61869, 50914, 95998, 60953, 31372, 32800, 20253, 10965, 57825, 30921, 72002, 23478, 52144, 74671, 49790, 35369, 96851, 96268, 91735, 26265, 71492, 35041, 22667, 85381, 87967, 56897, 37761, 44123, 52620, 81795, 86745, 6668, 71796, 22328, 50981, 1304, 65894, 39334, 28965, 37736, 33502, 94725, 98644, 29317, 28672, 49720, 92944, 79154, 30886, 83581, 56853, 86563, 45680, 29702, 43297, 89488, 55541, 95711, 64055, 55857, 75831, 20915, 33733, 41601, 40608, 13946, 42643, 60946, 78379, 66893, 47265, 47663, 96044, 31575, 23271, 29732, 18765, 73934, 86595, 19623, 58152, 23341, 42797, 82035, 84610, 84617, 26296, 48384, 7808, 85181, 83581, 85225, 34491, 3068, 83145, 63958, 59227, 71005, 79763, 19625, 78522, 84816, 70026, 30736, 71763, 20974, 85431, 42194, 51257, 95945, 87370, 84376, 7316, 96397, 73523, 45377, 38170, 929, 19455, 92318, 44476, 31469, 69802, 39812, 96151, 1351, 97970, 67167, 69990, 20536, 43930, 89552, 7692, 94070, 25734, 2163, 89653, 41361, 65843, 55026, 76161, 33606, 7726, 57770, 26583, 72401, 4290, 24460, 59579, 28419, 26896, 42516, 11149, 32412, 43883, 76759, 72953, 63003, 29642, 79399, 49163, 14266, 55493, 15592, 19124, 64343, 71700, 16518, 77843, 61244, 80217, 51694, 11787, 24162, 70922, 1802, 19601, 58039, 19725, 17982, 7030, 87818, 81146, 64592, 10711, 8313, 80311, 12180, 49490, 79809, 96851, 93114, 19741, 87950, 3665, 43498, 8117, 64, 90216, 51752, 43265, 1055, 25064, 4579, 20591, 64262, 8289, 34540, 9038, 32463, 95965, 3202, 36219, 54773, 36301, 21802, 67750, 14517, 59282, 15980, 432, 86613, 99020, 91465, 77787, 78248, 48946, 57777, 58757, 97167, 43438, 57904, 2014, 13213, 67388, 10589, 17904, 46813, 71128, 52635, 3372, 7022, 6285, 13222, 36250, 40728, 91163, 35142, 11502, 89851, 62932, 77460, 96657, 21864, 99883, 81995, 74277, 60986, 50282, 74931, 46950, 5360, 53700, 31843, 59827, 47670, 32934, 30419, 79491, 57514, 74807, 23996, 53538, 62864, 15792, 27971, 79999, 4588, 61344, 72986, 76402, 5098, 58305, 25903, 32899, 85790, 91428, 60548, 56234, 39548, 43974, 98619, 77439, 15993, 73803, 83604, 25519, 18459, 20066, 25903, 97967, 33677, 7371, 6, 36499, 11324, 1243, 39947, 55479, 70470, 34082, 56050, 29544, 54987, 62746, 66607, 80357, 49628, 67933, 33670, 28091, 66945, 50534, 26141, 53322, 91035, 77729, 27580, 46478, 28257, 47427, 93318, 56880, 30918, 94174, 58362, 78991, 44614, 79630, 30263, 11791, 42548, 14198, 37648, 38023, 21220, 21014, 7344, 63974, 96287, 17660, 60202, 79326, 52006, 11171, 66690, 12255, 20285, 10423, 55277, 57487, 11691, 54689, 5652, 76519, 3461, 69755, 64707, 16312, 16295, 40601, 70148, 36176, 16065, 40040, 14183, 24121, 47242, 22032, 11279, 3191, 76223, 38556, 49976, 63279, 28556, 9220, 29217, 76607, 75006, 23148, 76606, 47161, 35794, 52195, 48659, 92402, 6526, 92368, 4935, 12370, 31129, 9968, 86963, 31409, 47029, 77066, 80727, 15785, 15932, 83533, 62000, 17471, 96923, 65812, 20445, 91749, 85889, 26308, 19486, 21715, 34331, 93146, 59506, 57820, 30428, 93243, 92765, 52847, 89535, 66389, 58839, 4150, 25361, 82879, 61511, 68281, 78697, 78403, 87273, 13980, 42687, 23918, 63683, 41580, 73250, 59609, 11414, 2509, 70598, 74474, 19451, 16064, 20767, 90079, 93316, 16483, 26688, 1007, 58343, 58155, 21038, 71715, 57917, 41869, 25781, 18714, 67682, 93754, 85684, 10313, 1573, 45762, 94524, 35755, 32943, 71827, 71670, 16558, 24105, 60194, 63460, 52030, 70450, 68115, 37170, 74590, 45567, 54629, 5725, 85172, 61417, 54506, 78169, 92443, 94152, 97286, 90729, 98431, 21923, 91806, 91215, 9539, 25283, 88955, 21992, 43568, 39295, 10889, 20789, 56007, 943, 72855, 76942, 8942, 7759, 97777, 37307, 60206, 47127, 31059, 56075, 49075, 27392, 83476, 56280, 34162, 34476, 2995, 89626, 72491, 10343, 77379, 88390, 46151, 52405, 17849, 67616, 60968, 77448, 3012, 11905, 89855, 55382, 1710, 27710, 13838, 56579, 51865, 18942, 52511, 18314, 17423, 62667, 73550, 27356, 31707, 24937, 85986, 41982, 29792, 51747, 77050, 33505, 87200, 35919, 25026, 57877, 33854, 14431, 62602, 44937, 83542, 26581, 41702, 40546, 83724, 57348, 95648, 17217, 81032, 51333, 62479, 95232, 68193, 19337, 54406, 7241, 84508, 31853, 36337, 97444, 6715, 84142, 14143, 29646, 61418, 46691, 91055, 95261, 21607, 49389, 87440, 53345, 41371, 1669, 16850, 18440, 60983, 69600, 53625, 40097, 54633, 9055, 65860, 3054, 54468, 13994, 50399, 96381, 93456, 37386, 12374, 72359, 13808, 91360, 1863, 60158, 8379, 60424, 44909, 64466, 68566, 65812, 52188, 94818]})"
174.0,7,30,17,13.065739393234253,40003,"Genotype(dna={""<class 'abc.NT_0017'>"": [0, 1863], ""<class 'abc.NT_0017_P_00000'>"": [], ""<class 'abc.NT_0001'>"": [2, 2, 2, 2, 0, 1, 68566], ""<class 'abc.NT_0001_P_00000'>"": [], ""<class 'bool'>"": [46023, 35570, 21927, 24472, 64826, 47769, 23648, 93816, 7134, 59416, 20134, 85082, 87339, 47436, 78194, 44410, 60665, 3649, 34263, 50242, 42523, 55047, 79213, 55354, 94818], ""<class 'abc.NT_0000'>"": [1, 2, 6, 0, 0, 0, 0, 37022, 5, 2, 0, 0, 3, 1, 0, 2, 2, 0, 3, 6, 1, 0, 2, 0, 0, 65812], ""<class 'abc.NT_0000_P_00000'>"": [], ""<class 'int'>"": [51614, 94798, 78987, 59354, 52526, 70159, 85748, 91268, 99322, 97017, 68614, 93746, 6702, 40963, 41597, 92372, 37369, 45498, 58460, 83038, 87308, 60118, 78957, 45108, 40727, 50662, 40359, 78500, 26079, 62592, 24095, 76033, 80107, 93531, 89661, 93789, 24483, 31350, 86486, 10735, 60856, 12770, 13650, 52188], ""<class 'abc.NT_0000_P_00001'>"": [], ""<class 'abc.NT_0000_P_00002'>"": [], ""<class 'abc.NT_0000_P_00003'>"": [], ""<class 'abc.NT_0000_P_00004'>"": [], ""<class 'abc.NT_0000_P_00005'>"": [], ""<class 'abc.NT_0000_P_00006'>"": [], ""<class 'abc.NT_0001_P_00001'>"": [], ""<class 'abc.NT_0001_P_00002'>"": [], ""<class 'abc.NT_0001_P_00003'>"": [], ""<class 'abc.NT_0001_P_00004'>"": [], ""<class 'abc.NT_0005'>"": [2, 8379], ""<class 'abc.NT_0005_P_00000'>"": [], ""<class 'abc.NT_0003'>"": [0, 0, 2, 44909], ""<class 'abc.NT_0003_P_00000'>"": [], ""<class 'abc.NT_0002'>"": [3, 1, 2, 3, 2, 64466], ""<class 'abc.NT_0002_P_00000'>"": [], ""<class 'abc.NT_0002_P_00001'>"": [], ""<class 'abc.NT_0002_P_00002'>"": [], ""<class 'abc.NT_0002_P_00003'>"": [], ""<class 'abc.NT_0002_P_00004'>"": [], ""<class 'abc.NT_0003_P_00001'>"": [], ""<class 'abc.NT_0003_P_00002'>"": [], ""<class 'abc.NT_0004'>"": [0, 60424], ""<class 'abc.NT_0004_P_00000'>"": [], ""<class 'abc.NT_0004_P_00001'>"": [], ""<class 'abc.NT_0005_P_00001'>"": [], ""<class 'abc.NT_0005_P_00002'>"": [], ""<class 'abc.NT_0011'>"": [], ""<class 'abc.NT_0011_P_00000'>"": [], ""<class 'abc.NT_0017_P_00001'>"": [], ""<class 'abc.NT_0012'>"": [0, 60158], ""<class 'abc.NT_0012_P_00000'>"": [], ""<class 'abc.NT_0010'>"": [], ""<class 'abc.NT_0010_P_00000'>"": [], ""<class 'abc.NT_0009'>"": [], ""<class 'abc.NT_0009_P_00000'>"": [], ""<class 'abc.NT_0008'>"": [], ""<class 'abc.NT_0008_P_00000'>"": [], ""<class 'abc.NT_0006'>"": [], ""<class 'abc.NT_0006_P_00000'>"": [], ""<class 'abc.NT_0008_P_00001'>"": [], ""<class 'abc.NT_0008_P_00002'>"": [], ""<class 'abc.NT_0008_P_00003'>"": [], ""<class 'abc.NT_0008_P_00004'>"": [], ""<class 'abc.NT_0007'>"": [], ""<class 'abc.NT_0007_P_00000'>"": [], ""<class 'abc.NT_0007_P_00001'>"": [], ""<class 'abc.NT_0007_P_00002'>"": [], ""<class 'abc.NT_0009_P_00001'>"": [], ""<class 'abc.NT_0010_P_00001'>"": [], ""<class 'abc.NT_0010_P_00002'>"": [], ""<class 'abc.NT_0012_P_00001'>"": [], ""<class 'abc.NT_0012_P_00002'>"": [], '$leftovers': [24110, 33409, 84800, 52930, 73355, 35471, 40030, 9296, 20749, 33075, 49628, 11537, 15, 90830, 51946, 20435, 67193, 37276, 25620, 25545, 23848, 32840, 79736, 6117, 22259, 57571, 60709, 16020, 90131, 83681, 49236, 19740, 96719, 28286, 96500, 25056, 2425, 4606, 76743, 50141, 80972, 89178, 58155, 60076, 20023, 49957, 78859, 71701, 63157, 51036, 27194, 57618, 41826, 72622, 26518, 13650, 37174, 65866, 51535, 26693, 46306, 18622, 78957, 96794, 12749, 98789, 43609, 19799, 33366, 8952, 34480, 94159, 44897, 75759, 82931, 16277, 14916, 72994, 49309, 70538, 2034, 42550, 91026, 7880, 3338, 60131, 98080, 28093, 32900, 15622, 26775, 29552, 32342, 14515, 36096, 41783, 62811, 37254, 75355, 63411, 75272, 23694, 84310, 71082, 79212, 33588, 90706, 48187, 31189, 88482, 9367, 56255, 79617, 1270, 55560, 26203, 26155, 40545, 15484, 55048, 21590, 6079, 95713, 42042, 7599, 11012, 10867, 6326, 4226, 36219, 64167, 95573, 17592, 32396, 33047, 42672, 14688, 56724, 34006, 26116, 19739, 92564, 32446, 49106, 86197, 89608, 29620, 89318, 4676, 30220, 92140, 82233, 42586, 84937, 67832, 88616, 54115, 36688, 72537, 89206, 19927, 60142, 31365, 9503, 17153, 77426, 27373, 71618, 24526, 11066, 35200, 85609, 149, 12686, 31762, 76331, 79662, 42034, 4753, 45093, 9160, 29879, 54031, 81574, 52405, 74338, 45103, 97062, 38418, 65500, 83214, 33515, 71498, 84236, 27012, 42946, 15648, 18758, 74221, 18239, 86131, 1230, 2760, 87805, 47794, 89910, 39873, 11161, 88967, 57997, 33988, 52998, 11574, 11690, 91965, 60505, 6728, 20304, 66663, 21797, 36314, 23383, 77728, 66566, 30573, 81589, 35200, 85889, 50823, 87892, 82732, 87939, 51151, 25364, 57741, 65481, 95697, 91763, 24126, 50698, 89794, 21082, 38556, 8845, 86758, 95312, 40982, 27576, 22409, 10764, 59686, 42374, 46705, 20305, 91930, 20443, 55812, 94550, 17871, 37347, 86111, 91872, 76531, 97561, 22247, 70828, 10031, 86871, 3457, 34403, 47195, 55824, 77269, 2312, 23015, 10509, 90685, 33220, 5095, 32669, 57665, 87461, 23705, 23892, 79569, 25099, 22463, 6825, 87678, 12700, 8086, 18347, 2080, 81725, 1743, 21695, 98864, 601, 27012, 26238, 83756, 20196, 9283, 37922, 9584, 31059, 69305, 33408, 87700, 5472, 17218, 94029, 30946, 42707, 26938, 23929, 42631, 58629, 82345, 34078, 27640, 26857, 52482, 1908, 53363, 57718, 53277, 60874, 47192, 65156, 64324, 98908, 18086, 34571, 80780, 21654, 13015, 54185, 65778, 82905, 54333, 16295, 29750, 10179, 8498, 41149, 76875, 75817, 52840, 36350, 67047, 80721, 50387, 89921, 76598, 79179, 69374, 34188, 84323, 90189, 80063, 75353, 58141, 98604, 61869, 50914, 95998, 60953, 31372, 32800, 20253, 10965, 57825, 30921, 72002, 23478, 52144, 74671, 49790, 35369, 96851, 96268, 91735, 26265, 71492, 35041, 22667, 85381, 87967, 56897, 37761, 44123, 52620, 81795, 86745, 6668, 71796, 22328, 50981, 1304, 65894, 39334, 28965, 37736, 33502, 94725, 98644, 29317, 28672, 49720, 92944, 79154, 30886, 83581, 56853, 86563, 45680, 29702, 43297, 89488, 55541, 95711, 64055, 55857, 75831, 20915, 33733, 41601, 40608, 13946, 42643, 60946, 78379, 66893, 47265, 47663, 96044, 31575, 23271, 29732, 18765, 73934, 86595, 19623, 58152, 23341, 42797, 82035, 84610, 84617, 26296, 48384, 7808, 85181, 83581, 85225, 34491, 3068, 83145, 63958, 59227, 71005, 79763, 19625, 78522, 84816, 70026, 30736, 71763, 20974, 85431, 42194, 51257, 95945, 87370, 84376, 7316, 96397, 73523, 45377, 38170, 929, 19455, 92318, 44476, 31469, 69802, 39812, 96151, 1351, 97970, 67167, 69990, 20536, 43930, 89552, 7692, 94070, 25734, 2163, 89653, 41361, 65843, 55026, 76161, 33606, 7726, 57770, 26583, 72401, 4290, 24460, 59579, 28419, 26896, 42516, 11149, 32412, 43883, 76759, 72953, 63003, 29642, 79399, 49163, 14266, 55493, 15592, 19124, 64343, 71700, 16518, 77843, 61244, 80217, 51694, 11787, 24162, 70922, 1802, 19601, 58039, 19725, 17982, 7030, 87818, 81146, 64592, 10711, 8313, 80311, 12180, 49490, 79809, 96851, 93114, 19741, 87950, 3665, 43498, 8117, 64, 90216, 51752, 43265, 1055, 25064, 4579, 20591, 64262, 8289, 34540, 9038, 32463, 95965, 3202, 36219, 54773, 36301, 21802, 67750, 14517, 59282, 15980, 432, 86613, 99020, 91465, 77787, 78248, 48946, 57777, 58757, 97167, 43438, 57904, 2014, 13213, 67388, 10589, 17904, 46813, 71128, 52635, 3372, 7022, 6285, 13222, 36250, 40728, 91163, 35142, 11502, 89851, 62932, 77460, 96657, 21864, 99883, 81995, 74277, 60986, 50282, 74931, 46950, 5360, 53700, 31843, 59827, 47670, 32934, 30419, 79491, 57514, 74807, 23996, 53538, 62864, 15792, 27971, 79999, 4588, 61344, 72986, 76402, 5098, 58305, 25903, 32899, 85790, 91428, 60548, 56234, 39548, 43974, 98619, 77439, 15993, 73803, 83604, 25519, 18459, 20066, 25903, 97967, 33677, 7371, 6, 36499, 11324, 1243, 39947, 55479, 70470, 34082, 56050, 29544, 54987, 62746, 66607, 80357, 49628, 67933, 33670, 28091, 66945, 50534, 26141, 53322, 91035, 77729, 27580, 46478, 28257, 47427, 93318, 56880, 30918, 94174, 58362, 78991, 44614, 79630, 30263, 11791, 42548, 14198, 37648, 38023, 21220, 21014, 7344, 63974, 96287, 17660, 60202, 79326, 52006, 11171, 66690, 12255, 20285, 10423, 55277, 57487, 11691, 54689, 5652, 76519, 3461, 69755, 64707, 16312, 16295, 40601, 70148, 36176, 16065, 40040, 14183, 24121, 47242, 22032, 11279, 3191, 76223, 38556, 49976, 63279, 28556, 9220, 29217, 76607, 75006, 23148, 76606, 47161, 35794, 52195, 48659, 92402, 6526, 92368, 4935, 12370, 31129, 9968, 86963, 31409, 47029, 77066, 80727, 15785, 15932, 83533, 62000, 17471, 96923, 65812, 20445, 91749, 85889, 26308, 19486, 21715, 34331, 93146, 59506, 57820, 30428, 93243, 92765, 52847, 89535, 66389, 58839, 4150, 25361, 82879, 61511, 68281, 78697, 78403, 87273, 13980, 42687, 23918, 63683, 41580, 73250, 59609, 11414, 2509, 70598, 74474, 19451, 16064, 20767, 90079, 93316, 16483, 26688, 1007, 58343, 58155, 21038, 71715, 57917, 41869, 25781, 18714, 67682, 93754, 85684, 10313, 1573, 45762, 94524, 35755, 32943, 71827, 71670, 16558, 24105, 60194, 63460, 52030, 70450, 68115, 37170, 74590, 45567, 54629, 5725, 85172, 61417, 54506, 78169, 92443, 94152, 97286, 90729, 98431, 21923, 91806, 91215, 9539, 25283, 88955, 21992, 43568, 39295, 10889, 20789, 56007, 943, 72855, 76942, 8942, 7759, 97777, 37307, 60206, 47127, 31059, 56075, 49075, 27392, 83476, 56280, 34162, 34476, 2995, 89626, 72491, 10343, 77379, 88390, 46151, 52405, 17849, 67616, 60968, 77448, 3012, 11905, 89855, 55382, 1710, 27710, 13838, 56579, 51865, 18942, 52511, 18314, 17423, 62667, 73550, 27356, 31707, 24937, 85986, 41982, 29792, 51747, 77050, 33505, 87200, 35919, 25026, 57877, 33854, 14431, 62602, 44937, 83542, 26581, 41702, 40546, 83724, 57348, 95648, 17217, 81032, 51333, 62479, 95232, 68193, 19337, 54406, 7241, 84508, 31853, 36337, 97444, 6715, 84142, 14143, 29646, 61418, 46691, 91055, 95261, 21607, 49389, 87440, 53345, 41371, 1669, 16850, 18440, 60983, 69600, 53625, 40097, 54633, 9055, 65860, 3054, 54468, 13994, 50399, 96381, 93456, 37386, 12374, 72359, 13808, 91360, 1863, 60158, 8379, 60424, 44909, 64466, 68566, 65812, 52188, 94818]})"
174.0,7,30,18,13.598510026931763,40003,"Genotype(dna={""<class 'abc.NT_0017'>"": [0, 1863], ""<class 'abc.NT_0017_P_00000'>"": [], ""<class 'abc.NT_0001'>"": [2, 2, 2, 2, 0, 1, 68566], ""<class 'abc.NT_0001_P_00000'>"": [], ""<class 'bool'>"": [46023, 35570, 21927, 24472, 64826, 47769, 23648, 93816, 7134, 59416, 20134, 85082, 87339, 47436, 78194, 44410, 60665, 3649, 34263, 50242, 42523, 55047, 79213, 55354, 94818], ""<class 'abc.NT_0000'>"": [1, 2, 6, 0, 0, 0, 0, 37022, 5, 2, 0, 0, 3, 1, 0, 2, 2, 0, 3, 6, 1, 0, 2, 0, 0, 65812], ""<class 'abc.NT_0000_P_00000'>"": [], ""<class 'int'>"": [51614, 94798, 78987, 59354, 52526, 70159, 85748, 91268, 99322, 97017, 68614, 93746, 6702, 40963, 41597, 92372, 37369, 45498, 58460, 83038, 87308, 60118, 78957, 45108, 40727, 50662, 40359, 78500, 26079, 62592, 24095, 76033, 80107, 93531, 89661, 93789, 24483, 31350, 86486, 10735, 60856, 12770, 13650, 52188], ""<class 'abc.NT_0000_P_00001'>"": [], ""<class 'abc.NT_0000_P_00002'>"": [], ""<class 'abc.NT_0000_P_00003'>"": [], ""<class 'abc.NT_0000_P_00004'>"": [], ""<class 'abc.NT_0000_P_00005'>"": [], ""<class 'abc.NT_0000_P_00006'>"": [], ""<class 'abc.NT_0001_P_00001'>"": [], ""<class 'abc.NT_0001_P_00002'>"": [], ""<class 'abc.NT_0001_P_00003'>"": [], ""<class 'abc.NT_0001_P_00004'>"": [], ""<class 'abc.NT_0005'>"": [2, 8379], ""<class 'abc.NT_0005_P_00000'>"": [], ""<class 'abc.NT_0003'>"": [0, 0, 2, 44909], ""<class 'abc.NT_0003_P_00000'>"": [], ""<class 'abc.NT_0002'>"": [3, 1, 2, 3, 2, 64466], ""<class 'abc.NT_0002_P_00000'>"": [], ""<class 'abc.NT_0002_P_00001'>"": [], ""<class 'abc.NT_0002_P_00002'>"": [], ""<class 'abc.NT_0002_P_00003'>"": [], ""<class 'abc.NT_0002_P_00004'>"": [], ""<class 'abc.NT_0003_P_00001'>"": [], ""<class 'abc.NT_0003_P_00002'>"": [], ""<class 'abc.NT_0004'>"": [0, 60424], ""<class 'abc.NT_0004_P_00000'>"": [], ""<class 'abc.NT_0004_P_00001'>"": [], ""<class 'abc.NT_0005_P_00001'>"": [], ""<class 'abc.NT_0005_P_00002'>"": [], ""<class 'abc.NT_0011'>"": [], ""<class 'abc.NT_0011_P_00000'>"": [], ""<class 'abc.NT_0017_P_00001'>"": [], ""<class 'abc.NT_0012'>"": [0, 60158], ""<class 'abc.NT_0012_P_00000'>"": [], ""<class 'abc.NT_0010'>"": [], ""<class 'abc.NT_0010_P_00000'>"": [], ""<class 'abc.NT_0009'>"": [], ""<class 'abc.NT_0009_P_00000'>"": [], ""<class 'abc.NT_0008'>"": [], ""<class 'abc.NT_0008_P_00000'>"": [], ""<class 'abc.NT_0006'>"": [], ""<class 'abc.NT_0006_P_00000'>"": [], ""<class 'abc.NT_0008_P_00001'>"": [], ""<class 'abc.NT_0008_P_00002'>"": [], ""<class 'abc.NT_0008_P_00003'>"": [], ""<class 'abc.NT_0008_P_00004'>"": [], ""<class 'abc.NT_0007'>"": [], ""<class 'abc.NT_0007_P_00000'>"": [], ""<class 'abc.NT_0007_P_00001'>"": [], ""<class 'abc.NT_0007_P_00002'>"": [], ""<class 'abc.NT_0009_P_00001'>"": [], ""<class 'abc.NT_0010_P_00001'>"": [], ""<class 'abc.NT_0010_P_00002'>"": [], ""<class 'abc.NT_0012_P_00001'>"": [], ""<class 'abc.NT_0012_P_00002'>"": [], '$leftovers': [24110, 33409, 84800, 52930, 73355, 35471, 40030, 9296, 20749, 33075, 49628, 11537, 15, 90830, 51946, 20435, 67193, 37276, 25620, 25545, 23848, 32840, 79736, 6117, 22259, 57571, 60709, 16020, 90131, 83681, 49236, 19740, 96719, 28286, 96500, 25056, 2425, 4606, 76743, 50141, 80972, 89178, 58155, 60076, 20023, 49957, 78859, 71701, 63157, 51036, 27194, 57618, 41826, 72622, 26518, 13650, 37174, 65866, 51535, 26693, 46306, 18622, 78957, 96794, 12749, 98789, 43609, 19799, 33366, 8952, 34480, 94159, 44897, 75759, 82931, 16277, 14916, 72994, 49309, 70538, 2034, 42550, 91026, 7880, 3338, 60131, 98080, 28093, 32900, 15622, 26775, 29552, 32342, 14515, 36096, 41783, 62811, 37254, 75355, 63411, 75272, 23694, 84310, 71082, 79212, 33588, 90706, 48187, 31189, 88482, 9367, 56255, 79617, 1270, 55560, 26203, 26155, 40545, 15484, 55048, 21590, 6079, 95713, 42042, 7599, 11012, 10867, 6326, 4226, 36219, 64167, 95573, 17592, 32396, 33047, 42672, 14688, 56724, 34006, 26116, 19739, 92564, 32446, 49106, 86197, 89608, 29620, 89318, 4676, 30220, 92140, 82233, 42586, 84937, 67832, 88616, 54115, 36688, 72537, 89206, 19927, 60142, 31365, 9503, 17153, 77426, 27373, 71618, 24526, 11066, 35200, 85609, 149, 12686, 31762, 76331, 79662, 42034, 4753, 45093, 9160, 29879, 54031, 81574, 52405, 74338, 45103, 97062, 38418, 65500, 83214, 33515, 71498, 84236, 27012, 42946, 15648, 18758, 74221, 18239, 86131, 1230, 2760, 87805, 47794, 89910, 39873, 11161, 88967, 57997, 33988, 52998, 11574, 11690, 91965, 60505, 6728, 20304, 66663, 21797, 36314, 23383, 77728, 66566, 30573, 81589, 35200, 85889, 50823, 87892, 82732, 87939, 51151, 25364, 57741, 65481, 95697, 91763, 24126, 50698, 89794, 21082, 38556, 8845, 86758, 95312, 40982, 27576, 22409, 10764, 59686, 42374, 46705, 20305, 91930, 20443, 55812, 94550, 17871, 37347, 86111, 91872, 76531, 97561, 22247, 70828, 10031, 86871, 3457, 34403, 47195, 55824, 77269, 2312, 23015, 10509, 90685, 33220, 5095, 32669, 57665, 87461, 23705, 23892, 79569, 25099, 22463, 6825, 87678, 12700, 8086, 18347, 2080, 81725, 1743, 21695, 98864, 601, 27012, 26238, 83756, 20196, 9283, 37922, 9584, 31059, 69305, 33408, 87700, 5472, 17218, 94029, 30946, 42707, 26938, 23929, 42631, 58629, 82345, 34078, 27640, 26857, 52482, 1908, 53363, 57718, 53277, 60874, 47192, 65156, 64324, 98908, 18086, 34571, 80780, 21654, 13015, 54185, 65778, 82905, 54333, 16295, 29750, 10179, 8498, 41149, 76875, 75817, 52840, 36350, 67047, 80721, 50387, 89921, 76598, 79179, 69374, 34188, 84323, 90189, 80063, 75353, 58141, 98604, 61869, 50914, 95998, 60953, 31372, 32800, 20253, 10965, 57825, 30921, 72002, 23478, 52144, 74671, 49790, 35369, 96851, 96268, 91735, 26265, 71492, 35041, 22667, 85381, 87967, 56897, 37761, 44123, 52620, 81795, 86745, 6668, 71796, 22328, 50981, 1304, 65894, 39334, 28965, 37736, 33502, 94725, 98644, 29317, 28672, 49720, 92944, 79154, 30886, 83581, 56853, 86563, 45680, 29702, 43297, 89488, 55541, 95711, 64055, 55857, 75831, 20915, 33733, 41601, 40608, 13946, 42643, 60946, 78379, 66893, 47265, 47663, 96044, 31575, 23271, 29732, 18765, 73934, 86595, 19623, 58152, 23341, 42797, 82035, 84610, 84617, 26296, 48384, 7808, 85181, 83581, 85225, 34491, 3068, 83145, 63958, 59227, 71005, 79763, 19625, 78522, 84816, 70026, 30736, 71763, 20974, 85431, 42194, 51257, 95945, 87370, 84376, 7316, 96397, 73523, 45377, 38170, 929, 19455, 92318, 44476, 31469, 69802, 39812, 96151, 1351, 97970, 67167, 69990, 20536, 43930, 89552, 7692, 94070, 25734, 2163, 89653, 41361, 65843, 55026, 76161, 33606, 7726, 57770, 26583, 72401, 4290, 24460, 59579, 28419, 26896, 42516, 11149, 32412, 43883, 76759, 72953, 63003, 29642, 79399, 49163, 14266, 55493, 15592, 19124, 64343, 71700, 16518, 77843, 61244, 80217, 51694, 11787, 24162, 70922, 1802, 19601, 58039, 19725, 17982, 7030, 87818, 81146, 64592, 10711, 8313, 80311, 12180, 49490, 79809, 96851, 93114, 19741, 87950, 3665, 43498, 8117, 64, 90216, 51752, 43265, 1055, 25064, 4579, 20591, 64262, 8289, 34540, 9038, 32463, 95965, 3202, 36219, 54773, 36301, 21802, 67750, 14517, 59282, 15980, 432, 86613, 99020, 91465, 77787, 78248, 48946, 57777, 58757, 97167, 43438, 57904, 2014, 13213, 67388, 10589, 17904, 46813, 71128, 52635, 3372, 7022, 6285, 13222, 36250, 40728, 91163, 35142, 11502, 89851, 62932, 77460, 96657, 21864, 99883, 81995, 74277, 60986, 50282, 74931, 46950, 5360, 53700, 31843, 59827, 47670, 32934, 30419, 79491, 57514, 74807, 23996, 53538, 62864, 15792, 27971, 79999, 4588, 61344, 72986, 76402, 5098, 58305, 25903, 32899, 85790, 91428, 60548, 56234, 39548, 43974, 98619, 77439, 15993, 73803, 83604, 25519, 18459, 20066, 25903, 97967, 33677, 7371, 6, 36499, 11324, 1243, 39947, 55479, 70470, 34082, 56050, 29544, 54987, 62746, 66607, 80357, 49628, 67933, 33670, 28091, 66945, 50534, 26141, 53322, 91035, 77729, 27580, 46478, 28257, 47427, 93318, 56880, 30918, 94174, 58362, 78991, 44614, 79630, 30263, 11791, 42548, 14198, 37648, 38023, 21220, 21014, 7344, 63974, 96287, 17660, 60202, 79326, 52006, 11171, 66690, 12255, 20285, 10423, 55277, 57487, 11691, 54689, 5652, 76519, 3461, 69755, 64707, 16312, 16295, 40601, 70148, 36176, 16065, 40040, 14183, 24121, 47242, 22032, 11279, 3191, 76223, 38556, 49976, 63279, 28556, 9220, 29217, 76607, 75006, 23148, 76606, 47161, 35794, 52195, 48659, 92402, 6526, 92368, 4935, 12370, 31129, 9968, 86963, 31409, 47029, 77066, 80727, 15785, 15932, 83533, 62000, 17471, 96923, 65812, 20445, 91749, 85889, 26308, 19486, 21715, 34331, 93146, 59506, 57820, 30428, 93243, 92765, 52847, 89535, 66389, 58839, 4150, 25361, 82879, 61511, 68281, 78697, 78403, 87273, 13980, 42687, 23918, 63683, 41580, 73250, 59609, 11414, 2509, 70598, 74474, 19451, 16064, 20767, 90079, 93316, 16483, 26688, 1007, 58343, 58155, 21038, 71715, 57917, 41869, 25781, 18714, 67682, 93754, 85684, 10313, 1573, 45762, 94524, 35755, 32943, 71827, 71670, 16558, 24105, 60194, 63460, 52030, 70450, 68115, 37170, 74590, 45567, 54629, 5725, 85172, 61417, 54506, 78169, 92443, 94152, 97286, 90729, 98431, 21923, 91806, 91215, 9539, 25283, 88955, 21992, 43568, 39295, 10889, 20789, 56007, 943, 72855, 76942, 8942, 7759, 97777, 37307, 60206, 47127, 31059, 56075, 49075, 27392, 83476, 56280, 34162, 34476, 2995, 89626, 72491, 10343, 77379, 88390, 46151, 52405, 17849, 67616, 60968, 77448, 3012, 11905, 89855, 55382, 1710, 27710, 13838, 56579, 51865, 18942, 52511, 18314, 17423, 62667, 73550, 27356, 31707, 24937, 85986, 41982, 29792, 51747, 77050, 33505, 87200, 35919, 25026, 57877, 33854, 14431, 62602, 44937, 83542, 26581, 41702, 40546, 83724, 57348, 95648, 17217, 81032, 51333, 62479, 95232, 68193, 19337, 54406, 7241, 84508, 31853, 36337, 97444, 6715, 84142, 14143, 29646, 61418, 46691, 91055, 95261, 21607, 49389, 87440, 53345, 41371, 1669, 16850, 18440, 60983, 69600, 53625, 40097, 54633, 9055, 65860, 3054, 54468, 13994, 50399, 96381, 93456, 37386, 12374, 72359, 13808, 91360, 1863, 60158, 8379, 60424, 44909, 64466, 68566, 65812, 52188, 94818]})"
174.0,7,30,19,13.891465902328491,40003,"Genotype(dna={""<class 'abc.NT_0017'>"": [0, 1863], ""<class 'abc.NT_0017_P_00000'>"": [], ""<class 'abc.NT_0001'>"": [2, 2, 2, 2, 0, 1, 68566], ""<class 'abc.NT_0001_P_00000'>"": [], ""<class 'bool'>"": [46023, 35570, 21927, 24472, 64826, 47769, 23648, 93816, 7134, 59416, 20134, 85082, 87339, 47436, 78194, 44410, 60665, 3649, 34263, 50242, 42523, 55047, 79213, 55354, 94818], ""<class 'abc.NT_0000'>"": [1, 2, 6, 0, 0, 0, 0, 37022, 5, 2, 0, 0, 3, 1, 0, 2, 2, 0, 3, 6, 1, 0, 2, 0, 0, 65812], ""<class 'abc.NT_0000_P_00000'>"": [], ""<class 'int'>"": [51614, 94798, 78987, 59354, 52526, 70159, 85748, 91268, 99322, 97017, 68614, 93746, 6702, 40963, 41597, 92372, 37369, 45498, 58460, 83038, 87308, 60118, 78957, 45108, 40727, 50662, 40359, 78500, 26079, 62592, 24095, 76033, 80107, 93531, 89661, 93789, 24483, 31350, 86486, 10735, 60856, 12770, 13650, 52188], ""<class 'abc.NT_0000_P_00001'>"": [], ""<class 'abc.NT_0000_P_00002'>"": [], ""<class 'abc.NT_0000_P_00003'>"": [], ""<class 'abc.NT_0000_P_00004'>"": [], ""<class 'abc.NT_0000_P_00005'>"": [], ""<class 'abc.NT_0000_P_00006'>"": [], ""<class 'abc.NT_0001_P_00001'>"": [], ""<class 'abc.NT_0001_P_00002'>"": [], ""<class 'abc.NT_0001_P_00003'>"": [], ""<class 'abc.NT_0001_P_00004'>"": [], ""<class 'abc.NT_0005'>"": [2, 8379], ""<class 'abc.NT_0005_P_00000'>"": [], ""<class 'abc.NT_0003'>"": [0, 0, 2, 44909], ""<class 'abc.NT_0003_P_00000'>"": [], ""<class 'abc.NT_0002'>"": [3, 1, 2, 3, 2, 64466], ""<class 'abc.NT_0002_P_00000'>"": [], ""<class 'abc.NT_0002_P_00001'>"": [], ""<class 'abc.NT_0002_P_00002'>"": [], ""<class 'abc.NT_0002_P_00003'>"": [], ""<class 'abc.NT_0002_P_00004'>"": [], ""<class 'abc.NT_0003_P_00001'>"": [], ""<class 'abc.NT_0003_P_00002'>"": [], ""<class 'abc.NT_0004'>"": [0, 60424], ""<class 'abc.NT_0004_P_00000'>"": [], ""<class 'abc.NT_0004_P_00001'>"": [], ""<class 'abc.NT_0005_P_00001'>"": [], ""<class 'abc.NT_0005_P_00002'>"": [], ""<class 'abc.NT_0011'>"": [], ""<class 'abc.NT_0011_P_00000'>"": [], ""<class 'abc.NT_0017_P_00001'>"": [], ""<class 'abc.NT_0012'>"": [0, 60158], ""<class 'abc.NT_0012_P_00000'>"": [], ""<class 'abc.NT_0010'>"": [], ""<class 'abc.NT_0010_P_00000'>"": [], ""<class 'abc.NT_0009'>"": [], ""<class 'abc.NT_0009_P_00000'>"": [], ""<class 'abc.NT_0008'>"": [], ""<class 'abc.NT_0008_P_00000'>"": [], ""<class 'abc.NT_0006'>"": [], ""<class 'abc.NT_0006_P_00000'>"": [], ""<class 'abc.NT_0008_P_00001'>"": [], ""<class 'abc.NT_0008_P_00002'>"": [], ""<class 'abc.NT_0008_P_00003'>"": [], ""<class 'abc.NT_0008_P_00004'>"": [], ""<class 'abc.NT_0007'>"": [], ""<class 'abc.NT_0007_P_00000'>"": [], ""<class 'abc.NT_0007_P_00001'>"": [], ""<class 'abc.NT_0007_P_00002'>"": [], ""<class 'abc.NT_0009_P_00001'>"": [], ""<class 'abc.NT_0010_P_00001'>"": [], ""<class 'abc.NT_0010_P_00002'>"": [], ""<class 'abc.NT_0012_P_00001'>"": [], ""<class 'abc.NT_0012_P_00002'>"": [], '$leftovers': [24110, 33409, 84800, 52930, 73355, 35471, 40030, 9296, 20749, 33075, 49628, 11537, 15, 90830, 51946, 20435, 67193, 37276, 25620, 25545, 23848, 32840, 79736, 6117, 22259, 57571, 60709, 16020, 90131, 83681, 49236, 19740, 96719, 28286, 96500, 25056, 2425, 4606, 76743, 50141, 80972, 89178, 58155, 60076, 20023, 49957, 78859, 71701, 63157, 51036, 27194, 57618, 41826, 72622, 26518, 13650, 37174, 65866, 51535, 26693, 46306, 18622, 78957, 96794, 12749, 98789, 43609, 19799, 33366, 8952, 34480, 94159, 44897, 75759, 82931, 16277, 14916, 72994, 49309, 70538, 2034, 42550, 91026, 7880, 3338, 60131, 98080, 28093, 32900, 15622, 26775, 29552, 32342, 14515, 36096, 41783, 62811, 37254, 75355, 63411, 75272, 23694, 84310, 71082, 79212, 33588, 90706, 48187, 31189, 88482, 9367, 56255, 79617, 1270, 55560, 26203, 26155, 40545, 15484, 55048, 21590, 6079, 95713, 42042, 7599, 11012, 10867, 6326, 4226, 36219, 64167, 95573, 17592, 32396, 33047, 42672, 14688, 56724, 34006, 26116, 19739, 92564, 32446, 49106, 86197, 89608, 29620, 89318, 4676, 30220, 92140, 82233, 42586, 84937, 67832, 88616, 54115, 36688, 72537, 89206, 19927, 60142, 31365, 9503, 17153, 77426, 27373, 71618, 24526, 11066, 35200, 85609, 149, 12686, 31762, 76331, 79662, 42034, 4753, 45093, 9160, 29879, 54031, 81574, 52405, 74338, 45103, 97062, 38418, 65500, 83214, 33515, 71498, 84236, 27012, 42946, 15648, 18758, 74221, 18239, 86131, 1230, 2760, 87805, 47794, 89910, 39873, 11161, 88967, 57997, 33988, 52998, 11574, 11690, 91965, 60505, 6728, 20304, 66663, 21797, 36314, 23383, 77728, 66566, 30573, 81589, 35200, 85889, 50823, 87892, 82732, 87939, 51151, 25364, 57741, 65481, 95697, 91763, 24126, 50698, 89794, 21082, 38556, 8845, 86758, 95312, 40982, 27576, 22409, 10764, 59686, 42374, 46705, 20305, 91930, 20443, 55812, 94550, 17871, 37347, 86111, 91872, 76531, 97561, 22247, 70828, 10031, 86871, 3457, 34403, 47195, 55824, 77269, 2312, 23015, 10509, 90685, 33220, 5095, 32669, 57665, 87461, 23705, 23892, 79569, 25099, 22463, 6825, 87678, 12700, 8086, 18347, 2080, 81725, 1743, 21695, 98864, 601, 27012, 26238, 83756, 20196, 9283, 37922, 9584, 31059, 69305, 33408, 87700, 5472, 17218, 94029, 30946, 42707, 26938, 23929, 42631, 58629, 82345, 34078, 27640, 26857, 52482, 1908, 53363, 57718, 53277, 60874, 47192, 65156, 64324, 98908, 18086, 34571, 80780, 21654, 13015, 54185, 65778, 82905, 54333, 16295, 29750, 10179, 8498, 41149, 76875, 75817, 52840, 36350, 67047, 80721, 50387, 89921, 76598, 79179, 69374, 34188, 84323, 90189, 80063, 75353, 58141, 98604, 61869, 50914, 95998, 60953, 31372, 32800, 20253, 10965, 57825, 30921, 72002, 23478, 52144, 74671, 49790, 35369, 96851, 96268, 91735, 26265, 71492, 35041, 22667, 85381, 87967, 56897, 37761, 44123, 52620, 81795, 86745, 6668, 71796, 22328, 50981, 1304, 65894, 39334, 28965, 37736, 33502, 94725, 98644, 29317, 28672, 49720, 92944, 79154, 30886, 83581, 56853, 86563, 45680, 29702, 43297, 89488, 55541, 95711, 64055, 55857, 75831, 20915, 33733, 41601, 40608, 13946, 42643, 60946, 78379, 66893, 47265, 47663, 96044, 31575, 23271, 29732, 18765, 73934, 86595, 19623, 58152, 23341, 42797, 82035, 84610, 84617, 26296, 48384, 7808, 85181, 83581, 85225, 34491, 3068, 83145, 63958, 59227, 71005, 79763, 19625, 78522, 84816, 70026, 30736, 71763, 20974, 85431, 42194, 51257, 95945, 87370, 84376, 7316, 96397, 73523, 45377, 38170, 929, 19455, 92318, 44476, 31469, 69802, 39812, 96151, 1351, 97970, 67167, 69990, 20536, 43930, 89552, 7692, 94070, 25734, 2163, 89653, 41361, 65843, 55026, 76161, 33606, 7726, 57770, 26583, 72401, 4290, 24460, 59579, 28419, 26896, 42516, 11149, 32412, 43883, 76759, 72953, 63003, 29642, 79399, 49163, 14266, 55493, 15592, 19124, 64343, 71700, 16518, 77843, 61244, 80217, 51694, 11787, 24162, 70922, 1802, 19601, 58039, 19725, 17982, 7030, 87818, 81146, 64592, 10711, 8313, 80311, 12180, 49490, 79809, 96851, 93114, 19741, 87950, 3665, 43498, 8117, 64, 90216, 51752, 43265, 1055, 25064, 4579, 20591, 64262, 8289, 34540, 9038, 32463, 95965, 3202, 36219, 54773, 36301, 21802, 67750, 14517, 59282, 15980, 432, 86613, 99020, 91465, 77787, 78248, 48946, 57777, 58757, 97167, 43438, 57904, 2014, 13213, 67388, 10589, 17904, 46813, 71128, 52635, 3372, 7022, 6285, 13222, 36250, 40728, 91163, 35142, 11502, 89851, 62932, 77460, 96657, 21864, 99883, 81995, 74277, 60986, 50282, 74931, 46950, 5360, 53700, 31843, 59827, 47670, 32934, 30419, 79491, 57514, 74807, 23996, 53538, 62864, 15792, 27971, 79999, 4588, 61344, 72986, 76402, 5098, 58305, 25903, 32899, 85790, 91428, 60548, 56234, 39548, 43974, 98619, 77439, 15993, 73803, 83604, 25519, 18459, 20066, 25903, 97967, 33677, 7371, 6, 36499, 11324, 1243, 39947, 55479, 70470, 34082, 56050, 29544, 54987, 62746, 66607, 80357, 49628, 67933, 33670, 28091, 66945, 50534, 26141, 53322, 91035, 77729, 27580, 46478, 28257, 47427, 93318, 56880, 30918, 94174, 58362, 78991, 44614, 79630, 30263, 11791, 42548, 14198, 37648, 38023, 21220, 21014, 7344, 63974, 96287, 17660, 60202, 79326, 52006, 11171, 66690, 12255, 20285, 10423, 55277, 57487, 11691, 54689, 5652, 76519, 3461, 69755, 64707, 16312, 16295, 40601, 70148, 36176, 16065, 40040, 14183, 24121, 47242, 22032, 11279, 3191, 76223, 38556, 49976, 63279, 28556, 9220, 29217, 76607, 75006, 23148, 76606, 47161, 35794, 52195, 48659, 92402, 6526, 92368, 4935, 12370, 31129, 9968, 86963, 31409, 47029, 77066, 80727, 15785, 15932, 83533, 62000, 17471, 96923, 65812, 20445, 91749, 85889, 26308, 19486, 21715, 34331, 93146, 59506, 57820, 30428, 93243, 92765, 52847, 89535, 66389, 58839, 4150, 25361, 82879, 61511, 68281, 78697, 78403, 87273, 13980, 42687, 23918, 63683, 41580, 73250, 59609, 11414, 2509, 70598, 74474, 19451, 16064, 20767, 90079, 93316, 16483, 26688, 1007, 58343, 58155, 21038, 71715, 57917, 41869, 25781, 18714, 67682, 93754, 85684, 10313, 1573, 45762, 94524, 35755, 32943, 71827, 71670, 16558, 24105, 60194, 63460, 52030, 70450, 68115, 37170, 74590, 45567, 54629, 5725, 85172, 61417, 54506, 78169, 92443, 94152, 97286, 90729, 98431, 21923, 91806, 91215, 9539, 25283, 88955, 21992, 43568, 39295, 10889, 20789, 56007, 943, 72855, 76942, 8942, 7759, 97777, 37307, 60206, 47127, 31059, 56075, 49075, 27392, 83476, 56280, 34162, 34476, 2995, 89626, 72491, 10343, 77379, 88390, 46151, 52405, 17849, 67616, 60968, 77448, 3012, 11905, 89855, 55382, 1710, 27710, 13838, 56579, 51865, 18942, 52511, 18314, 17423, 62667, 73550, 27356, 31707, 24937, 85986, 41982, 29792, 51747, 77050, 33505, 87200, 35919, 25026, 57877, 33854, 14431, 62602, 44937, 83542, 26581, 41702, 40546, 83724, 57348, 95648, 17217, 81032, 51333, 62479, 95232, 68193, 19337, 54406, 7241, 84508, 31853, 36337, 97444, 6715, 84142, 14143, 29646, 61418, 46691, 91055, 95261, 21607, 49389, 87440, 53345, 41371, 1669, 16850, 18440, 60983, 69600, 53625, 40097, 54633, 9055, 65860, 3054, 54468, 13994, 50399, 96381, 93456, 37386, 12374, 72359, 13808, 91360, 1863, 60158, 8379, 60424, 44909, 64466, 68566, 65812, 52188, 94818]})"
163.0,7,30,20,14.579200983047485,40003,"Genotype(dna={""<class 'abc.NT_0017'>"": [0, 1863], ""<class 'abc.NT_0017_P_00000'>"": [], ""<class 'abc.NT_0001'>"": [2, 2, 2, 2, 0, 1, 68566], ""<class 'abc.NT_0001_P_00000'>"": [], ""<class 'bool'>"": [46023, 35570, 21927, 89906, 64826, 47769, 23648, 93816, 7134, 59416, 20134, 85082, 87339, 47436, 78194, 44410, 60665, 3649, 46405, 50242, 42523, 55047, 79213, 55354, 94818], ""<class 'abc.NT_0000'>"": [1, 2, 6, 0, 0, 0, 0, 37022, 5, 2, 0, 97444, 3, 1, 0, 2, 2, 0, 74373, 6, 1, 0, 2, 0, 0, 65812], ""<class 'abc.NT_0000_P_00000'>"": [], ""<class 'int'>"": [51614, 94798, 32226, 59354, 52526, 36031, 85748, 91268, 99322, 97017, 68614, 93746, 6702, 40963, 41597, 92372, 37369, 45498, 58460, 83038, 87308, 60118, 78957, 45108, 49224, 50662, 40359, 78500, 26079, 62592, 24095, 76033, 80107, 93531, 89661, 93789, 65992, 90578, 58941, 10735, 60856, 12770, 31198, 52188], ""<class 'abc.NT_0000_P_00001'>"": [], ""<class 'abc.NT_0000_P_00002'>"": [], ""<class 'abc.NT_0000_P_00003'>"": [], ""<class 'abc.NT_0000_P_00004'>"": [], ""<class 'abc.NT_0000_P_00005'>"": [], ""<class 'abc.NT_0000_P_00006'>"": [], ""<class 'abc.NT_0001_P_00001'>"": [], ""<class 'abc.NT_0001_P_00002'>"": [], ""<class 'abc.NT_0001_P_00003'>"": [], ""<class 'abc.NT_0001_P_00004'>"": [], ""<class 'abc.NT_0005'>"": [2, 8379], ""<class 'abc.NT_0005_P_00000'>"": [], ""<class 'abc.NT_0003'>"": [0, 0, 2, 73361], ""<class 'abc.NT_0003_P_00000'>"": [], ""<class 'abc.NT_0002'>"": [3, 1, 2, 3, 2, 82496], ""<class 'abc.NT_0002_P_00000'>"": [], ""<class 'abc.NT_0002_P_00001'>"": [], ""<class 'abc.NT_0002_P_00002'>"": [], ""<class 'abc.NT_0002_P_00003'>"": [], ""<class 'abc.NT_0002_P_00004'>"": [], ""<class 'abc.NT_0003_P_00001'>"": [], ""<class 'abc.NT_0003_P_00002'>"": [], ""<class 'abc.NT_0004'>"": [0, 60424], ""<class 'abc.NT_0004_P_00000'>"": [], ""<class 'abc.NT_0004_P_00001'>"": [], ""<class 'abc.NT_0005_P_00001'>"": [], ""<class 'abc.NT_0005_P_00002'>"": [], ""<class 'abc.NT_0011'>"": [], ""<class 'abc.NT_0011_P_00000'>"": [], ""<class 'abc.NT_0017_P_00001'>"": [], ""<class 'abc.NT_0012'>"": [0, 60158], ""<class 'abc.NT_0012_P_00000'>"": [], ""<class 'abc.NT_0010'>"": [], ""<class 'abc.NT_0010_P_00000'>"": [], ""<class 'abc.NT_0009'>"": [], ""<class 'abc.NT_0009_P_00000'>"": [], ""<class 'abc.NT_0008'>"": [], ""<class 'abc.NT_0008_P_00000'>"": [], ""<class 'abc.NT_0006'>"": [], ""<class 'abc.NT_0006_P_00000'>"": [], ""<class 'abc.NT_0008_P_00001'>"": [], ""<class 'abc.NT_0008_P_00002'>"": [], ""<class 'abc.NT_0008_P_00003'>"": [], ""<class 'abc.NT_0008_P_00004'>"": [], ""<class 'abc.NT_0007'>"": [], ""<class 'abc.NT_0007_P_00000'>"": [], ""<class 'abc.NT_0007_P_00001'>"": [], ""<class 'abc.NT_0007_P_00002'>"": [], ""<class 'abc.NT_0009_P_00001'>"": [], ""<class 'abc.NT_0010_P_00001'>"": [], ""<class 'abc.NT_0010_P_00002'>"": [], ""<class 'abc.NT_0012_P_00001'>"": [], ""<class 'abc.NT_0012_P_00002'>"": [], '$leftovers': [24110, 33409, 84800, 52930, 73355, 35471, 40030, 9296, 20749, 33075, 49628, 11537, 15, 90830, 51946, 20435, 67193, 37276, 25620, 25545, 23848, 32840, 79736, 6117, 22259, 57571, 60709, 16020, 90131, 83681, 49236, 19740, 96719, 28286, 96500, 25056, 2425, 4606, 76743, 50141, 80972, 89178, 58155, 60076, 20023, 49957, 78859, 71701, 63157, 51036, 27194, 57618, 41826, 72622, 26518, 13650, 37174, 65866, 51535, 26693, 46306, 18622, 78957, 96794, 12749, 98789, 43609, 19799, 33366, 8952, 34480, 94159, 44897, 75759, 82931, 16277, 14916, 72994, 49309, 70538, 2034, 42550, 91026, 7880, 3338, 60131, 98080, 28093, 32900, 15622, 26775, 29552, 32342, 14515, 36096, 41783, 62811, 37254, 75355, 63411, 75272, 23694, 84310, 71082, 79212, 33588, 90706, 48187, 31189, 88482, 9367, 56255, 79617, 1270, 55560, 26203, 26155, 40545, 15484, 55048, 21590, 6079, 95713, 42042, 7599, 11012, 10867, 6326, 4226, 36219, 64167, 95573, 17592, 32396, 33047, 42672, 14688, 56724, 34006, 26116, 19739, 92564, 32446, 49106, 86197, 89608, 29620, 89318, 4676, 30220, 92140, 82233, 42586, 84937, 67832, 88616, 54115, 36688, 72537, 89206, 19927, 60142, 31365, 9503, 17153, 77426, 27373, 71618, 24526, 11066, 35200, 85609, 149, 12686, 31762, 76331, 79662, 42034, 4753, 45093, 9160, 29879, 54031, 81574, 52405, 74338, 45103, 97062, 38418, 65500, 83214, 33515, 71498, 84236, 27012, 42946, 15648, 18758, 74221, 18239, 86131, 1230, 2760, 87805, 47794, 89910, 39873, 11161, 88967, 57997, 33988, 52998, 11574, 11690, 91965, 60505, 6728, 20304, 66663, 21797, 36314, 23383, 77728, 66566, 30573, 81589, 35200, 85889, 50823, 87892, 82732, 87939, 51151, 25364, 57741, 65481, 95697, 91763, 24126, 50698, 89794, 21082, 38556, 8845, 86758, 95312, 40982, 27576, 22409, 10764, 59686, 42374, 46705, 20305, 91930, 20443, 55812, 94550, 17871, 37347, 86111, 91872, 76531, 97561, 22247, 70828, 10031, 86871, 3457, 34403, 47195, 55824, 77269, 2312, 23015, 10509, 90685, 33220, 5095, 32669, 57665, 87461, 23705, 23892, 79569, 25099, 22463, 6825, 87678, 12700, 8086, 18347, 2080, 81725, 1743, 21695, 98864, 601, 27012, 26238, 83756, 20196, 9283, 37922, 9584, 31059, 69305, 33408, 87700, 5472, 17218, 94029, 30946, 42707, 26938, 23929, 42631, 58629, 82345, 34078, 27640, 26857, 52482, 1908, 53363, 57718, 53277, 60874, 47192, 65156, 64324, 98908, 18086, 34571, 80780, 21654, 13015, 54185, 65778, 82905, 54333, 16295, 29750, 10179, 8498, 41149, 76875, 75817, 52840, 36350, 67047, 80721, 50387, 89921, 76598, 79179, 69374, 34188, 84323, 90189, 80063, 75353, 58141, 98604, 61869, 50914, 95998, 60953, 31372, 32800, 20253, 10965, 57825, 30921, 72002, 23478, 52144, 74671, 49790, 35369, 96851, 96268, 91735, 26265, 71492, 35041, 22667, 85381, 87967, 56897, 37761, 44123, 52620, 81795, 86745, 6668, 71796, 22328, 50981, 1304, 65894, 39334, 28965, 37736, 33502, 94725, 98644, 29317, 28672, 49720, 92944, 79154, 30886, 83581, 56853, 86563, 45680, 29702, 43297, 89488, 55541, 95711, 64055, 55857, 75831, 20915, 33733, 41601, 40608, 13946, 42643, 60946, 78379, 66893, 47265, 47663, 96044, 31575, 23271, 29732, 18765, 73934, 86595, 19623, 58152, 23341, 42797, 82035, 84610, 84617, 26296, 48384, 7808, 85181, 83581, 85225, 34491, 3068, 83145, 63958, 59227, 71005, 79763, 19625, 78522, 84816, 70026, 30736, 71763, 20974, 85431, 42194, 51257, 95945, 87370, 84376, 7316, 96397, 73523, 45377, 38170, 929, 19455, 92318, 44476, 31469, 69802, 39812, 96151, 1351, 97970, 67167, 69990, 20536, 43930, 89552, 7692, 94070, 25734, 2163, 89653, 41361, 65843, 55026, 76161, 33606, 7726, 57770, 26583, 72401, 4290, 24460, 59579, 28419, 26896, 42516, 11149, 32412, 43883, 76759, 72953, 63003, 29642, 79399, 49163, 14266, 55493, 15592, 19124, 64343, 71700, 16518, 77843, 61244, 80217, 51694, 11787, 24162, 70922, 1802, 19601, 58039, 19725, 17982, 7030, 87818, 81146, 64592, 10711, 8313, 80311, 12180, 49490, 79809, 96851, 93114, 19741, 87950, 3665, 43498, 8117, 64, 90216, 51752, 43265, 1055, 25064, 4579, 20591, 64262, 8289, 34540, 9038, 32463, 95965, 3202, 36219, 54773, 36301, 21802, 67750, 14517, 59282, 15980, 432, 86613, 99020, 91465, 77787, 78248, 48946, 57777, 58757, 97167, 43438, 57904, 2014, 13213, 67388, 10589, 17904, 46813, 71128, 52635, 3372, 7022, 6285, 13222, 36250, 40728, 91163, 35142, 11502, 89851, 62932, 77460, 96657, 21864, 99883, 81995, 74277, 60986, 50282, 74931, 46950, 5360, 53700, 31843, 59827, 47670, 32934, 30419, 79491, 57514, 74807, 23996, 53538, 62864, 15792, 27971, 79999, 4588, 61344, 72986, 76402, 5098, 58305, 25903, 32899, 85790, 91428, 60548, 56234, 39548, 43974, 98619, 77439, 15993, 73803, 83604, 25519, 18459, 20066, 25903, 97967, 33677, 7371, 6, 36499, 11324, 1243, 39947, 55479, 70470, 34082, 56050, 29544, 54987, 62746, 66607, 80357, 49628, 67933, 33670, 28091, 66945, 50534, 26141, 53322, 91035, 77729, 27580, 46478, 28257, 47427, 93318, 56880, 30918, 94174, 58362, 78991, 44614, 79630, 30263, 11791, 42548, 14198, 37648, 38023, 21220, 21014, 7344, 63974, 96287, 17660, 60202, 79326, 52006, 11171, 66690, 12255, 20285, 10423, 55277, 57487, 11691, 54689, 5652, 76519, 3461, 69755, 64707, 16312, 16295, 40601, 70148, 36176, 16065, 40040, 14183, 24121, 47242, 22032, 11279, 3191, 76223, 38556, 49976, 63279, 28556, 9220, 29217, 76607, 75006, 23148, 76606, 47161, 35794, 52195, 48659, 92402, 6526, 92368, 4935, 12370, 31129, 9968, 86963, 31409, 47029, 77066, 80727, 15785, 15932, 83533, 62000, 17471, 96923, 65812, 20445, 91749, 85889, 26308, 19486, 21715, 34331, 93146, 59506, 57820, 30428, 93243, 92765, 52847, 89535, 66389, 58839, 4150, 25361, 82879, 61511, 68281, 78697, 78403, 87273, 13980, 42687, 23918, 63683, 41580, 73250, 59609, 11414, 2509, 70598, 74474, 19451, 16064, 20767, 90079, 93316, 16483, 26688, 1007, 58343, 58155, 21038, 71715, 57917, 41869, 25781, 18714, 67682, 93754, 85684, 10313, 1573, 45762, 94524, 35755, 32943, 71827, 71670, 16558, 24105, 60194, 63460, 52030, 70450, 68115, 37170, 74590, 45567, 54629, 5725, 85172, 61417, 54506, 78169, 92443, 94152, 97286, 90729, 98431, 21923, 91806, 91215, 9539, 25283, 88955, 21992, 43568, 39295, 10889, 20789, 56007, 943, 72855, 76942, 8942, 7759, 97777, 37307, 60206, 47127, 31059, 56075, 49075, 27392, 83476, 56280, 34162, 34476, 2995, 89626, 72491, 10343, 77379, 88390, 46151, 52405, 17849, 67616, 60968, 77448, 3012, 11905, 89855, 55382, 1710, 27710, 13838, 56579, 51865, 18942, 52511, 18314, 17423, 62667, 73550, 27356, 31707, 24937, 85986, 41982, 29792, 51747, 77050, 33505, 87200, 35919, 25026, 57877, 33854, 14431, 62602, 44937, 83542, 26581, 41702, 40546, 83724, 57348, 95648, 17217, 81032, 51333, 62479, 95232, 68193, 19337, 54406, 7241, 84508, 31853, 36337, 97444, 6715, 84142, 14143, 29646, 61418, 46691, 91055, 95261, 21607, 49389, 87440, 53345, 41371, 1669, 16850, 18440, 60983, 69600, 53625, 40097, 54633, 9055, 65860, 3054, 54468, 13994, 50399, 96381, 93456, 37386, 12374, 72359, 13808, 91360, 1863, 60158, 8379, 60424, 44909, 64466, 68566, 65812, 52188, 94818]})"
163.0,7,30,21,15.161067724227905,40003,"Genotype(dna={""<class 'abc.NT_0017'>"": [0, 1863], ""<class 'abc.NT_0017_P_00000'>"": [], ""<class 'abc.NT_0001'>"": [2, 2, 2, 2, 0, 1, 68566], ""<class 'abc.NT_0001_P_00000'>"": [], ""<class 'bool'>"": [46023, 35570, 21927, 89906, 64826, 47769, 23648, 93816, 7134, 59416, 20134, 85082, 87339, 47436, 78194, 44410, 60665, 3649, 46405, 50242, 42523, 55047, 79213, 55354, 94818], ""<class 'abc.NT_0000'>"": [1, 2, 6, 0, 0, 0, 0, 37022, 5, 2, 0, 97444, 3, 1, 0, 2, 2, 0, 74373, 6, 1, 0, 2, 0, 0, 65812], ""<class 'abc.NT_0000_P_00000'>"": [], ""<class 'int'>"": [51614, 94798, 32226, 59354, 52526, 36031, 85748, 91268, 99322, 97017, 68614, 93746, 6702, 40963, 41597, 92372, 37369, 45498, 58460, 83038, 87308, 60118, 78957, 45108, 49224, 50662, 40359, 78500, 26079, 62592, 24095, 76033, 80107, 93531, 89661, 93789, 65992, 90578, 58941, 10735, 60856, 12770, 31198, 52188], ""<class 'abc.NT_0000_P_00001'>"": [], ""<class 'abc.NT_0000_P_00002'>"": [], ""<class 'abc.NT_0000_P_00003'>"": [], ""<class 'abc.NT_0000_P_00004'>"": [], ""<class 'abc.NT_0000_P_00005'>"": [], ""<class 'abc.NT_0000_P_00006'>"": [], ""<class 'abc.NT_0001_P_00001'>"": [], ""<class 'abc.NT_0001_P_00002'>"": [], ""<class 'abc.NT_0001_P_00003'>"": [], ""<class 'abc.NT_0001_P_00004'>"": [], ""<class 'abc.NT_0005'>"": [2, 8379], ""<class 'abc.NT_0005_P_00000'>"": [], ""<class 'abc.NT_0003'>"": [0, 0, 2, 73361], ""<class 'abc.NT_0003_P_00000'>"": [], ""<class 'abc.NT_0002'>"": [3, 1, 2, 3, 2, 82496], ""<class 'abc.NT_0002_P_00000'>"": [], ""<class 'abc.NT_0002_P_00001'>"": [], ""<class 'abc.NT_0002_P_00002'>"": [], ""<class 'abc.NT_0002_P_00003'>"": [], ""<class 'abc.NT_0002_P_00004'>"": [], ""<class 'abc.NT_0003_P_00001'>"": [], ""<class 'abc.NT_0003_P_00002'>"": [], ""<class 'abc.NT_0004'>"": [0, 60424], ""<class 'abc.NT_0004_P_00000'>"": [], ""<class 'abc.NT_0004_P_00001'>"": [], ""<class 'abc.NT_0005_P_00001'>"": [], ""<class 'abc.NT_0005_P_00002'>"": [], ""<class 'abc.NT_0011'>"": [], ""<class 'abc.NT_0011_P_00000'>"": [], ""<class 'abc.NT_0017_P_00001'>"": [], ""<class 'abc.NT_0012'>"": [0, 60158], ""<class 'abc.NT_0012_P_00000'>"": [], ""<class 'abc.NT_0010'>"": [], ""<class 'abc.NT_0010_P_00000'>"": [], ""<class 'abc.NT_0009'>"": [], ""<class 'abc.NT_0009_P_00000'>"": [], ""<class 'abc.NT_0008'>"": [], ""<class 'abc.NT_0008_P_00000'>"": [], ""<class 'abc.NT_0006'>"": [], ""<class 'abc.NT_0006_P_00000'>"": [], ""<class 'abc.NT_0008_P_00001'>"": [], ""<class 'abc.NT_0008_P_00002'>"": [], ""<class 'abc.NT_0008_P_00003'>"": [], ""<class 'abc.NT_0008_P_00004'>"": [], ""<class 'abc.NT_0007'>"": [], ""<class 'abc.NT_0007_P_00000'>"": [], ""<class 'abc.NT_0007_P_00001'>"": [], ""<class 'abc.NT_0007_P_00002'>"": [], ""<class 'abc.NT_0009_P_00001'>"": [], ""<class 'abc.NT_0010_P_00001'>"": [], ""<class 'abc.NT_0010_P_00002'>"": [], ""<class 'abc.NT_0012_P_00001'>"": [], ""<class 'abc.NT_0012_P_00002'>"": [], '$leftovers': [24110, 33409, 84800, 52930, 73355, 35471, 40030, 9296, 20749, 33075, 49628, 11537, 15, 90830, 51946, 20435, 67193, 37276, 25620, 25545, 23848, 32840, 79736, 6117, 22259, 57571, 60709, 16020, 90131, 83681, 49236, 19740, 96719, 28286, 96500, 25056, 2425, 4606, 76743, 50141, 80972, 89178, 58155, 60076, 20023, 49957, 78859, 71701, 63157, 51036, 27194, 57618, 41826, 72622, 26518, 13650, 37174, 65866, 51535, 26693, 46306, 18622, 78957, 96794, 12749, 98789, 43609, 19799, 33366, 8952, 34480, 94159, 44897, 75759, 82931, 16277, 14916, 72994, 49309, 70538, 2034, 42550, 91026, 7880, 3338, 60131, 98080, 28093, 32900, 15622, 26775, 29552, 32342, 14515, 36096, 41783, 62811, 37254, 75355, 63411, 75272, 23694, 84310, 71082, 79212, 33588, 90706, 48187, 31189, 88482, 9367, 56255, 79617, 1270, 55560, 26203, 26155, 40545, 15484, 55048, 21590, 6079, 95713, 42042, 7599, 11012, 10867, 6326, 4226, 36219, 64167, 95573, 17592, 32396, 33047, 42672, 14688, 56724, 34006, 26116, 19739, 92564, 32446, 49106, 86197, 89608, 29620, 89318, 4676, 30220, 92140, 82233, 42586, 84937, 67832, 88616, 54115, 36688, 72537, 89206, 19927, 60142, 31365, 9503, 17153, 77426, 27373, 71618, 24526, 11066, 35200, 85609, 149, 12686, 31762, 76331, 79662, 42034, 4753, 45093, 9160, 29879, 54031, 81574, 52405, 74338, 45103, 97062, 38418, 65500, 83214, 33515, 71498, 84236, 27012, 42946, 15648, 18758, 74221, 18239, 86131, 1230, 2760, 87805, 47794, 89910, 39873, 11161, 88967, 57997, 33988, 52998, 11574, 11690, 91965, 60505, 6728, 20304, 66663, 21797, 36314, 23383, 77728, 66566, 30573, 81589, 35200, 85889, 50823, 87892, 82732, 87939, 51151, 25364, 57741, 65481, 95697, 91763, 24126, 50698, 89794, 21082, 38556, 8845, 86758, 95312, 40982, 27576, 22409, 10764, 59686, 42374, 46705, 20305, 91930, 20443, 55812, 94550, 17871, 37347, 86111, 91872, 76531, 97561, 22247, 70828, 10031, 86871, 3457, 34403, 47195, 55824, 77269, 2312, 23015, 10509, 90685, 33220, 5095, 32669, 57665, 87461, 23705, 23892, 79569, 25099, 22463, 6825, 87678, 12700, 8086, 18347, 2080, 81725, 1743, 21695, 98864, 601, 27012, 26238, 83756, 20196, 9283, 37922, 9584, 31059, 69305, 33408, 87700, 5472, 17218, 94029, 30946, 42707, 26938, 23929, 42631, 58629, 82345, 34078, 27640, 26857, 52482, 1908, 53363, 57718, 53277, 60874, 47192, 65156, 64324, 98908, 18086, 34571, 80780, 21654, 13015, 54185, 65778, 82905, 54333, 16295, 29750, 10179, 8498, 41149, 76875, 75817, 52840, 36350, 67047, 80721, 50387, 89921, 76598, 79179, 69374, 34188, 84323, 90189, 80063, 75353, 58141, 98604, 61869, 50914, 95998, 60953, 31372, 32800, 20253, 10965, 57825, 30921, 72002, 23478, 52144, 74671, 49790, 35369, 96851, 96268, 91735, 26265, 71492, 35041, 22667, 85381, 87967, 56897, 37761, 44123, 52620, 81795, 86745, 6668, 71796, 22328, 50981, 1304, 65894, 39334, 28965, 37736, 33502, 94725, 98644, 29317, 28672, 49720, 92944, 79154, 30886, 83581, 56853, 86563, 45680, 29702, 43297, 89488, 55541, 95711, 64055, 55857, 75831, 20915, 33733, 41601, 40608, 13946, 42643, 60946, 78379, 66893, 47265, 47663, 96044, 31575, 23271, 29732, 18765, 73934, 86595, 19623, 58152, 23341, 42797, 82035, 84610, 84617, 26296, 48384, 7808, 85181, 83581, 85225, 34491, 3068, 83145, 63958, 59227, 71005, 79763, 19625, 78522, 84816, 70026, 30736, 71763, 20974, 85431, 42194, 51257, 95945, 87370, 84376, 7316, 96397, 73523, 45377, 38170, 929, 19455, 92318, 44476, 31469, 69802, 39812, 96151, 1351, 97970, 67167, 69990, 20536, 43930, 89552, 7692, 94070, 25734, 2163, 89653, 41361, 65843, 55026, 76161, 33606, 7726, 57770, 26583, 72401, 4290, 24460, 59579, 28419, 26896, 42516, 11149, 32412, 43883, 76759, 72953, 63003, 29642, 79399, 49163, 14266, 55493, 15592, 19124, 64343, 71700, 16518, 77843, 61244, 80217, 51694, 11787, 24162, 70922, 1802, 19601, 58039, 19725, 17982, 7030, 87818, 81146, 64592, 10711, 8313, 80311, 12180, 49490, 79809, 96851, 93114, 19741, 87950, 3665, 43498, 8117, 64, 90216, 51752, 43265, 1055, 25064, 4579, 20591, 64262, 8289, 34540, 9038, 32463, 95965, 3202, 36219, 54773, 36301, 21802, 67750, 14517, 59282, 15980, 432, 86613, 99020, 91465, 77787, 78248, 48946, 57777, 58757, 97167, 43438, 57904, 2014, 13213, 67388, 10589, 17904, 46813, 71128, 52635, 3372, 7022, 6285, 13222, 36250, 40728, 91163, 35142, 11502, 89851, 62932, 77460, 96657, 21864, 99883, 81995, 74277, 60986, 50282, 74931, 46950, 5360, 53700, 31843, 59827, 47670, 32934, 30419, 79491, 57514, 74807, 23996, 53538, 62864, 15792, 27971, 79999, 4588, 61344, 72986, 76402, 5098, 58305, 25903, 32899, 85790, 91428, 60548, 56234, 39548, 43974, 98619, 77439, 15993, 73803, 83604, 25519, 18459, 20066, 25903, 97967, 33677, 7371, 6, 36499, 11324, 1243, 39947, 55479, 70470, 34082, 56050, 29544, 54987, 62746, 66607, 80357, 49628, 67933, 33670, 28091, 66945, 50534, 26141, 53322, 91035, 77729, 27580, 46478, 28257, 47427, 93318, 56880, 30918, 94174, 58362, 78991, 44614, 79630, 30263, 11791, 42548, 14198, 37648, 38023, 21220, 21014, 7344, 63974, 96287, 17660, 60202, 79326, 52006, 11171, 66690, 12255, 20285, 10423, 55277, 57487, 11691, 54689, 5652, 76519, 3461, 69755, 64707, 16312, 16295, 40601, 70148, 36176, 16065, 40040, 14183, 24121, 47242, 22032, 11279, 3191, 76223, 38556, 49976, 63279, 28556, 9220, 29217, 76607, 75006, 23148, 76606, 47161, 35794, 52195, 48659, 92402, 6526, 92368, 4935, 12370, 31129, 9968, 86963, 31409, 47029, 77066, 80727, 15785, 15932, 83533, 62000, 17471, 96923, 65812, 20445, 91749, 85889, 26308, 19486, 21715, 34331, 93146, 59506, 57820, 30428, 93243, 92765, 52847, 89535, 66389, 58839, 4150, 25361, 82879, 61511, 68281, 78697, 78403, 87273, 13980, 42687, 23918, 63683, 41580, 73250, 59609, 11414, 2509, 70598, 74474, 19451, 16064, 20767, 90079, 93316, 16483, 26688, 1007, 58343, 58155, 21038, 71715, 57917, 41869, 25781, 18714, 67682, 93754, 85684, 10313, 1573, 45762, 94524, 35755, 32943, 71827, 71670, 16558, 24105, 60194, 63460, 52030, 70450, 68115, 37170, 74590, 45567, 54629, 5725, 85172, 61417, 54506, 78169, 92443, 94152, 97286, 90729, 98431, 21923, 91806, 91215, 9539, 25283, 88955, 21992, 43568, 39295, 10889, 20789, 56007, 943, 72855, 76942, 8942, 7759, 97777, 37307, 60206, 47127, 31059, 56075, 49075, 27392, 83476, 56280, 34162, 34476, 2995, 89626, 72491, 10343, 77379, 88390, 46151, 52405, 17849, 67616, 60968, 77448, 3012, 11905, 89855, 55382, 1710, 27710, 13838, 56579, 51865, 18942, 52511, 18314, 17423, 62667, 73550, 27356, 31707, 24937, 85986, 41982, 29792, 51747, 77050, 33505, 87200, 35919, 25026, 57877, 33854, 14431, 62602, 44937, 83542, 26581, 41702, 40546, 83724, 57348, 95648, 17217, 81032, 51333, 62479, 95232, 68193, 19337, 54406, 7241, 84508, 31853, 36337, 97444, 6715, 84142, 14143, 29646, 61418, 46691, 91055, 95261, 21607, 49389, 87440, 53345, 41371, 1669, 16850, 18440, 60983, 69600, 53625, 40097, 54633, 9055, 65860, 3054, 54468, 13994, 50399, 96381, 93456, 37386, 12374, 72359, 13808, 91360, 1863, 60158, 8379, 60424, 44909, 64466, 68566, 65812, 52188, 94818]})"
163.0,7,30,22,15.729894399642944,40003,"Genotype(dna={""<class 'abc.NT_0017'>"": [0, 1863], ""<class 'abc.NT_0017_P_00000'>"": [], ""<class 'abc.NT_0001'>"": [2, 2, 2, 2, 0, 1, 68566], ""<class 'abc.NT_0001_P_00000'>"": [], ""<class 'bool'>"": [46023, 35570, 21927, 89906, 64826, 47769, 23648, 93816, 7134, 59416, 20134, 85082, 87339, 47436, 78194, 44410, 60665, 3649, 46405, 50242, 42523, 55047, 79213, 55354, 94818], ""<class 'abc.NT_0000'>"": [1, 2, 6, 0, 0, 0, 0, 37022, 5, 2, 0, 97444, 3, 1, 0, 2, 2, 0, 74373, 6, 1, 0, 2, 0, 0, 65812], ""<class 'abc.NT_0000_P_00000'>"": [], ""<class 'int'>"": [51614, 94798, 32226, 59354, 52526, 36031, 85748, 91268, 99322, 97017, 68614, 93746, 6702, 40963, 41597, 92372, 37369, 45498, 58460, 83038, 87308, 60118, 78957, 45108, 49224, 50662, 40359, 78500, 26079, 62592, 24095, 76033, 80107, 93531, 89661, 93789, 65992, 90578, 58941, 10735, 60856, 12770, 31198, 52188], ""<class 'abc.NT_0000_P_00001'>"": [], ""<class 'abc.NT_0000_P_00002'>"": [], ""<class 'abc.NT_0000_P_00003'>"": [], ""<class 'abc.NT_0000_P_00004'>"": [], ""<class 'abc.NT_0000_P_00005'>"": [], ""<class 'abc.NT_0000_P_00006'>"": [], ""<class 'abc.NT_0001_P_00001'>"": [], ""<class 'abc.NT_0001_P_00002'>"": [], ""<class 'abc.NT_0001_P_00003'>"": [], ""<class 'abc.NT_0001_P_00004'>"": [], ""<class 'abc.NT_0005'>"": [2, 8379], ""<class 'abc.NT_0005_P_00000'>"": [], ""<class 'abc.NT_0003'>"": [0, 0, 2, 73361], ""<class 'abc.NT_0003_P_00000'>"": [], ""<class 'abc.NT_0002'>"": [3, 1, 2, 3, 2, 82496], ""<class 'abc.NT_0002_P_00000'>"": [], ""<class 'abc.NT_0002_P_00001'>"": [], ""<class 'abc.NT_0002_P_00002'>"": [], ""<class 'abc.NT_0002_P_00003'>"": [], ""<class 'abc.NT_0002_P_00004'>"": [], ""<class 'abc.NT_0003_P_00001'>"": [], ""<class 'abc.NT_0003_P_00002'>"": [], ""<class 'abc.NT_0004'>"": [0, 60424], ""<class 'abc.NT_0004_P_00000'>"": [], ""<class 'abc.NT_0004_P_00001'>"": [], ""<class 'abc.NT_0005_P_00001'>"": [], ""<class 'abc.NT_0005_P_00002'>"": [], ""<class 'abc.NT_0011'>"": [], ""<class 'abc.NT_0011_P_00000'>"": [], ""<class 'abc.NT_0017_P_00001'>"": [], ""<class 'abc.NT_0012'>"": [0, 60158], ""<class 'abc.NT_0012_P_00000'>"": [], ""<class 'abc.NT_0010'>"": [], ""<class 'abc.NT_0010_P_00000'>"": [], ""<class 'abc.NT_0009'>"": [], ""<class 'abc.NT_0009_P_00000'>"": [], ""<class 'abc.NT_0008'>"": [], ""<class 'abc.NT_0008_P_00000'>"": [], ""<class 'abc.NT_0006'>"": [], ""<class 'abc.NT_0006_P_00000'>"": [], ""<class 'abc.NT_0008_P_00001'>"": [], ""<class 'abc.NT_0008_P_00002'>"": [], ""<class 'abc.NT_0008_P_00003'>"": [], ""<class 'abc.NT_0008_P_00004'>"": [], ""<class 'abc.NT_0007'>"": [], ""<class 'abc.NT_0007_P_00000'>"": [], ""<class 'abc.NT_0007_P_00001'>"": [], ""<class 'abc.NT_0007_P_00002'>"": [], ""<class 'abc.NT_0009_P_00001'>"": [], ""<class 'abc.NT_0010_P_00001'>"": [], ""<class 'abc.NT_0010_P_00002'>"": [], ""<class 'abc.NT_0012_P_00001'>"": [], ""<class 'abc.NT_0012_P_00002'>"": [], '$leftovers': [24110, 33409, 84800, 52930, 73355, 35471, 40030, 9296, 20749, 33075, 49628, 11537, 15, 90830, 51946, 20435, 67193, 37276, 25620, 25545, 23848, 32840, 79736, 6117, 22259, 57571, 60709, 16020, 90131, 83681, 49236, 19740, 96719, 28286, 96500, 25056, 2425, 4606, 76743, 50141, 80972, 89178, 58155, 60076, 20023, 49957, 78859, 71701, 63157, 51036, 27194, 57618, 41826, 72622, 26518, 13650, 37174, 65866, 51535, 26693, 46306, 18622, 78957, 96794, 12749, 98789, 43609, 19799, 33366, 8952, 34480, 94159, 44897, 75759, 82931, 16277, 14916, 72994, 49309, 70538, 2034, 42550, 91026, 7880, 3338, 60131, 98080, 28093, 32900, 15622, 26775, 29552, 32342, 14515, 36096, 41783, 62811, 37254, 75355, 63411, 75272, 23694, 84310, 71082, 79212, 33588, 90706, 48187, 31189, 88482, 9367, 56255, 79617, 1270, 55560, 26203, 26155, 40545, 15484, 55048, 21590, 6079, 95713, 42042, 7599, 11012, 10867, 6326, 4226, 36219, 64167, 95573, 17592, 32396, 33047, 42672, 14688, 56724, 34006, 26116, 19739, 92564, 32446, 49106, 86197, 89608, 29620, 89318, 4676, 30220, 92140, 82233, 42586, 84937, 67832, 88616, 54115, 36688, 72537, 89206, 19927, 60142, 31365, 9503, 17153, 77426, 27373, 71618, 24526, 11066, 35200, 85609, 149, 12686, 31762, 76331, 79662, 42034, 4753, 45093, 9160, 29879, 54031, 81574, 52405, 74338, 45103, 97062, 38418, 65500, 83214, 33515, 71498, 84236, 27012, 42946, 15648, 18758, 74221, 18239, 86131, 1230, 2760, 87805, 47794, 89910, 39873, 11161, 88967, 57997, 33988, 52998, 11574, 11690, 91965, 60505, 6728, 20304, 66663, 21797, 36314, 23383, 77728, 66566, 30573, 81589, 35200, 85889, 50823, 87892, 82732, 87939, 51151, 25364, 57741, 65481, 95697, 91763, 24126, 50698, 89794, 21082, 38556, 8845, 86758, 95312, 40982, 27576, 22409, 10764, 59686, 42374, 46705, 20305, 91930, 20443, 55812, 94550, 17871, 37347, 86111, 91872, 76531, 97561, 22247, 70828, 10031, 86871, 3457, 34403, 47195, 55824, 77269, 2312, 23015, 10509, 90685, 33220, 5095, 32669, 57665, 87461, 23705, 23892, 79569, 25099, 22463, 6825, 87678, 12700, 8086, 18347, 2080, 81725, 1743, 21695, 98864, 601, 27012, 26238, 83756, 20196, 9283, 37922, 9584, 31059, 69305, 33408, 87700, 5472, 17218, 94029, 30946, 42707, 26938, 23929, 42631, 58629, 82345, 34078, 27640, 26857, 52482, 1908, 53363, 57718, 53277, 60874, 47192, 65156, 64324, 98908, 18086, 34571, 80780, 21654, 13015, 54185, 65778, 82905, 54333, 16295, 29750, 10179, 8498, 41149, 76875, 75817, 52840, 36350, 67047, 80721, 50387, 89921, 76598, 79179, 69374, 34188, 84323, 90189, 80063, 75353, 58141, 98604, 61869, 50914, 95998, 60953, 31372, 32800, 20253, 10965, 57825, 30921, 72002, 23478, 52144, 74671, 49790, 35369, 96851, 96268, 91735, 26265, 71492, 35041, 22667, 85381, 87967, 56897, 37761, 44123, 52620, 81795, 86745, 6668, 71796, 22328, 50981, 1304, 65894, 39334, 28965, 37736, 33502, 94725, 98644, 29317, 28672, 49720, 92944, 79154, 30886, 83581, 56853, 86563, 45680, 29702, 43297, 89488, 55541, 95711, 64055, 55857, 75831, 20915, 33733, 41601, 40608, 13946, 42643, 60946, 78379, 66893, 47265, 47663, 96044, 31575, 23271, 29732, 18765, 73934, 86595, 19623, 58152, 23341, 42797, 82035, 84610, 84617, 26296, 48384, 7808, 85181, 83581, 85225, 34491, 3068, 83145, 63958, 59227, 71005, 79763, 19625, 78522, 84816, 70026, 30736, 71763, 20974, 85431, 42194, 51257, 95945, 87370, 84376, 7316, 96397, 73523, 45377, 38170, 929, 19455, 92318, 44476, 31469, 69802, 39812, 96151, 1351, 97970, 67167, 69990, 20536, 43930, 89552, 7692, 94070, 25734, 2163, 89653, 41361, 65843, 55026, 76161, 33606, 7726, 57770, 26583, 72401, 4290, 24460, 59579, 28419, 26896, 42516, 11149, 32412, 43883, 76759, 72953, 63003, 29642, 79399, 49163, 14266, 55493, 15592, 19124, 64343, 71700, 16518, 77843, 61244, 80217, 51694, 11787, 24162, 70922, 1802, 19601, 58039, 19725, 17982, 7030, 87818, 81146, 64592, 10711, 8313, 80311, 12180, 49490, 79809, 96851, 93114, 19741, 87950, 3665, 43498, 8117, 64, 90216, 51752, 43265, 1055, 25064, 4579, 20591, 64262, 8289, 34540, 9038, 32463, 95965, 3202, 36219, 54773, 36301, 21802, 67750, 14517, 59282, 15980, 432, 86613, 99020, 91465, 77787, 78248, 48946, 57777, 58757, 97167, 43438, 57904, 2014, 13213, 67388, 10589, 17904, 46813, 71128, 52635, 3372, 7022, 6285, 13222, 36250, 40728, 91163, 35142, 11502, 89851, 62932, 77460, 96657, 21864, 99883, 81995, 74277, 60986, 50282, 74931, 46950, 5360, 53700, 31843, 59827, 47670, 32934, 30419, 79491, 57514, 74807, 23996, 53538, 62864, 15792, 27971, 79999, 4588, 61344, 72986, 76402, 5098, 58305, 25903, 32899, 85790, 91428, 60548, 56234, 39548, 43974, 98619, 77439, 15993, 73803, 83604, 25519, 18459, 20066, 25903, 97967, 33677, 7371, 6, 36499, 11324, 1243, 39947, 55479, 70470, 34082, 56050, 29544, 54987, 62746, 66607, 80357, 49628, 67933, 33670, 28091, 66945, 50534, 26141, 53322, 91035, 77729, 27580, 46478, 28257, 47427, 93318, 56880, 30918, 94174, 58362, 78991, 44614, 79630, 30263, 11791, 42548, 14198, 37648, 38023, 21220, 21014, 7344, 63974, 96287, 17660, 60202, 79326, 52006, 11171, 66690, 12255, 20285, 10423, 55277, 57487, 11691, 54689, 5652, 76519, 3461, 69755, 64707, 16312, 16295, 40601, 70148, 36176, 16065, 40040, 14183, 24121, 47242, 22032, 11279, 3191, 76223, 38556, 49976, 63279, 28556, 9220, 29217, 76607, 75006, 23148, 76606, 47161, 35794, 52195, 48659, 92402, 6526, 92368, 4935, 12370, 31129, 9968, 86963, 31409, 47029, 77066, 80727, 15785, 15932, 83533, 62000, 17471, 96923, 65812, 20445, 91749, 85889, 26308, 19486, 21715, 34331, 93146, 59506, 57820, 30428, 93243, 92765, 52847, 89535, 66389, 58839, 4150, 25361, 82879, 61511, 68281, 78697, 78403, 87273, 13980, 42687, 23918, 63683, 41580, 73250, 59609, 11414, 2509, 70598, 74474, 19451, 16064, 20767, 90079, 93316, 16483, 26688, 1007, 58343, 58155, 21038, 71715, 57917, 41869, 25781, 18714, 67682, 93754, 85684, 10313, 1573, 45762, 94524, 35755, 32943, 71827, 71670, 16558, 24105, 60194, 63460, 52030, 70450, 68115, 37170, 74590, 45567, 54629, 5725, 85172, 61417, 54506, 78169, 92443, 94152, 97286, 90729, 98431, 21923, 91806, 91215, 9539, 25283, 88955, 21992, 43568, 39295, 10889, 20789, 56007, 943, 72855, 76942, 8942, 7759, 97777, 37307, 60206, 47127, 31059, 56075, 49075, 27392, 83476, 56280, 34162, 34476, 2995, 89626, 72491, 10343, 77379, 88390, 46151, 52405, 17849, 67616, 60968, 77448, 3012, 11905, 89855, 55382, 1710, 27710, 13838, 56579, 51865, 18942, 52511, 18314, 17423, 62667, 73550, 27356, 31707, 24937, 85986, 41982, 29792, 51747, 77050, 33505, 87200, 35919, 25026, 57877, 33854, 14431, 62602, 44937, 83542, 26581, 41702, 40546, 83724, 57348, 95648, 17217, 81032, 51333, 62479, 95232, 68193, 19337, 54406, 7241, 84508, 31853, 36337, 97444, 6715, 84142, 14143, 29646, 61418, 46691, 91055, 95261, 21607, 49389, 87440, 53345, 41371, 1669, 16850, 18440, 60983, 69600, 53625, 40097, 54633, 9055, 65860, 3054, 54468, 13994, 50399, 96381, 93456, 37386, 12374, 72359, 13808, 91360, 1863, 60158, 8379, 60424, 44909, 64466, 68566, 65812, 52188, 94818]})"
163.0,7,30,23,15.981260538101196,40003,"Genotype(dna={""<class 'abc.NT_0017'>"": [0, 1863], ""<class 'abc.NT_0017_P_00000'>"": [], ""<class 'abc.NT_0001'>"": [2, 2, 2, 2, 0, 1, 68566], ""<class 'abc.NT_0001_P_00000'>"": [], ""<class 'bool'>"": [46023, 35570, 21927, 89906, 64826, 47769, 23648, 93816, 7134, 59416, 20134, 85082, 87339, 47436, 78194, 44410, 60665, 3649, 46405, 50242, 42523, 55047, 79213, 55354, 94818], ""<class 'abc.NT_0000'>"": [1, 2, 6, 0, 0, 0, 0, 37022, 5, 2, 0, 97444, 3, 1, 0, 2, 2, 0, 74373, 6, 1, 0, 2, 0, 0, 65812], ""<class 'abc.NT_0000_P_00000'>"": [], ""<class 'int'>"": [51614, 94798, 32226, 59354, 52526, 36031, 85748, 91268, 99322, 97017, 68614, 93746, 6702, 40963, 41597, 92372, 37369, 45498, 58460, 83038, 87308, 60118, 78957, 45108, 49224, 50662, 40359, 78500, 26079, 62592, 24095, 76033, 80107, 93531, 89661, 93789, 65992, 90578, 58941, 10735, 60856, 12770, 31198, 52188], ""<class 'abc.NT_0000_P_00001'>"": [], ""<class 'abc.NT_0000_P_00002'>"": [], ""<class 'abc.NT_0000_P_00003'>"": [], ""<class 'abc.NT_0000_P_00004'>"": [], ""<class 'abc.NT_0000_P_00005'>"": [], ""<class 'abc.NT_0000_P_00006'>"": [], ""<class 'abc.NT_0001_P_00001'>"": [], ""<class 'abc.NT_0001_P_00002'>"": [], ""<class 'abc.NT_0001_P_00003'>"": [], ""<class 'abc.NT_0001_P_00004'>"": [], ""<class 'abc.NT_0005'>"": [2, 8379], ""<class 'abc.NT_0005_P_00000'>"": [], ""<class 'abc.NT_0003'>"": [0, 0, 2, 73361], ""<class 'abc.NT_0003_P_00000'>"": [], ""<class 'abc.NT_0002'>"": [3, 1, 2, 3, 2, 82496], ""<class 'abc.NT_0002_P_00000'>"": [], ""<class 'abc.NT_0002_P_00001'>"": [], ""<class 'abc.NT_0002_P_00002'>"": [], ""<class 'abc.NT_0002_P_00003'>"": [], ""<class 'abc.NT_0002_P_00004'>"": [], ""<class 'abc.NT_0003_P_00001'>"": [], ""<class 'abc.NT_0003_P_00002'>"": [], ""<class 'abc.NT_0004'>"": [0, 60424], ""<class 'abc.NT_0004_P_00000'>"": [], ""<class 'abc.NT_0004_P_00001'>"": [], ""<class 'abc.NT_0005_P_00001'>"": [], ""<class 'abc.NT_0005_P_00002'>"": [], ""<class 'abc.NT_0011'>"": [], ""<class 'abc.NT_0011_P_00000'>"": [], ""<class 'abc.NT_0017_P_00001'>"": [], ""<class 'abc.NT_0012'>"": [0, 60158], ""<class 'abc.NT_0012_P_00000'>"": [], ""<class 'abc.NT_0010'>"": [], ""<class 'abc.NT_0010_P_00000'>"": [], ""<class 'abc.NT_0009'>"": [], ""<class 'abc.NT_0009_P_00000'>"": [], ""<class 'abc.NT_0008'>"": [], ""<class 'abc.NT_0008_P_00000'>"": [], ""<class 'abc.NT_0006'>"": [], ""<class 'abc.NT_0006_P_00000'>"": [], ""<class 'abc.NT_0008_P_00001'>"": [], ""<class 'abc.NT_0008_P_00002'>"": [], ""<class 'abc.NT_0008_P_00003'>"": [], ""<class 'abc.NT_0008_P_00004'>"": [], ""<class 'abc.NT_0007'>"": [], ""<class 'abc.NT_0007_P_00000'>"": [], ""<class 'abc.NT_0007_P_00001'>"": [], ""<class 'abc.NT_0007_P_00002'>"": [], ""<class 'abc.NT_0009_P_00001'>"": [], ""<class 'abc.NT_0010_P_00001'>"": [], ""<class 'abc.NT_0010_P_00002'>"": [], ""<class 'abc.NT_0012_P_00001'>"": [], ""<class 'abc.NT_0012_P_00002'>"": [], '$leftovers': [24110, 33409, 84800, 52930, 73355, 35471, 40030, 9296, 20749, 33075, 49628, 11537, 15, 90830, 51946, 20435, 67193, 37276, 25620, 25545, 23848, 32840, 79736, 6117, 22259, 57571, 60709, 16020, 90131, 83681, 49236, 19740, 96719, 28286, 96500, 25056, 2425, 4606, 76743, 50141, 80972, 89178, 58155, 60076, 20023, 49957, 78859, 71701, 63157, 51036, 27194, 57618, 41826, 72622, 26518, 13650, 37174, 65866, 51535, 26693, 46306, 18622, 78957, 96794, 12749, 98789, 43609, 19799, 33366, 8952, 34480, 94159, 44897, 75759, 82931, 16277, 14916, 72994, 49309, 70538, 2034, 42550, 91026, 7880, 3338, 60131, 98080, 28093, 32900, 15622, 26775, 29552, 32342, 14515, 36096, 41783, 62811, 37254, 75355, 63411, 75272, 23694, 84310, 71082, 79212, 33588, 90706, 48187, 31189, 88482, 9367, 56255, 79617, 1270, 55560, 26203, 26155, 40545, 15484, 55048, 21590, 6079, 95713, 42042, 7599, 11012, 10867, 6326, 4226, 36219, 64167, 95573, 17592, 32396, 33047, 42672, 14688, 56724, 34006, 26116, 19739, 92564, 32446, 49106, 86197, 89608, 29620, 89318, 4676, 30220, 92140, 82233, 42586, 84937, 67832, 88616, 54115, 36688, 72537, 89206, 19927, 60142, 31365, 9503, 17153, 77426, 27373, 71618, 24526, 11066, 35200, 85609, 149, 12686, 31762, 76331, 79662, 42034, 4753, 45093, 9160, 29879, 54031, 81574, 52405, 74338, 45103, 97062, 38418, 65500, 83214, 33515, 71498, 84236, 27012, 42946, 15648, 18758, 74221, 18239, 86131, 1230, 2760, 87805, 47794, 89910, 39873, 11161, 88967, 57997, 33988, 52998, 11574, 11690, 91965, 60505, 6728, 20304, 66663, 21797, 36314, 23383, 77728, 66566, 30573, 81589, 35200, 85889, 50823, 87892, 82732, 87939, 51151, 25364, 57741, 65481, 95697, 91763, 24126, 50698, 89794, 21082, 38556, 8845, 86758, 95312, 40982, 27576, 22409, 10764, 59686, 42374, 46705, 20305, 91930, 20443, 55812, 94550, 17871, 37347, 86111, 91872, 76531, 97561, 22247, 70828, 10031, 86871, 3457, 34403, 47195, 55824, 77269, 2312, 23015, 10509, 90685, 33220, 5095, 32669, 57665, 87461, 23705, 23892, 79569, 25099, 22463, 6825, 87678, 12700, 8086, 18347, 2080, 81725, 1743, 21695, 98864, 601, 27012, 26238, 83756, 20196, 9283, 37922, 9584, 31059, 69305, 33408, 87700, 5472, 17218, 94029, 30946, 42707, 26938, 23929, 42631, 58629, 82345, 34078, 27640, 26857, 52482, 1908, 53363, 57718, 53277, 60874, 47192, 65156, 64324, 98908, 18086, 34571, 80780, 21654, 13015, 54185, 65778, 82905, 54333, 16295, 29750, 10179, 8498, 41149, 76875, 75817, 52840, 36350, 67047, 80721, 50387, 89921, 76598, 79179, 69374, 34188, 84323, 90189, 80063, 75353, 58141, 98604, 61869, 50914, 95998, 60953, 31372, 32800, 20253, 10965, 57825, 30921, 72002, 23478, 52144, 74671, 49790, 35369, 96851, 96268, 91735, 26265, 71492, 35041, 22667, 85381, 87967, 56897, 37761, 44123, 52620, 81795, 86745, 6668, 71796, 22328, 50981, 1304, 65894, 39334, 28965, 37736, 33502, 94725, 98644, 29317, 28672, 49720, 92944, 79154, 30886, 83581, 56853, 86563, 45680, 29702, 43297, 89488, 55541, 95711, 64055, 55857, 75831, 20915, 33733, 41601, 40608, 13946, 42643, 60946, 78379, 66893, 47265, 47663, 96044, 31575, 23271, 29732, 18765, 73934, 86595, 19623, 58152, 23341, 42797, 82035, 84610, 84617, 26296, 48384, 7808, 85181, 83581, 85225, 34491, 3068, 83145, 63958, 59227, 71005, 79763, 19625, 78522, 84816, 70026, 30736, 71763, 20974, 85431, 42194, 51257, 95945, 87370, 84376, 7316, 96397, 73523, 45377, 38170, 929, 19455, 92318, 44476, 31469, 69802, 39812, 96151, 1351, 97970, 67167, 69990, 20536, 43930, 89552, 7692, 94070, 25734, 2163, 89653, 41361, 65843, 55026, 76161, 33606, 7726, 57770, 26583, 72401, 4290, 24460, 59579, 28419, 26896, 42516, 11149, 32412, 43883, 76759, 72953, 63003, 29642, 79399, 49163, 14266, 55493, 15592, 19124, 64343, 71700, 16518, 77843, 61244, 80217, 51694, 11787, 24162, 70922, 1802, 19601, 58039, 19725, 17982, 7030, 87818, 81146, 64592, 10711, 8313, 80311, 12180, 49490, 79809, 96851, 93114, 19741, 87950, 3665, 43498, 8117, 64, 90216, 51752, 43265, 1055, 25064, 4579, 20591, 64262, 8289, 34540, 9038, 32463, 95965, 3202, 36219, 54773, 36301, 21802, 67750, 14517, 59282, 15980, 432, 86613, 99020, 91465, 77787, 78248, 48946, 57777, 58757, 97167, 43438, 57904, 2014, 13213, 67388, 10589, 17904, 46813, 71128, 52635, 3372, 7022, 6285, 13222, 36250, 40728, 91163, 35142, 11502, 89851, 62932, 77460, 96657, 21864, 99883, 81995, 74277, 60986, 50282, 74931, 46950, 5360, 53700, 31843, 59827, 47670, 32934, 30419, 79491, 57514, 74807, 23996, 53538, 62864, 15792, 27971, 79999, 4588, 61344, 72986, 76402, 5098, 58305, 25903, 32899, 85790, 91428, 60548, 56234, 39548, 43974, 98619, 77439, 15993, 73803, 83604, 25519, 18459, 20066, 25903, 97967, 33677, 7371, 6, 36499, 11324, 1243, 39947, 55479, 70470, 34082, 56050, 29544, 54987, 62746, 66607, 80357, 49628, 67933, 33670, 28091, 66945, 50534, 26141, 53322, 91035, 77729, 27580, 46478, 28257, 47427, 93318, 56880, 30918, 94174, 58362, 78991, 44614, 79630, 30263, 11791, 42548, 14198, 37648, 38023, 21220, 21014, 7344, 63974, 96287, 17660, 60202, 79326, 52006, 11171, 66690, 12255, 20285, 10423, 55277, 57487, 11691, 54689, 5652, 76519, 3461, 69755, 64707, 16312, 16295, 40601, 70148, 36176, 16065, 40040, 14183, 24121, 47242, 22032, 11279, 3191, 76223, 38556, 49976, 63279, 28556, 9220, 29217, 76607, 75006, 23148, 76606, 47161, 35794, 52195, 48659, 92402, 6526, 92368, 4935, 12370, 31129, 9968, 86963, 31409, 47029, 77066, 80727, 15785, 15932, 83533, 62000, 17471, 96923, 65812, 20445, 91749, 85889, 26308, 19486, 21715, 34331, 93146, 59506, 57820, 30428, 93243, 92765, 52847, 89535, 66389, 58839, 4150, 25361, 82879, 61511, 68281, 78697, 78403, 87273, 13980, 42687, 23918, 63683, 41580, 73250, 59609, 11414, 2509, 70598, 74474, 19451, 16064, 20767, 90079, 93316, 16483, 26688, 1007, 58343, 58155, 21038, 71715, 57917, 41869, 25781, 18714, 67682, 93754, 85684, 10313, 1573, 45762, 94524, 35755, 32943, 71827, 71670, 16558, 24105, 60194, 63460, 52030, 70450, 68115, 37170, 74590, 45567, 54629, 5725, 85172, 61417, 54506, 78169, 92443, 94152, 97286, 90729, 98431, 21923, 91806, 91215, 9539, 25283, 88955, 21992, 43568, 39295, 10889, 20789, 56007, 943, 72855, 76942, 8942, 7759, 97777, 37307, 60206, 47127, 31059, 56075, 49075, 27392, 83476, 56280, 34162, 34476, 2995, 89626, 72491, 10343, 77379, 88390, 46151, 52405, 17849, 67616, 60968, 77448, 3012, 11905, 89855, 55382, 1710, 27710, 13838, 56579, 51865, 18942, 52511, 18314, 17423, 62667, 73550, 27356, 31707, 24937, 85986, 41982, 29792, 51747, 77050, 33505, 87200, 35919, 25026, 57877, 33854, 14431, 62602, 44937, 83542, 26581, 41702, 40546, 83724, 57348, 95648, 17217, 81032, 51333, 62479, 95232, 68193, 19337, 54406, 7241, 84508, 31853, 36337, 97444, 6715, 84142, 14143, 29646, 61418, 46691, 91055, 95261, 21607, 49389, 87440, 53345, 41371, 1669, 16850, 18440, 60983, 69600, 53625, 40097, 54633, 9055, 65860, 3054, 54468, 13994, 50399, 96381, 93456, 37386, 12374, 72359, 13808, 91360, 1863, 60158, 8379, 60424, 44909, 64466, 68566, 65812, 52188, 94818]})"
154.0,7,30,24,16.349502086639404,40003,"Genotype(dna={""<class 'abc.NT_0017'>"": [0, 1863], ""<class 'abc.NT_0017_P_00000'>"": [], ""<class 'abc.NT_0001'>"": [2, 2, 2, 2, 0, 1, 68566], ""<class 'abc.NT_0001_P_00000'>"": [], ""<class 'bool'>"": [14381, 35570, 63294, 24472, 64826, 47769, 23648, 93816, 7134, 59416, 20134, 85082, 87339, 98849, 78194, 44410, 60665, 3649, 34263, 50242, 42523, 55047, 79213, 55354, 94818], ""<class 'abc.NT_0000'>"": [1, 2, 6, 0, 0, 0, 0, 37022, 5, 2, 0, 97444, 3, 1, 0, 2, 2, 0, 74373, 6, 1, 0, 2, 0, 0, 65812], ""<class 'abc.NT_0000_P_00000'>"": [], ""<class 'int'>"": [51614, 94798, 78987, 59354, 52526, 70159, 85748, 91268, 99322, 97017, 68614, 93746, 6702, 40963, 41597, 92372, 37369, 45498, 58460, 83038, 87308, 60118, 78957, 45108, 40727, 50662, 40359, 78500, 26079, 62592, 24095, 76033, 80107, 93531, 89661, 93789, 24483, 31350, 86486, 10735, 60856, 12770, 13650, 52188], ""<class 'abc.NT_0000_P_00001'>"": [], ""<class 'abc.NT_0000_P_00002'>"": [], ""<class 'abc.NT_0000_P_00003'>"": [], ""<class 'abc.NT_0000_P_00004'>"": [], ""<class 'abc.NT_0000_P_00005'>"": [], ""<class 'abc.NT_0000_P_00006'>"": [], ""<class 'abc.NT_0001_P_00001'>"": [], ""<class 'abc.NT_0001_P_00002'>"": [], ""<class 'abc.NT_0001_P_00003'>"": [], ""<class 'abc.NT_0001_P_00004'>"": [], ""<class 'abc.NT_0005'>"": [2, 8379], ""<class 'abc.NT_0005_P_00000'>"": [], ""<class 'abc.NT_0003'>"": [0, 0, 2, 44909], ""<class 'abc.NT_0003_P_00000'>"": [], ""<class 'abc.NT_0002'>"": [3, 1, 2, 3, 2, 64466], ""<class 'abc.NT_0002_P_00000'>"": [], ""<class 'abc.NT_0002_P_00001'>"": [], ""<class 'abc.NT_0002_P_00002'>"": [], ""<class 'abc.NT_0002_P_00003'>"": [], ""<class 'abc.NT_0002_P_00004'>"": [], ""<class 'abc.NT_0003_P_00001'>"": [], ""<class 'abc.NT_0003_P_00002'>"": [], ""<class 'abc.NT_0004'>"": [0, 60424], ""<class 'abc.NT_0004_P_00000'>"": [], ""<class 'abc.NT_0004_P_00001'>"": [], ""<class 'abc.NT_0005_P_00001'>"": [], ""<class 'abc.NT_0005_P_00002'>"": [], ""<class 'abc.NT_0011'>"": [], ""<class 'abc.NT_0011_P_00000'>"": [], ""<class 'abc.NT_0017_P_00001'>"": [], ""<class 'abc.NT_0012'>"": [0, 60158], ""<class 'abc.NT_0012_P_00000'>"": [], ""<class 'abc.NT_0010'>"": [], ""<class 'abc.NT_0010_P_00000'>"": [], ""<class 'abc.NT_0009'>"": [], ""<class 'abc.NT_0009_P_00000'>"": [], ""<class 'abc.NT_0008'>"": [], ""<class 'abc.NT_0008_P_00000'>"": [], ""<class 'abc.NT_0006'>"": [], ""<class 'abc.NT_0006_P_00000'>"": [], ""<class 'abc.NT_0008_P_00001'>"": [], ""<class 'abc.NT_0008_P_00002'>"": [], ""<class 'abc.NT_0008_P_00003'>"": [], ""<class 'abc.NT_0008_P_00004'>"": [], ""<class 'abc.NT_0007'>"": [], ""<class 'abc.NT_0007_P_00000'>"": [], ""<class 'abc.NT_0007_P_00001'>"": [], ""<class 'abc.NT_0007_P_00002'>"": [], ""<class 'abc.NT_0009_P_00001'>"": [], ""<class 'abc.NT_0010_P_00001'>"": [], ""<class 'abc.NT_0010_P_00002'>"": [], ""<class 'abc.NT_0012_P_00001'>"": [], ""<class 'abc.NT_0012_P_00002'>"": [], '$leftovers': [24110, 33409, 84800, 52930, 73355, 35471, 40030, 9296, 20749, 33075, 49628, 11537, 15, 90830, 51946, 20435, 67193, 37276, 25620, 25545, 23848, 32840, 79736, 6117, 22259, 57571, 60709, 16020, 90131, 83681, 49236, 19740, 96719, 28286, 96500, 25056, 2425, 4606, 76743, 50141, 80972, 89178, 58155, 60076, 20023, 49957, 78859, 71701, 63157, 51036, 27194, 57618, 41826, 72622, 26518, 13650, 37174, 65866, 51535, 26693, 46306, 18622, 78957, 96794, 12749, 98789, 43609, 19799, 33366, 8952, 34480, 94159, 44897, 75759, 82931, 16277, 14916, 72994, 49309, 70538, 2034, 42550, 91026, 7880, 3338, 60131, 98080, 28093, 32900, 15622, 26775, 29552, 32342, 14515, 36096, 41783, 62811, 37254, 75355, 63411, 75272, 23694, 84310, 71082, 79212, 33588, 90706, 48187, 31189, 88482, 9367, 56255, 79617, 1270, 55560, 26203, 26155, 40545, 15484, 55048, 21590, 6079, 95713, 42042, 7599, 11012, 10867, 6326, 4226, 36219, 64167, 95573, 17592, 32396, 33047, 42672, 14688, 56724, 34006, 26116, 19739, 92564, 32446, 49106, 86197, 89608, 29620, 89318, 4676, 30220, 92140, 82233, 42586, 84937, 67832, 88616, 54115, 36688, 72537, 89206, 19927, 60142, 31365, 9503, 17153, 77426, 27373, 71618, 24526, 11066, 35200, 85609, 149, 12686, 31762, 76331, 79662, 42034, 4753, 45093, 9160, 29879, 54031, 81574, 52405, 74338, 45103, 97062, 38418, 65500, 83214, 33515, 71498, 84236, 27012, 42946, 15648, 18758, 74221, 18239, 86131, 1230, 2760, 87805, 47794, 89910, 39873, 11161, 88967, 57997, 33988, 52998, 11574, 11690, 91965, 60505, 6728, 20304, 66663, 21797, 36314, 23383, 77728, 66566, 30573, 81589, 35200, 85889, 50823, 87892, 82732, 87939, 51151, 25364, 57741, 65481, 95697, 91763, 24126, 50698, 89794, 21082, 38556, 8845, 86758, 95312, 40982, 27576, 22409, 10764, 59686, 42374, 46705, 20305, 91930, 20443, 55812, 94550, 17871, 37347, 86111, 91872, 76531, 97561, 22247, 70828, 10031, 86871, 3457, 34403, 47195, 55824, 77269, 2312, 23015, 10509, 90685, 33220, 5095, 32669, 57665, 87461, 23705, 23892, 79569, 25099, 22463, 6825, 87678, 12700, 8086, 18347, 2080, 81725, 1743, 21695, 98864, 601, 27012, 26238, 83756, 20196, 9283, 37922, 9584, 31059, 69305, 33408, 87700, 5472, 17218, 94029, 30946, 42707, 26938, 23929, 42631, 58629, 82345, 34078, 27640, 26857, 52482, 1908, 53363, 57718, 53277, 60874, 47192, 65156, 64324, 98908, 18086, 34571, 80780, 21654, 13015, 54185, 65778, 82905, 54333, 16295, 29750, 10179, 8498, 41149, 76875, 75817, 52840, 36350, 67047, 80721, 50387, 89921, 76598, 79179, 69374, 34188, 84323, 90189, 80063, 75353, 58141, 98604, 61869, 50914, 95998, 60953, 31372, 32800, 20253, 10965, 57825, 30921, 72002, 23478, 52144, 74671, 49790, 35369, 96851, 96268, 91735, 26265, 71492, 35041, 22667, 85381, 87967, 56897, 37761, 44123, 52620, 81795, 86745, 6668, 71796, 22328, 50981, 1304, 65894, 39334, 28965, 37736, 33502, 94725, 98644, 29317, 28672, 49720, 92944, 79154, 30886, 83581, 56853, 86563, 45680, 29702, 43297, 89488, 55541, 95711, 64055, 55857, 75831, 20915, 33733, 41601, 40608, 13946, 42643, 60946, 78379, 66893, 47265, 47663, 96044, 31575, 23271, 29732, 18765, 73934, 86595, 19623, 58152, 23341, 42797, 82035, 84610, 84617, 26296, 48384, 7808, 85181, 83581, 85225, 34491, 3068, 83145, 63958, 59227, 71005, 79763, 19625, 78522, 84816, 70026, 30736, 71763, 20974, 85431, 42194, 51257, 95945, 87370, 84376, 7316, 96397, 73523, 45377, 38170, 929, 19455, 92318, 44476, 31469, 69802, 39812, 96151, 1351, 97970, 67167, 69990, 20536, 43930, 89552, 7692, 94070, 25734, 2163, 89653, 41361, 65843, 55026, 76161, 33606, 7726, 57770, 26583, 72401, 4290, 24460, 59579, 28419, 26896, 42516, 11149, 32412, 43883, 76759, 72953, 63003, 29642, 79399, 49163, 14266, 55493, 15592, 19124, 64343, 71700, 16518, 77843, 61244, 80217, 51694, 11787, 24162, 70922, 1802, 19601, 58039, 19725, 17982, 7030, 87818, 81146, 64592, 10711, 8313, 80311, 12180, 49490, 79809, 96851, 93114, 19741, 87950, 3665, 43498, 8117, 64, 90216, 51752, 43265, 1055, 25064, 4579, 20591, 64262, 8289, 34540, 9038, 32463, 95965, 3202, 36219, 54773, 36301, 21802, 67750, 14517, 59282, 15980, 432, 86613, 99020, 91465, 77787, 78248, 48946, 57777, 58757, 97167, 43438, 57904, 2014, 13213, 67388, 10589, 17904, 46813, 71128, 52635, 3372, 7022, 6285, 13222, 36250, 40728, 91163, 35142, 11502, 89851, 62932, 77460, 96657, 21864, 99883, 81995, 74277, 60986, 50282, 74931, 46950, 5360, 53700, 31843, 59827, 47670, 32934, 30419, 79491, 57514, 74807, 23996, 53538, 62864, 15792, 27971, 79999, 4588, 61344, 72986, 76402, 5098, 58305, 25903, 32899, 85790, 91428, 60548, 56234, 39548, 43974, 98619, 77439, 15993, 73803, 83604, 25519, 18459, 20066, 25903, 97967, 33677, 7371, 6, 36499, 11324, 1243, 39947, 55479, 70470, 34082, 56050, 29544, 54987, 62746, 66607, 80357, 49628, 67933, 33670, 28091, 66945, 50534, 26141, 53322, 91035, 77729, 27580, 46478, 28257, 47427, 93318, 56880, 30918, 94174, 58362, 78991, 44614, 79630, 30263, 11791, 42548, 14198, 37648, 38023, 21220, 21014, 7344, 63974, 96287, 17660, 60202, 79326, 52006, 11171, 66690, 12255, 20285, 10423, 55277, 57487, 11691, 54689, 5652, 76519, 3461, 69755, 64707, 16312, 16295, 40601, 70148, 36176, 16065, 40040, 14183, 24121, 47242, 22032, 11279, 3191, 76223, 38556, 49976, 63279, 28556, 9220, 29217, 76607, 75006, 23148, 76606, 47161, 35794, 52195, 48659, 92402, 6526, 92368, 4935, 12370, 31129, 9968, 86963, 31409, 47029, 77066, 80727, 15785, 15932, 83533, 62000, 17471, 96923, 65812, 20445, 91749, 85889, 26308, 19486, 21715, 34331, 93146, 59506, 57820, 30428, 93243, 92765, 52847, 89535, 66389, 58839, 4150, 25361, 82879, 61511, 68281, 78697, 78403, 87273, 13980, 42687, 23918, 63683, 41580, 73250, 59609, 11414, 2509, 70598, 74474, 19451, 16064, 20767, 90079, 93316, 16483, 26688, 1007, 58343, 58155, 21038, 71715, 57917, 41869, 25781, 18714, 67682, 93754, 85684, 10313, 1573, 45762, 94524, 35755, 32943, 71827, 71670, 16558, 24105, 60194, 63460, 52030, 70450, 68115, 37170, 74590, 45567, 54629, 5725, 85172, 61417, 54506, 78169, 92443, 94152, 97286, 90729, 98431, 21923, 91806, 91215, 9539, 25283, 88955, 21992, 43568, 39295, 10889, 20789, 56007, 943, 72855, 76942, 8942, 7759, 97777, 37307, 60206, 47127, 31059, 56075, 49075, 27392, 83476, 56280, 34162, 34476, 2995, 89626, 72491, 10343, 77379, 88390, 46151, 52405, 17849, 67616, 60968, 77448, 3012, 11905, 89855, 55382, 1710, 27710, 13838, 56579, 51865, 18942, 52511, 18314, 17423, 62667, 73550, 27356, 31707, 24937, 85986, 41982, 29792, 51747, 77050, 33505, 87200, 35919, 25026, 57877, 33854, 14431, 62602, 44937, 83542, 26581, 41702, 40546, 83724, 57348, 95648, 17217, 81032, 51333, 62479, 95232, 68193, 19337, 54406, 7241, 84508, 31853, 36337, 97444, 6715, 84142, 14143, 29646, 61418, 46691, 91055, 95261, 21607, 49389, 87440, 53345, 41371, 1669, 16850, 18440, 60983, 69600, 53625, 40097, 54633, 9055, 65860, 3054, 54468, 13994, 50399, 96381, 93456, 37386, 12374, 72359, 13808, 91360, 1863, 60158, 8379, 60424, 44909, 64466, 68566, 65812, 52188, 94818]})"
154.0,7,30,25,16.975776433944702,40003,"Genotype(dna={""<class 'abc.NT_0017'>"": [0, 1863], ""<class 'abc.NT_0017_P_00000'>"": [], ""<class 'abc.NT_0001'>"": [2, 2, 2, 2, 0, 1, 68566], ""<class 'abc.NT_0001_P_00000'>"": [], ""<class 'bool'>"": [14381, 35570, 63294, 24472, 64826, 47769, 23648, 93816, 7134, 59416, 20134, 85082, 87339, 98849, 78194, 44410, 60665, 3649, 34263, 50242, 42523, 55047, 79213, 55354, 94818], ""<class 'abc.NT_0000'>"": [1, 2, 6, 0, 0, 0, 0, 37022, 5, 2, 0, 97444, 3, 1, 0, 2, 2, 0, 74373, 6, 1, 0, 2, 0, 0, 65812], ""<class 'abc.NT_0000_P_00000'>"": [], ""<class 'int'>"": [51614, 94798, 78987, 59354, 52526, 70159, 85748, 91268, 99322, 97017, 68614, 93746, 6702, 40963, 41597, 92372, 37369, 45498, 58460, 83038, 87308, 60118, 78957, 45108, 40727, 50662, 40359, 78500, 26079, 62592, 24095, 76033, 80107, 93531, 89661, 93789, 24483, 31350, 86486, 10735, 60856, 12770, 13650, 52188], ""<class 'abc.NT_0000_P_00001'>"": [], ""<class 'abc.NT_0000_P_00002'>"": [], ""<class 'abc.NT_0000_P_00003'>"": [], ""<class 'abc.NT_0000_P_00004'>"": [], ""<class 'abc.NT_0000_P_00005'>"": [], ""<class 'abc.NT_0000_P_00006'>"": [], ""<class 'abc.NT_0001_P_00001'>"": [], ""<class 'abc.NT_0001_P_00002'>"": [], ""<class 'abc.NT_0001_P_00003'>"": [], ""<class 'abc.NT_0001_P_00004'>"": [], ""<class 'abc.NT_0005'>"": [2, 8379], ""<class 'abc.NT_0005_P_00000'>"": [], ""<class 'abc.NT_0003'>"": [0, 0, 2, 44909], ""<class 'abc.NT_0003_P_00000'>"": [], ""<class 'abc.NT_0002'>"": [3, 1, 2, 3, 2, 64466], ""<class 'abc.NT_0002_P_00000'>"": [], ""<class 'abc.NT_0002_P_00001'>"": [], ""<class 'abc.NT_0002_P_00002'>"": [], ""<class 'abc.NT_0002_P_00003'>"": [], ""<class 'abc.NT_0002_P_00004'>"": [], ""<class 'abc.NT_0003_P_00001'>"": [], ""<class 'abc.NT_0003_P_00002'>"": [], ""<class 'abc.NT_0004'>"": [0, 60424], ""<class 'abc.NT_0004_P_00000'>"": [], ""<class 'abc.NT_0004_P_00001'>"": [], ""<class 'abc.NT_0005_P_00001'>"": [], ""<class 'abc.NT_0005_P_00002'>"": [], ""<class 'abc.NT_0011'>"": [], ""<class 'abc.NT_0011_P_00000'>"": [], ""<class 'abc.NT_0017_P_00001'>"": [], ""<class 'abc.NT_0012'>"": [0, 60158], ""<class 'abc.NT_0012_P_00000'>"": [], ""<class 'abc.NT_0010'>"": [], ""<class 'abc.NT_0010_P_00000'>"": [], ""<class 'abc.NT_0009'>"": [], ""<class 'abc.NT_0009_P_00000'>"": [], ""<class 'abc.NT_0008'>"": [], ""<class 'abc.NT_0008_P_00000'>"": [], ""<class 'abc.NT_0006'>"": [], ""<class 'abc.NT_0006_P_00000'>"": [], ""<class 'abc.NT_0008_P_00001'>"": [], ""<class 'abc.NT_0008_P_00002'>"": [], ""<class 'abc.NT_0008_P_00003'>"": [], ""<class 'abc.NT_0008_P_00004'>"": [], ""<class 'abc.NT_0007'>"": [], ""<class 'abc.NT_0007_P_00000'>"": [], ""<class 'abc.NT_0007_P_00001'>"": [], ""<class 'abc.NT_0007_P_00002'>"": [], ""<class 'abc.NT_0009_P_00001'>"": [], ""<class 'abc.NT_0010_P_00001'>"": [], ""<class 'abc.NT_0010_P_00002'>"": [], ""<class 'abc.NT_0012_P_00001'>"": [], ""<class 'abc.NT_0012_P_00002'>"": [], '$leftovers': [24110, 33409, 84800, 52930, 73355, 35471, 40030, 9296, 20749, 33075, 49628, 11537, 15, 90830, 51946, 20435, 67193, 37276, 25620, 25545, 23848, 32840, 79736, 6117, 22259, 57571, 60709, 16020, 90131, 83681, 49236, 19740, 96719, 28286, 96500, 25056, 2425, 4606, 76743, 50141, 80972, 89178, 58155, 60076, 20023, 49957, 78859, 71701, 63157, 51036, 27194, 57618, 41826, 72622, 26518, 13650, 37174, 65866, 51535, 26693, 46306, 18622, 78957, 96794, 12749, 98789, 43609, 19799, 33366, 8952, 34480, 94159, 44897, 75759, 82931, 16277, 14916, 72994, 49309, 70538, 2034, 42550, 91026, 7880, 3338, 60131, 98080, 28093, 32900, 15622, 26775, 29552, 32342, 14515, 36096, 41783, 62811, 37254, 75355, 63411, 75272, 23694, 84310, 71082, 79212, 33588, 90706, 48187, 31189, 88482, 9367, 56255, 79617, 1270, 55560, 26203, 26155, 40545, 15484, 55048, 21590, 6079, 95713, 42042, 7599, 11012, 10867, 6326, 4226, 36219, 64167, 95573, 17592, 32396, 33047, 42672, 14688, 56724, 34006, 26116, 19739, 92564, 32446, 49106, 86197, 89608, 29620, 89318, 4676, 30220, 92140, 82233, 42586, 84937, 67832, 88616, 54115, 36688, 72537, 89206, 19927, 60142, 31365, 9503, 17153, 77426, 27373, 71618, 24526, 11066, 35200, 85609, 149, 12686, 31762, 76331, 79662, 42034, 4753, 45093, 9160, 29879, 54031, 81574, 52405, 74338, 45103, 97062, 38418, 65500, 83214, 33515, 71498, 84236, 27012, 42946, 15648, 18758, 74221, 18239, 86131, 1230, 2760, 87805, 47794, 89910, 39873, 11161, 88967, 57997, 33988, 52998, 11574, 11690, 91965, 60505, 6728, 20304, 66663, 21797, 36314, 23383, 77728, 66566, 30573, 81589, 35200, 85889, 50823, 87892, 82732, 87939, 51151, 25364, 57741, 65481, 95697, 91763, 24126, 50698, 89794, 21082, 38556, 8845, 86758, 95312, 40982, 27576, 22409, 10764, 59686, 42374, 46705, 20305, 91930, 20443, 55812, 94550, 17871, 37347, 86111, 91872, 76531, 97561, 22247, 70828, 10031, 86871, 3457, 34403, 47195, 55824, 77269, 2312, 23015, 10509, 90685, 33220, 5095, 32669, 57665, 87461, 23705, 23892, 79569, 25099, 22463, 6825, 87678, 12700, 8086, 18347, 2080, 81725, 1743, 21695, 98864, 601, 27012, 26238, 83756, 20196, 9283, 37922, 9584, 31059, 69305, 33408, 87700, 5472, 17218, 94029, 30946, 42707, 26938, 23929, 42631, 58629, 82345, 34078, 27640, 26857, 52482, 1908, 53363, 57718, 53277, 60874, 47192, 65156, 64324, 98908, 18086, 34571, 80780, 21654, 13015, 54185, 65778, 82905, 54333, 16295, 29750, 10179, 8498, 41149, 76875, 75817, 52840, 36350, 67047, 80721, 50387, 89921, 76598, 79179, 69374, 34188, 84323, 90189, 80063, 75353, 58141, 98604, 61869, 50914, 95998, 60953, 31372, 32800, 20253, 10965, 57825, 30921, 72002, 23478, 52144, 74671, 49790, 35369, 96851, 96268, 91735, 26265, 71492, 35041, 22667, 85381, 87967, 56897, 37761, 44123, 52620, 81795, 86745, 6668, 71796, 22328, 50981, 1304, 65894, 39334, 28965, 37736, 33502, 94725, 98644, 29317, 28672, 49720, 92944, 79154, 30886, 83581, 56853, 86563, 45680, 29702, 43297, 89488, 55541, 95711, 64055, 55857, 75831, 20915, 33733, 41601, 40608, 13946, 42643, 60946, 78379, 66893, 47265, 47663, 96044, 31575, 23271, 29732, 18765, 73934, 86595, 19623, 58152, 23341, 42797, 82035, 84610, 84617, 26296, 48384, 7808, 85181, 83581, 85225, 34491, 3068, 83145, 63958, 59227, 71005, 79763, 19625, 78522, 84816, 70026, 30736, 71763, 20974, 85431, 42194, 51257, 95945, 87370, 84376, 7316, 96397, 73523, 45377, 38170, 929, 19455, 92318, 44476, 31469, 69802, 39812, 96151, 1351, 97970, 67167, 69990, 20536, 43930, 89552, 7692, 94070, 25734, 2163, 89653, 41361, 65843, 55026, 76161, 33606, 7726, 57770, 26583, 72401, 4290, 24460, 59579, 28419, 26896, 42516, 11149, 32412, 43883, 76759, 72953, 63003, 29642, 79399, 49163, 14266, 55493, 15592, 19124, 64343, 71700, 16518, 77843, 61244, 80217, 51694, 11787, 24162, 70922, 1802, 19601, 58039, 19725, 17982, 7030, 87818, 81146, 64592, 10711, 8313, 80311, 12180, 49490, 79809, 96851, 93114, 19741, 87950, 3665, 43498, 8117, 64, 90216, 51752, 43265, 1055, 25064, 4579, 20591, 64262, 8289, 34540, 9038, 32463, 95965, 3202, 36219, 54773, 36301, 21802, 67750, 14517, 59282, 15980, 432, 86613, 99020, 91465, 77787, 78248, 48946, 57777, 58757, 97167, 43438, 57904, 2014, 13213, 67388, 10589, 17904, 46813, 71128, 52635, 3372, 7022, 6285, 13222, 36250, 40728, 91163, 35142, 11502, 89851, 62932, 77460, 96657, 21864, 99883, 81995, 74277, 60986, 50282, 74931, 46950, 5360, 53700, 31843, 59827, 47670, 32934, 30419, 79491, 57514, 74807, 23996, 53538, 62864, 15792, 27971, 79999, 4588, 61344, 72986, 76402, 5098, 58305, 25903, 32899, 85790, 91428, 60548, 56234, 39548, 43974, 98619, 77439, 15993, 73803, 83604, 25519, 18459, 20066, 25903, 97967, 33677, 7371, 6, 36499, 11324, 1243, 39947, 55479, 70470, 34082, 56050, 29544, 54987, 62746, 66607, 80357, 49628, 67933, 33670, 28091, 66945, 50534, 26141, 53322, 91035, 77729, 27580, 46478, 28257, 47427, 93318, 56880, 30918, 94174, 58362, 78991, 44614, 79630, 30263, 11791, 42548, 14198, 37648, 38023, 21220, 21014, 7344, 63974, 96287, 17660, 60202, 79326, 52006, 11171, 66690, 12255, 20285, 10423, 55277, 57487, 11691, 54689, 5652, 76519, 3461, 69755, 64707, 16312, 16295, 40601, 70148, 36176, 16065, 40040, 14183, 24121, 47242, 22032, 11279, 3191, 76223, 38556, 49976, 63279, 28556, 9220, 29217, 76607, 75006, 23148, 76606, 47161, 35794, 52195, 48659, 92402, 6526, 92368, 4935, 12370, 31129, 9968, 86963, 31409, 47029, 77066, 80727, 15785, 15932, 83533, 62000, 17471, 96923, 65812, 20445, 91749, 85889, 26308, 19486, 21715, 34331, 93146, 59506, 57820, 30428, 93243, 92765, 52847, 89535, 66389, 58839, 4150, 25361, 82879, 61511, 68281, 78697, 78403, 87273, 13980, 42687, 23918, 63683, 41580, 73250, 59609, 11414, 2509, 70598, 74474, 19451, 16064, 20767, 90079, 93316, 16483, 26688, 1007, 58343, 58155, 21038, 71715, 57917, 41869, 25781, 18714, 67682, 93754, 85684, 10313, 1573, 45762, 94524, 35755, 32943, 71827, 71670, 16558, 24105, 60194, 63460, 52030, 70450, 68115, 37170, 74590, 45567, 54629, 5725, 85172, 61417, 54506, 78169, 92443, 94152, 97286, 90729, 98431, 21923, 91806, 91215, 9539, 25283, 88955, 21992, 43568, 39295, 10889, 20789, 56007, 943, 72855, 76942, 8942, 7759, 97777, 37307, 60206, 47127, 31059, 56075, 49075, 27392, 83476, 56280, 34162, 34476, 2995, 89626, 72491, 10343, 77379, 88390, 46151, 52405, 17849, 67616, 60968, 77448, 3012, 11905, 89855, 55382, 1710, 27710, 13838, 56579, 51865, 18942, 52511, 18314, 17423, 62667, 73550, 27356, 31707, 24937, 85986, 41982, 29792, 51747, 77050, 33505, 87200, 35919, 25026, 57877, 33854, 14431, 62602, 44937, 83542, 26581, 41702, 40546, 83724, 57348, 95648, 17217, 81032, 51333, 62479, 95232, 68193, 19337, 54406, 7241, 84508, 31853, 36337, 97444, 6715, 84142, 14143, 29646, 61418, 46691, 91055, 95261, 21607, 49389, 87440, 53345, 41371, 1669, 16850, 18440, 60983, 69600, 53625, 40097, 54633, 9055, 65860, 3054, 54468, 13994, 50399, 96381, 93456, 37386, 12374, 72359, 13808, 91360, 1863, 60158, 8379, 60424, 44909, 64466, 68566, 65812, 52188, 94818]})"
152.0,7,30,26,17.429530143737793,40003,"Genotype(dna={""<class 'abc.NT_0017'>"": [0, 1863], ""<class 'abc.NT_0017_P_00000'>"": [], ""<class 'abc.NT_0001'>"": [2, 2, 59000, 40319, 0, 1, 68566], ""<class 'abc.NT_0001_P_00000'>"": [], ""<class 'bool'>"": [46023, 35570, 21927, 48609, 64826, 47769, 23648, 93816, 7134, 59416, 20134, 85082, 87339, 47436, 78194, 76892, 13022, 3649, 46405, 50242, 42523, 55047, 79213, 55354, 94818, 24110, 33409], ""<class 'abc.NT_0000'>"": [1, 2, 6, 0, 0, 0, 0, 37022, 5, 2, 66993, 97444, 3, 1, 0, 2, 2, 0, 74373, 6, 1, 52140, 2, 0, 0, 65812], ""<class 'abc.NT_0000_P_00000'>"": [], ""<class 'int'>"": [51614, 75789, 78987, 59354, 52526, 36031, 85748, 91268, 99322, 38473, 68614, 93746, 6702, 40963, 41597, 92372, 37369, 45498, 58460, 83038, 87308, 28012, 78957, 30708, 49224, 91314, 40359, 78500, 26079, 62592, 24095, 64379, 80107, 79360, 89661, 93789, 24483, 14210, 58941, 10735, 60856, 12770, 53654, 76588], ""<class 'abc.NT_0000_P_00001'>"": [], ""<class 'abc.NT_0000_P_00002'>"": [], ""<class 'abc.NT_0000_P_00003'>"": [], ""<class 'abc.NT_0000_P_00004'>"": [], ""<class 'abc.NT_0000_P_00005'>"": [], ""<class 'abc.NT_0000_P_00006'>"": [], ""<class 'abc.NT_0001_P_00001'>"": [], ""<class 'abc.NT_0001_P_00002'>"": [], ""<class 'abc.NT_0001_P_00003'>"": [], ""<class 'abc.NT_0001_P_00004'>"": [], ""<class 'abc.NT_0005'>"": [2, 8379], ""<class 'abc.NT_0005_P_00000'>"": [], ""<class 'abc.NT_0003'>"": [0, 0, 2, 44909], ""<class 'abc.NT_0003_P_00000'>"": [], ""<class 'abc.NT_0002'>"": [3, 1, 2, 3, 2, 2993], ""<class 'abc.NT_0002_P_00000'>"": [], ""<class 'abc.NT_0002_P_00001'>"": [], ""<class 'abc.NT_0002_P_00002'>"": [], ""<class 'abc.NT_0002_P_00003'>"": [], ""<class 'abc.NT_0002_P_00004'>"": [], ""<class 'abc.NT_0003_P_00001'>"": [], ""<class 'abc.NT_0003_P_00002'>"": [], ""<class 'abc.NT_0004'>"": [0, 60424], ""<class 'abc.NT_0004_P_00000'>"": [], ""<class 'abc.NT_0004_P_00001'>"": [], ""<class 'abc.NT_0005_P_00001'>"": [], ""<class 'abc.NT_0005_P_00002'>"": [], ""<class 'abc.NT_0011'>"": [], ""<class 'abc.NT_0011_P_00000'>"": [], ""<class 'abc.NT_0017_P_00001'>"": [], ""<class 'abc.NT_0012'>"": [0, 15705], ""<class 'abc.NT_0012_P_00000'>"": [], ""<class 'abc.NT_0010'>"": [], ""<class 'abc.NT_0010_P_00000'>"": [], ""<class 'abc.NT_0009'>"": [], ""<class 'abc.NT_0009_P_00000'>"": [], ""<class 'abc.NT_0008'>"": [], ""<class 'abc.NT_0008_P_00000'>"": [], ""<class 'abc.NT_0006'>"": [], ""<class 'abc.NT_0006_P_00000'>"": [], ""<class 'abc.NT_0008_P_00001'>"": [], ""<class 'abc.NT_0008_P_00002'>"": [], ""<class 'abc.NT_0008_P_00003'>"": [], ""<class 'abc.NT_0008_P_00004'>"": [], ""<class 'abc.NT_0007'>"": [], ""<class 'abc.NT_0007_P_00000'>"": [], ""<class 'abc.NT_0007_P_00001'>"": [], ""<class 'abc.NT_0007_P_00002'>"": [], ""<class 'abc.NT_0009_P_00001'>"": [], ""<class 'abc.NT_0010_P_00001'>"": [], ""<class 'abc.NT_0010_P_00002'>"": [], ""<class 'abc.NT_0012_P_00001'>"": [], ""<class 'abc.NT_0012_P_00002'>"": [], '$leftovers': [24110, 33409, 84800, 52930, 73355, 35471, 40030, 9296, 20749, 33075, 49628, 11537, 15, 90830, 51946, 20435, 67193, 37276, 25620, 25545, 23848, 32840, 79736, 6117, 22259, 57571, 60709, 16020, 90131, 83681, 49236, 19740, 96719, 28286, 96500, 25056, 2425, 4606, 76743, 50141, 80972, 89178, 58155, 60076, 20023, 49957, 78859, 71701, 63157, 51036, 27194, 57618, 41826, 72622, 26518, 13650, 37174, 65866, 51535, 26693, 46306, 18622, 78957, 96794, 12749, 98789, 43609, 19799, 33366, 8952, 34480, 94159, 44897, 75759, 82931, 16277, 14916, 72994, 49309, 70538, 2034, 42550, 91026, 7880, 3338, 60131, 98080, 28093, 32900, 15622, 26775, 29552, 32342, 14515, 36096, 41783, 62811, 37254, 75355, 63411, 75272, 23694, 84310, 71082, 79212, 33588, 90706, 48187, 31189, 88482, 9367, 56255, 79617, 1270, 55560, 26203, 26155, 40545, 15484, 55048, 21590, 6079, 95713, 42042, 7599, 11012, 10867, 6326, 4226, 36219, 64167, 95573, 17592, 32396, 33047, 42672, 14688, 56724, 34006, 26116, 19739, 92564, 32446, 49106, 86197, 89608, 29620, 89318, 4676, 30220, 92140, 82233, 42586, 84937, 67832, 88616, 54115, 36688, 72537, 89206, 19927, 60142, 31365, 9503, 17153, 77426, 27373, 71618, 24526, 11066, 35200, 85609, 149, 12686, 31762, 76331, 79662, 42034, 4753, 45093, 9160, 29879, 54031, 81574, 52405, 74338, 45103, 97062, 38418, 65500, 83214, 33515, 71498, 84236, 27012, 42946, 15648, 18758, 74221, 18239, 86131, 1230, 2760, 87805, 47794, 89910, 39873, 11161, 88967, 57997, 33988, 52998, 11574, 11690, 91965, 60505, 6728, 20304, 66663, 21797, 36314, 23383, 77728, 66566, 30573, 81589, 35200, 85889, 50823, 87892, 82732, 87939, 51151, 25364, 57741, 65481, 95697, 91763, 24126, 50698, 89794, 21082, 38556, 8845, 86758, 95312, 40982, 27576, 22409, 10764, 59686, 42374, 46705, 20305, 91930, 20443, 55812, 94550, 17871, 37347, 86111, 91872, 76531, 97561, 22247, 70828, 10031, 86871, 3457, 34403, 47195, 55824, 77269, 2312, 23015, 10509, 90685, 33220, 5095, 32669, 57665, 87461, 23705, 23892, 79569, 25099, 22463, 6825, 87678, 12700, 8086, 18347, 2080, 81725, 1743, 21695, 98864, 601, 27012, 26238, 83756, 20196, 9283, 37922, 9584, 31059, 69305, 33408, 87700, 5472, 17218, 94029, 30946, 42707, 26938, 23929, 42631, 58629, 82345, 34078, 27640, 26857, 52482, 1908, 53363, 57718, 53277, 60874, 47192, 65156, 64324, 98908, 18086, 34571, 80780, 21654, 13015, 54185, 65778, 82905, 54333, 16295, 29750, 10179, 8498, 41149, 76875, 75817, 52840, 36350, 67047, 80721, 50387, 89921, 76598, 79179, 69374, 34188, 84323, 90189, 80063, 75353, 58141, 98604, 61869, 50914, 95998, 60953, 31372, 32800, 20253, 10965, 57825, 30921, 72002, 23478, 52144, 74671, 49790, 35369, 96851, 96268, 91735, 26265, 71492, 35041, 22667, 85381, 87967, 56897, 37761, 44123, 52620, 81795, 86745, 6668, 71796, 22328, 50981, 1304, 65894, 39334, 28965, 37736, 33502, 94725, 98644, 29317, 28672, 49720, 92944, 79154, 30886, 83581, 56853, 86563, 45680, 29702, 43297, 89488, 55541, 95711, 64055, 55857, 75831, 20915, 33733, 41601, 40608, 13946, 42643, 60946, 78379, 66893, 47265, 47663, 96044, 31575, 23271, 29732, 18765, 73934, 86595, 19623, 58152, 23341, 42797, 82035, 84610, 84617, 26296, 48384, 7808, 85181, 83581, 85225, 34491, 3068, 83145, 63958, 59227, 71005, 79763, 19625, 78522, 84816, 70026, 30736, 71763, 20974, 85431, 42194, 51257, 95945, 87370, 84376, 7316, 96397, 73523, 45377, 38170, 929, 19455, 92318, 44476, 31469, 69802, 39812, 96151, 1351, 97970, 67167, 69990, 20536, 43930, 89552, 7692, 94070, 25734, 2163, 89653, 41361, 65843, 55026, 76161, 33606, 7726, 57770, 26583, 72401, 4290, 24460, 59579, 28419, 26896, 42516, 11149, 32412, 43883, 76759, 72953, 63003, 29642, 79399, 49163, 14266, 55493, 15592, 19124, 64343, 71700, 16518, 77843, 61244, 80217, 51694, 11787, 24162, 70922, 1802, 19601, 58039, 19725, 17982, 7030, 87818, 81146, 64592, 10711, 8313, 80311, 12180, 49490, 79809, 96851, 93114, 19741, 87950, 3665, 43498, 8117, 64, 90216, 51752, 43265, 1055, 25064, 4579, 20591, 64262, 8289, 34540, 9038, 32463, 95965, 3202, 36219, 54773, 36301, 21802, 67750, 14517, 59282, 15980, 432, 86613, 99020, 91465, 77787, 78248, 48946, 57777, 58757, 97167, 43438, 57904, 2014, 13213, 67388, 10589, 17904, 46813, 71128, 52635, 3372, 7022, 6285, 13222, 36250, 40728, 91163, 35142, 11502, 89851, 62932, 77460, 96657, 21864, 99883, 81995, 74277, 60986, 50282, 74931, 46950, 5360, 53700, 31843, 59827, 47670, 32934, 30419, 79491, 57514, 74807, 23996, 53538, 62864, 15792, 27971, 79999, 4588, 61344, 72986, 76402, 5098, 58305, 25903, 32899, 85790, 91428, 60548, 56234, 39548, 43974, 98619, 77439, 15993, 73803, 83604, 25519, 18459, 20066, 25903, 97967, 33677, 7371, 6, 36499, 11324, 1243, 39947, 55479, 70470, 34082, 56050, 29544, 54987, 62746, 66607, 80357, 49628, 67933, 33670, 28091, 66945, 50534, 26141, 53322, 91035, 77729, 27580, 46478, 28257, 47427, 93318, 56880, 30918, 94174, 58362, 78991, 44614, 79630, 30263, 11791, 42548, 14198, 37648, 38023, 21220, 21014, 7344, 63974, 96287, 17660, 60202, 79326, 52006, 11171, 66690, 12255, 20285, 10423, 55277, 57487, 11691, 54689, 5652, 76519, 3461, 69755, 64707, 16312, 16295, 40601, 70148, 36176, 16065, 40040, 14183, 24121, 47242, 22032, 11279, 3191, 76223, 38556, 49976, 63279, 28556, 9220, 29217, 76607, 75006, 23148, 76606, 47161, 35794, 52195, 48659, 92402, 6526, 92368, 4935, 12370, 31129, 9968, 86963, 31409, 47029, 77066, 80727, 15785, 15932, 83533, 62000, 17471, 96923, 65812, 20445, 91749, 85889, 26308, 19486, 21715, 34331, 93146, 59506, 57820, 30428, 93243, 92765, 52847, 89535, 66389, 58839, 4150, 25361, 82879, 61511, 68281, 78697, 78403, 87273, 13980, 42687, 23918, 63683, 41580, 73250, 59609, 11414, 2509, 70598, 74474, 19451, 16064, 20767, 90079, 93316, 16483, 26688, 1007, 58343, 58155, 21038, 71715, 57917, 41869, 25781, 18714, 67682, 93754, 85684, 10313, 1573, 45762, 94524, 35755, 32943, 71827, 71670, 16558, 24105, 60194, 63460, 52030, 70450, 68115, 37170, 74590, 45567, 54629, 5725, 85172, 61417, 54506, 78169, 92443, 94152, 97286, 90729, 98431, 21923, 91806, 91215, 9539, 25283, 88955, 21992, 43568, 39295, 10889, 20789, 56007, 943, 72855, 76942, 8942, 7759, 97777, 37307, 60206, 47127, 31059, 56075, 49075, 27392, 83476, 56280, 34162, 34476, 2995, 89626, 72491, 10343, 77379, 88390, 46151, 52405, 17849, 67616, 60968, 77448, 3012, 11905, 89855, 55382, 1710, 27710, 13838, 56579, 51865, 18942, 52511, 18314, 17423, 62667, 73550, 27356, 31707, 24937, 85986, 41982, 29792, 51747, 77050, 33505, 87200, 35919, 25026, 57877, 33854, 14431, 62602, 44937, 83542, 26581, 41702, 40546, 83724, 57348, 95648, 17217, 81032, 51333, 62479, 95232, 68193, 19337, 54406, 7241, 84508, 31853, 36337, 97444, 6715, 84142, 14143, 29646, 61418, 46691, 91055, 95261, 21607, 49389, 87440, 53345, 41371, 1669, 16850, 18440, 60983, 69600, 53625, 40097, 54633, 9055, 65860, 3054, 54468, 13994, 50399, 96381, 93456, 37386, 12374, 72359, 13808, 91360, 1863, 60158, 8379, 60424, 44909, 64466, 68566, 65812, 52188, 94818]})"
152.0,7,30,27,17.888598442077637,40003,"Genotype(dna={""<class 'abc.NT_0017'>"": [0, 1863], ""<class 'abc.NT_0017_P_00000'>"": [], ""<class 'abc.NT_0001'>"": [2, 2, 59000, 40319, 0, 1, 68566], ""<class 'abc.NT_0001_P_00000'>"": [], ""<class 'bool'>"": [46023, 35570, 21927, 48609, 64826, 47769, 23648, 93816, 7134, 59416, 20134, 85082, 87339, 47436, 78194, 76892, 13022, 3649, 46405, 50242, 42523, 55047, 79213, 55354, 94818, 24110, 33409], ""<class 'abc.NT_0000'>"": [1, 2, 6, 0, 0, 0, 0, 37022, 5, 2, 66993, 97444, 3, 1, 0, 2, 2, 0, 74373, 6, 1, 52140, 2, 0, 0, 65812], ""<class 'abc.NT_0000_P_00000'>"": [], ""<class 'int'>"": [51614, 75789, 78987, 59354, 52526, 36031, 85748, 91268, 99322, 38473, 68614, 93746, 6702, 40963, 41597, 92372, 37369, 45498, 58460, 83038, 87308, 28012, 78957, 30708, 49224, 91314, 40359, 78500, 26079, 62592, 24095, 64379, 80107, 79360, 89661, 93789, 24483, 14210, 58941, 10735, 60856, 12770, 53654, 76588], ""<class 'abc.NT_0000_P_00001'>"": [], ""<class 'abc.NT_0000_P_00002'>"": [], ""<class 'abc.NT_0000_P_00003'>"": [], ""<class 'abc.NT_0000_P_00004'>"": [], ""<class 'abc.NT_0000_P_00005'>"": [], ""<class 'abc.NT_0000_P_00006'>"": [], ""<class 'abc.NT_0001_P_00001'>"": [], ""<class 'abc.NT_0001_P_00002'>"": [], ""<class 'abc.NT_0001_P_00003'>"": [], ""<class 'abc.NT_0001_P_00004'>"": [], ""<class 'abc.NT_0005'>"": [2, 8379], ""<class 'abc.NT_0005_P_00000'>"": [], ""<class 'abc.NT_0003'>"": [0, 0, 2, 44909], ""<class 'abc.NT_0003_P_00000'>"": [], ""<class 'abc.NT_0002'>"": [3, 1, 2, 3, 2, 2993], ""<class 'abc.NT_0002_P_00000'>"": [], ""<class 'abc.NT_0002_P_00001'>"": [], ""<class 'abc.NT_0002_P_00002'>"": [], ""<class 'abc.NT_0002_P_00003'>"": [], ""<class 'abc.NT_0002_P_00004'>"": [], ""<class 'abc.NT_0003_P_00001'>"": [], ""<class 'abc.NT_0003_P_00002'>"": [], ""<class 'abc.NT_0004'>"": [0, 60424], ""<class 'abc.NT_0004_P_00000'>"": [], ""<class 'abc.NT_0004_P_00001'>"": [], ""<class 'abc.NT_0005_P_00001'>"": [], ""<class 'abc.NT_0005_P_00002'>"": [], ""<class 'abc.NT_0011'>"": [], ""<class 'abc.NT_0011_P_00000'>"": [], ""<class 'abc.NT_0017_P_00001'>"": [], ""<class 'abc.NT_0012'>"": [0, 15705], ""<class 'abc.NT_0012_P_00000'>"": [], ""<class 'abc.NT_0010'>"": [], ""<class 'abc.NT_0010_P_00000'>"": [], ""<class 'abc.NT_0009'>"": [], ""<class 'abc.NT_0009_P_00000'>"": [], ""<class 'abc.NT_0008'>"": [], ""<class 'abc.NT_0008_P_00000'>"": [], ""<class 'abc.NT_0006'>"": [], ""<class 'abc.NT_0006_P_00000'>"": [], ""<class 'abc.NT_0008_P_00001'>"": [], ""<class 'abc.NT_0008_P_00002'>"": [], ""<class 'abc.NT_0008_P_00003'>"": [], ""<class 'abc.NT_0008_P_00004'>"": [], ""<class 'abc.NT_0007'>"": [], ""<class 'abc.NT_0007_P_00000'>"": [], ""<class 'abc.NT_0007_P_00001'>"": [], ""<class 'abc.NT_0007_P_00002'>"": [], ""<class 'abc.NT_0009_P_00001'>"": [], ""<class 'abc.NT_0010_P_00001'>"": [], ""<class 'abc.NT_0010_P_00002'>"": [], ""<class 'abc.NT_0012_P_00001'>"": [], ""<class 'abc.NT_0012_P_00002'>"": [], '$leftovers': [24110, 33409, 84800, 52930, 73355, 35471, 40030, 9296, 20749, 33075, 49628, 11537, 15, 90830, 51946, 20435, 67193, 37276, 25620, 25545, 23848, 32840, 79736, 6117, 22259, 57571, 60709, 16020, 90131, 83681, 49236, 19740, 96719, 28286, 96500, 25056, 2425, 4606, 76743, 50141, 80972, 89178, 58155, 60076, 20023, 49957, 78859, 71701, 63157, 51036, 27194, 57618, 41826, 72622, 26518, 13650, 37174, 65866, 51535, 26693, 46306, 18622, 78957, 96794, 12749, 98789, 43609, 19799, 33366, 8952, 34480, 94159, 44897, 75759, 82931, 16277, 14916, 72994, 49309, 70538, 2034, 42550, 91026, 7880, 3338, 60131, 98080, 28093, 32900, 15622, 26775, 29552, 32342, 14515, 36096, 41783, 62811, 37254, 75355, 63411, 75272, 23694, 84310, 71082, 79212, 33588, 90706, 48187, 31189, 88482, 9367, 56255, 79617, 1270, 55560, 26203, 26155, 40545, 15484, 55048, 21590, 6079, 95713, 42042, 7599, 11012, 10867, 6326, 4226, 36219, 64167, 95573, 17592, 32396, 33047, 42672, 14688, 56724, 34006, 26116, 19739, 92564, 32446, 49106, 86197, 89608, 29620, 89318, 4676, 30220, 92140, 82233, 42586, 84937, 67832, 88616, 54115, 36688, 72537, 89206, 19927, 60142, 31365, 9503, 17153, 77426, 27373, 71618, 24526, 11066, 35200, 85609, 149, 12686, 31762, 76331, 79662, 42034, 4753, 45093, 9160, 29879, 54031, 81574, 52405, 74338, 45103, 97062, 38418, 65500, 83214, 33515, 71498, 84236, 27012, 42946, 15648, 18758, 74221, 18239, 86131, 1230, 2760, 87805, 47794, 89910, 39873, 11161, 88967, 57997, 33988, 52998, 11574, 11690, 91965, 60505, 6728, 20304, 66663, 21797, 36314, 23383, 77728, 66566, 30573, 81589, 35200, 85889, 50823, 87892, 82732, 87939, 51151, 25364, 57741, 65481, 95697, 91763, 24126, 50698, 89794, 21082, 38556, 8845, 86758, 95312, 40982, 27576, 22409, 10764, 59686, 42374, 46705, 20305, 91930, 20443, 55812, 94550, 17871, 37347, 86111, 91872, 76531, 97561, 22247, 70828, 10031, 86871, 3457, 34403, 47195, 55824, 77269, 2312, 23015, 10509, 90685, 33220, 5095, 32669, 57665, 87461, 23705, 23892, 79569, 25099, 22463, 6825, 87678, 12700, 8086, 18347, 2080, 81725, 1743, 21695, 98864, 601, 27012, 26238, 83756, 20196, 9283, 37922, 9584, 31059, 69305, 33408, 87700, 5472, 17218, 94029, 30946, 42707, 26938, 23929, 42631, 58629, 82345, 34078, 27640, 26857, 52482, 1908, 53363, 57718, 53277, 60874, 47192, 65156, 64324, 98908, 18086, 34571, 80780, 21654, 13015, 54185, 65778, 82905, 54333, 16295, 29750, 10179, 8498, 41149, 76875, 75817, 52840, 36350, 67047, 80721, 50387, 89921, 76598, 79179, 69374, 34188, 84323, 90189, 80063, 75353, 58141, 98604, 61869, 50914, 95998, 60953, 31372, 32800, 20253, 10965, 57825, 30921, 72002, 23478, 52144, 74671, 49790, 35369, 96851, 96268, 91735, 26265, 71492, 35041, 22667, 85381, 87967, 56897, 37761, 44123, 52620, 81795, 86745, 6668, 71796, 22328, 50981, 1304, 65894, 39334, 28965, 37736, 33502, 94725, 98644, 29317, 28672, 49720, 92944, 79154, 30886, 83581, 56853, 86563, 45680, 29702, 43297, 89488, 55541, 95711, 64055, 55857, 75831, 20915, 33733, 41601, 40608, 13946, 42643, 60946, 78379, 66893, 47265, 47663, 96044, 31575, 23271, 29732, 18765, 73934, 86595, 19623, 58152, 23341, 42797, 82035, 84610, 84617, 26296, 48384, 7808, 85181, 83581, 85225, 34491, 3068, 83145, 63958, 59227, 71005, 79763, 19625, 78522, 84816, 70026, 30736, 71763, 20974, 85431, 42194, 51257, 95945, 87370, 84376, 7316, 96397, 73523, 45377, 38170, 929, 19455, 92318, 44476, 31469, 69802, 39812, 96151, 1351, 97970, 67167, 69990, 20536, 43930, 89552, 7692, 94070, 25734, 2163, 89653, 41361, 65843, 55026, 76161, 33606, 7726, 57770, 26583, 72401, 4290, 24460, 59579, 28419, 26896, 42516, 11149, 32412, 43883, 76759, 72953, 63003, 29642, 79399, 49163, 14266, 55493, 15592, 19124, 64343, 71700, 16518, 77843, 61244, 80217, 51694, 11787, 24162, 70922, 1802, 19601, 58039, 19725, 17982, 7030, 87818, 81146, 64592, 10711, 8313, 80311, 12180, 49490, 79809, 96851, 93114, 19741, 87950, 3665, 43498, 8117, 64, 90216, 51752, 43265, 1055, 25064, 4579, 20591, 64262, 8289, 34540, 9038, 32463, 95965, 3202, 36219, 54773, 36301, 21802, 67750, 14517, 59282, 15980, 432, 86613, 99020, 91465, 77787, 78248, 48946, 57777, 58757, 97167, 43438, 57904, 2014, 13213, 67388, 10589, 17904, 46813, 71128, 52635, 3372, 7022, 6285, 13222, 36250, 40728, 91163, 35142, 11502, 89851, 62932, 77460, 96657, 21864, 99883, 81995, 74277, 60986, 50282, 74931, 46950, 5360, 53700, 31843, 59827, 47670, 32934, 30419, 79491, 57514, 74807, 23996, 53538, 62864, 15792, 27971, 79999, 4588, 61344, 72986, 76402, 5098, 58305, 25903, 32899, 85790, 91428, 60548, 56234, 39548, 43974, 98619, 77439, 15993, 73803, 83604, 25519, 18459, 20066, 25903, 97967, 33677, 7371, 6, 36499, 11324, 1243, 39947, 55479, 70470, 34082, 56050, 29544, 54987, 62746, 66607, 80357, 49628, 67933, 33670, 28091, 66945, 50534, 26141, 53322, 91035, 77729, 27580, 46478, 28257, 47427, 93318, 56880, 30918, 94174, 58362, 78991, 44614, 79630, 30263, 11791, 42548, 14198, 37648, 38023, 21220, 21014, 7344, 63974, 96287, 17660, 60202, 79326, 52006, 11171, 66690, 12255, 20285, 10423, 55277, 57487, 11691, 54689, 5652, 76519, 3461, 69755, 64707, 16312, 16295, 40601, 70148, 36176, 16065, 40040, 14183, 24121, 47242, 22032, 11279, 3191, 76223, 38556, 49976, 63279, 28556, 9220, 29217, 76607, 75006, 23148, 76606, 47161, 35794, 52195, 48659, 92402, 6526, 92368, 4935, 12370, 31129, 9968, 86963, 31409, 47029, 77066, 80727, 15785, 15932, 83533, 62000, 17471, 96923, 65812, 20445, 91749, 85889, 26308, 19486, 21715, 34331, 93146, 59506, 57820, 30428, 93243, 92765, 52847, 89535, 66389, 58839, 4150, 25361, 82879, 61511, 68281, 78697, 78403, 87273, 13980, 42687, 23918, 63683, 41580, 73250, 59609, 11414, 2509, 70598, 74474, 19451, 16064, 20767, 90079, 93316, 16483, 26688, 1007, 58343, 58155, 21038, 71715, 57917, 41869, 25781, 18714, 67682, 93754, 85684, 10313, 1573, 45762, 94524, 35755, 32943, 71827, 71670, 16558, 24105, 60194, 63460, 52030, 70450, 68115, 37170, 74590, 45567, 54629, 5725, 85172, 61417, 54506, 78169, 92443, 94152, 97286, 90729, 98431, 21923, 91806, 91215, 9539, 25283, 88955, 21992, 43568, 39295, 10889, 20789, 56007, 943, 72855, 76942, 8942, 7759, 97777, 37307, 60206, 47127, 31059, 56075, 49075, 27392, 83476, 56280, 34162, 34476, 2995, 89626, 72491, 10343, 77379, 88390, 46151, 52405, 17849, 67616, 60968, 77448, 3012, 11905, 89855, 55382, 1710, 27710, 13838, 56579, 51865, 18942, 52511, 18314, 17423, 62667, 73550, 27356, 31707, 24937, 85986, 41982, 29792, 51747, 77050, 33505, 87200, 35919, 25026, 57877, 33854, 14431, 62602, 44937, 83542, 26581, 41702, 40546, 83724, 57348, 95648, 17217, 81032, 51333, 62479, 95232, 68193, 19337, 54406, 7241, 84508, 31853, 36337, 97444, 6715, 84142, 14143, 29646, 61418, 46691, 91055, 95261, 21607, 49389, 87440, 53345, 41371, 1669, 16850, 18440, 60983, 69600, 53625, 40097, 54633, 9055, 65860, 3054, 54468, 13994, 50399, 96381, 93456, 37386, 12374, 72359, 13808, 91360, 1863, 60158, 8379, 60424, 44909, 64466, 68566, 65812, 52188, 94818]})"
152.0,7,30,28,18.154539346694946,40003,"Genotype(dna={""<class 'abc.NT_0017'>"": [0, 1863], ""<class 'abc.NT_0017_P_00000'>"": [], ""<class 'abc.NT_0001'>"": [2, 2, 59000, 40319, 0, 1, 68566], ""<class 'abc.NT_0001_P_00000'>"": [], ""<class 'bool'>"": [46023, 35570, 21927, 48609, 64826, 47769, 23648, 93816, 7134, 59416, 20134, 85082, 87339, 47436, 78194, 76892, 13022, 3649, 46405, 50242, 42523, 55047, 79213, 55354, 94818, 24110, 33409], ""<class 'abc.NT_0000'>"": [1, 2, 6, 0, 0, 0, 0, 37022, 5, 2, 66993, 97444, 3, 1, 0, 2, 2, 0, 74373, 6, 1, 52140, 2, 0, 0, 65812], ""<class 'abc.NT_0000_P_00000'>"": [], ""<class 'int'>"": [51614, 75789, 78987, 59354, 52526, 36031, 85748, 91268, 99322, 38473, 68614, 93746, 6702, 40963, 41597, 92372, 37369, 45498, 58460, 83038, 87308, 28012, 78957, 30708, 49224, 91314, 40359, 78500, 26079, 62592, 24095, 64379, 80107, 79360, 89661, 93789, 24483, 14210, 58941, 10735, 60856, 12770, 53654, 76588], ""<class 'abc.NT_0000_P_00001'>"": [], ""<class 'abc.NT_0000_P_00002'>"": [], ""<class 'abc.NT_0000_P_00003'>"": [], ""<class 'abc.NT_0000_P_00004'>"": [], ""<class 'abc.NT_0000_P_00005'>"": [], ""<class 'abc.NT_0000_P_00006'>"": [], ""<class 'abc.NT_0001_P_00001'>"": [], ""<class 'abc.NT_0001_P_00002'>"": [], ""<class 'abc.NT_0001_P_00003'>"": [], ""<class 'abc.NT_0001_P_00004'>"": [], ""<class 'abc.NT_0005'>"": [2, 8379], ""<class 'abc.NT_0005_P_00000'>"": [], ""<class 'abc.NT_0003'>"": [0, 0, 2, 44909], ""<class 'abc.NT_0003_P_00000'>"": [], ""<class 'abc.NT_0002'>"": [3, 1, 2, 3, 2, 2993], ""<class 'abc.NT_0002_P_00000'>"": [], ""<class 'abc.NT_0002_P_00001'>"": [], ""<class 'abc.NT_0002_P_00002'>"": [], ""<class 'abc.NT_0002_P_00003'>"": [], ""<class 'abc.NT_0002_P_00004'>"": [], ""<class 'abc.NT_0003_P_00001'>"": [], ""<class 'abc.NT_0003_P_00002'>"": [], ""<class 'abc.NT_0004'>"": [0, 60424], ""<class 'abc.NT_0004_P_00000'>"": [], ""<class 'abc.NT_0004_P_00001'>"": [], ""<class 'abc.NT_0005_P_00001'>"": [], ""<class 'abc.NT_0005_P_00002'>"": [], ""<class 'abc.NT_0011'>"": [], ""<class 'abc.NT_0011_P_00000'>"": [], ""<class 'abc.NT_0017_P_00001'>"": [], ""<class 'abc.NT_0012'>"": [0, 15705], ""<class 'abc.NT_0012_P_00000'>"": [], ""<class 'abc.NT_0010'>"": [], ""<class 'abc.NT_0010_P_00000'>"": [], ""<class 'abc.NT_0009'>"": [], ""<class 'abc.NT_0009_P_00000'>"": [], ""<class 'abc.NT_0008'>"": [], ""<class 'abc.NT_0008_P_00000'>"": [], ""<class 'abc.NT_0006'>"": [], ""<class 'abc.NT_0006_P_00000'>"": [], ""<class 'abc.NT_0008_P_00001'>"": [], ""<class 'abc.NT_0008_P_00002'>"": [], ""<class 'abc.NT_0008_P_00003'>"": [], ""<class 'abc.NT_0008_P_00004'>"": [], ""<class 'abc.NT_0007'>"": [], ""<class 'abc.NT_0007_P_00000'>"": [], ""<class 'abc.NT_0007_P_00001'>"": [], ""<class 'abc.NT_0007_P_00002'>"": [], ""<class 'abc.NT_0009_P_00001'>"": [], ""<class 'abc.NT_0010_P_00001'>"": [], ""<class 'abc.NT_0010_P_00002'>"": [], ""<class 'abc.NT_0012_P_00001'>"": [], ""<class 'abc.NT_0012_P_00002'>"": [], '$leftovers': [24110, 33409, 84800, 52930, 73355, 35471, 40030, 9296, 20749, 33075, 49628, 11537, 15, 90830, 51946, 20435, 67193, 37276, 25620, 25545, 23848, 32840, 79736, 6117, 22259, 57571, 60709, 16020, 90131, 83681, 49236, 19740, 96719, 28286, 96500, 25056, 2425, 4606, 76743, 50141, 80972, 89178, 58155, 60076, 20023, 49957, 78859, 71701, 63157, 51036, 27194, 57618, 41826, 72622, 26518, 13650, 37174, 65866, 51535, 26693, 46306, 18622, 78957, 96794, 12749, 98789, 43609, 19799, 33366, 8952, 34480, 94159, 44897, 75759, 82931, 16277, 14916, 72994, 49309, 70538, 2034, 42550, 91026, 7880, 3338, 60131, 98080, 28093, 32900, 15622, 26775, 29552, 32342, 14515, 36096, 41783, 62811, 37254, 75355, 63411, 75272, 23694, 84310, 71082, 79212, 33588, 90706, 48187, 31189, 88482, 9367, 56255, 79617, 1270, 55560, 26203, 26155, 40545, 15484, 55048, 21590, 6079, 95713, 42042, 7599, 11012, 10867, 6326, 4226, 36219, 64167, 95573, 17592, 32396, 33047, 42672, 14688, 56724, 34006, 26116, 19739, 92564, 32446, 49106, 86197, 89608, 29620, 89318, 4676, 30220, 92140, 82233, 42586, 84937, 67832, 88616, 54115, 36688, 72537, 89206, 19927, 60142, 31365, 9503, 17153, 77426, 27373, 71618, 24526, 11066, 35200, 85609, 149, 12686, 31762, 76331, 79662, 42034, 4753, 45093, 9160, 29879, 54031, 81574, 52405, 74338, 45103, 97062, 38418, 65500, 83214, 33515, 71498, 84236, 27012, 42946, 15648, 18758, 74221, 18239, 86131, 1230, 2760, 87805, 47794, 89910, 39873, 11161, 88967, 57997, 33988, 52998, 11574, 11690, 91965, 60505, 6728, 20304, 66663, 21797, 36314, 23383, 77728, 66566, 30573, 81589, 35200, 85889, 50823, 87892, 82732, 87939, 51151, 25364, 57741, 65481, 95697, 91763, 24126, 50698, 89794, 21082, 38556, 8845, 86758, 95312, 40982, 27576, 22409, 10764, 59686, 42374, 46705, 20305, 91930, 20443, 55812, 94550, 17871, 37347, 86111, 91872, 76531, 97561, 22247, 70828, 10031, 86871, 3457, 34403, 47195, 55824, 77269, 2312, 23015, 10509, 90685, 33220, 5095, 32669, 57665, 87461, 23705, 23892, 79569, 25099, 22463, 6825, 87678, 12700, 8086, 18347, 2080, 81725, 1743, 21695, 98864, 601, 27012, 26238, 83756, 20196, 9283, 37922, 9584, 31059, 69305, 33408, 87700, 5472, 17218, 94029, 30946, 42707, 26938, 23929, 42631, 58629, 82345, 34078, 27640, 26857, 52482, 1908, 53363, 57718, 53277, 60874, 47192, 65156, 64324, 98908, 18086, 34571, 80780, 21654, 13015, 54185, 65778, 82905, 54333, 16295, 29750, 10179, 8498, 41149, 76875, 75817, 52840, 36350, 67047, 80721, 50387, 89921, 76598, 79179, 69374, 34188, 84323, 90189, 80063, 75353, 58141, 98604, 61869, 50914, 95998, 60953, 31372, 32800, 20253, 10965, 57825, 30921, 72002, 23478, 52144, 74671, 49790, 35369, 96851, 96268, 91735, 26265, 71492, 35041, 22667, 85381, 87967, 56897, 37761, 44123, 52620, 81795, 86745, 6668, 71796, 22328, 50981, 1304, 65894, 39334, 28965, 37736, 33502, 94725, 98644, 29317, 28672, 49720, 92944, 79154, 30886, 83581, 56853, 86563, 45680, 29702, 43297, 89488, 55541, 95711, 64055, 55857, 75831, 20915, 33733, 41601, 40608, 13946, 42643, 60946, 78379, 66893, 47265, 47663, 96044, 31575, 23271, 29732, 18765, 73934, 86595, 19623, 58152, 23341, 42797, 82035, 84610, 84617, 26296, 48384, 7808, 85181, 83581, 85225, 34491, 3068, 83145, 63958, 59227, 71005, 79763, 19625, 78522, 84816, 70026, 30736, 71763, 20974, 85431, 42194, 51257, 95945, 87370, 84376, 7316, 96397, 73523, 45377, 38170, 929, 19455, 92318, 44476, 31469, 69802, 39812, 96151, 1351, 97970, 67167, 69990, 20536, 43930, 89552, 7692, 94070, 25734, 2163, 89653, 41361, 65843, 55026, 76161, 33606, 7726, 57770, 26583, 72401, 4290, 24460, 59579, 28419, 26896, 42516, 11149, 32412, 43883, 76759, 72953, 63003, 29642, 79399, 49163, 14266, 55493, 15592, 19124, 64343, 71700, 16518, 77843, 61244, 80217, 51694, 11787, 24162, 70922, 1802, 19601, 58039, 19725, 17982, 7030, 87818, 81146, 64592, 10711, 8313, 80311, 12180, 49490, 79809, 96851, 93114, 19741, 87950, 3665, 43498, 8117, 64, 90216, 51752, 43265, 1055, 25064, 4579, 20591, 64262, 8289, 34540, 9038, 32463, 95965, 3202, 36219, 54773, 36301, 21802, 67750, 14517, 59282, 15980, 432, 86613, 99020, 91465, 77787, 78248, 48946, 57777, 58757, 97167, 43438, 57904, 2014, 13213, 67388, 10589, 17904, 46813, 71128, 52635, 3372, 7022, 6285, 13222, 36250, 40728, 91163, 35142, 11502, 89851, 62932, 77460, 96657, 21864, 99883, 81995, 74277, 60986, 50282, 74931, 46950, 5360, 53700, 31843, 59827, 47670, 32934, 30419, 79491, 57514, 74807, 23996, 53538, 62864, 15792, 27971, 79999, 4588, 61344, 72986, 76402, 5098, 58305, 25903, 32899, 85790, 91428, 60548, 56234, 39548, 43974, 98619, 77439, 15993, 73803, 83604, 25519, 18459, 20066, 25903, 97967, 33677, 7371, 6, 36499, 11324, 1243, 39947, 55479, 70470, 34082, 56050, 29544, 54987, 62746, 66607, 80357, 49628, 67933, 33670, 28091, 66945, 50534, 26141, 53322, 91035, 77729, 27580, 46478, 28257, 47427, 93318, 56880, 30918, 94174, 58362, 78991, 44614, 79630, 30263, 11791, 42548, 14198, 37648, 38023, 21220, 21014, 7344, 63974, 96287, 17660, 60202, 79326, 52006, 11171, 66690, 12255, 20285, 10423, 55277, 57487, 11691, 54689, 5652, 76519, 3461, 69755, 64707, 16312, 16295, 40601, 70148, 36176, 16065, 40040, 14183, 24121, 47242, 22032, 11279, 3191, 76223, 38556, 49976, 63279, 28556, 9220, 29217, 76607, 75006, 23148, 76606, 47161, 35794, 52195, 48659, 92402, 6526, 92368, 4935, 12370, 31129, 9968, 86963, 31409, 47029, 77066, 80727, 15785, 15932, 83533, 62000, 17471, 96923, 65812, 20445, 91749, 85889, 26308, 19486, 21715, 34331, 93146, 59506, 57820, 30428, 93243, 92765, 52847, 89535, 66389, 58839, 4150, 25361, 82879, 61511, 68281, 78697, 78403, 87273, 13980, 42687, 23918, 63683, 41580, 73250, 59609, 11414, 2509, 70598, 74474, 19451, 16064, 20767, 90079, 93316, 16483, 26688, 1007, 58343, 58155, 21038, 71715, 57917, 41869, 25781, 18714, 67682, 93754, 85684, 10313, 1573, 45762, 94524, 35755, 32943, 71827, 71670, 16558, 24105, 60194, 63460, 52030, 70450, 68115, 37170, 74590, 45567, 54629, 5725, 85172, 61417, 54506, 78169, 92443, 94152, 97286, 90729, 98431, 21923, 91806, 91215, 9539, 25283, 88955, 21992, 43568, 39295, 10889, 20789, 56007, 943, 72855, 76942, 8942, 7759, 97777, 37307, 60206, 47127, 31059, 56075, 49075, 27392, 83476, 56280, 34162, 34476, 2995, 89626, 72491, 10343, 77379, 88390, 46151, 52405, 17849, 67616, 60968, 77448, 3012, 11905, 89855, 55382, 1710, 27710, 13838, 56579, 51865, 18942, 52511, 18314, 17423, 62667, 73550, 27356, 31707, 24937, 85986, 41982, 29792, 51747, 77050, 33505, 87200, 35919, 25026, 57877, 33854, 14431, 62602, 44937, 83542, 26581, 41702, 40546, 83724, 57348, 95648, 17217, 81032, 51333, 62479, 95232, 68193, 19337, 54406, 7241, 84508, 31853, 36337, 97444, 6715, 84142, 14143, 29646, 61418, 46691, 91055, 95261, 21607, 49389, 87440, 53345, 41371, 1669, 16850, 18440, 60983, 69600, 53625, 40097, 54633, 9055, 65860, 3054, 54468, 13994, 50399, 96381, 93456, 37386, 12374, 72359, 13808, 91360, 1863, 60158, 8379, 60424, 44909, 64466, 68566, 65812, 52188, 94818]})"
152.0,7,30,29,18.50349235534668,40003,"Genotype(dna={""<class 'abc.NT_0017'>"": [0, 1863], ""<class 'abc.NT_0017_P_00000'>"": [], ""<class 'abc.NT_0001'>"": [2, 2, 59000, 40319, 0, 1, 68566], ""<class 'abc.NT_0001_P_00000'>"": [], ""<class 'bool'>"": [46023, 35570, 21927, 48609, 64826, 47769, 23648, 93816, 7134, 59416, 20134, 85082, 87339, 47436, 78194, 76892, 13022, 3649, 46405, 50242, 42523, 55047, 79213, 55354, 94818, 24110, 33409], ""<class 'abc.NT_0000'>"": [1, 2, 6, 0, 0, 0, 0, 37022, 5, 2, 66993, 97444, 3, 1, 0, 2, 2, 0, 74373, 6, 1, 52140, 2, 0, 0, 65812], ""<class 'abc.NT_0000_P_00000'>"": [], ""<class 'int'>"": [51614, 75789, 78987, 59354, 52526, 36031, 85748, 91268, 99322, 38473, 68614, 93746, 6702, 40963, 41597, 92372, 37369, 45498, 58460, 83038, 87308, 28012, 78957, 30708, 49224, 91314, 40359, 78500, 26079, 62592, 24095, 64379, 80107, 79360, 89661, 93789, 24483, 14210, 58941, 10735, 60856, 12770, 53654, 76588], ""<class 'abc.NT_0000_P_00001'>"": [], ""<class 'abc.NT_0000_P_00002'>"": [], ""<class 'abc.NT_0000_P_00003'>"": [], ""<class 'abc.NT_0000_P_00004'>"": [], ""<class 'abc.NT_0000_P_00005'>"": [], ""<class 'abc.NT_0000_P_00006'>"": [], ""<class 'abc.NT_0001_P_00001'>"": [], ""<class 'abc.NT_0001_P_00002'>"": [], ""<class 'abc.NT_0001_P_00003'>"": [], ""<class 'abc.NT_0001_P_00004'>"": [], ""<class 'abc.NT_0005'>"": [2, 8379], ""<class 'abc.NT_0005_P_00000'>"": [], ""<class 'abc.NT_0003'>"": [0, 0, 2, 44909], ""<class 'abc.NT_0003_P_00000'>"": [], ""<class 'abc.NT_0002'>"": [3, 1, 2, 3, 2, 2993], ""<class 'abc.NT_0002_P_00000'>"": [], ""<class 'abc.NT_0002_P_00001'>"": [], ""<class 'abc.NT_0002_P_00002'>"": [], ""<class 'abc.NT_0002_P_00003'>"": [], ""<class 'abc.NT_0002_P_00004'>"": [], ""<class 'abc.NT_0003_P_00001'>"": [], ""<class 'abc.NT_0003_P_00002'>"": [], ""<class 'abc.NT_0004'>"": [0, 60424], ""<class 'abc.NT_0004_P_00000'>"": [], ""<class 'abc.NT_0004_P_00001'>"": [], ""<class 'abc.NT_0005_P_00001'>"": [], ""<class 'abc.NT_0005_P_00002'>"": [], ""<class 'abc.NT_0011'>"": [], ""<class 'abc.NT_0011_P_00000'>"": [], ""<class 'abc.NT_0017_P_00001'>"": [], ""<class 'abc.NT_0012'>"": [0, 15705], ""<class 'abc.NT_0012_P_00000'>"": [], ""<class 'abc.NT_0010'>"": [], ""<class 'abc.NT_0010_P_00000'>"": [], ""<class 'abc.NT_0009'>"": [], ""<class 'abc.NT_0009_P_00000'>"": [], ""<class 'abc.NT_0008'>"": [], ""<class 'abc.NT_0008_P_00000'>"": [], ""<class 'abc.NT_0006'>"": [], ""<class 'abc.NT_0006_P_00000'>"": [], ""<class 'abc.NT_0008_P_00001'>"": [], ""<class 'abc.NT_0008_P_00002'>"": [], ""<class 'abc.NT_0008_P_00003'>"": [], ""<class 'abc.NT_0008_P_00004'>"": [], ""<class 'abc.NT_0007'>"": [], ""<class 'abc.NT_0007_P_00000'>"": [], ""<class 'abc.NT_0007_P_00001'>"": [], ""<class 'abc.NT_0007_P_00002'>"": [], ""<class 'abc.NT_0009_P_00001'>"": [], ""<class 'abc.NT_0010_P_00001'>"": [], ""<class 'abc.NT_0010_P_00002'>"": [], ""<class 'abc.NT_0012_P_00001'>"": [], ""<class 'abc.NT_0012_P_00002'>"": [], '$leftovers': [24110, 33409, 84800, 52930, 73355, 35471, 40030, 9296, 20749, 33075, 49628, 11537, 15, 90830, 51946, 20435, 67193, 37276, 25620, 25545, 23848, 32840, 79736, 6117, 22259, 57571, 60709, 16020, 90131, 83681, 49236, 19740, 96719, 28286, 96500, 25056, 2425, 4606, 76743, 50141, 80972, 89178, 58155, 60076, 20023, 49957, 78859, 71701, 63157, 51036, 27194, 57618, 41826, 72622, 26518, 13650, 37174, 65866, 51535, 26693, 46306, 18622, 78957, 96794, 12749, 98789, 43609, 19799, 33366, 8952, 34480, 94159, 44897, 75759, 82931, 16277, 14916, 72994, 49309, 70538, 2034, 42550, 91026, 7880, 3338, 60131, 98080, 28093, 32900, 15622, 26775, 29552, 32342, 14515, 36096, 41783, 62811, 37254, 75355, 63411, 75272, 23694, 84310, 71082, 79212, 33588, 90706, 48187, 31189, 88482, 9367, 56255, 79617, 1270, 55560, 26203, 26155, 40545, 15484, 55048, 21590, 6079, 95713, 42042, 7599, 11012, 10867, 6326, 4226, 36219, 64167, 95573, 17592, 32396, 33047, 42672, 14688, 56724, 34006, 26116, 19739, 92564, 32446, 49106, 86197, 89608, 29620, 89318, 4676, 30220, 92140, 82233, 42586, 84937, 67832, 88616, 54115, 36688, 72537, 89206, 19927, 60142, 31365, 9503, 17153, 77426, 27373, 71618, 24526, 11066, 35200, 85609, 149, 12686, 31762, 76331, 79662, 42034, 4753, 45093, 9160, 29879, 54031, 81574, 52405, 74338, 45103, 97062, 38418, 65500, 83214, 33515, 71498, 84236, 27012, 42946, 15648, 18758, 74221, 18239, 86131, 1230, 2760, 87805, 47794, 89910, 39873, 11161, 88967, 57997, 33988, 52998, 11574, 11690, 91965, 60505, 6728, 20304, 66663, 21797, 36314, 23383, 77728, 66566, 30573, 81589, 35200, 85889, 50823, 87892, 82732, 87939, 51151, 25364, 57741, 65481, 95697, 91763, 24126, 50698, 89794, 21082, 38556, 8845, 86758, 95312, 40982, 27576, 22409, 10764, 59686, 42374, 46705, 20305, 91930, 20443, 55812, 94550, 17871, 37347, 86111, 91872, 76531, 97561, 22247, 70828, 10031, 86871, 3457, 34403, 47195, 55824, 77269, 2312, 23015, 10509, 90685, 33220, 5095, 32669, 57665, 87461, 23705, 23892, 79569, 25099, 22463, 6825, 87678, 12700, 8086, 18347, 2080, 81725, 1743, 21695, 98864, 601, 27012, 26238, 83756, 20196, 9283, 37922, 9584, 31059, 69305, 33408, 87700, 5472, 17218, 94029, 30946, 42707, 26938, 23929, 42631, 58629, 82345, 34078, 27640, 26857, 52482, 1908, 53363, 57718, 53277, 60874, 47192, 65156, 64324, 98908, 18086, 34571, 80780, 21654, 13015, 54185, 65778, 82905, 54333, 16295, 29750, 10179, 8498, 41149, 76875, 75817, 52840, 36350, 67047, 80721, 50387, 89921, 76598, 79179, 69374, 34188, 84323, 90189, 80063, 75353, 58141, 98604, 61869, 50914, 95998, 60953, 31372, 32800, 20253, 10965, 57825, 30921, 72002, 23478, 52144, 74671, 49790, 35369, 96851, 96268, 91735, 26265, 71492, 35041, 22667, 85381, 87967, 56897, 37761, 44123, 52620, 81795, 86745, 6668, 71796, 22328, 50981, 1304, 65894, 39334, 28965, 37736, 33502, 94725, 98644, 29317, 28672, 49720, 92944, 79154, 30886, 83581, 56853, 86563, 45680, 29702, 43297, 89488, 55541, 95711, 64055, 55857, 75831, 20915, 33733, 41601, 40608, 13946, 42643, 60946, 78379, 66893, 47265, 47663, 96044, 31575, 23271, 29732, 18765, 73934, 86595, 19623, 58152, 23341, 42797, 82035, 84610, 84617, 26296, 48384, 7808, 85181, 83581, 85225, 34491, 3068, 83145, 63958, 59227, 71005, 79763, 19625, 78522, 84816, 70026, 30736, 71763, 20974, 85431, 42194, 51257, 95945, 87370, 84376, 7316, 96397, 73523, 45377, 38170, 929, 19455, 92318, 44476, 31469, 69802, 39812, 96151, 1351, 97970, 67167, 69990, 20536, 43930, 89552, 7692, 94070, 25734, 2163, 89653, 41361, 65843, 55026, 76161, 33606, 7726, 57770, 26583, 72401, 4290, 24460, 59579, 28419, 26896, 42516, 11149, 32412, 43883, 76759, 72953, 63003, 29642, 79399, 49163, 14266, 55493, 15592, 19124, 64343, 71700, 16518, 77843, 61244, 80217, 51694, 11787, 24162, 70922, 1802, 19601, 58039, 19725, 17982, 7030, 87818, 81146, 64592, 10711, 8313, 80311, 12180, 49490, 79809, 96851, 93114, 19741, 87950, 3665, 43498, 8117, 64, 90216, 51752, 43265, 1055, 25064, 4579, 20591, 64262, 8289, 34540, 9038, 32463, 95965, 3202, 36219, 54773, 36301, 21802, 67750, 14517, 59282, 15980, 432, 86613, 99020, 91465, 77787, 78248, 48946, 57777, 58757, 97167, 43438, 57904, 2014, 13213, 67388, 10589, 17904, 46813, 71128, 52635, 3372, 7022, 6285, 13222, 36250, 40728, 91163, 35142, 11502, 89851, 62932, 77460, 96657, 21864, 99883, 81995, 74277, 60986, 50282, 74931, 46950, 5360, 53700, 31843, 59827, 47670, 32934, 30419, 79491, 57514, 74807, 23996, 53538, 62864, 15792, 27971, 79999, 4588, 61344, 72986, 76402, 5098, 58305, 25903, 32899, 85790, 91428, 60548, 56234, 39548, 43974, 98619, 77439, 15993, 73803, 83604, 25519, 18459, 20066, 25903, 97967, 33677, 7371, 6, 36499, 11324, 1243, 39947, 55479, 70470, 34082, 56050, 29544, 54987, 62746, 66607, 80357, 49628, 67933, 33670, 28091, 66945, 50534, 26141, 53322, 91035, 77729, 27580, 46478, 28257, 47427, 93318, 56880, 30918, 94174, 58362, 78991, 44614, 79630, 30263, 11791, 42548, 14198, 37648, 38023, 21220, 21014, 7344, 63974, 96287, 17660, 60202, 79326, 52006, 11171, 66690, 12255, 20285, 10423, 55277, 57487, 11691, 54689, 5652, 76519, 3461, 69755, 64707, 16312, 16295, 40601, 70148, 36176, 16065, 40040, 14183, 24121, 47242, 22032, 11279, 3191, 76223, 38556, 49976, 63279, 28556, 9220, 29217, 76607, 75006, 23148, 76606, 47161, 35794, 52195, 48659, 92402, 6526, 92368, 4935, 12370, 31129, 9968, 86963, 31409, 47029, 77066, 80727, 15785, 15932, 83533, 62000, 17471, 96923, 65812, 20445, 91749, 85889, 26308, 19486, 21715, 34331, 93146, 59506, 57820, 30428, 93243, 92765, 52847, 89535, 66389, 58839, 4150, 25361, 82879, 61511, 68281, 78697, 78403, 87273, 13980, 42687, 23918, 63683, 41580, 73250, 59609, 11414, 2509, 70598, 74474, 19451, 16064, 20767, 90079, 93316, 16483, 26688, 1007, 58343, 58155, 21038, 71715, 57917, 41869, 25781, 18714, 67682, 93754, 85684, 10313, 1573, 45762, 94524, 35755, 32943, 71827, 71670, 16558, 24105, 60194, 63460, 52030, 70450, 68115, 37170, 74590, 45567, 54629, 5725, 85172, 61417, 54506, 78169, 92443, 94152, 97286, 90729, 98431, 21923, 91806, 91215, 9539, 25283, 88955, 21992, 43568, 39295, 10889, 20789, 56007, 943, 72855, 76942, 8942, 7759, 97777, 37307, 60206, 47127, 31059, 56075, 49075, 27392, 83476, 56280, 34162, 34476, 2995, 89626, 72491, 10343, 77379, 88390, 46151, 52405, 17849, 67616, 60968, 77448, 3012, 11905, 89855, 55382, 1710, 27710, 13838, 56579, 51865, 18942, 52511, 18314, 17423, 62667, 73550, 27356, 31707, 24937, 85986, 41982, 29792, 51747, 77050, 33505, 87200, 35919, 25026, 57877, 33854, 14431, 62602, 44937, 83542, 26581, 41702, 40546, 83724, 57348, 95648, 17217, 81032, 51333, 62479, 95232, 68193, 19337, 54406, 7241, 84508, 31853, 36337, 97444, 6715, 84142, 14143, 29646, 61418, 46691, 91055, 95261, 21607, 49389, 87440, 53345, 41371, 1669, 16850, 18440, 60983, 69600, 53625, 40097, 54633, 9055, 65860, 3054, 54468, 13994, 50399, 96381, 93456, 37386, 12374, 72359, 13808, 91360, 1863, 60158, 8379, 60424, 44909, 64466, 68566, 65812, 52188, 94818]})"
152.0,7,30,30,18.93893074989319,40003,"Genotype(dna={""<class 'abc.NT_0017'>"": [0, 1863], ""<class 'abc.NT_0017_P_00000'>"": [], ""<class 'abc.NT_0001'>"": [2, 2, 59000, 40319, 0, 1, 68566], ""<class 'abc.NT_0001_P_00000'>"": [], ""<class 'bool'>"": [46023, 35570, 21927, 48609, 64826, 47769, 23648, 93816, 7134, 59416, 20134, 85082, 87339, 47436, 78194, 76892, 13022, 3649, 46405, 50242, 42523, 55047, 79213, 55354, 94818, 24110, 33409], ""<class 'abc.NT_0000'>"": [1, 2, 6, 0, 0, 0, 0, 37022, 5, 2, 66993, 97444, 3, 1, 0, 2, 2, 0, 74373, 6, 1, 52140, 2, 0, 0, 65812], ""<class 'abc.NT_0000_P_00000'>"": [], ""<class 'int'>"": [51614, 75789, 78987, 59354, 52526, 36031, 85748, 91268, 99322, 38473, 68614, 93746, 6702, 40963, 41597, 92372, 37369, 45498, 58460, 83038, 87308, 28012, 78957, 30708, 49224, 91314, 40359, 78500, 26079, 62592, 24095, 64379, 80107, 79360, 89661, 93789, 24483, 14210, 58941, 10735, 60856, 12770, 53654, 76588], ""<class 'abc.NT_0000_P_00001'>"": [], ""<class 'abc.NT_0000_P_00002'>"": [], ""<class 'abc.NT_0000_P_00003'>"": [], ""<class 'abc.NT_0000_P_00004'>"": [], ""<class 'abc.NT_0000_P_00005'>"": [], ""<class 'abc.NT_0000_P_00006'>"": [], ""<class 'abc.NT_0001_P_00001'>"": [], ""<class 'abc.NT_0001_P_00002'>"": [], ""<class 'abc.NT_0001_P_00003'>"": [], ""<class 'abc.NT_0001_P_00004'>"": [], ""<class 'abc.NT_0005'>"": [2, 8379], ""<class 'abc.NT_0005_P_00000'>"": [], ""<class 'abc.NT_0003'>"": [0, 0, 2, 44909], ""<class 'abc.NT_0003_P_00000'>"": [], ""<class 'abc.NT_0002'>"": [3, 1, 2, 3, 2, 2993], ""<class 'abc.NT_0002_P_00000'>"": [], ""<class 'abc.NT_0002_P_00001'>"": [], ""<class 'abc.NT_0002_P_00002'>"": [], ""<class 'abc.NT_0002_P_00003'>"": [], ""<class 'abc.NT_0002_P_00004'>"": [], ""<class 'abc.NT_0003_P_00001'>"": [], ""<class 'abc.NT_0003_P_00002'>"": [], ""<class 'abc.NT_0004'>"": [0, 60424], ""<class 'abc.NT_0004_P_00000'>"": [], ""<class 'abc.NT_0004_P_00001'>"": [], ""<class 'abc.NT_0005_P_00001'>"": [], ""<class 'abc.NT_0005_P_00002'>"": [], ""<class 'abc.NT_0011'>"": [], ""<class 'abc.NT_0011_P_00000'>"": [], ""<class 'abc.NT_0017_P_00001'>"": [], ""<class 'abc.NT_0012'>"": [0, 15705], ""<class 'abc.NT_0012_P_00000'>"": [], ""<class 'abc.NT_0010'>"": [], ""<class 'abc.NT_0010_P_00000'>"": [], ""<class 'abc.NT_0009'>"": [], ""<class 'abc.NT_0009_P_00000'>"": [], ""<class 'abc.NT_0008'>"": [], ""<class 'abc.NT_0008_P_00000'>"": [], ""<class 'abc.NT_0006'>"": [], ""<class 'abc.NT_0006_P_00000'>"": [], ""<class 'abc.NT_0008_P_00001'>"": [], ""<class 'abc.NT_0008_P_00002'>"": [], ""<class 'abc.NT_0008_P_00003'>"": [], ""<class 'abc.NT_0008_P_00004'>"": [], ""<class 'abc.NT_0007'>"": [], ""<class 'abc.NT_0007_P_00000'>"": [], ""<class 'abc.NT_0007_P_00001'>"": [], ""<class 'abc.NT_0007_P_00002'>"": [], ""<class 'abc.NT_0009_P_00001'>"": [], ""<class 'abc.NT_0010_P_00001'>"": [], ""<class 'abc.NT_0010_P_00002'>"": [], ""<class 'abc.NT_0012_P_00001'>"": [], ""<class 'abc.NT_0012_P_00002'>"": [], '$leftovers': [24110, 33409, 84800, 52930, 73355, 35471, 40030, 9296, 20749, 33075, 49628, 11537, 15, 90830, 51946, 20435, 67193, 37276, 25620, 25545, 23848, 32840, 79736, 6117, 22259, 57571, 60709, 16020, 90131, 83681, 49236, 19740, 96719, 28286, 96500, 25056, 2425, 4606, 76743, 50141, 80972, 89178, 58155, 60076, 20023, 49957, 78859, 71701, 63157, 51036, 27194, 57618, 41826, 72622, 26518, 13650, 37174, 65866, 51535, 26693, 46306, 18622, 78957, 96794, 12749, 98789, 43609, 19799, 33366, 8952, 34480, 94159, 44897, 75759, 82931, 16277, 14916, 72994, 49309, 70538, 2034, 42550, 91026, 7880, 3338, 60131, 98080, 28093, 32900, 15622, 26775, 29552, 32342, 14515, 36096, 41783, 62811, 37254, 75355, 63411, 75272, 23694, 84310, 71082, 79212, 33588, 90706, 48187, 31189, 88482, 9367, 56255, 79617, 1270, 55560, 26203, 26155, 40545, 15484, 55048, 21590, 6079, 95713, 42042, 7599, 11012, 10867, 6326, 4226, 36219, 64167, 95573, 17592, 32396, 33047, 42672, 14688, 56724, 34006, 26116, 19739, 92564, 32446, 49106, 86197, 89608, 29620, 89318, 4676, 30220, 92140, 82233, 42586, 84937, 67832, 88616, 54115, 36688, 72537, 89206, 19927, 60142, 31365, 9503, 17153, 77426, 27373, 71618, 24526, 11066, 35200, 85609, 149, 12686, 31762, 76331, 79662, 42034, 4753, 45093, 9160, 29879, 54031, 81574, 52405, 74338, 45103, 97062, 38418, 65500, 83214, 33515, 71498, 84236, 27012, 42946, 15648, 18758, 74221, 18239, 86131, 1230, 2760, 87805, 47794, 89910, 39873, 11161, 88967, 57997, 33988, 52998, 11574, 11690, 91965, 60505, 6728, 20304, 66663, 21797, 36314, 23383, 77728, 66566, 30573, 81589, 35200, 85889, 50823, 87892, 82732, 87939, 51151, 25364, 57741, 65481, 95697, 91763, 24126, 50698, 89794, 21082, 38556, 8845, 86758, 95312, 40982, 27576, 22409, 10764, 59686, 42374, 46705, 20305, 91930, 20443, 55812, 94550, 17871, 37347, 86111, 91872, 76531, 97561, 22247, 70828, 10031, 86871, 3457, 34403, 47195, 55824, 77269, 2312, 23015, 10509, 90685, 33220, 5095, 32669, 57665, 87461, 23705, 23892, 79569, 25099, 22463, 6825, 87678, 12700, 8086, 18347, 2080, 81725, 1743, 21695, 98864, 601, 27012, 26238, 83756, 20196, 9283, 37922, 9584, 31059, 69305, 33408, 87700, 5472, 17218, 94029, 30946, 42707, 26938, 23929, 42631, 58629, 82345, 34078, 27640, 26857, 52482, 1908, 53363, 57718, 53277, 60874, 47192, 65156, 64324, 98908, 18086, 34571, 80780, 21654, 13015, 54185, 65778, 82905, 54333, 16295, 29750, 10179, 8498, 41149, 76875, 75817, 52840, 36350, 67047, 80721, 50387, 89921, 76598, 79179, 69374, 34188, 84323, 90189, 80063, 75353, 58141, 98604, 61869, 50914, 95998, 60953, 31372, 32800, 20253, 10965, 57825, 30921, 72002, 23478, 52144, 74671, 49790, 35369, 96851, 96268, 91735, 26265, 71492, 35041, 22667, 85381, 87967, 56897, 37761, 44123, 52620, 81795, 86745, 6668, 71796, 22328, 50981, 1304, 65894, 39334, 28965, 37736, 33502, 94725, 98644, 29317, 28672, 49720, 92944, 79154, 30886, 83581, 56853, 86563, 45680, 29702, 43297, 89488, 55541, 95711, 64055, 55857, 75831, 20915, 33733, 41601, 40608, 13946, 42643, 60946, 78379, 66893, 47265, 47663, 96044, 31575, 23271, 29732, 18765, 73934, 86595, 19623, 58152, 23341, 42797, 82035, 84610, 84617, 26296, 48384, 7808, 85181, 83581, 85225, 34491, 3068, 83145, 63958, 59227, 71005, 79763, 19625, 78522, 84816, 70026, 30736, 71763, 20974, 85431, 42194, 51257, 95945, 87370, 84376, 7316, 96397, 73523, 45377, 38170, 929, 19455, 92318, 44476, 31469, 69802, 39812, 96151, 1351, 97970, 67167, 69990, 20536, 43930, 89552, 7692, 94070, 25734, 2163, 89653, 41361, 65843, 55026, 76161, 33606, 7726, 57770, 26583, 72401, 4290, 24460, 59579, 28419, 26896, 42516, 11149, 32412, 43883, 76759, 72953, 63003, 29642, 79399, 49163, 14266, 55493, 15592, 19124, 64343, 71700, 16518, 77843, 61244, 80217, 51694, 11787, 24162, 70922, 1802, 19601, 58039, 19725, 17982, 7030, 87818, 81146, 64592, 10711, 8313, 80311, 12180, 49490, 79809, 96851, 93114, 19741, 87950, 3665, 43498, 8117, 64, 90216, 51752, 43265, 1055, 25064, 4579, 20591, 64262, 8289, 34540, 9038, 32463, 95965, 3202, 36219, 54773, 36301, 21802, 67750, 14517, 59282, 15980, 432, 86613, 99020, 91465, 77787, 78248, 48946, 57777, 58757, 97167, 43438, 57904, 2014, 13213, 67388, 10589, 17904, 46813, 71128, 52635, 3372, 7022, 6285, 13222, 36250, 40728, 91163, 35142, 11502, 89851, 62932, 77460, 96657, 21864, 99883, 81995, 74277, 60986, 50282, 74931, 46950, 5360, 53700, 31843, 59827, 47670, 32934, 30419, 79491, 57514, 74807, 23996, 53538, 62864, 15792, 27971, 79999, 4588, 61344, 72986, 76402, 5098, 58305, 25903, 32899, 85790, 91428, 60548, 56234, 39548, 43974, 98619, 77439, 15993, 73803, 83604, 25519, 18459, 20066, 25903, 97967, 33677, 7371, 6, 36499, 11324, 1243, 39947, 55479, 70470, 34082, 56050, 29544, 54987, 62746, 66607, 80357, 49628, 67933, 33670, 28091, 66945, 50534, 26141, 53322, 91035, 77729, 27580, 46478, 28257, 47427, 93318, 56880, 30918, 94174, 58362, 78991, 44614, 79630, 30263, 11791, 42548, 14198, 37648, 38023, 21220, 21014, 7344, 63974, 96287, 17660, 60202, 79326, 52006, 11171, 66690, 12255, 20285, 10423, 55277, 57487, 11691, 54689, 5652, 76519, 3461, 69755, 64707, 16312, 16295, 40601, 70148, 36176, 16065, 40040, 14183, 24121, 47242, 22032, 11279, 3191, 76223, 38556, 49976, 63279, 28556, 9220, 29217, 76607, 75006, 23148, 76606, 47161, 35794, 52195, 48659, 92402, 6526, 92368, 4935, 12370, 31129, 9968, 86963, 31409, 47029, 77066, 80727, 15785, 15932, 83533, 62000, 17471, 96923, 65812, 20445, 91749, 85889, 26308, 19486, 21715, 34331, 93146, 59506, 57820, 30428, 93243, 92765, 52847, 89535, 66389, 58839, 4150, 25361, 82879, 61511, 68281, 78697, 78403, 87273, 13980, 42687, 23918, 63683, 41580, 73250, 59609, 11414, 2509, 70598, 74474, 19451, 16064, 20767, 90079, 93316, 16483, 26688, 1007, 58343, 58155, 21038, 71715, 57917, 41869, 25781, 18714, 67682, 93754, 85684, 10313, 1573, 45762, 94524, 35755, 32943, 71827, 71670, 16558, 24105, 60194, 63460, 52030, 70450, 68115, 37170, 74590, 45567, 54629, 5725, 85172, 61417, 54506, 78169, 92443, 94152, 97286, 90729, 98431, 21923, 91806, 91215, 9539, 25283, 88955, 21992, 43568, 39295, 10889, 20789, 56007, 943, 72855, 76942, 8942, 7759, 97777, 37307, 60206, 47127, 31059, 56075, 49075, 27392, 83476, 56280, 34162, 34476, 2995, 89626, 72491, 10343, 77379, 88390, 46151, 52405, 17849, 67616, 60968, 77448, 3012, 11905, 89855, 55382, 1710, 27710, 13838, 56579, 51865, 18942, 52511, 18314, 17423, 62667, 73550, 27356, 31707, 24937, 85986, 41982, 29792, 51747, 77050, 33505, 87200, 35919, 25026, 57877, 33854, 14431, 62602, 44937, 83542, 26581, 41702, 40546, 83724, 57348, 95648, 17217, 81032, 51333, 62479, 95232, 68193, 19337, 54406, 7241, 84508, 31853, 36337, 97444, 6715, 84142, 14143, 29646, 61418, 46691, 91055, 95261, 21607, 49389, 87440, 53345, 41371, 1669, 16850, 18440, 60983, 69600, 53625, 40097, 54633, 9055, 65860, 3054, 54468, 13994, 50399, 96381, 93456, 37386, 12374, 72359, 13808, 91360, 1863, 60158, 8379, 60424, 44909, 64466, 68566, 65812, 52188, 94818]})"
152.0,7,30,31,19.314266443252563,40003,"Genotype(dna={""<class 'abc.NT_0017'>"": [0, 1863], ""<class 'abc.NT_0017_P_00000'>"": [], ""<class 'abc.NT_0001'>"": [2, 2, 59000, 40319, 0, 1, 68566], ""<class 'abc.NT_0001_P_00000'>"": [], ""<class 'bool'>"": [46023, 35570, 21927, 48609, 64826, 47769, 23648, 93816, 7134, 59416, 20134, 85082, 87339, 47436, 78194, 76892, 13022, 3649, 46405, 50242, 42523, 55047, 79213, 55354, 94818, 24110, 33409], ""<class 'abc.NT_0000'>"": [1, 2, 6, 0, 0, 0, 0, 37022, 5, 2, 66993, 97444, 3, 1, 0, 2, 2, 0, 74373, 6, 1, 52140, 2, 0, 0, 65812], ""<class 'abc.NT_0000_P_00000'>"": [], ""<class 'int'>"": [51614, 75789, 78987, 59354, 52526, 36031, 85748, 91268, 99322, 38473, 68614, 93746, 6702, 40963, 41597, 92372, 37369, 45498, 58460, 83038, 87308, 28012, 78957, 30708, 49224, 91314, 40359, 78500, 26079, 62592, 24095, 64379, 80107, 79360, 89661, 93789, 24483, 14210, 58941, 10735, 60856, 12770, 53654, 76588], ""<class 'abc.NT_0000_P_00001'>"": [], ""<class 'abc.NT_0000_P_00002'>"": [], ""<class 'abc.NT_0000_P_00003'>"": [], ""<class 'abc.NT_0000_P_00004'>"": [], ""<class 'abc.NT_0000_P_00005'>"": [], ""<class 'abc.NT_0000_P_00006'>"": [], ""<class 'abc.NT_0001_P_00001'>"": [], ""<class 'abc.NT_0001_P_00002'>"": [], ""<class 'abc.NT_0001_P_00003'>"": [], ""<class 'abc.NT_0001_P_00004'>"": [], ""<class 'abc.NT_0005'>"": [2, 8379], ""<class 'abc.NT_0005_P_00000'>"": [], ""<class 'abc.NT_0003'>"": [0, 0, 2, 44909], ""<class 'abc.NT_0003_P_00000'>"": [], ""<class 'abc.NT_0002'>"": [3, 1, 2, 3, 2, 2993], ""<class 'abc.NT_0002_P_00000'>"": [], ""<class 'abc.NT_0002_P_00001'>"": [], ""<class 'abc.NT_0002_P_00002'>"": [], ""<class 'abc.NT_0002_P_00003'>"": [], ""<class 'abc.NT_0002_P_00004'>"": [], ""<class 'abc.NT_0003_P_00001'>"": [], ""<class 'abc.NT_0003_P_00002'>"": [], ""<class 'abc.NT_0004'>"": [0, 60424], ""<class 'abc.NT_0004_P_00000'>"": [], ""<class 'abc.NT_0004_P_00001'>"": [], ""<class 'abc.NT_0005_P_00001'>"": [], ""<class 'abc.NT_0005_P_00002'>"": [], ""<class 'abc.NT_0011'>"": [], ""<class 'abc.NT_0011_P_00000'>"": [], ""<class 'abc.NT_0017_P_00001'>"": [], ""<class 'abc.NT_0012'>"": [0, 15705], ""<class 'abc.NT_0012_P_00000'>"": [], ""<class 'abc.NT_0010'>"": [], ""<class 'abc.NT_0010_P_00000'>"": [], ""<class 'abc.NT_0009'>"": [], ""<class 'abc.NT_0009_P_00000'>"": [], ""<class 'abc.NT_0008'>"": [], ""<class 'abc.NT_0008_P_00000'>"": [], ""<class 'abc.NT_0006'>"": [], ""<class 'abc.NT_0006_P_00000'>"": [], ""<class 'abc.NT_0008_P_00001'>"": [], ""<class 'abc.NT_0008_P_00002'>"": [], ""<class 'abc.NT_0008_P_00003'>"": [], ""<class 'abc.NT_0008_P_00004'>"": [], ""<class 'abc.NT_0007'>"": [], ""<class 'abc.NT_0007_P_00000'>"": [], ""<class 'abc.NT_0007_P_00001'>"": [], ""<class 'abc.NT_0007_P_00002'>"": [], ""<class 'abc.NT_0009_P_00001'>"": [], ""<class 'abc.NT_0010_P_00001'>"": [], ""<class 'abc.NT_0010_P_00002'>"": [], ""<class 'abc.NT_0012_P_00001'>"": [], ""<class 'abc.NT_0012_P_00002'>"": [], '$leftovers': [24110, 33409, 84800, 52930, 73355, 35471, 40030, 9296, 20749, 33075, 49628, 11537, 15, 90830, 51946, 20435, 67193, 37276, 25620, 25545, 23848, 32840, 79736, 6117, 22259, 57571, 60709, 16020, 90131, 83681, 49236, 19740, 96719, 28286, 96500, 25056, 2425, 4606, 76743, 50141, 80972, 89178, 58155, 60076, 20023, 49957, 78859, 71701, 63157, 51036, 27194, 57618, 41826, 72622, 26518, 13650, 37174, 65866, 51535, 26693, 46306, 18622, 78957, 96794, 12749, 98789, 43609, 19799, 33366, 8952, 34480, 94159, 44897, 75759, 82931, 16277, 14916, 72994, 49309, 70538, 2034, 42550, 91026, 7880, 3338, 60131, 98080, 28093, 32900, 15622, 26775, 29552, 32342, 14515, 36096, 41783, 62811, 37254, 75355, 63411, 75272, 23694, 84310, 71082, 79212, 33588, 90706, 48187, 31189, 88482, 9367, 56255, 79617, 1270, 55560, 26203, 26155, 40545, 15484, 55048, 21590, 6079, 95713, 42042, 7599, 11012, 10867, 6326, 4226, 36219, 64167, 95573, 17592, 32396, 33047, 42672, 14688, 56724, 34006, 26116, 19739, 92564, 32446, 49106, 86197, 89608, 29620, 89318, 4676, 30220, 92140, 82233, 42586, 84937, 67832, 88616, 54115, 36688, 72537, 89206, 19927, 60142, 31365, 9503, 17153, 77426, 27373, 71618, 24526, 11066, 35200, 85609, 149, 12686, 31762, 76331, 79662, 42034, 4753, 45093, 9160, 29879, 54031, 81574, 52405, 74338, 45103, 97062, 38418, 65500, 83214, 33515, 71498, 84236, 27012, 42946, 15648, 18758, 74221, 18239, 86131, 1230, 2760, 87805, 47794, 89910, 39873, 11161, 88967, 57997, 33988, 52998, 11574, 11690, 91965, 60505, 6728, 20304, 66663, 21797, 36314, 23383, 77728, 66566, 30573, 81589, 35200, 85889, 50823, 87892, 82732, 87939, 51151, 25364, 57741, 65481, 95697, 91763, 24126, 50698, 89794, 21082, 38556, 8845, 86758, 95312, 40982, 27576, 22409, 10764, 59686, 42374, 46705, 20305, 91930, 20443, 55812, 94550, 17871, 37347, 86111, 91872, 76531, 97561, 22247, 70828, 10031, 86871, 3457, 34403, 47195, 55824, 77269, 2312, 23015, 10509, 90685, 33220, 5095, 32669, 57665, 87461, 23705, 23892, 79569, 25099, 22463, 6825, 87678, 12700, 8086, 18347, 2080, 81725, 1743, 21695, 98864, 601, 27012, 26238, 83756, 20196, 9283, 37922, 9584, 31059, 69305, 33408, 87700, 5472, 17218, 94029, 30946, 42707, 26938, 23929, 42631, 58629, 82345, 34078, 27640, 26857, 52482, 1908, 53363, 57718, 53277, 60874, 47192, 65156, 64324, 98908, 18086, 34571, 80780, 21654, 13015, 54185, 65778, 82905, 54333, 16295, 29750, 10179, 8498, 41149, 76875, 75817, 52840, 36350, 67047, 80721, 50387, 89921, 76598, 79179, 69374, 34188, 84323, 90189, 80063, 75353, 58141, 98604, 61869, 50914, 95998, 60953, 31372, 32800, 20253, 10965, 57825, 30921, 72002, 23478, 52144, 74671, 49790, 35369, 96851, 96268, 91735, 26265, 71492, 35041, 22667, 85381, 87967, 56897, 37761, 44123, 52620, 81795, 86745, 6668, 71796, 22328, 50981, 1304, 65894, 39334, 28965, 37736, 33502, 94725, 98644, 29317, 28672, 49720, 92944, 79154, 30886, 83581, 56853, 86563, 45680, 29702, 43297, 89488, 55541, 95711, 64055, 55857, 75831, 20915, 33733, 41601, 40608, 13946, 42643, 60946, 78379, 66893, 47265, 47663, 96044, 31575, 23271, 29732, 18765, 73934, 86595, 19623, 58152, 23341, 42797, 82035, 84610, 84617, 26296, 48384, 7808, 85181, 83581, 85225, 34491, 3068, 83145, 63958, 59227, 71005, 79763, 19625, 78522, 84816, 70026, 30736, 71763, 20974, 85431, 42194, 51257, 95945, 87370, 84376, 7316, 96397, 73523, 45377, 38170, 929, 19455, 92318, 44476, 31469, 69802, 39812, 96151, 1351, 97970, 67167, 69990, 20536, 43930, 89552, 7692, 94070, 25734, 2163, 89653, 41361, 65843, 55026, 76161, 33606, 7726, 57770, 26583, 72401, 4290, 24460, 59579, 28419, 26896, 42516, 11149, 32412, 43883, 76759, 72953, 63003, 29642, 79399, 49163, 14266, 55493, 15592, 19124, 64343, 71700, 16518, 77843, 61244, 80217, 51694, 11787, 24162, 70922, 1802, 19601, 58039, 19725, 17982, 7030, 87818, 81146, 64592, 10711, 8313, 80311, 12180, 49490, 79809, 96851, 93114, 19741, 87950, 3665, 43498, 8117, 64, 90216, 51752, 43265, 1055, 25064, 4579, 20591, 64262, 8289, 34540, 9038, 32463, 95965, 3202, 36219, 54773, 36301, 21802, 67750, 14517, 59282, 15980, 432, 86613, 99020, 91465, 77787, 78248, 48946, 57777, 58757, 97167, 43438, 57904, 2014, 13213, 67388, 10589, 17904, 46813, 71128, 52635, 3372, 7022, 6285, 13222, 36250, 40728, 91163, 35142, 11502, 89851, 62932, 77460, 96657, 21864, 99883, 81995, 74277, 60986, 50282, 74931, 46950, 5360, 53700, 31843, 59827, 47670, 32934, 30419, 79491, 57514, 74807, 23996, 53538, 62864, 15792, 27971, 79999, 4588, 61344, 72986, 76402, 5098, 58305, 25903, 32899, 85790, 91428, 60548, 56234, 39548, 43974, 98619, 77439, 15993, 73803, 83604, 25519, 18459, 20066, 25903, 97967, 33677, 7371, 6, 36499, 11324, 1243, 39947, 55479, 70470, 34082, 56050, 29544, 54987, 62746, 66607, 80357, 49628, 67933, 33670, 28091, 66945, 50534, 26141, 53322, 91035, 77729, 27580, 46478, 28257, 47427, 93318, 56880, 30918, 94174, 58362, 78991, 44614, 79630, 30263, 11791, 42548, 14198, 37648, 38023, 21220, 21014, 7344, 63974, 96287, 17660, 60202, 79326, 52006, 11171, 66690, 12255, 20285, 10423, 55277, 57487, 11691, 54689, 5652, 76519, 3461, 69755, 64707, 16312, 16295, 40601, 70148, 36176, 16065, 40040, 14183, 24121, 47242, 22032, 11279, 3191, 76223, 38556, 49976, 63279, 28556, 9220, 29217, 76607, 75006, 23148, 76606, 47161, 35794, 52195, 48659, 92402, 6526, 92368, 4935, 12370, 31129, 9968, 86963, 31409, 47029, 77066, 80727, 15785, 15932, 83533, 62000, 17471, 96923, 65812, 20445, 91749, 85889, 26308, 19486, 21715, 34331, 93146, 59506, 57820, 30428, 93243, 92765, 52847, 89535, 66389, 58839, 4150, 25361, 82879, 61511, 68281, 78697, 78403, 87273, 13980, 42687, 23918, 63683, 41580, 73250, 59609, 11414, 2509, 70598, 74474, 19451, 16064, 20767, 90079, 93316, 16483, 26688, 1007, 58343, 58155, 21038, 71715, 57917, 41869, 25781, 18714, 67682, 93754, 85684, 10313, 1573, 45762, 94524, 35755, 32943, 71827, 71670, 16558, 24105, 60194, 63460, 52030, 70450, 68115, 37170, 74590, 45567, 54629, 5725, 85172, 61417, 54506, 78169, 92443, 94152, 97286, 90729, 98431, 21923, 91806, 91215, 9539, 25283, 88955, 21992, 43568, 39295, 10889, 20789, 56007, 943, 72855, 76942, 8942, 7759, 97777, 37307, 60206, 47127, 31059, 56075, 49075, 27392, 83476, 56280, 34162, 34476, 2995, 89626, 72491, 10343, 77379, 88390, 46151, 52405, 17849, 67616, 60968, 77448, 3012, 11905, 89855, 55382, 1710, 27710, 13838, 56579, 51865, 18942, 52511, 18314, 17423, 62667, 73550, 27356, 31707, 24937, 85986, 41982, 29792, 51747, 77050, 33505, 87200, 35919, 25026, 57877, 33854, 14431, 62602, 44937, 83542, 26581, 41702, 40546, 83724, 57348, 95648, 17217, 81032, 51333, 62479, 95232, 68193, 19337, 54406, 7241, 84508, 31853, 36337, 97444, 6715, 84142, 14143, 29646, 61418, 46691, 91055, 95261, 21607, 49389, 87440, 53345, 41371, 1669, 16850, 18440, 60983, 69600, 53625, 40097, 54633, 9055, 65860, 3054, 54468, 13994, 50399, 96381, 93456, 37386, 12374, 72359, 13808, 91360, 1863, 60158, 8379, 60424, 44909, 64466, 68566, 65812, 52188, 94818]})"
151.0,7,30,32,19.671544551849365,40003,"Genotype(dna={""<class 'abc.NT_0017'>"": [0, 1863], ""<class 'abc.NT_0017_P_00000'>"": [], ""<class 'abc.NT_0001'>"": [2, 2, 2, 2, 0, 1, 68566], ""<class 'abc.NT_0001_P_00000'>"": [], ""<class 'bool'>"": [46023, 35570, 21927, 2927, 64826, 47769, 23648, 93816, 7134, 59416, 20134, 85082, 87339, 47436, 78194, 76892, 13022, 3649, 46405, 50242, 42523, 55047, 79213, 38241, 94818, 24110, 33409], ""<class 'abc.NT_0000'>"": [1, 2, 6, 0, 0, 0, 0, 37022, 5, 2, 0, 97444, 3, 1, 0, 2, 2, 0, 74373, 6, 1, 0, 2, 0, 0, 65812], ""<class 'abc.NT_0000_P_00000'>"": [], ""<class 'int'>"": [51614, 94798, 78987, 59354, 52526, 36031, 85748, 91268, 99322, 38473, 68614, 93746, 6702, 40963, 73390, 92372, 37369, 45498, 58460, 83038, 905, 28012, 78957, 30708, 49224, 91314, 22611, 78500, 26079, 62592, 24095, 69659, 80107, 79360, 89661, 93789, 24483, 14210, 58941, 10735, 60856, 12770, 53654, 52188], ""<class 'abc.NT_0000_P_00001'>"": [], ""<class 'abc.NT_0000_P_00002'>"": [], ""<class 'abc.NT_0000_P_00003'>"": [], ""<class 'abc.NT_0000_P_00004'>"": [], ""<class 'abc.NT_0000_P_00005'>"": [], ""<class 'abc.NT_0000_P_00006'>"": [], ""<class 'abc.NT_0001_P_00001'>"": [], ""<class 'abc.NT_0001_P_00002'>"": [], ""<class 'abc.NT_0001_P_00003'>"": [], ""<class 'abc.NT_0001_P_00004'>"": [], ""<class 'abc.NT_0005'>"": [2, 8379], ""<class 'abc.NT_0005_P_00000'>"": [], ""<class 'abc.NT_0003'>"": [0, 0, 2, 73361], ""<class 'abc.NT_0003_P_00000'>"": [], ""<class 'abc.NT_0002'>"": [3, 1, 2, 3, 2, 2993], ""<class 'abc.NT_0002_P_00000'>"": [], ""<class 'abc.NT_0002_P_00001'>"": [], ""<class 'abc.NT_0002_P_00002'>"": [], ""<class 'abc.NT_0002_P_00003'>"": [], ""<class 'abc.NT_0002_P_00004'>"": [], ""<class 'abc.NT_0003_P_00001'>"": [], ""<class 'abc.NT_0003_P_00002'>"": [], ""<class 'abc.NT_0004'>"": [0, 60424], ""<class 'abc.NT_0004_P_00000'>"": [], ""<class 'abc.NT_0004_P_00001'>"": [], ""<class 'abc.NT_0005_P_00001'>"": [], ""<class 'abc.NT_0005_P_00002'>"": [], ""<class 'abc.NT_0011'>"": [], ""<class 'abc.NT_0011_P_00000'>"": [], ""<class 'abc.NT_0017_P_00001'>"": [], ""<class 'abc.NT_0012'>"": [0, 60158], ""<class 'abc.NT_0012_P_00000'>"": [], ""<class 'abc.NT_0010'>"": [], ""<class 'abc.NT_0010_P_00000'>"": [], ""<class 'abc.NT_0009'>"": [], ""<class 'abc.NT_0009_P_00000'>"": [], ""<class 'abc.NT_0008'>"": [], ""<class 'abc.NT_0008_P_00000'>"": [], ""<class 'abc.NT_0006'>"": [], ""<class 'abc.NT_0006_P_00000'>"": [], ""<class 'abc.NT_0008_P_00001'>"": [], ""<class 'abc.NT_0008_P_00002'>"": [], ""<class 'abc.NT_0008_P_00003'>"": [], ""<class 'abc.NT_0008_P_00004'>"": [], ""<class 'abc.NT_0007'>"": [], ""<class 'abc.NT_0007_P_00000'>"": [], ""<class 'abc.NT_0007_P_00001'>"": [], ""<class 'abc.NT_0007_P_00002'>"": [], ""<class 'abc.NT_0009_P_00001'>"": [], ""<class 'abc.NT_0010_P_00001'>"": [], ""<class 'abc.NT_0010_P_00002'>"": [], ""<class 'abc.NT_0012_P_00001'>"": [], ""<class 'abc.NT_0012_P_00002'>"": [], '$leftovers': [24110, 33409, 84800, 52930, 73355, 35471, 40030, 9296, 20749, 33075, 49628, 11537, 15, 90830, 51946, 20435, 67193, 37276, 25620, 25545, 23848, 32840, 79736, 6117, 22259, 57571, 60709, 16020, 90131, 83681, 49236, 19740, 96719, 28286, 96500, 25056, 2425, 4606, 76743, 50141, 80972, 89178, 58155, 60076, 20023, 49957, 78859, 71701, 63157, 51036, 27194, 57618, 41826, 72622, 26518, 13650, 37174, 65866, 51535, 26693, 46306, 18622, 78957, 96794, 12749, 98789, 43609, 19799, 33366, 8952, 34480, 94159, 44897, 75759, 82931, 16277, 14916, 72994, 49309, 70538, 2034, 42550, 91026, 7880, 3338, 60131, 98080, 28093, 32900, 15622, 26775, 29552, 32342, 14515, 36096, 41783, 62811, 37254, 75355, 63411, 75272, 23694, 84310, 71082, 79212, 33588, 90706, 48187, 31189, 88482, 9367, 56255, 79617, 1270, 55560, 26203, 26155, 40545, 15484, 55048, 21590, 6079, 95713, 42042, 7599, 11012, 10867, 6326, 4226, 36219, 64167, 95573, 17592, 32396, 33047, 42672, 14688, 56724, 34006, 26116, 19739, 92564, 32446, 49106, 86197, 89608, 29620, 89318, 4676, 30220, 92140, 82233, 42586, 84937, 67832, 88616, 54115, 36688, 72537, 89206, 19927, 60142, 31365, 9503, 17153, 77426, 27373, 71618, 24526, 11066, 35200, 85609, 149, 12686, 31762, 76331, 79662, 42034, 4753, 45093, 9160, 29879, 54031, 81574, 52405, 74338, 45103, 97062, 38418, 65500, 83214, 33515, 71498, 84236, 27012, 42946, 15648, 18758, 74221, 18239, 86131, 1230, 2760, 87805, 47794, 89910, 39873, 11161, 88967, 57997, 33988, 52998, 11574, 11690, 91965, 60505, 6728, 20304, 66663, 21797, 36314, 23383, 77728, 66566, 30573, 81589, 35200, 85889, 50823, 87892, 82732, 87939, 51151, 25364, 57741, 65481, 95697, 91763, 24126, 50698, 89794, 21082, 38556, 8845, 86758, 95312, 40982, 27576, 22409, 10764, 59686, 42374, 46705, 20305, 91930, 20443, 55812, 94550, 17871, 37347, 86111, 91872, 76531, 97561, 22247, 70828, 10031, 86871, 3457, 34403, 47195, 55824, 77269, 2312, 23015, 10509, 90685, 33220, 5095, 32669, 57665, 87461, 23705, 23892, 79569, 25099, 22463, 6825, 87678, 12700, 8086, 18347, 2080, 81725, 1743, 21695, 98864, 601, 27012, 26238, 83756, 20196, 9283, 37922, 9584, 31059, 69305, 33408, 87700, 5472, 17218, 94029, 30946, 42707, 26938, 23929, 42631, 58629, 82345, 34078, 27640, 26857, 52482, 1908, 53363, 57718, 53277, 60874, 47192, 65156, 64324, 98908, 18086, 34571, 80780, 21654, 13015, 54185, 65778, 82905, 54333, 16295, 29750, 10179, 8498, 41149, 76875, 75817, 52840, 36350, 67047, 80721, 50387, 89921, 76598, 79179, 69374, 34188, 84323, 90189, 80063, 75353, 58141, 98604, 61869, 50914, 95998, 60953, 31372, 32800, 20253, 10965, 57825, 30921, 72002, 23478, 52144, 74671, 49790, 35369, 96851, 96268, 91735, 26265, 71492, 35041, 22667, 85381, 87967, 56897, 37761, 44123, 52620, 81795, 86745, 6668, 71796, 22328, 50981, 1304, 65894, 39334, 28965, 37736, 33502, 94725, 98644, 29317, 28672, 49720, 92944, 79154, 30886, 83581, 56853, 86563, 45680, 29702, 43297, 89488, 55541, 95711, 64055, 55857, 75831, 20915, 33733, 41601, 40608, 13946, 42643, 60946, 78379, 66893, 47265, 47663, 96044, 31575, 23271, 29732, 18765, 73934, 86595, 19623, 58152, 23341, 42797, 82035, 84610, 84617, 26296, 48384, 7808, 85181, 83581, 85225, 34491, 3068, 83145, 63958, 59227, 71005, 79763, 19625, 78522, 84816, 70026, 30736, 71763, 20974, 85431, 42194, 51257, 95945, 87370, 84376, 7316, 96397, 73523, 45377, 38170, 929, 19455, 92318, 44476, 31469, 69802, 39812, 96151, 1351, 97970, 67167, 69990, 20536, 43930, 89552, 7692, 94070, 25734, 2163, 89653, 41361, 65843, 55026, 76161, 33606, 7726, 57770, 26583, 72401, 4290, 24460, 59579, 28419, 26896, 42516, 11149, 32412, 43883, 76759, 72953, 63003, 29642, 79399, 49163, 14266, 55493, 15592, 19124, 64343, 71700, 16518, 77843, 61244, 80217, 51694, 11787, 24162, 70922, 1802, 19601, 58039, 19725, 17982, 7030, 87818, 81146, 64592, 10711, 8313, 80311, 12180, 49490, 79809, 96851, 93114, 19741, 87950, 3665, 43498, 8117, 64, 90216, 51752, 43265, 1055, 25064, 4579, 20591, 64262, 8289, 34540, 9038, 32463, 95965, 3202, 36219, 54773, 36301, 21802, 67750, 14517, 59282, 15980, 432, 86613, 99020, 91465, 77787, 78248, 48946, 57777, 58757, 97167, 43438, 57904, 2014, 13213, 67388, 10589, 17904, 46813, 71128, 52635, 3372, 7022, 6285, 13222, 36250, 40728, 91163, 35142, 11502, 89851, 62932, 77460, 96657, 21864, 99883, 81995, 74277, 60986, 50282, 74931, 46950, 5360, 53700, 31843, 59827, 47670, 32934, 30419, 79491, 57514, 74807, 23996, 53538, 62864, 15792, 27971, 79999, 4588, 61344, 72986, 76402, 5098, 58305, 25903, 32899, 85790, 91428, 60548, 56234, 39548, 43974, 98619, 77439, 15993, 73803, 83604, 25519, 18459, 20066, 25903, 97967, 33677, 7371, 6, 36499, 11324, 1243, 39947, 55479, 70470, 34082, 56050, 29544, 54987, 62746, 66607, 80357, 49628, 67933, 33670, 28091, 66945, 50534, 26141, 53322, 91035, 77729, 27580, 46478, 28257, 47427, 93318, 56880, 30918, 94174, 58362, 78991, 44614, 79630, 30263, 11791, 42548, 14198, 37648, 38023, 21220, 21014, 7344, 63974, 96287, 17660, 60202, 79326, 52006, 11171, 66690, 12255, 20285, 10423, 55277, 57487, 11691, 54689, 5652, 76519, 3461, 69755, 64707, 16312, 16295, 40601, 70148, 36176, 16065, 40040, 14183, 24121, 47242, 22032, 11279, 3191, 76223, 38556, 49976, 63279, 28556, 9220, 29217, 76607, 75006, 23148, 76606, 47161, 35794, 52195, 48659, 92402, 6526, 92368, 4935, 12370, 31129, 9968, 86963, 31409, 47029, 77066, 80727, 15785, 15932, 83533, 62000, 17471, 96923, 65812, 20445, 91749, 85889, 26308, 19486, 21715, 34331, 93146, 59506, 57820, 30428, 93243, 92765, 52847, 89535, 66389, 58839, 4150, 25361, 82879, 61511, 68281, 78697, 78403, 87273, 13980, 42687, 23918, 63683, 41580, 73250, 59609, 11414, 2509, 70598, 74474, 19451, 16064, 20767, 90079, 93316, 16483, 26688, 1007, 58343, 58155, 21038, 71715, 57917, 41869, 25781, 18714, 67682, 93754, 85684, 10313, 1573, 45762, 94524, 35755, 32943, 71827, 71670, 16558, 24105, 60194, 63460, 52030, 70450, 68115, 37170, 74590, 45567, 54629, 5725, 85172, 61417, 54506, 78169, 92443, 94152, 97286, 90729, 98431, 21923, 91806, 91215, 9539, 25283, 88955, 21992, 43568, 39295, 10889, 20789, 56007, 943, 72855, 76942, 8942, 7759, 97777, 37307, 60206, 47127, 31059, 56075, 49075, 27392, 83476, 56280, 34162, 34476, 2995, 89626, 72491, 10343, 77379, 88390, 46151, 52405, 17849, 67616, 60968, 77448, 3012, 11905, 89855, 55382, 1710, 27710, 13838, 56579, 51865, 18942, 52511, 18314, 17423, 62667, 73550, 27356, 31707, 24937, 85986, 41982, 29792, 51747, 77050, 33505, 87200, 35919, 25026, 57877, 33854, 14431, 62602, 44937, 83542, 26581, 41702, 40546, 83724, 57348, 95648, 17217, 81032, 51333, 62479, 95232, 68193, 19337, 54406, 7241, 84508, 31853, 36337, 97444, 6715, 84142, 14143, 29646, 61418, 46691, 91055, 95261, 21607, 49389, 87440, 53345, 41371, 1669, 16850, 18440, 60983, 69600, 53625, 40097, 54633, 9055, 65860, 3054, 54468, 13994, 50399, 96381, 93456, 37386, 12374, 72359, 13808, 91360, 1863, 60158, 8379, 60424, 44909, 64466, 68566, 65812, 52188, 94818]})"
151.0,7,30,33,19.95051121711731,40003,"Genotype(dna={""<class 'abc.NT_0017'>"": [0, 1863], ""<class 'abc.NT_0017_P_00000'>"": [], ""<class 'abc.NT_0001'>"": [2, 2, 2, 2, 0, 1, 68566], ""<class 'abc.NT_0001_P_00000'>"": [], ""<class 'bool'>"": [46023, 35570, 21927, 2927, 64826, 47769, 23648, 93816, 7134, 59416, 20134, 85082, 87339, 47436, 78194, 76892, 13022, 3649, 46405, 50242, 42523, 55047, 79213, 38241, 94818, 24110, 33409], ""<class 'abc.NT_0000'>"": [1, 2, 6, 0, 0, 0, 0, 37022, 5, 2, 0, 97444, 3, 1, 0, 2, 2, 0, 74373, 6, 1, 0, 2, 0, 0, 65812], ""<class 'abc.NT_0000_P_00000'>"": [], ""<class 'int'>"": [51614, 94798, 78987, 59354, 52526, 36031, 85748, 91268, 99322, 38473, 68614, 93746, 6702, 40963, 73390, 92372, 37369, 45498, 58460, 83038, 905, 28012, 78957, 30708, 49224, 91314, 22611, 78500, 26079, 62592, 24095, 69659, 80107, 79360, 89661, 93789, 24483, 14210, 58941, 10735, 60856, 12770, 53654, 52188], ""<class 'abc.NT_0000_P_00001'>"": [], ""<class 'abc.NT_0000_P_00002'>"": [], ""<class 'abc.NT_0000_P_00003'>"": [], ""<class 'abc.NT_0000_P_00004'>"": [], ""<class 'abc.NT_0000_P_00005'>"": [], ""<class 'abc.NT_0000_P_00006'>"": [], ""<class 'abc.NT_0001_P_00001'>"": [], ""<class 'abc.NT_0001_P_00002'>"": [], ""<class 'abc.NT_0001_P_00003'>"": [], ""<class 'abc.NT_0001_P_00004'>"": [], ""<class 'abc.NT_0005'>"": [2, 8379], ""<class 'abc.NT_0005_P_00000'>"": [], ""<class 'abc.NT_0003'>"": [0, 0, 2, 73361], ""<class 'abc.NT_0003_P_00000'>"": [], ""<class 'abc.NT_0002'>"": [3, 1, 2, 3, 2, 2993], ""<class 'abc.NT_0002_P_00000'>"": [], ""<class 'abc.NT_0002_P_00001'>"": [], ""<class 'abc.NT_0002_P_00002'>"": [], ""<class 'abc.NT_0002_P_00003'>"": [], ""<class 'abc.NT_0002_P_00004'>"": [], ""<class 'abc.NT_0003_P_00001'>"": [], ""<class 'abc.NT_0003_P_00002'>"": [], ""<class 'abc.NT_0004'>"": [0, 60424], ""<class 'abc.NT_0004_P_00000'>"": [], ""<class 'abc.NT_0004_P_00001'>"": [], ""<class 'abc.NT_0005_P_00001'>"": [], ""<class 'abc.NT_0005_P_00002'>"": [], ""<class 'abc.NT_0011'>"": [], ""<class 'abc.NT_0011_P_00000'>"": [], ""<class 'abc.NT_0017_P_00001'>"": [], ""<class 'abc.NT_0012'>"": [0, 60158], ""<class 'abc.NT_0012_P_00000'>"": [], ""<class 'abc.NT_0010'>"": [], ""<class 'abc.NT_0010_P_00000'>"": [], ""<class 'abc.NT_0009'>"": [], ""<class 'abc.NT_0009_P_00000'>"": [], ""<class 'abc.NT_0008'>"": [], ""<class 'abc.NT_0008_P_00000'>"": [], ""<class 'abc.NT_0006'>"": [], ""<class 'abc.NT_0006_P_00000'>"": [], ""<class 'abc.NT_0008_P_00001'>"": [], ""<class 'abc.NT_0008_P_00002'>"": [], ""<class 'abc.NT_0008_P_00003'>"": [], ""<class 'abc.NT_0008_P_00004'>"": [], ""<class 'abc.NT_0007'>"": [], ""<class 'abc.NT_0007_P_00000'>"": [], ""<class 'abc.NT_0007_P_00001'>"": [], ""<class 'abc.NT_0007_P_00002'>"": [], ""<class 'abc.NT_0009_P_00001'>"": [], ""<class 'abc.NT_0010_P_00001'>"": [], ""<class 'abc.NT_0010_P_00002'>"": [], ""<class 'abc.NT_0012_P_00001'>"": [], ""<class 'abc.NT_0012_P_00002'>"": [], '$leftovers': [24110, 33409, 84800, 52930, 73355, 35471, 40030, 9296, 20749, 33075, 49628, 11537, 15, 90830, 51946, 20435, 67193, 37276, 25620, 25545, 23848, 32840, 79736, 6117, 22259, 57571, 60709, 16020, 90131, 83681, 49236, 19740, 96719, 28286, 96500, 25056, 2425, 4606, 76743, 50141, 80972, 89178, 58155, 60076, 20023, 49957, 78859, 71701, 63157, 51036, 27194, 57618, 41826, 72622, 26518, 13650, 37174, 65866, 51535, 26693, 46306, 18622, 78957, 96794, 12749, 98789, 43609, 19799, 33366, 8952, 34480, 94159, 44897, 75759, 82931, 16277, 14916, 72994, 49309, 70538, 2034, 42550, 91026, 7880, 3338, 60131, 98080, 28093, 32900, 15622, 26775, 29552, 32342, 14515, 36096, 41783, 62811, 37254, 75355, 63411, 75272, 23694, 84310, 71082, 79212, 33588, 90706, 48187, 31189, 88482, 9367, 56255, 79617, 1270, 55560, 26203, 26155, 40545, 15484, 55048, 21590, 6079, 95713, 42042, 7599, 11012, 10867, 6326, 4226, 36219, 64167, 95573, 17592, 32396, 33047, 42672, 14688, 56724, 34006, 26116, 19739, 92564, 32446, 49106, 86197, 89608, 29620, 89318, 4676, 30220, 92140, 82233, 42586, 84937, 67832, 88616, 54115, 36688, 72537, 89206, 19927, 60142, 31365, 9503, 17153, 77426, 27373, 71618, 24526, 11066, 35200, 85609, 149, 12686, 31762, 76331, 79662, 42034, 4753, 45093, 9160, 29879, 54031, 81574, 52405, 74338, 45103, 97062, 38418, 65500, 83214, 33515, 71498, 84236, 27012, 42946, 15648, 18758, 74221, 18239, 86131, 1230, 2760, 87805, 47794, 89910, 39873, 11161, 88967, 57997, 33988, 52998, 11574, 11690, 91965, 60505, 6728, 20304, 66663, 21797, 36314, 23383, 77728, 66566, 30573, 81589, 35200, 85889, 50823, 87892, 82732, 87939, 51151, 25364, 57741, 65481, 95697, 91763, 24126, 50698, 89794, 21082, 38556, 8845, 86758, 95312, 40982, 27576, 22409, 10764, 59686, 42374, 46705, 20305, 91930, 20443, 55812, 94550, 17871, 37347, 86111, 91872, 76531, 97561, 22247, 70828, 10031, 86871, 3457, 34403, 47195, 55824, 77269, 2312, 23015, 10509, 90685, 33220, 5095, 32669, 57665, 87461, 23705, 23892, 79569, 25099, 22463, 6825, 87678, 12700, 8086, 18347, 2080, 81725, 1743, 21695, 98864, 601, 27012, 26238, 83756, 20196, 9283, 37922, 9584, 31059, 69305, 33408, 87700, 5472, 17218, 94029, 30946, 42707, 26938, 23929, 42631, 58629, 82345, 34078, 27640, 26857, 52482, 1908, 53363, 57718, 53277, 60874, 47192, 65156, 64324, 98908, 18086, 34571, 80780, 21654, 13015, 54185, 65778, 82905, 54333, 16295, 29750, 10179, 8498, 41149, 76875, 75817, 52840, 36350, 67047, 80721, 50387, 89921, 76598, 79179, 69374, 34188, 84323, 90189, 80063, 75353, 58141, 98604, 61869, 50914, 95998, 60953, 31372, 32800, 20253, 10965, 57825, 30921, 72002, 23478, 52144, 74671, 49790, 35369, 96851, 96268, 91735, 26265, 71492, 35041, 22667, 85381, 87967, 56897, 37761, 44123, 52620, 81795, 86745, 6668, 71796, 22328, 50981, 1304, 65894, 39334, 28965, 37736, 33502, 94725, 98644, 29317, 28672, 49720, 92944, 79154, 30886, 83581, 56853, 86563, 45680, 29702, 43297, 89488, 55541, 95711, 64055, 55857, 75831, 20915, 33733, 41601, 40608, 13946, 42643, 60946, 78379, 66893, 47265, 47663, 96044, 31575, 23271, 29732, 18765, 73934, 86595, 19623, 58152, 23341, 42797, 82035, 84610, 84617, 26296, 48384, 7808, 85181, 83581, 85225, 34491, 3068, 83145, 63958, 59227, 71005, 79763, 19625, 78522, 84816, 70026, 30736, 71763, 20974, 85431, 42194, 51257, 95945, 87370, 84376, 7316, 96397, 73523, 45377, 38170, 929, 19455, 92318, 44476, 31469, 69802, 39812, 96151, 1351, 97970, 67167, 69990, 20536, 43930, 89552, 7692, 94070, 25734, 2163, 89653, 41361, 65843, 55026, 76161, 33606, 7726, 57770, 26583, 72401, 4290, 24460, 59579, 28419, 26896, 42516, 11149, 32412, 43883, 76759, 72953, 63003, 29642, 79399, 49163, 14266, 55493, 15592, 19124, 64343, 71700, 16518, 77843, 61244, 80217, 51694, 11787, 24162, 70922, 1802, 19601, 58039, 19725, 17982, 7030, 87818, 81146, 64592, 10711, 8313, 80311, 12180, 49490, 79809, 96851, 93114, 19741, 87950, 3665, 43498, 8117, 64, 90216, 51752, 43265, 1055, 25064, 4579, 20591, 64262, 8289, 34540, 9038, 32463, 95965, 3202, 36219, 54773, 36301, 21802, 67750, 14517, 59282, 15980, 432, 86613, 99020, 91465, 77787, 78248, 48946, 57777, 58757, 97167, 43438, 57904, 2014, 13213, 67388, 10589, 17904, 46813, 71128, 52635, 3372, 7022, 6285, 13222, 36250, 40728, 91163, 35142, 11502, 89851, 62932, 77460, 96657, 21864, 99883, 81995, 74277, 60986, 50282, 74931, 46950, 5360, 53700, 31843, 59827, 47670, 32934, 30419, 79491, 57514, 74807, 23996, 53538, 62864, 15792, 27971, 79999, 4588, 61344, 72986, 76402, 5098, 58305, 25903, 32899, 85790, 91428, 60548, 56234, 39548, 43974, 98619, 77439, 15993, 73803, 83604, 25519, 18459, 20066, 25903, 97967, 33677, 7371, 6, 36499, 11324, 1243, 39947, 55479, 70470, 34082, 56050, 29544, 54987, 62746, 66607, 80357, 49628, 67933, 33670, 28091, 66945, 50534, 26141, 53322, 91035, 77729, 27580, 46478, 28257, 47427, 93318, 56880, 30918, 94174, 58362, 78991, 44614, 79630, 30263, 11791, 42548, 14198, 37648, 38023, 21220, 21014, 7344, 63974, 96287, 17660, 60202, 79326, 52006, 11171, 66690, 12255, 20285, 10423, 55277, 57487, 11691, 54689, 5652, 76519, 3461, 69755, 64707, 16312, 16295, 40601, 70148, 36176, 16065, 40040, 14183, 24121, 47242, 22032, 11279, 3191, 76223, 38556, 49976, 63279, 28556, 9220, 29217, 76607, 75006, 23148, 76606, 47161, 35794, 52195, 48659, 92402, 6526, 92368, 4935, 12370, 31129, 9968, 86963, 31409, 47029, 77066, 80727, 15785, 15932, 83533, 62000, 17471, 96923, 65812, 20445, 91749, 85889, 26308, 19486, 21715, 34331, 93146, 59506, 57820, 30428, 93243, 92765, 52847, 89535, 66389, 58839, 4150, 25361, 82879, 61511, 68281, 78697, 78403, 87273, 13980, 42687, 23918, 63683, 41580, 73250, 59609, 11414, 2509, 70598, 74474, 19451, 16064, 20767, 90079, 93316, 16483, 26688, 1007, 58343, 58155, 21038, 71715, 57917, 41869, 25781, 18714, 67682, 93754, 85684, 10313, 1573, 45762, 94524, 35755, 32943, 71827, 71670, 16558, 24105, 60194, 63460, 52030, 70450, 68115, 37170, 74590, 45567, 54629, 5725, 85172, 61417, 54506, 78169, 92443, 94152, 97286, 90729, 98431, 21923, 91806, 91215, 9539, 25283, 88955, 21992, 43568, 39295, 10889, 20789, 56007, 943, 72855, 76942, 8942, 7759, 97777, 37307, 60206, 47127, 31059, 56075, 49075, 27392, 83476, 56280, 34162, 34476, 2995, 89626, 72491, 10343, 77379, 88390, 46151, 52405, 17849, 67616, 60968, 77448, 3012, 11905, 89855, 55382, 1710, 27710, 13838, 56579, 51865, 18942, 52511, 18314, 17423, 62667, 73550, 27356, 31707, 24937, 85986, 41982, 29792, 51747, 77050, 33505, 87200, 35919, 25026, 57877, 33854, 14431, 62602, 44937, 83542, 26581, 41702, 40546, 83724, 57348, 95648, 17217, 81032, 51333, 62479, 95232, 68193, 19337, 54406, 7241, 84508, 31853, 36337, 97444, 6715, 84142, 14143, 29646, 61418, 46691, 91055, 95261, 21607, 49389, 87440, 53345, 41371, 1669, 16850, 18440, 60983, 69600, 53625, 40097, 54633, 9055, 65860, 3054, 54468, 13994, 50399, 96381, 93456, 37386, 12374, 72359, 13808, 91360, 1863, 60158, 8379, 60424, 44909, 64466, 68566, 65812, 52188, 94818]})"
151.0,7,30,34,20.382134437561035,40003,"Genotype(dna={""<class 'abc.NT_0017'>"": [0, 1863], ""<class 'abc.NT_0017_P_00000'>"": [], ""<class 'abc.NT_0001'>"": [2, 2, 2, 2, 0, 1, 68566], ""<class 'abc.NT_0001_P_00000'>"": [], ""<class 'bool'>"": [46023, 35570, 21927, 2927, 64826, 47769, 23648, 93816, 7134, 59416, 20134, 85082, 87339, 47436, 78194, 76892, 13022, 3649, 46405, 50242, 42523, 55047, 79213, 38241, 94818, 24110, 33409], ""<class 'abc.NT_0000'>"": [1, 2, 6, 0, 0, 0, 0, 37022, 5, 2, 0, 97444, 3, 1, 0, 2, 2, 0, 74373, 6, 1, 0, 2, 0, 0, 65812], ""<class 'abc.NT_0000_P_00000'>"": [], ""<class 'int'>"": [51614, 94798, 78987, 59354, 52526, 36031, 85748, 91268, 99322, 38473, 68614, 93746, 6702, 40963, 73390, 92372, 37369, 45498, 58460, 83038, 905, 28012, 78957, 30708, 49224, 91314, 22611, 78500, 26079, 62592, 24095, 69659, 80107, 79360, 89661, 93789, 24483, 14210, 58941, 10735, 60856, 12770, 53654, 52188], ""<class 'abc.NT_0000_P_00001'>"": [], ""<class 'abc.NT_0000_P_00002'>"": [], ""<class 'abc.NT_0000_P_00003'>"": [], ""<class 'abc.NT_0000_P_00004'>"": [], ""<class 'abc.NT_0000_P_00005'>"": [], ""<class 'abc.NT_0000_P_00006'>"": [], ""<class 'abc.NT_0001_P_00001'>"": [], ""<class 'abc.NT_0001_P_00002'>"": [], ""<class 'abc.NT_0001_P_00003'>"": [], ""<class 'abc.NT_0001_P_00004'>"": [], ""<class 'abc.NT_0005'>"": [2, 8379], ""<class 'abc.NT_0005_P_00000'>"": [], ""<class 'abc.NT_0003'>"": [0, 0, 2, 73361], ""<class 'abc.NT_0003_P_00000'>"": [], ""<class 'abc.NT_0002'>"": [3, 1, 2, 3, 2, 2993], ""<class 'abc.NT_0002_P_00000'>"": [], ""<class 'abc.NT_0002_P_00001'>"": [], ""<class 'abc.NT_0002_P_00002'>"": [], ""<class 'abc.NT_0002_P_00003'>"": [], ""<class 'abc.NT_0002_P_00004'>"": [], ""<class 'abc.NT_0003_P_00001'>"": [], ""<class 'abc.NT_0003_P_00002'>"": [], ""<class 'abc.NT_0004'>"": [0, 60424], ""<class 'abc.NT_0004_P_00000'>"": [], ""<class 'abc.NT_0004_P_00001'>"": [], ""<class 'abc.NT_0005_P_00001'>"": [], ""<class 'abc.NT_0005_P_00002'>"": [], ""<class 'abc.NT_0011'>"": [], ""<class 'abc.NT_0011_P_00000'>"": [], ""<class 'abc.NT_0017_P_00001'>"": [], ""<class 'abc.NT_0012'>"": [0, 60158], ""<class 'abc.NT_0012_P_00000'>"": [], ""<class 'abc.NT_0010'>"": [], ""<class 'abc.NT_0010_P_00000'>"": [], ""<class 'abc.NT_0009'>"": [], ""<class 'abc.NT_0009_P_00000'>"": [], ""<class 'abc.NT_0008'>"": [], ""<class 'abc.NT_0008_P_00000'>"": [], ""<class 'abc.NT_0006'>"": [], ""<class 'abc.NT_0006_P_00000'>"": [], ""<class 'abc.NT_0008_P_00001'>"": [], ""<class 'abc.NT_0008_P_00002'>"": [], ""<class 'abc.NT_0008_P_00003'>"": [], ""<class 'abc.NT_0008_P_00004'>"": [], ""<class 'abc.NT_0007'>"": [], ""<class 'abc.NT_0007_P_00000'>"": [], ""<class 'abc.NT_0007_P_00001'>"": [], ""<class 'abc.NT_0007_P_00002'>"": [], ""<class 'abc.NT_0009_P_00001'>"": [], ""<class 'abc.NT_0010_P_00001'>"": [], ""<class 'abc.NT_0010_P_00002'>"": [], ""<class 'abc.NT_0012_P_00001'>"": [], ""<class 'abc.NT_0012_P_00002'>"": [], '$leftovers': [24110, 33409, 84800, 52930, 73355, 35471, 40030, 9296, 20749, 33075, 49628, 11537, 15, 90830, 51946, 20435, 67193, 37276, 25620, 25545, 23848, 32840, 79736, 6117, 22259, 57571, 60709, 16020, 90131, 83681, 49236, 19740, 96719, 28286, 96500, 25056, 2425, 4606, 76743, 50141, 80972, 89178, 58155, 60076, 20023, 49957, 78859, 71701, 63157, 51036, 27194, 57618, 41826, 72622, 26518, 13650, 37174, 65866, 51535, 26693, 46306, 18622, 78957, 96794, 12749, 98789, 43609, 19799, 33366, 8952, 34480, 94159, 44897, 75759, 82931, 16277, 14916, 72994, 49309, 70538, 2034, 42550, 91026, 7880, 3338, 60131, 98080, 28093, 32900, 15622, 26775, 29552, 32342, 14515, 36096, 41783, 62811, 37254, 75355, 63411, 75272, 23694, 84310, 71082, 79212, 33588, 90706, 48187, 31189, 88482, 9367, 56255, 79617, 1270, 55560, 26203, 26155, 40545, 15484, 55048, 21590, 6079, 95713, 42042, 7599, 11012, 10867, 6326, 4226, 36219, 64167, 95573, 17592, 32396, 33047, 42672, 14688, 56724, 34006, 26116, 19739, 92564, 32446, 49106, 86197, 89608, 29620, 89318, 4676, 30220, 92140, 82233, 42586, 84937, 67832, 88616, 54115, 36688, 72537, 89206, 19927, 60142, 31365, 9503, 17153, 77426, 27373, 71618, 24526, 11066, 35200, 85609, 149, 12686, 31762, 76331, 79662, 42034, 4753, 45093, 9160, 29879, 54031, 81574, 52405, 74338, 45103, 97062, 38418, 65500, 83214, 33515, 71498, 84236, 27012, 42946, 15648, 18758, 74221, 18239, 86131, 1230, 2760, 87805, 47794, 89910, 39873, 11161, 88967, 57997, 33988, 52998, 11574, 11690, 91965, 60505, 6728, 20304, 66663, 21797, 36314, 23383, 77728, 66566, 30573, 81589, 35200, 85889, 50823, 87892, 82732, 87939, 51151, 25364, 57741, 65481, 95697, 91763, 24126, 50698, 89794, 21082, 38556, 8845, 86758, 95312, 40982, 27576, 22409, 10764, 59686, 42374, 46705, 20305, 91930, 20443, 55812, 94550, 17871, 37347, 86111, 91872, 76531, 97561, 22247, 70828, 10031, 86871, 3457, 34403, 47195, 55824, 77269, 2312, 23015, 10509, 90685, 33220, 5095, 32669, 57665, 87461, 23705, 23892, 79569, 25099, 22463, 6825, 87678, 12700, 8086, 18347, 2080, 81725, 1743, 21695, 98864, 601, 27012, 26238, 83756, 20196, 9283, 37922, 9584, 31059, 69305, 33408, 87700, 5472, 17218, 94029, 30946, 42707, 26938, 23929, 42631, 58629, 82345, 34078, 27640, 26857, 52482, 1908, 53363, 57718, 53277, 60874, 47192, 65156, 64324, 98908, 18086, 34571, 80780, 21654, 13015, 54185, 65778, 82905, 54333, 16295, 29750, 10179, 8498, 41149, 76875, 75817, 52840, 36350, 67047, 80721, 50387, 89921, 76598, 79179, 69374, 34188, 84323, 90189, 80063, 75353, 58141, 98604, 61869, 50914, 95998, 60953, 31372, 32800, 20253, 10965, 57825, 30921, 72002, 23478, 52144, 74671, 49790, 35369, 96851, 96268, 91735, 26265, 71492, 35041, 22667, 85381, 87967, 56897, 37761, 44123, 52620, 81795, 86745, 6668, 71796, 22328, 50981, 1304, 65894, 39334, 28965, 37736, 33502, 94725, 98644, 29317, 28672, 49720, 92944, 79154, 30886, 83581, 56853, 86563, 45680, 29702, 43297, 89488, 55541, 95711, 64055, 55857, 75831, 20915, 33733, 41601, 40608, 13946, 42643, 60946, 78379, 66893, 47265, 47663, 96044, 31575, 23271, 29732, 18765, 73934, 86595, 19623, 58152, 23341, 42797, 82035, 84610, 84617, 26296, 48384, 7808, 85181, 83581, 85225, 34491, 3068, 83145, 63958, 59227, 71005, 79763, 19625, 78522, 84816, 70026, 30736, 71763, 20974, 85431, 42194, 51257, 95945, 87370, 84376, 7316, 96397, 73523, 45377, 38170, 929, 19455, 92318, 44476, 31469, 69802, 39812, 96151, 1351, 97970, 67167, 69990, 20536, 43930, 89552, 7692, 94070, 25734, 2163, 89653, 41361, 65843, 55026, 76161, 33606, 7726, 57770, 26583, 72401, 4290, 24460, 59579, 28419, 26896, 42516, 11149, 32412, 43883, 76759, 72953, 63003, 29642, 79399, 49163, 14266, 55493, 15592, 19124, 64343, 71700, 16518, 77843, 61244, 80217, 51694, 11787, 24162, 70922, 1802, 19601, 58039, 19725, 17982, 7030, 87818, 81146, 64592, 10711, 8313, 80311, 12180, 49490, 79809, 96851, 93114, 19741, 87950, 3665, 43498, 8117, 64, 90216, 51752, 43265, 1055, 25064, 4579, 20591, 64262, 8289, 34540, 9038, 32463, 95965, 3202, 36219, 54773, 36301, 21802, 67750, 14517, 59282, 15980, 432, 86613, 99020, 91465, 77787, 78248, 48946, 57777, 58757, 97167, 43438, 57904, 2014, 13213, 67388, 10589, 17904, 46813, 71128, 52635, 3372, 7022, 6285, 13222, 36250, 40728, 91163, 35142, 11502, 89851, 62932, 77460, 96657, 21864, 99883, 81995, 74277, 60986, 50282, 74931, 46950, 5360, 53700, 31843, 59827, 47670, 32934, 30419, 79491, 57514, 74807, 23996, 53538, 62864, 15792, 27971, 79999, 4588, 61344, 72986, 76402, 5098, 58305, 25903, 32899, 85790, 91428, 60548, 56234, 39548, 43974, 98619, 77439, 15993, 73803, 83604, 25519, 18459, 20066, 25903, 97967, 33677, 7371, 6, 36499, 11324, 1243, 39947, 55479, 70470, 34082, 56050, 29544, 54987, 62746, 66607, 80357, 49628, 67933, 33670, 28091, 66945, 50534, 26141, 53322, 91035, 77729, 27580, 46478, 28257, 47427, 93318, 56880, 30918, 94174, 58362, 78991, 44614, 79630, 30263, 11791, 42548, 14198, 37648, 38023, 21220, 21014, 7344, 63974, 96287, 17660, 60202, 79326, 52006, 11171, 66690, 12255, 20285, 10423, 55277, 57487, 11691, 54689, 5652, 76519, 3461, 69755, 64707, 16312, 16295, 40601, 70148, 36176, 16065, 40040, 14183, 24121, 47242, 22032, 11279, 3191, 76223, 38556, 49976, 63279, 28556, 9220, 29217, 76607, 75006, 23148, 76606, 47161, 35794, 52195, 48659, 92402, 6526, 92368, 4935, 12370, 31129, 9968, 86963, 31409, 47029, 77066, 80727, 15785, 15932, 83533, 62000, 17471, 96923, 65812, 20445, 91749, 85889, 26308, 19486, 21715, 34331, 93146, 59506, 57820, 30428, 93243, 92765, 52847, 89535, 66389, 58839, 4150, 25361, 82879, 61511, 68281, 78697, 78403, 87273, 13980, 42687, 23918, 63683, 41580, 73250, 59609, 11414, 2509, 70598, 74474, 19451, 16064, 20767, 90079, 93316, 16483, 26688, 1007, 58343, 58155, 21038, 71715, 57917, 41869, 25781, 18714, 67682, 93754, 85684, 10313, 1573, 45762, 94524, 35755, 32943, 71827, 71670, 16558, 24105, 60194, 63460, 52030, 70450, 68115, 37170, 74590, 45567, 54629, 5725, 85172, 61417, 54506, 78169, 92443, 94152, 97286, 90729, 98431, 21923, 91806, 91215, 9539, 25283, 88955, 21992, 43568, 39295, 10889, 20789, 56007, 943, 72855, 76942, 8942, 7759, 97777, 37307, 60206, 47127, 31059, 56075, 49075, 27392, 83476, 56280, 34162, 34476, 2995, 89626, 72491, 10343, 77379, 88390, 46151, 52405, 17849, 67616, 60968, 77448, 3012, 11905, 89855, 55382, 1710, 27710, 13838, 56579, 51865, 18942, 52511, 18314, 17423, 62667, 73550, 27356, 31707, 24937, 85986, 41982, 29792, 51747, 77050, 33505, 87200, 35919, 25026, 57877, 33854, 14431, 62602, 44937, 83542, 26581, 41702, 40546, 83724, 57348, 95648, 17217, 81032, 51333, 62479, 95232, 68193, 19337, 54406, 7241, 84508, 31853, 36337, 97444, 6715, 84142, 14143, 29646, 61418, 46691, 91055, 95261, 21607, 49389, 87440, 53345, 41371, 1669, 16850, 18440, 60983, 69600, 53625, 40097, 54633, 9055, 65860, 3054, 54468, 13994, 50399, 96381, 93456, 37386, 12374, 72359, 13808, 91360, 1863, 60158, 8379, 60424, 44909, 64466, 68566, 65812, 52188, 94818]})"
151.0,7,30,35,20.635881900787354,40003,"Genotype(dna={""<class 'abc.NT_0017'>"": [0, 1863], ""<class 'abc.NT_0017_P_00000'>"": [], ""<class 'abc.NT_0001'>"": [2, 2, 2, 2, 0, 1, 68566], ""<class 'abc.NT_0001_P_00000'>"": [], ""<class 'bool'>"": [46023, 35570, 21927, 2927, 64826, 47769, 23648, 93816, 7134, 59416, 20134, 85082, 87339, 47436, 78194, 76892, 13022, 3649, 46405, 50242, 42523, 55047, 79213, 38241, 94818, 24110, 33409], ""<class 'abc.NT_0000'>"": [1, 2, 6, 0, 0, 0, 0, 37022, 5, 2, 0, 97444, 3, 1, 0, 2, 2, 0, 74373, 6, 1, 0, 2, 0, 0, 65812], ""<class 'abc.NT_0000_P_00000'>"": [], ""<class 'int'>"": [51614, 94798, 78987, 59354, 52526, 36031, 85748, 91268, 99322, 38473, 68614, 93746, 6702, 40963, 73390, 92372, 37369, 45498, 58460, 83038, 905, 28012, 78957, 30708, 49224, 91314, 22611, 78500, 26079, 62592, 24095, 69659, 80107, 79360, 89661, 93789, 24483, 14210, 58941, 10735, 60856, 12770, 53654, 52188], ""<class 'abc.NT_0000_P_00001'>"": [], ""<class 'abc.NT_0000_P_00002'>"": [], ""<class 'abc.NT_0000_P_00003'>"": [], ""<class 'abc.NT_0000_P_00004'>"": [], ""<class 'abc.NT_0000_P_00005'>"": [], ""<class 'abc.NT_0000_P_00006'>"": [], ""<class 'abc.NT_0001_P_00001'>"": [], ""<class 'abc.NT_0001_P_00002'>"": [], ""<class 'abc.NT_0001_P_00003'>"": [], ""<class 'abc.NT_0001_P_00004'>"": [], ""<class 'abc.NT_0005'>"": [2, 8379], ""<class 'abc.NT_0005_P_00000'>"": [], ""<class 'abc.NT_0003'>"": [0, 0, 2, 73361], ""<class 'abc.NT_0003_P_00000'>"": [], ""<class 'abc.NT_0002'>"": [3, 1, 2, 3, 2, 2993], ""<class 'abc.NT_0002_P_00000'>"": [], ""<class 'abc.NT_0002_P_00001'>"": [], ""<class 'abc.NT_0002_P_00002'>"": [], ""<class 'abc.NT_0002_P_00003'>"": [], ""<class 'abc.NT_0002_P_00004'>"": [], ""<class 'abc.NT_0003_P_00001'>"": [], ""<class 'abc.NT_0003_P_00002'>"": [], ""<class 'abc.NT_0004'>"": [0, 60424], ""<class 'abc.NT_0004_P_00000'>"": [], ""<class 'abc.NT_0004_P_00001'>"": [], ""<class 'abc.NT_0005_P_00001'>"": [], ""<class 'abc.NT_0005_P_00002'>"": [], ""<class 'abc.NT_0011'>"": [], ""<class 'abc.NT_0011_P_00000'>"": [], ""<class 'abc.NT_0017_P_00001'>"": [], ""<class 'abc.NT_0012'>"": [0, 60158], ""<class 'abc.NT_0012_P_00000'>"": [], ""<class 'abc.NT_0010'>"": [], ""<class 'abc.NT_0010_P_00000'>"": [], ""<class 'abc.NT_0009'>"": [], ""<class 'abc.NT_0009_P_00000'>"": [], ""<class 'abc.NT_0008'>"": [], ""<class 'abc.NT_0008_P_00000'>"": [], ""<class 'abc.NT_0006'>"": [], ""<class 'abc.NT_0006_P_00000'>"": [], ""<class 'abc.NT_0008_P_00001'>"": [], ""<class 'abc.NT_0008_P_00002'>"": [], ""<class 'abc.NT_0008_P_00003'>"": [], ""<class 'abc.NT_0008_P_00004'>"": [], ""<class 'abc.NT_0007'>"": [], ""<class 'abc.NT_0007_P_00000'>"": [], ""<class 'abc.NT_0007_P_00001'>"": [], ""<class 'abc.NT_0007_P_00002'>"": [], ""<class 'abc.NT_0009_P_00001'>"": [], ""<class 'abc.NT_0010_P_00001'>"": [], ""<class 'abc.NT_0010_P_00002'>"": [], ""<class 'abc.NT_0012_P_00001'>"": [], ""<class 'abc.NT_0012_P_00002'>"": [], '$leftovers': [24110, 33409, 84800, 52930, 73355, 35471, 40030, 9296, 20749, 33075, 49628, 11537, 15, 90830, 51946, 20435, 67193, 37276, 25620, 25545, 23848, 32840, 79736, 6117, 22259, 57571, 60709, 16020, 90131, 83681, 49236, 19740, 96719, 28286, 96500, 25056, 2425, 4606, 76743, 50141, 80972, 89178, 58155, 60076, 20023, 49957, 78859, 71701, 63157, 51036, 27194, 57618, 41826, 72622, 26518, 13650, 37174, 65866, 51535, 26693, 46306, 18622, 78957, 96794, 12749, 98789, 43609, 19799, 33366, 8952, 34480, 94159, 44897, 75759, 82931, 16277, 14916, 72994, 49309, 70538, 2034, 42550, 91026, 7880, 3338, 60131, 98080, 28093, 32900, 15622, 26775, 29552, 32342, 14515, 36096, 41783, 62811, 37254, 75355, 63411, 75272, 23694, 84310, 71082, 79212, 33588, 90706, 48187, 31189, 88482, 9367, 56255, 79617, 1270, 55560, 26203, 26155, 40545, 15484, 55048, 21590, 6079, 95713, 42042, 7599, 11012, 10867, 6326, 4226, 36219, 64167, 95573, 17592, 32396, 33047, 42672, 14688, 56724, 34006, 26116, 19739, 92564, 32446, 49106, 86197, 89608, 29620, 89318, 4676, 30220, 92140, 82233, 42586, 84937, 67832, 88616, 54115, 36688, 72537, 89206, 19927, 60142, 31365, 9503, 17153, 77426, 27373, 71618, 24526, 11066, 35200, 85609, 149, 12686, 31762, 76331, 79662, 42034, 4753, 45093, 9160, 29879, 54031, 81574, 52405, 74338, 45103, 97062, 38418, 65500, 83214, 33515, 71498, 84236, 27012, 42946, 15648, 18758, 74221, 18239, 86131, 1230, 2760, 87805, 47794, 89910, 39873, 11161, 88967, 57997, 33988, 52998, 11574, 11690, 91965, 60505, 6728, 20304, 66663, 21797, 36314, 23383, 77728, 66566, 30573, 81589, 35200, 85889, 50823, 87892, 82732, 87939, 51151, 25364, 57741, 65481, 95697, 91763, 24126, 50698, 89794, 21082, 38556, 8845, 86758, 95312, 40982, 27576, 22409, 10764, 59686, 42374, 46705, 20305, 91930, 20443, 55812, 94550, 17871, 37347, 86111, 91872, 76531, 97561, 22247, 70828, 10031, 86871, 3457, 34403, 47195, 55824, 77269, 2312, 23015, 10509, 90685, 33220, 5095, 32669, 57665, 87461, 23705, 23892, 79569, 25099, 22463, 6825, 87678, 12700, 8086, 18347, 2080, 81725, 1743, 21695, 98864, 601, 27012, 26238, 83756, 20196, 9283, 37922, 9584, 31059, 69305, 33408, 87700, 5472, 17218, 94029, 30946, 42707, 26938, 23929, 42631, 58629, 82345, 34078, 27640, 26857, 52482, 1908, 53363, 57718, 53277, 60874, 47192, 65156, 64324, 98908, 18086, 34571, 80780, 21654, 13015, 54185, 65778, 82905, 54333, 16295, 29750, 10179, 8498, 41149, 76875, 75817, 52840, 36350, 67047, 80721, 50387, 89921, 76598, 79179, 69374, 34188, 84323, 90189, 80063, 75353, 58141, 98604, 61869, 50914, 95998, 60953, 31372, 32800, 20253, 10965, 57825, 30921, 72002, 23478, 52144, 74671, 49790, 35369, 96851, 96268, 91735, 26265, 71492, 35041, 22667, 85381, 87967, 56897, 37761, 44123, 52620, 81795, 86745, 6668, 71796, 22328, 50981, 1304, 65894, 39334, 28965, 37736, 33502, 94725, 98644, 29317, 28672, 49720, 92944, 79154, 30886, 83581, 56853, 86563, 45680, 29702, 43297, 89488, 55541, 95711, 64055, 55857, 75831, 20915, 33733, 41601, 40608, 13946, 42643, 60946, 78379, 66893, 47265, 47663, 96044, 31575, 23271, 29732, 18765, 73934, 86595, 19623, 58152, 23341, 42797, 82035, 84610, 84617, 26296, 48384, 7808, 85181, 83581, 85225, 34491, 3068, 83145, 63958, 59227, 71005, 79763, 19625, 78522, 84816, 70026, 30736, 71763, 20974, 85431, 42194, 51257, 95945, 87370, 84376, 7316, 96397, 73523, 45377, 38170, 929, 19455, 92318, 44476, 31469, 69802, 39812, 96151, 1351, 97970, 67167, 69990, 20536, 43930, 89552, 7692, 94070, 25734, 2163, 89653, 41361, 65843, 55026, 76161, 33606, 7726, 57770, 26583, 72401, 4290, 24460, 59579, 28419, 26896, 42516, 11149, 32412, 43883, 76759, 72953, 63003, 29642, 79399, 49163, 14266, 55493, 15592, 19124, 64343, 71700, 16518, 77843, 61244, 80217, 51694, 11787, 24162, 70922, 1802, 19601, 58039, 19725, 17982, 7030, 87818, 81146, 64592, 10711, 8313, 80311, 12180, 49490, 79809, 96851, 93114, 19741, 87950, 3665, 43498, 8117, 64, 90216, 51752, 43265, 1055, 25064, 4579, 20591, 64262, 8289, 34540, 9038, 32463, 95965, 3202, 36219, 54773, 36301, 21802, 67750, 14517, 59282, 15980, 432, 86613, 99020, 91465, 77787, 78248, 48946, 57777, 58757, 97167, 43438, 57904, 2014, 13213, 67388, 10589, 17904, 46813, 71128, 52635, 3372, 7022, 6285, 13222, 36250, 40728, 91163, 35142, 11502, 89851, 62932, 77460, 96657, 21864, 99883, 81995, 74277, 60986, 50282, 74931, 46950, 5360, 53700, 31843, 59827, 47670, 32934, 30419, 79491, 57514, 74807, 23996, 53538, 62864, 15792, 27971, 79999, 4588, 61344, 72986, 76402, 5098, 58305, 25903, 32899, 85790, 91428, 60548, 56234, 39548, 43974, 98619, 77439, 15993, 73803, 83604, 25519, 18459, 20066, 25903, 97967, 33677, 7371, 6, 36499, 11324, 1243, 39947, 55479, 70470, 34082, 56050, 29544, 54987, 62746, 66607, 80357, 49628, 67933, 33670, 28091, 66945, 50534, 26141, 53322, 91035, 77729, 27580, 46478, 28257, 47427, 93318, 56880, 30918, 94174, 58362, 78991, 44614, 79630, 30263, 11791, 42548, 14198, 37648, 38023, 21220, 21014, 7344, 63974, 96287, 17660, 60202, 79326, 52006, 11171, 66690, 12255, 20285, 10423, 55277, 57487, 11691, 54689, 5652, 76519, 3461, 69755, 64707, 16312, 16295, 40601, 70148, 36176, 16065, 40040, 14183, 24121, 47242, 22032, 11279, 3191, 76223, 38556, 49976, 63279, 28556, 9220, 29217, 76607, 75006, 23148, 76606, 47161, 35794, 52195, 48659, 92402, 6526, 92368, 4935, 12370, 31129, 9968, 86963, 31409, 47029, 77066, 80727, 15785, 15932, 83533, 62000, 17471, 96923, 65812, 20445, 91749, 85889, 26308, 19486, 21715, 34331, 93146, 59506, 57820, 30428, 93243, 92765, 52847, 89535, 66389, 58839, 4150, 25361, 82879, 61511, 68281, 78697, 78403, 87273, 13980, 42687, 23918, 63683, 41580, 73250, 59609, 11414, 2509, 70598, 74474, 19451, 16064, 20767, 90079, 93316, 16483, 26688, 1007, 58343, 58155, 21038, 71715, 57917, 41869, 25781, 18714, 67682, 93754, 85684, 10313, 1573, 45762, 94524, 35755, 32943, 71827, 71670, 16558, 24105, 60194, 63460, 52030, 70450, 68115, 37170, 74590, 45567, 54629, 5725, 85172, 61417, 54506, 78169, 92443, 94152, 97286, 90729, 98431, 21923, 91806, 91215, 9539, 25283, 88955, 21992, 43568, 39295, 10889, 20789, 56007, 943, 72855, 76942, 8942, 7759, 97777, 37307, 60206, 47127, 31059, 56075, 49075, 27392, 83476, 56280, 34162, 34476, 2995, 89626, 72491, 10343, 77379, 88390, 46151, 52405, 17849, 67616, 60968, 77448, 3012, 11905, 89855, 55382, 1710, 27710, 13838, 56579, 51865, 18942, 52511, 18314, 17423, 62667, 73550, 27356, 31707, 24937, 85986, 41982, 29792, 51747, 77050, 33505, 87200, 35919, 25026, 57877, 33854, 14431, 62602, 44937, 83542, 26581, 41702, 40546, 83724, 57348, 95648, 17217, 81032, 51333, 62479, 95232, 68193, 19337, 54406, 7241, 84508, 31853, 36337, 97444, 6715, 84142, 14143, 29646, 61418, 46691, 91055, 95261, 21607, 49389, 87440, 53345, 41371, 1669, 16850, 18440, 60983, 69600, 53625, 40097, 54633, 9055, 65860, 3054, 54468, 13994, 50399, 96381, 93456, 37386, 12374, 72359, 13808, 91360, 1863, 60158, 8379, 60424, 44909, 64466, 68566, 65812, 52188, 94818]})"
151.0,7,30,36,20.91929268836975,40003,"Genotype(dna={""<class 'abc.NT_0017'>"": [0, 1863], ""<class 'abc.NT_0017_P_00000'>"": [], ""<class 'abc.NT_0001'>"": [2, 2, 2, 2, 0, 1, 68566], ""<class 'abc.NT_0001_P_00000'>"": [], ""<class 'bool'>"": [46023, 35570, 21927, 2927, 64826, 47769, 23648, 93816, 7134, 59416, 20134, 85082, 87339, 47436, 78194, 76892, 13022, 3649, 46405, 50242, 42523, 55047, 79213, 38241, 94818, 24110, 33409], ""<class 'abc.NT_0000'>"": [1, 2, 6, 0, 0, 0, 0, 37022, 5, 2, 0, 97444, 3, 1, 0, 2, 2, 0, 74373, 6, 1, 0, 2, 0, 0, 65812], ""<class 'abc.NT_0000_P_00000'>"": [], ""<class 'int'>"": [51614, 94798, 78987, 59354, 52526, 36031, 85748, 91268, 99322, 38473, 68614, 93746, 6702, 40963, 73390, 92372, 37369, 45498, 58460, 83038, 905, 28012, 78957, 30708, 49224, 91314, 22611, 78500, 26079, 62592, 24095, 69659, 80107, 79360, 89661, 93789, 24483, 14210, 58941, 10735, 60856, 12770, 53654, 52188], ""<class 'abc.NT_0000_P_00001'>"": [], ""<class 'abc.NT_0000_P_00002'>"": [], ""<class 'abc.NT_0000_P_00003'>"": [], ""<class 'abc.NT_0000_P_00004'>"": [], ""<class 'abc.NT_0000_P_00005'>"": [], ""<class 'abc.NT_0000_P_00006'>"": [], ""<class 'abc.NT_0001_P_00001'>"": [], ""<class 'abc.NT_0001_P_00002'>"": [], ""<class 'abc.NT_0001_P_00003'>"": [], ""<class 'abc.NT_0001_P_00004'>"": [], ""<class 'abc.NT_0005'>"": [2, 8379], ""<class 'abc.NT_0005_P_00000'>"": [], ""<class 'abc.NT_0003'>"": [0, 0, 2, 73361], ""<class 'abc.NT_0003_P_00000'>"": [], ""<class 'abc.NT_0002'>"": [3, 1, 2, 3, 2, 2993], ""<class 'abc.NT_0002_P_00000'>"": [], ""<class 'abc.NT_0002_P_00001'>"": [], ""<class 'abc.NT_0002_P_00002'>"": [], ""<class 'abc.NT_0002_P_00003'>"": [], ""<class 'abc.NT_0002_P_00004'>"": [], ""<class 'abc.NT_0003_P_00001'>"": [], ""<class 'abc.NT_0003_P_00002'>"": [], ""<class 'abc.NT_0004'>"": [0, 60424], ""<class 'abc.NT_0004_P_00000'>"": [], ""<class 'abc.NT_0004_P_00001'>"": [], ""<class 'abc.NT_0005_P_00001'>"": [], ""<class 'abc.NT_0005_P_00002'>"": [], ""<class 'abc.NT_0011'>"": [], ""<class 'abc.NT_0011_P_00000'>"": [], ""<class 'abc.NT_0017_P_00001'>"": [], ""<class 'abc.NT_0012'>"": [0, 60158], ""<class 'abc.NT_0012_P_00000'>"": [], ""<class 'abc.NT_0010'>"": [], ""<class 'abc.NT_0010_P_00000'>"": [], ""<class 'abc.NT_0009'>"": [], ""<class 'abc.NT_0009_P_00000'>"": [], ""<class 'abc.NT_0008'>"": [], ""<class 'abc.NT_0008_P_00000'>"": [], ""<class 'abc.NT_0006'>"": [], ""<class 'abc.NT_0006_P_00000'>"": [], ""<class 'abc.NT_0008_P_00001'>"": [], ""<class 'abc.NT_0008_P_00002'>"": [], ""<class 'abc.NT_0008_P_00003'>"": [], ""<class 'abc.NT_0008_P_00004'>"": [], ""<class 'abc.NT_0007'>"": [], ""<class 'abc.NT_0007_P_00000'>"": [], ""<class 'abc.NT_0007_P_00001'>"": [], ""<class 'abc.NT_0007_P_00002'>"": [], ""<class 'abc.NT_0009_P_00001'>"": [], ""<class 'abc.NT_0010_P_00001'>"": [], ""<class 'abc.NT_0010_P_00002'>"": [], ""<class 'abc.NT_0012_P_00001'>"": [], ""<class 'abc.NT_0012_P_00002'>"": [], '$leftovers': [24110, 33409, 84800, 52930, 73355, 35471, 40030, 9296, 20749, 33075, 49628, 11537, 15, 90830, 51946, 20435, 67193, 37276, 25620, 25545, 23848, 32840, 79736, 6117, 22259, 57571, 60709, 16020, 90131, 83681, 49236, 19740, 96719, 28286, 96500, 25056, 2425, 4606, 76743, 50141, 80972, 89178, 58155, 60076, 20023, 49957, 78859, 71701, 63157, 51036, 27194, 57618, 41826, 72622, 26518, 13650, 37174, 65866, 51535, 26693, 46306, 18622, 78957, 96794, 12749, 98789, 43609, 19799, 33366, 8952, 34480, 94159, 44897, 75759, 82931, 16277, 14916, 72994, 49309, 70538, 2034, 42550, 91026, 7880, 3338, 60131, 98080, 28093, 32900, 15622, 26775, 29552, 32342, 14515, 36096, 41783, 62811, 37254, 75355, 63411, 75272, 23694, 84310, 71082, 79212, 33588, 90706, 48187, 31189, 88482, 9367, 56255, 79617, 1270, 55560, 26203, 26155, 40545, 15484, 55048, 21590, 6079, 95713, 42042, 7599, 11012, 10867, 6326, 4226, 36219, 64167, 95573, 17592, 32396, 33047, 42672, 14688, 56724, 34006, 26116, 19739, 92564, 32446, 49106, 86197, 89608, 29620, 89318, 4676, 30220, 92140, 82233, 42586, 84937, 67832, 88616, 54115, 36688, 72537, 89206, 19927, 60142, 31365, 9503, 17153, 77426, 27373, 71618, 24526, 11066, 35200, 85609, 149, 12686, 31762, 76331, 79662, 42034, 4753, 45093, 9160, 29879, 54031, 81574, 52405, 74338, 45103, 97062, 38418, 65500, 83214, 33515, 71498, 84236, 27012, 42946, 15648, 18758, 74221, 18239, 86131, 1230, 2760, 87805, 47794, 89910, 39873, 11161, 88967, 57997, 33988, 52998, 11574, 11690, 91965, 60505, 6728, 20304, 66663, 21797, 36314, 23383, 77728, 66566, 30573, 81589, 35200, 85889, 50823, 87892, 82732, 87939, 51151, 25364, 57741, 65481, 95697, 91763, 24126, 50698, 89794, 21082, 38556, 8845, 86758, 95312, 40982, 27576, 22409, 10764, 59686, 42374, 46705, 20305, 91930, 20443, 55812, 94550, 17871, 37347, 86111, 91872, 76531, 97561, 22247, 70828, 10031, 86871, 3457, 34403, 47195, 55824, 77269, 2312, 23015, 10509, 90685, 33220, 5095, 32669, 57665, 87461, 23705, 23892, 79569, 25099, 22463, 6825, 87678, 12700, 8086, 18347, 2080, 81725, 1743, 21695, 98864, 601, 27012, 26238, 83756, 20196, 9283, 37922, 9584, 31059, 69305, 33408, 87700, 5472, 17218, 94029, 30946, 42707, 26938, 23929, 42631, 58629, 82345, 34078, 27640, 26857, 52482, 1908, 53363, 57718, 53277, 60874, 47192, 65156, 64324, 98908, 18086, 34571, 80780, 21654, 13015, 54185, 65778, 82905, 54333, 16295, 29750, 10179, 8498, 41149, 76875, 75817, 52840, 36350, 67047, 80721, 50387, 89921, 76598, 79179, 69374, 34188, 84323, 90189, 80063, 75353, 58141, 98604, 61869, 50914, 95998, 60953, 31372, 32800, 20253, 10965, 57825, 30921, 72002, 23478, 52144, 74671, 49790, 35369, 96851, 96268, 91735, 26265, 71492, 35041, 22667, 85381, 87967, 56897, 37761, 44123, 52620, 81795, 86745, 6668, 71796, 22328, 50981, 1304, 65894, 39334, 28965, 37736, 33502, 94725, 98644, 29317, 28672, 49720, 92944, 79154, 30886, 83581, 56853, 86563, 45680, 29702, 43297, 89488, 55541, 95711, 64055, 55857, 75831, 20915, 33733, 41601, 40608, 13946, 42643, 60946, 78379, 66893, 47265, 47663, 96044, 31575, 23271, 29732, 18765, 73934, 86595, 19623, 58152, 23341, 42797, 82035, 84610, 84617, 26296, 48384, 7808, 85181, 83581, 85225, 34491, 3068, 83145, 63958, 59227, 71005, 79763, 19625, 78522, 84816, 70026, 30736, 71763, 20974, 85431, 42194, 51257, 95945, 87370, 84376, 7316, 96397, 73523, 45377, 38170, 929, 19455, 92318, 44476, 31469, 69802, 39812, 96151, 1351, 97970, 67167, 69990, 20536, 43930, 89552, 7692, 94070, 25734, 2163, 89653, 41361, 65843, 55026, 76161, 33606, 7726, 57770, 26583, 72401, 4290, 24460, 59579, 28419, 26896, 42516, 11149, 32412, 43883, 76759, 72953, 63003, 29642, 79399, 49163, 14266, 55493, 15592, 19124, 64343, 71700, 16518, 77843, 61244, 80217, 51694, 11787, 24162, 70922, 1802, 19601, 58039, 19725, 17982, 7030, 87818, 81146, 64592, 10711, 8313, 80311, 12180, 49490, 79809, 96851, 93114, 19741, 87950, 3665, 43498, 8117, 64, 90216, 51752, 43265, 1055, 25064, 4579, 20591, 64262, 8289, 34540, 9038, 32463, 95965, 3202, 36219, 54773, 36301, 21802, 67750, 14517, 59282, 15980, 432, 86613, 99020, 91465, 77787, 78248, 48946, 57777, 58757, 97167, 43438, 57904, 2014, 13213, 67388, 10589, 17904, 46813, 71128, 52635, 3372, 7022, 6285, 13222, 36250, 40728, 91163, 35142, 11502, 89851, 62932, 77460, 96657, 21864, 99883, 81995, 74277, 60986, 50282, 74931, 46950, 5360, 53700, 31843, 59827, 47670, 32934, 30419, 79491, 57514, 74807, 23996, 53538, 62864, 15792, 27971, 79999, 4588, 61344, 72986, 76402, 5098, 58305, 25903, 32899, 85790, 91428, 60548, 56234, 39548, 43974, 98619, 77439, 15993, 73803, 83604, 25519, 18459, 20066, 25903, 97967, 33677, 7371, 6, 36499, 11324, 1243, 39947, 55479, 70470, 34082, 56050, 29544, 54987, 62746, 66607, 80357, 49628, 67933, 33670, 28091, 66945, 50534, 26141, 53322, 91035, 77729, 27580, 46478, 28257, 47427, 93318, 56880, 30918, 94174, 58362, 78991, 44614, 79630, 30263, 11791, 42548, 14198, 37648, 38023, 21220, 21014, 7344, 63974, 96287, 17660, 60202, 79326, 52006, 11171, 66690, 12255, 20285, 10423, 55277, 57487, 11691, 54689, 5652, 76519, 3461, 69755, 64707, 16312, 16295, 40601, 70148, 36176, 16065, 40040, 14183, 24121, 47242, 22032, 11279, 3191, 76223, 38556, 49976, 63279, 28556, 9220, 29217, 76607, 75006, 23148, 76606, 47161, 35794, 52195, 48659, 92402, 6526, 92368, 4935, 12370, 31129, 9968, 86963, 31409, 47029, 77066, 80727, 15785, 15932, 83533, 62000, 17471, 96923, 65812, 20445, 91749, 85889, 26308, 19486, 21715, 34331, 93146, 59506, 57820, 30428, 93243, 92765, 52847, 89535, 66389, 58839, 4150, 25361, 82879, 61511, 68281, 78697, 78403, 87273, 13980, 42687, 23918, 63683, 41580, 73250, 59609, 11414, 2509, 70598, 74474, 19451, 16064, 20767, 90079, 93316, 16483, 26688, 1007, 58343, 58155, 21038, 71715, 57917, 41869, 25781, 18714, 67682, 93754, 85684, 10313, 1573, 45762, 94524, 35755, 32943, 71827, 71670, 16558, 24105, 60194, 63460, 52030, 70450, 68115, 37170, 74590, 45567, 54629, 5725, 85172, 61417, 54506, 78169, 92443, 94152, 97286, 90729, 98431, 21923, 91806, 91215, 9539, 25283, 88955, 21992, 43568, 39295, 10889, 20789, 56007, 943, 72855, 76942, 8942, 7759, 97777, 37307, 60206, 47127, 31059, 56075, 49075, 27392, 83476, 56280, 34162, 34476, 2995, 89626, 72491, 10343, 77379, 88390, 46151, 52405, 17849, 67616, 60968, 77448, 3012, 11905, 89855, 55382, 1710, 27710, 13838, 56579, 51865, 18942, 52511, 18314, 17423, 62667, 73550, 27356, 31707, 24937, 85986, 41982, 29792, 51747, 77050, 33505, 87200, 35919, 25026, 57877, 33854, 14431, 62602, 44937, 83542, 26581, 41702, 40546, 83724, 57348, 95648, 17217, 81032, 51333, 62479, 95232, 68193, 19337, 54406, 7241, 84508, 31853, 36337, 97444, 6715, 84142, 14143, 29646, 61418, 46691, 91055, 95261, 21607, 49389, 87440, 53345, 41371, 1669, 16850, 18440, 60983, 69600, 53625, 40097, 54633, 9055, 65860, 3054, 54468, 13994, 50399, 96381, 93456, 37386, 12374, 72359, 13808, 91360, 1863, 60158, 8379, 60424, 44909, 64466, 68566, 65812, 52188, 94818]})"
151.0,7,30,37,21.15481400489807,40003,"Genotype(dna={""<class 'abc.NT_0017'>"": [0, 1863], ""<class 'abc.NT_0017_P_00000'>"": [], ""<class 'abc.NT_0001'>"": [2, 2, 2, 2, 0, 1, 68566], ""<class 'abc.NT_0001_P_00000'>"": [], ""<class 'bool'>"": [46023, 35570, 21927, 2927, 64826, 47769, 23648, 93816, 7134, 59416, 20134, 85082, 87339, 47436, 78194, 76892, 13022, 3649, 46405, 50242, 42523, 55047, 79213, 38241, 94818, 24110, 33409], ""<class 'abc.NT_0000'>"": [1, 2, 6, 0, 0, 0, 0, 37022, 5, 2, 0, 97444, 3, 1, 0, 2, 2, 0, 74373, 6, 1, 0, 2, 0, 0, 65812], ""<class 'abc.NT_0000_P_00000'>"": [], ""<class 'int'>"": [51614, 94798, 78987, 59354, 52526, 36031, 85748, 91268, 99322, 38473, 68614, 93746, 6702, 40963, 73390, 92372, 37369, 45498, 58460, 83038, 905, 28012, 78957, 30708, 49224, 91314, 22611, 78500, 26079, 62592, 24095, 69659, 80107, 79360, 89661, 93789, 24483, 14210, 58941, 10735, 60856, 12770, 53654, 52188], ""<class 'abc.NT_0000_P_00001'>"": [], ""<class 'abc.NT_0000_P_00002'>"": [], ""<class 'abc.NT_0000_P_00003'>"": [], ""<class 'abc.NT_0000_P_00004'>"": [], ""<class 'abc.NT_0000_P_00005'>"": [], ""<class 'abc.NT_0000_P_00006'>"": [], ""<class 'abc.NT_0001_P_00001'>"": [], ""<class 'abc.NT_0001_P_00002'>"": [], ""<class 'abc.NT_0001_P_00003'>"": [], ""<class 'abc.NT_0001_P_00004'>"": [], ""<class 'abc.NT_0005'>"": [2, 8379], ""<class 'abc.NT_0005_P_00000'>"": [], ""<class 'abc.NT_0003'>"": [0, 0, 2, 73361], ""<class 'abc.NT_0003_P_00000'>"": [], ""<class 'abc.NT_0002'>"": [3, 1, 2, 3, 2, 2993], ""<class 'abc.NT_0002_P_00000'>"": [], ""<class 'abc.NT_0002_P_00001'>"": [], ""<class 'abc.NT_0002_P_00002'>"": [], ""<class 'abc.NT_0002_P_00003'>"": [], ""<class 'abc.NT_0002_P_00004'>"": [], ""<class 'abc.NT_0003_P_00001'>"": [], ""<class 'abc.NT_0003_P_00002'>"": [], ""<class 'abc.NT_0004'>"": [0, 60424], ""<class 'abc.NT_0004_P_00000'>"": [], ""<class 'abc.NT_0004_P_00001'>"": [], ""<class 'abc.NT_0005_P_00001'>"": [], ""<class 'abc.NT_0005_P_00002'>"": [], ""<class 'abc.NT_0011'>"": [], ""<class 'abc.NT_0011_P_00000'>"": [], ""<class 'abc.NT_0017_P_00001'>"": [], ""<class 'abc.NT_0012'>"": [0, 60158], ""<class 'abc.NT_0012_P_00000'>"": [], ""<class 'abc.NT_0010'>"": [], ""<class 'abc.NT_0010_P_00000'>"": [], ""<class 'abc.NT_0009'>"": [], ""<class 'abc.NT_0009_P_00000'>"": [], ""<class 'abc.NT_0008'>"": [], ""<class 'abc.NT_0008_P_00000'>"": [], ""<class 'abc.NT_0006'>"": [], ""<class 'abc.NT_0006_P_00000'>"": [], ""<class 'abc.NT_0008_P_00001'>"": [], ""<class 'abc.NT_0008_P_00002'>"": [], ""<class 'abc.NT_0008_P_00003'>"": [], ""<class 'abc.NT_0008_P_00004'>"": [], ""<class 'abc.NT_0007'>"": [], ""<class 'abc.NT_0007_P_00000'>"": [], ""<class 'abc.NT_0007_P_00001'>"": [], ""<class 'abc.NT_0007_P_00002'>"": [], ""<class 'abc.NT_0009_P_00001'>"": [], ""<class 'abc.NT_0010_P_00001'>"": [], ""<class 'abc.NT_0010_P_00002'>"": [], ""<class 'abc.NT_0012_P_00001'>"": [], ""<class 'abc.NT_0012_P_00002'>"": [], '$leftovers': [24110, 33409, 84800, 52930, 73355, 35471, 40030, 9296, 20749, 33075, 49628, 11537, 15, 90830, 51946, 20435, 67193, 37276, 25620, 25545, 23848, 32840, 79736, 6117, 22259, 57571, 60709, 16020, 90131, 83681, 49236, 19740, 96719, 28286, 96500, 25056, 2425, 4606, 76743, 50141, 80972, 89178, 58155, 60076, 20023, 49957, 78859, 71701, 63157, 51036, 27194, 57618, 41826, 72622, 26518, 13650, 37174, 65866, 51535, 26693, 46306, 18622, 78957, 96794, 12749, 98789, 43609, 19799, 33366, 8952, 34480, 94159, 44897, 75759, 82931, 16277, 14916, 72994, 49309, 70538, 2034, 42550, 91026, 7880, 3338, 60131, 98080, 28093, 32900, 15622, 26775, 29552, 32342, 14515, 36096, 41783, 62811, 37254, 75355, 63411, 75272, 23694, 84310, 71082, 79212, 33588, 90706, 48187, 31189, 88482, 9367, 56255, 79617, 1270, 55560, 26203, 26155, 40545, 15484, 55048, 21590, 6079, 95713, 42042, 7599, 11012, 10867, 6326, 4226, 36219, 64167, 95573, 17592, 32396, 33047, 42672, 14688, 56724, 34006, 26116, 19739, 92564, 32446, 49106, 86197, 89608, 29620, 89318, 4676, 30220, 92140, 82233, 42586, 84937, 67832, 88616, 54115, 36688, 72537, 89206, 19927, 60142, 31365, 9503, 17153, 77426, 27373, 71618, 24526, 11066, 35200, 85609, 149, 12686, 31762, 76331, 79662, 42034, 4753, 45093, 9160, 29879, 54031, 81574, 52405, 74338, 45103, 97062, 38418, 65500, 83214, 33515, 71498, 84236, 27012, 42946, 15648, 18758, 74221, 18239, 86131, 1230, 2760, 87805, 47794, 89910, 39873, 11161, 88967, 57997, 33988, 52998, 11574, 11690, 91965, 60505, 6728, 20304, 66663, 21797, 36314, 23383, 77728, 66566, 30573, 81589, 35200, 85889, 50823, 87892, 82732, 87939, 51151, 25364, 57741, 65481, 95697, 91763, 24126, 50698, 89794, 21082, 38556, 8845, 86758, 95312, 40982, 27576, 22409, 10764, 59686, 42374, 46705, 20305, 91930, 20443, 55812, 94550, 17871, 37347, 86111, 91872, 76531, 97561, 22247, 70828, 10031, 86871, 3457, 34403, 47195, 55824, 77269, 2312, 23015, 10509, 90685, 33220, 5095, 32669, 57665, 87461, 23705, 23892, 79569, 25099, 22463, 6825, 87678, 12700, 8086, 18347, 2080, 81725, 1743, 21695, 98864, 601, 27012, 26238, 83756, 20196, 9283, 37922, 9584, 31059, 69305, 33408, 87700, 5472, 17218, 94029, 30946, 42707, 26938, 23929, 42631, 58629, 82345, 34078, 27640, 26857, 52482, 1908, 53363, 57718, 53277, 60874, 47192, 65156, 64324, 98908, 18086, 34571, 80780, 21654, 13015, 54185, 65778, 82905, 54333, 16295, 29750, 10179, 8498, 41149, 76875, 75817, 52840, 36350, 67047, 80721, 50387, 89921, 76598, 79179, 69374, 34188, 84323, 90189, 80063, 75353, 58141, 98604, 61869, 50914, 95998, 60953, 31372, 32800, 20253, 10965, 57825, 30921, 72002, 23478, 52144, 74671, 49790, 35369, 96851, 96268, 91735, 26265, 71492, 35041, 22667, 85381, 87967, 56897, 37761, 44123, 52620, 81795, 86745, 6668, 71796, 22328, 50981, 1304, 65894, 39334, 28965, 37736, 33502, 94725, 98644, 29317, 28672, 49720, 92944, 79154, 30886, 83581, 56853, 86563, 45680, 29702, 43297, 89488, 55541, 95711, 64055, 55857, 75831, 20915, 33733, 41601, 40608, 13946, 42643, 60946, 78379, 66893, 47265, 47663, 96044, 31575, 23271, 29732, 18765, 73934, 86595, 19623, 58152, 23341, 42797, 82035, 84610, 84617, 26296, 48384, 7808, 85181, 83581, 85225, 34491, 3068, 83145, 63958, 59227, 71005, 79763, 19625, 78522, 84816, 70026, 30736, 71763, 20974, 85431, 42194, 51257, 95945, 87370, 84376, 7316, 96397, 73523, 45377, 38170, 929, 19455, 92318, 44476, 31469, 69802, 39812, 96151, 1351, 97970, 67167, 69990, 20536, 43930, 89552, 7692, 94070, 25734, 2163, 89653, 41361, 65843, 55026, 76161, 33606, 7726, 57770, 26583, 72401, 4290, 24460, 59579, 28419, 26896, 42516, 11149, 32412, 43883, 76759, 72953, 63003, 29642, 79399, 49163, 14266, 55493, 15592, 19124, 64343, 71700, 16518, 77843, 61244, 80217, 51694, 11787, 24162, 70922, 1802, 19601, 58039, 19725, 17982, 7030, 87818, 81146, 64592, 10711, 8313, 80311, 12180, 49490, 79809, 96851, 93114, 19741, 87950, 3665, 43498, 8117, 64, 90216, 51752, 43265, 1055, 25064, 4579, 20591, 64262, 8289, 34540, 9038, 32463, 95965, 3202, 36219, 54773, 36301, 21802, 67750, 14517, 59282, 15980, 432, 86613, 99020, 91465, 77787, 78248, 48946, 57777, 58757, 97167, 43438, 57904, 2014, 13213, 67388, 10589, 17904, 46813, 71128, 52635, 3372, 7022, 6285, 13222, 36250, 40728, 91163, 35142, 11502, 89851, 62932, 77460, 96657, 21864, 99883, 81995, 74277, 60986, 50282, 74931, 46950, 5360, 53700, 31843, 59827, 47670, 32934, 30419, 79491, 57514, 74807, 23996, 53538, 62864, 15792, 27971, 79999, 4588, 61344, 72986, 76402, 5098, 58305, 25903, 32899, 85790, 91428, 60548, 56234, 39548, 43974, 98619, 77439, 15993, 73803, 83604, 25519, 18459, 20066, 25903, 97967, 33677, 7371, 6, 36499, 11324, 1243, 39947, 55479, 70470, 34082, 56050, 29544, 54987, 62746, 66607, 80357, 49628, 67933, 33670, 28091, 66945, 50534, 26141, 53322, 91035, 77729, 27580, 46478, 28257, 47427, 93318, 56880, 30918, 94174, 58362, 78991, 44614, 79630, 30263, 11791, 42548, 14198, 37648, 38023, 21220, 21014, 7344, 63974, 96287, 17660, 60202, 79326, 52006, 11171, 66690, 12255, 20285, 10423, 55277, 57487, 11691, 54689, 5652, 76519, 3461, 69755, 64707, 16312, 16295, 40601, 70148, 36176, 16065, 40040, 14183, 24121, 47242, 22032, 11279, 3191, 76223, 38556, 49976, 63279, 28556, 9220, 29217, 76607, 75006, 23148, 76606, 47161, 35794, 52195, 48659, 92402, 6526, 92368, 4935, 12370, 31129, 9968, 86963, 31409, 47029, 77066, 80727, 15785, 15932, 83533, 62000, 17471, 96923, 65812, 20445, 91749, 85889, 26308, 19486, 21715, 34331, 93146, 59506, 57820, 30428, 93243, 92765, 52847, 89535, 66389, 58839, 4150, 25361, 82879, 61511, 68281, 78697, 78403, 87273, 13980, 42687, 23918, 63683, 41580, 73250, 59609, 11414, 2509, 70598, 74474, 19451, 16064, 20767, 90079, 93316, 16483, 26688, 1007, 58343, 58155, 21038, 71715, 57917, 41869, 25781, 18714, 67682, 93754, 85684, 10313, 1573, 45762, 94524, 35755, 32943, 71827, 71670, 16558, 24105, 60194, 63460, 52030, 70450, 68115, 37170, 74590, 45567, 54629, 5725, 85172, 61417, 54506, 78169, 92443, 94152, 97286, 90729, 98431, 21923, 91806, 91215, 9539, 25283, 88955, 21992, 43568, 39295, 10889, 20789, 56007, 943, 72855, 76942, 8942, 7759, 97777, 37307, 60206, 47127, 31059, 56075, 49075, 27392, 83476, 56280, 34162, 34476, 2995, 89626, 72491, 10343, 77379, 88390, 46151, 52405, 17849, 67616, 60968, 77448, 3012, 11905, 89855, 55382, 1710, 27710, 13838, 56579, 51865, 18942, 52511, 18314, 17423, 62667, 73550, 27356, 31707, 24937, 85986, 41982, 29792, 51747, 77050, 33505, 87200, 35919, 25026, 57877, 33854, 14431, 62602, 44937, 83542, 26581, 41702, 40546, 83724, 57348, 95648, 17217, 81032, 51333, 62479, 95232, 68193, 19337, 54406, 7241, 84508, 31853, 36337, 97444, 6715, 84142, 14143, 29646, 61418, 46691, 91055, 95261, 21607, 49389, 87440, 53345, 41371, 1669, 16850, 18440, 60983, 69600, 53625, 40097, 54633, 9055, 65860, 3054, 54468, 13994, 50399, 96381, 93456, 37386, 12374, 72359, 13808, 91360, 1863, 60158, 8379, 60424, 44909, 64466, 68566, 65812, 52188, 94818]})"
150.0,7,30,38,21.483330011367798,40003,"Genotype(dna={""<class 'abc.NT_0017'>"": [0, 1863], ""<class 'abc.NT_0017_P_00000'>"": [], ""<class 'abc.NT_0001'>"": [2, 2, 2, 2, 0, 1, 68566], ""<class 'abc.NT_0001_P_00000'>"": [], ""<class 'bool'>"": [46023, 35570, 21927, 2927, 64826, 47769, 23648, 93816, 7134, 59416, 20134, 85082, 87339, 47436, 78194, 76892, 13022, 3649, 46405, 50242, 42523, 55047, 79213, 38241, 94818, 24110, 33409], ""<class 'abc.NT_0000'>"": [1, 2, 6, 0, 0, 0, 0, 37022, 5, 2, 0, 97444, 3, 1, 0, 2, 2, 0, 74373, 6, 1, 0, 2, 0, 0, 65812], ""<class 'abc.NT_0000_P_00000'>"": [], ""<class 'int'>"": [51614, 94798, 78987, 59354, 52526, 36031, 85748, 91268, 99322, 38473, 68614, 93746, 6702, 40963, 73390, 92372, 19142, 45498, 58460, 83038, 905, 28012, 78957, 84653, 49224, 91314, 22611, 93748, 26079, 62592, 24095, 69659, 80107, 79360, 89661, 93789, 24483, 14210, 58941, 10735, 60856, 12770, 53654, 52188], ""<class 'abc.NT_0000_P_00001'>"": [], ""<class 'abc.NT_0000_P_00002'>"": [], ""<class 'abc.NT_0000_P_00003'>"": [], ""<class 'abc.NT_0000_P_00004'>"": [], ""<class 'abc.NT_0000_P_00005'>"": [], ""<class 'abc.NT_0000_P_00006'>"": [], ""<class 'abc.NT_0001_P_00001'>"": [], ""<class 'abc.NT_0001_P_00002'>"": [], ""<class 'abc.NT_0001_P_00003'>"": [], ""<class 'abc.NT_0001_P_00004'>"": [], ""<class 'abc.NT_0005'>"": [2, 8379], ""<class 'abc.NT_0005_P_00000'>"": [], ""<class 'abc.NT_0003'>"": [0, 0, 2, 73361], ""<class 'abc.NT_0003_P_00000'>"": [], ""<class 'abc.NT_0002'>"": [3, 1, 2, 3, 2, 2993], ""<class 'abc.NT_0002_P_00000'>"": [], ""<class 'abc.NT_0002_P_00001'>"": [], ""<class 'abc.NT_0002_P_00002'>"": [], ""<class 'abc.NT_0002_P_00003'>"": [], ""<class 'abc.NT_0002_P_00004'>"": [], ""<class 'abc.NT_0003_P_00001'>"": [], ""<class 'abc.NT_0003_P_00002'>"": [], ""<class 'abc.NT_0004'>"": [0, 60424], ""<class 'abc.NT_0004_P_00000'>"": [], ""<class 'abc.NT_0004_P_00001'>"": [], ""<class 'abc.NT_0005_P_00001'>"": [], ""<class 'abc.NT_0005_P_00002'>"": [], ""<class 'abc.NT_0011'>"": [], ""<class 'abc.NT_0011_P_00000'>"": [], ""<class 'abc.NT_0017_P_00001'>"": [], ""<class 'abc.NT_0012'>"": [0, 60158], ""<class 'abc.NT_0012_P_00000'>"": [], ""<class 'abc.NT_0010'>"": [], ""<class 'abc.NT_0010_P_00000'>"": [], ""<class 'abc.NT_0009'>"": [], ""<class 'abc.NT_0009_P_00000'>"": [], ""<class 'abc.NT_0008'>"": [], ""<class 'abc.NT_0008_P_00000'>"": [], ""<class 'abc.NT_0006'>"": [], ""<class 'abc.NT_0006_P_00000'>"": [], ""<class 'abc.NT_0008_P_00001'>"": [], ""<class 'abc.NT_0008_P_00002'>"": [], ""<class 'abc.NT_0008_P_00003'>"": [], ""<class 'abc.NT_0008_P_00004'>"": [], ""<class 'abc.NT_0007'>"": [], ""<class 'abc.NT_0007_P_00000'>"": [], ""<class 'abc.NT_0007_P_00001'>"": [], ""<class 'abc.NT_0007_P_00002'>"": [], ""<class 'abc.NT_0009_P_00001'>"": [], ""<class 'abc.NT_0010_P_00001'>"": [], ""<class 'abc.NT_0010_P_00002'>"": [], ""<class 'abc.NT_0012_P_00001'>"": [], ""<class 'abc.NT_0012_P_00002'>"": [], '$leftovers': [24110, 33409, 84800, 52930, 73355, 35471, 40030, 9296, 20749, 33075, 49628, 11537, 15, 90830, 51946, 20435, 67193, 37276, 25620, 25545, 23848, 32840, 79736, 6117, 22259, 57571, 60709, 16020, 90131, 83681, 49236, 19740, 96719, 28286, 96500, 25056, 2425, 4606, 76743, 50141, 80972, 89178, 58155, 60076, 20023, 49957, 78859, 71701, 63157, 51036, 27194, 57618, 41826, 72622, 26518, 13650, 37174, 65866, 51535, 26693, 46306, 18622, 78957, 96794, 12749, 98789, 43609, 19799, 33366, 8952, 34480, 94159, 44897, 75759, 82931, 16277, 14916, 72994, 49309, 70538, 2034, 42550, 91026, 7880, 3338, 60131, 98080, 28093, 32900, 15622, 26775, 29552, 32342, 14515, 36096, 41783, 62811, 37254, 75355, 63411, 75272, 23694, 84310, 71082, 79212, 33588, 90706, 48187, 31189, 88482, 9367, 56255, 79617, 1270, 55560, 26203, 26155, 40545, 15484, 55048, 21590, 6079, 95713, 42042, 7599, 11012, 10867, 6326, 4226, 36219, 64167, 95573, 17592, 32396, 33047, 42672, 14688, 56724, 34006, 26116, 19739, 92564, 32446, 49106, 86197, 89608, 29620, 89318, 4676, 30220, 92140, 82233, 42586, 84937, 67832, 88616, 54115, 36688, 72537, 89206, 19927, 60142, 31365, 9503, 17153, 77426, 27373, 71618, 24526, 11066, 35200, 85609, 149, 12686, 31762, 76331, 79662, 42034, 4753, 45093, 9160, 29879, 54031, 81574, 52405, 74338, 45103, 97062, 38418, 65500, 83214, 33515, 71498, 84236, 27012, 42946, 15648, 18758, 74221, 18239, 86131, 1230, 2760, 87805, 47794, 89910, 39873, 11161, 88967, 57997, 33988, 52998, 11574, 11690, 91965, 60505, 6728, 20304, 66663, 21797, 36314, 23383, 77728, 66566, 30573, 81589, 35200, 85889, 50823, 87892, 82732, 87939, 51151, 25364, 57741, 65481, 95697, 91763, 24126, 50698, 89794, 21082, 38556, 8845, 86758, 95312, 40982, 27576, 22409, 10764, 59686, 42374, 46705, 20305, 91930, 20443, 55812, 94550, 17871, 37347, 86111, 91872, 76531, 97561, 22247, 70828, 10031, 86871, 3457, 34403, 47195, 55824, 77269, 2312, 23015, 10509, 90685, 33220, 5095, 32669, 57665, 87461, 23705, 23892, 79569, 25099, 22463, 6825, 87678, 12700, 8086, 18347, 2080, 81725, 1743, 21695, 98864, 601, 27012, 26238, 83756, 20196, 9283, 37922, 9584, 31059, 69305, 33408, 87700, 5472, 17218, 94029, 30946, 42707, 26938, 23929, 42631, 58629, 82345, 34078, 27640, 26857, 52482, 1908, 53363, 57718, 53277, 60874, 47192, 65156, 64324, 98908, 18086, 34571, 80780, 21654, 13015, 54185, 65778, 82905, 54333, 16295, 29750, 10179, 8498, 41149, 76875, 75817, 52840, 36350, 67047, 80721, 50387, 89921, 76598, 79179, 69374, 34188, 84323, 90189, 80063, 75353, 58141, 98604, 61869, 50914, 95998, 60953, 31372, 32800, 20253, 10965, 57825, 30921, 72002, 23478, 52144, 74671, 49790, 35369, 96851, 96268, 91735, 26265, 71492, 35041, 22667, 85381, 87967, 56897, 37761, 44123, 52620, 81795, 86745, 6668, 71796, 22328, 50981, 1304, 65894, 39334, 28965, 37736, 33502, 94725, 98644, 29317, 28672, 49720, 92944, 79154, 30886, 83581, 56853, 86563, 45680, 29702, 43297, 89488, 55541, 95711, 64055, 55857, 75831, 20915, 33733, 41601, 40608, 13946, 42643, 60946, 78379, 66893, 47265, 47663, 96044, 31575, 23271, 29732, 18765, 73934, 86595, 19623, 58152, 23341, 42797, 82035, 84610, 84617, 26296, 48384, 7808, 85181, 83581, 85225, 34491, 3068, 83145, 63958, 59227, 71005, 79763, 19625, 78522, 84816, 70026, 30736, 71763, 20974, 85431, 42194, 51257, 95945, 87370, 84376, 7316, 96397, 73523, 45377, 38170, 929, 19455, 92318, 44476, 31469, 69802, 39812, 96151, 1351, 97970, 67167, 69990, 20536, 43930, 89552, 7692, 94070, 25734, 2163, 89653, 41361, 65843, 55026, 76161, 33606, 7726, 57770, 26583, 72401, 4290, 24460, 59579, 28419, 26896, 42516, 11149, 32412, 43883, 76759, 72953, 63003, 29642, 79399, 49163, 14266, 55493, 15592, 19124, 64343, 71700, 16518, 77843, 61244, 80217, 51694, 11787, 24162, 70922, 1802, 19601, 58039, 19725, 17982, 7030, 87818, 81146, 64592, 10711, 8313, 80311, 12180, 49490, 79809, 96851, 93114, 19741, 87950, 3665, 43498, 8117, 64, 90216, 51752, 43265, 1055, 25064, 4579, 20591, 64262, 8289, 34540, 9038, 32463, 95965, 3202, 36219, 54773, 36301, 21802, 67750, 14517, 59282, 15980, 432, 86613, 99020, 91465, 77787, 78248, 48946, 57777, 58757, 97167, 43438, 57904, 2014, 13213, 67388, 10589, 17904, 46813, 71128, 52635, 3372, 7022, 6285, 13222, 36250, 40728, 91163, 35142, 11502, 89851, 62932, 77460, 96657, 21864, 99883, 81995, 74277, 60986, 50282, 74931, 46950, 5360, 53700, 31843, 59827, 47670, 32934, 30419, 79491, 57514, 74807, 23996, 53538, 62864, 15792, 27971, 79999, 4588, 61344, 72986, 76402, 5098, 58305, 25903, 32899, 85790, 91428, 60548, 56234, 39548, 43974, 98619, 77439, 15993, 73803, 83604, 25519, 18459, 20066, 25903, 97967, 33677, 7371, 6, 36499, 11324, 1243, 39947, 55479, 70470, 34082, 56050, 29544, 54987, 62746, 66607, 80357, 49628, 67933, 33670, 28091, 66945, 50534, 26141, 53322, 91035, 77729, 27580, 46478, 28257, 47427, 93318, 56880, 30918, 94174, 58362, 78991, 44614, 79630, 30263, 11791, 42548, 14198, 37648, 38023, 21220, 21014, 7344, 63974, 96287, 17660, 60202, 79326, 52006, 11171, 66690, 12255, 20285, 10423, 55277, 57487, 11691, 54689, 5652, 76519, 3461, 69755, 64707, 16312, 16295, 40601, 70148, 36176, 16065, 40040, 14183, 24121, 47242, 22032, 11279, 3191, 76223, 38556, 49976, 63279, 28556, 9220, 29217, 76607, 75006, 23148, 76606, 47161, 35794, 52195, 48659, 92402, 6526, 92368, 4935, 12370, 31129, 9968, 86963, 31409, 47029, 77066, 80727, 15785, 15932, 83533, 62000, 17471, 96923, 65812, 20445, 91749, 85889, 26308, 19486, 21715, 34331, 93146, 59506, 57820, 30428, 93243, 92765, 52847, 89535, 66389, 58839, 4150, 25361, 82879, 61511, 68281, 78697, 78403, 87273, 13980, 42687, 23918, 63683, 41580, 73250, 59609, 11414, 2509, 70598, 74474, 19451, 16064, 20767, 90079, 93316, 16483, 26688, 1007, 58343, 58155, 21038, 71715, 57917, 41869, 25781, 18714, 67682, 93754, 85684, 10313, 1573, 45762, 94524, 35755, 32943, 71827, 71670, 16558, 24105, 60194, 63460, 52030, 70450, 68115, 37170, 74590, 45567, 54629, 5725, 85172, 61417, 54506, 78169, 92443, 94152, 97286, 90729, 98431, 21923, 91806, 91215, 9539, 25283, 88955, 21992, 43568, 39295, 10889, 20789, 56007, 943, 72855, 76942, 8942, 7759, 97777, 37307, 60206, 47127, 31059, 56075, 49075, 27392, 83476, 56280, 34162, 34476, 2995, 89626, 72491, 10343, 77379, 88390, 46151, 52405, 17849, 67616, 60968, 77448, 3012, 11905, 89855, 55382, 1710, 27710, 13838, 56579, 51865, 18942, 52511, 18314, 17423, 62667, 73550, 27356, 31707, 24937, 85986, 41982, 29792, 51747, 77050, 33505, 87200, 35919, 25026, 57877, 33854, 14431, 62602, 44937, 83542, 26581, 41702, 40546, 83724, 57348, 95648, 17217, 81032, 51333, 62479, 95232, 68193, 19337, 54406, 7241, 84508, 31853, 36337, 97444, 6715, 84142, 14143, 29646, 61418, 46691, 91055, 95261, 21607, 49389, 87440, 53345, 41371, 1669, 16850, 18440, 60983, 69600, 53625, 40097, 54633, 9055, 65860, 3054, 54468, 13994, 50399, 96381, 93456, 37386, 12374, 72359, 13808, 91360, 1863, 60158, 8379, 60424, 44909, 64466, 68566, 65812, 52188, 94818]})"
150.0,7,30,39,21.906737089157104,40003,"Genotype(dna={""<class 'abc.NT_0017'>"": [0, 1863], ""<class 'abc.NT_0017_P_00000'>"": [], ""<class 'abc.NT_0001'>"": [2, 2, 2, 2, 0, 1, 68566], ""<class 'abc.NT_0001_P_00000'>"": [], ""<class 'bool'>"": [46023, 35570, 21927, 2927, 64826, 47769, 23648, 93816, 7134, 59416, 20134, 85082, 87339, 47436, 78194, 76892, 13022, 3649, 46405, 50242, 42523, 55047, 79213, 38241, 94818, 24110, 33409], ""<class 'abc.NT_0000'>"": [1, 2, 6, 0, 0, 0, 0, 37022, 5, 2, 0, 97444, 3, 1, 0, 2, 2, 0, 74373, 6, 1, 0, 2, 0, 0, 65812], ""<class 'abc.NT_0000_P_00000'>"": [], ""<class 'int'>"": [51614, 94798, 78987, 59354, 52526, 36031, 85748, 91268, 99322, 38473, 68614, 93746, 6702, 40963, 73390, 92372, 19142, 45498, 58460, 83038, 905, 28012, 78957, 84653, 49224, 91314, 22611, 93748, 26079, 62592, 24095, 69659, 80107, 79360, 89661, 93789, 24483, 14210, 58941, 10735, 60856, 12770, 53654, 52188], ""<class 'abc.NT_0000_P_00001'>"": [], ""<class 'abc.NT_0000_P_00002'>"": [], ""<class 'abc.NT_0000_P_00003'>"": [], ""<class 'abc.NT_0000_P_00004'>"": [], ""<class 'abc.NT_0000_P_00005'>"": [], ""<class 'abc.NT_0000_P_00006'>"": [], ""<class 'abc.NT_0001_P_00001'>"": [], ""<class 'abc.NT_0001_P_00002'>"": [], ""<class 'abc.NT_0001_P_00003'>"": [], ""<class 'abc.NT_0001_P_00004'>"": [], ""<class 'abc.NT_0005'>"": [2, 8379], ""<class 'abc.NT_0005_P_00000'>"": [], ""<class 'abc.NT_0003'>"": [0, 0, 2, 73361], ""<class 'abc.NT_0003_P_00000'>"": [], ""<class 'abc.NT_0002'>"": [3, 1, 2, 3, 2, 2993], ""<class 'abc.NT_0002_P_00000'>"": [], ""<class 'abc.NT_0002_P_00001'>"": [], ""<class 'abc.NT_0002_P_00002'>"": [], ""<class 'abc.NT_0002_P_00003'>"": [], ""<class 'abc.NT_0002_P_00004'>"": [], ""<class 'abc.NT_0003_P_00001'>"": [], ""<class 'abc.NT_0003_P_00002'>"": [], ""<class 'abc.NT_0004'>"": [0, 60424], ""<class 'abc.NT_0004_P_00000'>"": [], ""<class 'abc.NT_0004_P_00001'>"": [], ""<class 'abc.NT_0005_P_00001'>"": [], ""<class 'abc.NT_0005_P_00002'>"": [], ""<class 'abc.NT_0011'>"": [], ""<class 'abc.NT_0011_P_00000'>"": [], ""<class 'abc.NT_0017_P_00001'>"": [], ""<class 'abc.NT_0012'>"": [0, 60158], ""<class 'abc.NT_0012_P_00000'>"": [], ""<class 'abc.NT_0010'>"": [], ""<class 'abc.NT_0010_P_00000'>"": [], ""<class 'abc.NT_0009'>"": [], ""<class 'abc.NT_0009_P_00000'>"": [], ""<class 'abc.NT_0008'>"": [], ""<class 'abc.NT_0008_P_00000'>"": [], ""<class 'abc.NT_0006'>"": [], ""<class 'abc.NT_0006_P_00000'>"": [], ""<class 'abc.NT_0008_P_00001'>"": [], ""<class 'abc.NT_0008_P_00002'>"": [], ""<class 'abc.NT_0008_P_00003'>"": [], ""<class 'abc.NT_0008_P_00004'>"": [], ""<class 'abc.NT_0007'>"": [], ""<class 'abc.NT_0007_P_00000'>"": [], ""<class 'abc.NT_0007_P_00001'>"": [], ""<class 'abc.NT_0007_P_00002'>"": [], ""<class 'abc.NT_0009_P_00001'>"": [], ""<class 'abc.NT_0010_P_00001'>"": [], ""<class 'abc.NT_0010_P_00002'>"": [], ""<class 'abc.NT_0012_P_00001'>"": [], ""<class 'abc.NT_0012_P_00002'>"": [], '$leftovers': [24110, 33409, 84800, 52930, 73355, 35471, 40030, 9296, 20749, 33075, 49628, 11537, 15, 90830, 51946, 20435, 67193, 37276, 25620, 25545, 23848, 32840, 79736, 6117, 22259, 57571, 60709, 16020, 90131, 83681, 49236, 19740, 96719, 28286, 96500, 25056, 2425, 4606, 76743, 50141, 80972, 89178, 58155, 60076, 20023, 49957, 78859, 71701, 63157, 51036, 27194, 57618, 41826, 72622, 26518, 13650, 37174, 65866, 51535, 26693, 46306, 18622, 78957, 96794, 12749, 98789, 43609, 19799, 33366, 8952, 34480, 94159, 44897, 75759, 82931, 16277, 14916, 72994, 49309, 70538, 2034, 42550, 91026, 7880, 3338, 60131, 98080, 28093, 32900, 15622, 26775, 29552, 32342, 14515, 36096, 41783, 62811, 37254, 75355, 63411, 75272, 23694, 84310, 71082, 79212, 33588, 90706, 48187, 31189, 88482, 9367, 56255, 79617, 1270, 55560, 26203, 26155, 40545, 15484, 55048, 21590, 6079, 95713, 42042, 7599, 11012, 10867, 6326, 4226, 36219, 64167, 95573, 17592, 32396, 33047, 42672, 14688, 56724, 34006, 26116, 19739, 92564, 32446, 49106, 86197, 89608, 29620, 89318, 4676, 30220, 92140, 82233, 42586, 84937, 67832, 88616, 54115, 36688, 72537, 89206, 19927, 60142, 31365, 9503, 17153, 77426, 27373, 71618, 24526, 11066, 35200, 85609, 149, 12686, 31762, 76331, 79662, 42034, 4753, 45093, 9160, 29879, 54031, 81574, 52405, 74338, 45103, 97062, 38418, 65500, 83214, 33515, 71498, 84236, 27012, 42946, 15648, 18758, 74221, 18239, 86131, 1230, 2760, 87805, 47794, 89910, 39873, 11161, 88967, 57997, 33988, 52998, 11574, 11690, 91965, 60505, 6728, 20304, 66663, 21797, 36314, 23383, 77728, 66566, 30573, 81589, 35200, 85889, 50823, 87892, 82732, 87939, 51151, 25364, 57741, 65481, 95697, 91763, 24126, 50698, 89794, 21082, 38556, 8845, 86758, 95312, 40982, 27576, 22409, 10764, 59686, 42374, 46705, 20305, 91930, 20443, 55812, 94550, 17871, 37347, 86111, 91872, 76531, 97561, 22247, 70828, 10031, 86871, 3457, 34403, 47195, 55824, 77269, 2312, 23015, 10509, 90685, 33220, 5095, 32669, 57665, 87461, 23705, 23892, 79569, 25099, 22463, 6825, 87678, 12700, 8086, 18347, 2080, 81725, 1743, 21695, 98864, 601, 27012, 26238, 83756, 20196, 9283, 37922, 9584, 31059, 69305, 33408, 87700, 5472, 17218, 94029, 30946, 42707, 26938, 23929, 42631, 58629, 82345, 34078, 27640, 26857, 52482, 1908, 53363, 57718, 53277, 60874, 47192, 65156, 64324, 98908, 18086, 34571, 80780, 21654, 13015, 54185, 65778, 82905, 54333, 16295, 29750, 10179, 8498, 41149, 76875, 75817, 52840, 36350, 67047, 80721, 50387, 89921, 76598, 79179, 69374, 34188, 84323, 90189, 80063, 75353, 58141, 98604, 61869, 50914, 95998, 60953, 31372, 32800, 20253, 10965, 57825, 30921, 72002, 23478, 52144, 74671, 49790, 35369, 96851, 96268, 91735, 26265, 71492, 35041, 22667, 85381, 87967, 56897, 37761, 44123, 52620, 81795, 86745, 6668, 71796, 22328, 50981, 1304, 65894, 39334, 28965, 37736, 33502, 94725, 98644, 29317, 28672, 49720, 92944, 79154, 30886, 83581, 56853, 86563, 45680, 29702, 43297, 89488, 55541, 95711, 64055, 55857, 75831, 20915, 33733, 41601, 40608, 13946, 42643, 60946, 78379, 66893, 47265, 47663, 96044, 31575, 23271, 29732, 18765, 73934, 86595, 19623, 58152, 23341, 42797, 82035, 84610, 84617, 26296, 48384, 7808, 85181, 83581, 85225, 34491, 3068, 83145, 63958, 59227, 71005, 79763, 19625, 78522, 84816, 70026, 30736, 71763, 20974, 85431, 42194, 51257, 95945, 87370, 84376, 7316, 96397, 73523, 45377, 38170, 929, 19455, 92318, 44476, 31469, 69802, 39812, 96151, 1351, 97970, 67167, 69990, 20536, 43930, 89552, 7692, 94070, 25734, 2163, 89653, 41361, 65843, 55026, 76161, 33606, 7726, 57770, 26583, 72401, 4290, 24460, 59579, 28419, 26896, 42516, 11149, 32412, 43883, 76759, 72953, 63003, 29642, 79399, 49163, 14266, 55493, 15592, 19124, 64343, 71700, 16518, 77843, 61244, 80217, 51694, 11787, 24162, 70922, 1802, 19601, 58039, 19725, 17982, 7030, 87818, 81146, 64592, 10711, 8313, 80311, 12180, 49490, 79809, 96851, 93114, 19741, 87950, 3665, 43498, 8117, 64, 90216, 51752, 43265, 1055, 25064, 4579, 20591, 64262, 8289, 34540, 9038, 32463, 95965, 3202, 36219, 54773, 36301, 21802, 67750, 14517, 59282, 15980, 432, 86613, 99020, 91465, 77787, 78248, 48946, 57777, 58757, 97167, 43438, 57904, 2014, 13213, 67388, 10589, 17904, 46813, 71128, 52635, 3372, 7022, 6285, 13222, 36250, 40728, 91163, 35142, 11502, 89851, 62932, 77460, 96657, 21864, 99883, 81995, 74277, 60986, 50282, 74931, 46950, 5360, 53700, 31843, 59827, 47670, 32934, 30419, 79491, 57514, 74807, 23996, 53538, 62864, 15792, 27971, 79999, 4588, 61344, 72986, 76402, 5098, 58305, 25903, 32899, 85790, 91428, 60548, 56234, 39548, 43974, 98619, 77439, 15993, 73803, 83604, 25519, 18459, 20066, 25903, 97967, 33677, 7371, 6, 36499, 11324, 1243, 39947, 55479, 70470, 34082, 56050, 29544, 54987, 62746, 66607, 80357, 49628, 67933, 33670, 28091, 66945, 50534, 26141, 53322, 91035, 77729, 27580, 46478, 28257, 47427, 93318, 56880, 30918, 94174, 58362, 78991, 44614, 79630, 30263, 11791, 42548, 14198, 37648, 38023, 21220, 21014, 7344, 63974, 96287, 17660, 60202, 79326, 52006, 11171, 66690, 12255, 20285, 10423, 55277, 57487, 11691, 54689, 5652, 76519, 3461, 69755, 64707, 16312, 16295, 40601, 70148, 36176, 16065, 40040, 14183, 24121, 47242, 22032, 11279, 3191, 76223, 38556, 49976, 63279, 28556, 9220, 29217, 76607, 75006, 23148, 76606, 47161, 35794, 52195, 48659, 92402, 6526, 92368, 4935, 12370, 31129, 9968, 86963, 31409, 47029, 77066, 80727, 15785, 15932, 83533, 62000, 17471, 96923, 65812, 20445, 91749, 85889, 26308, 19486, 21715, 34331, 93146, 59506, 57820, 30428, 93243, 92765, 52847, 89535, 66389, 58839, 4150, 25361, 82879, 61511, 68281, 78697, 78403, 87273, 13980, 42687, 23918, 63683, 41580, 73250, 59609, 11414, 2509, 70598, 74474, 19451, 16064, 20767, 90079, 93316, 16483, 26688, 1007, 58343, 58155, 21038, 71715, 57917, 41869, 25781, 18714, 67682, 93754, 85684, 10313, 1573, 45762, 94524, 35755, 32943, 71827, 71670, 16558, 24105, 60194, 63460, 52030, 70450, 68115, 37170, 74590, 45567, 54629, 5725, 85172, 61417, 54506, 78169, 92443, 94152, 97286, 90729, 98431, 21923, 91806, 91215, 9539, 25283, 88955, 21992, 43568, 39295, 10889, 20789, 56007, 943, 72855, 76942, 8942, 7759, 97777, 37307, 60206, 47127, 31059, 56075, 49075, 27392, 83476, 56280, 34162, 34476, 2995, 89626, 72491, 10343, 77379, 88390, 46151, 52405, 17849, 67616, 60968, 77448, 3012, 11905, 89855, 55382, 1710, 27710, 13838, 56579, 51865, 18942, 52511, 18314, 17423, 62667, 73550, 27356, 31707, 24937, 85986, 41982, 29792, 51747, 77050, 33505, 87200, 35919, 25026, 57877, 33854, 14431, 62602, 44937, 83542, 26581, 41702, 40546, 83724, 57348, 95648, 17217, 81032, 51333, 62479, 95232, 68193, 19337, 54406, 7241, 84508, 31853, 36337, 97444, 6715, 84142, 14143, 29646, 61418, 46691, 91055, 95261, 21607, 49389, 87440, 53345, 41371, 1669, 16850, 18440, 60983, 69600, 53625, 40097, 54633, 9055, 65860, 3054, 54468, 13994, 50399, 96381, 93456, 37386, 12374, 72359, 13808, 91360, 1863, 60158, 8379, 60424, 44909, 64466, 68566, 65812, 52188, 94818]})"
150.0,7,30,40,22.335910320281982,40003,"Genotype(dna={""<class 'abc.NT_0017'>"": [0, 1863], ""<class 'abc.NT_0017_P_00000'>"": [], ""<class 'abc.NT_0001'>"": [2, 2, 2, 2, 0, 1, 68566], ""<class 'abc.NT_0001_P_00000'>"": [], ""<class 'bool'>"": [46023, 35570, 21927, 2927, 64826, 47769, 23648, 93816, 7134, 59416, 20134, 85082, 87339, 47436, 78194, 76892, 13022, 3649, 46405, 50242, 42523, 55047, 79213, 38241, 94818, 24110, 33409], ""<class 'abc.NT_0000'>"": [1, 2, 6, 0, 0, 0, 0, 37022, 5, 2, 0, 97444, 3, 1, 0, 2, 2, 0, 74373, 6, 1, 0, 2, 0, 0, 65812], ""<class 'abc.NT_0000_P_00000'>"": [], ""<class 'int'>"": [51614, 94798, 78987, 59354, 52526, 36031, 85748, 91268, 99322, 38473, 68614, 93746, 6702, 40963, 73390, 92372, 19142, 45498, 58460, 83038, 905, 28012, 78957, 84653, 49224, 91314, 22611, 93748, 26079, 62592, 24095, 69659, 80107, 79360, 89661, 93789, 24483, 14210, 58941, 10735, 60856, 12770, 53654, 52188], ""<class 'abc.NT_0000_P_00001'>"": [], ""<class 'abc.NT_0000_P_00002'>"": [], ""<class 'abc.NT_0000_P_00003'>"": [], ""<class 'abc.NT_0000_P_00004'>"": [], ""<class 'abc.NT_0000_P_00005'>"": [], ""<class 'abc.NT_0000_P_00006'>"": [], ""<class 'abc.NT_0001_P_00001'>"": [], ""<class 'abc.NT_0001_P_00002'>"": [], ""<class 'abc.NT_0001_P_00003'>"": [], ""<class 'abc.NT_0001_P_00004'>"": [], ""<class 'abc.NT_0005'>"": [2, 8379], ""<class 'abc.NT_0005_P_00000'>"": [], ""<class 'abc.NT_0003'>"": [0, 0, 2, 73361], ""<class 'abc.NT_0003_P_00000'>"": [], ""<class 'abc.NT_0002'>"": [3, 1, 2, 3, 2, 2993], ""<class 'abc.NT_0002_P_00000'>"": [], ""<class 'abc.NT_0002_P_00001'>"": [], ""<class 'abc.NT_0002_P_00002'>"": [], ""<class 'abc.NT_0002_P_00003'>"": [], ""<class 'abc.NT_0002_P_00004'>"": [], ""<class 'abc.NT_0003_P_00001'>"": [], ""<class 'abc.NT_0003_P_00002'>"": [], ""<class 'abc.NT_0004'>"": [0, 60424], ""<class 'abc.NT_0004_P_00000'>"": [], ""<class 'abc.NT_0004_P_00001'>"": [], ""<class 'abc.NT_0005_P_00001'>"": [], ""<class 'abc.NT_0005_P_00002'>"": [], ""<class 'abc.NT_0011'>"": [], ""<class 'abc.NT_0011_P_00000'>"": [], ""<class 'abc.NT_0017_P_00001'>"": [], ""<class 'abc.NT_0012'>"": [0, 60158], ""<class 'abc.NT_0012_P_00000'>"": [], ""<class 'abc.NT_0010'>"": [], ""<class 'abc.NT_0010_P_00000'>"": [], ""<class 'abc.NT_0009'>"": [], ""<class 'abc.NT_0009_P_00000'>"": [], ""<class 'abc.NT_0008'>"": [], ""<class 'abc.NT_0008_P_00000'>"": [], ""<class 'abc.NT_0006'>"": [], ""<class 'abc.NT_0006_P_00000'>"": [], ""<class 'abc.NT_0008_P_00001'>"": [], ""<class 'abc.NT_0008_P_00002'>"": [], ""<class 'abc.NT_0008_P_00003'>"": [], ""<class 'abc.NT_0008_P_00004'>"": [], ""<class 'abc.NT_0007'>"": [], ""<class 'abc.NT_0007_P_00000'>"": [], ""<class 'abc.NT_0007_P_00001'>"": [], ""<class 'abc.NT_0007_P_00002'>"": [], ""<class 'abc.NT_0009_P_00001'>"": [], ""<class 'abc.NT_0010_P_00001'>"": [], ""<class 'abc.NT_0010_P_00002'>"": [], ""<class 'abc.NT_0012_P_00001'>"": [], ""<class 'abc.NT_0012_P_00002'>"": [], '$leftovers': [24110, 33409, 84800, 52930, 73355, 35471, 40030, 9296, 20749, 33075, 49628, 11537, 15, 90830, 51946, 20435, 67193, 37276, 25620, 25545, 23848, 32840, 79736, 6117, 22259, 57571, 60709, 16020, 90131, 83681, 49236, 19740, 96719, 28286, 96500, 25056, 2425, 4606, 76743, 50141, 80972, 89178, 58155, 60076, 20023, 49957, 78859, 71701, 63157, 51036, 27194, 57618, 41826, 72622, 26518, 13650, 37174, 65866, 51535, 26693, 46306, 18622, 78957, 96794, 12749, 98789, 43609, 19799, 33366, 8952, 34480, 94159, 44897, 75759, 82931, 16277, 14916, 72994, 49309, 70538, 2034, 42550, 91026, 7880, 3338, 60131, 98080, 28093, 32900, 15622, 26775, 29552, 32342, 14515, 36096, 41783, 62811, 37254, 75355, 63411, 75272, 23694, 84310, 71082, 79212, 33588, 90706, 48187, 31189, 88482, 9367, 56255, 79617, 1270, 55560, 26203, 26155, 40545, 15484, 55048, 21590, 6079, 95713, 42042, 7599, 11012, 10867, 6326, 4226, 36219, 64167, 95573, 17592, 32396, 33047, 42672, 14688, 56724, 34006, 26116, 19739, 92564, 32446, 49106, 86197, 89608, 29620, 89318, 4676, 30220, 92140, 82233, 42586, 84937, 67832, 88616, 54115, 36688, 72537, 89206, 19927, 60142, 31365, 9503, 17153, 77426, 27373, 71618, 24526, 11066, 35200, 85609, 149, 12686, 31762, 76331, 79662, 42034, 4753, 45093, 9160, 29879, 54031, 81574, 52405, 74338, 45103, 97062, 38418, 65500, 83214, 33515, 71498, 84236, 27012, 42946, 15648, 18758, 74221, 18239, 86131, 1230, 2760, 87805, 47794, 89910, 39873, 11161, 88967, 57997, 33988, 52998, 11574, 11690, 91965, 60505, 6728, 20304, 66663, 21797, 36314, 23383, 77728, 66566, 30573, 81589, 35200, 85889, 50823, 87892, 82732, 87939, 51151, 25364, 57741, 65481, 95697, 91763, 24126, 50698, 89794, 21082, 38556, 8845, 86758, 95312, 40982, 27576, 22409, 10764, 59686, 42374, 46705, 20305, 91930, 20443, 55812, 94550, 17871, 37347, 86111, 91872, 76531, 97561, 22247, 70828, 10031, 86871, 3457, 34403, 47195, 55824, 77269, 2312, 23015, 10509, 90685, 33220, 5095, 32669, 57665, 87461, 23705, 23892, 79569, 25099, 22463, 6825, 87678, 12700, 8086, 18347, 2080, 81725, 1743, 21695, 98864, 601, 27012, 26238, 83756, 20196, 9283, 37922, 9584, 31059, 69305, 33408, 87700, 5472, 17218, 94029, 30946, 42707, 26938, 23929, 42631, 58629, 82345, 34078, 27640, 26857, 52482, 1908, 53363, 57718, 53277, 60874, 47192, 65156, 64324, 98908, 18086, 34571, 80780, 21654, 13015, 54185, 65778, 82905, 54333, 16295, 29750, 10179, 8498, 41149, 76875, 75817, 52840, 36350, 67047, 80721, 50387, 89921, 76598, 79179, 69374, 34188, 84323, 90189, 80063, 75353, 58141, 98604, 61869, 50914, 95998, 60953, 31372, 32800, 20253, 10965, 57825, 30921, 72002, 23478, 52144, 74671, 49790, 35369, 96851, 96268, 91735, 26265, 71492, 35041, 22667, 85381, 87967, 56897, 37761, 44123, 52620, 81795, 86745, 6668, 71796, 22328, 50981, 1304, 65894, 39334, 28965, 37736, 33502, 94725, 98644, 29317, 28672, 49720, 92944, 79154, 30886, 83581, 56853, 86563, 45680, 29702, 43297, 89488, 55541, 95711, 64055, 55857, 75831, 20915, 33733, 41601, 40608, 13946, 42643, 60946, 78379, 66893, 47265, 47663, 96044, 31575, 23271, 29732, 18765, 73934, 86595, 19623, 58152, 23341, 42797, 82035, 84610, 84617, 26296, 48384, 7808, 85181, 83581, 85225, 34491, 3068, 83145, 63958, 59227, 71005, 79763, 19625, 78522, 84816, 70026, 30736, 71763, 20974, 85431, 42194, 51257, 95945, 87370, 84376, 7316, 96397, 73523, 45377, 38170, 929, 19455, 92318, 44476, 31469, 69802, 39812, 96151, 1351, 97970, 67167, 69990, 20536, 43930, 89552, 7692, 94070, 25734, 2163, 89653, 41361, 65843, 55026, 76161, 33606, 7726, 57770, 26583, 72401, 4290, 24460, 59579, 28419, 26896, 42516, 11149, 32412, 43883, 76759, 72953, 63003, 29642, 79399, 49163, 14266, 55493, 15592, 19124, 64343, 71700, 16518, 77843, 61244, 80217, 51694, 11787, 24162, 70922, 1802, 19601, 58039, 19725, 17982, 7030, 87818, 81146, 64592, 10711, 8313, 80311, 12180, 49490, 79809, 96851, 93114, 19741, 87950, 3665, 43498, 8117, 64, 90216, 51752, 43265, 1055, 25064, 4579, 20591, 64262, 8289, 34540, 9038, 32463, 95965, 3202, 36219, 54773, 36301, 21802, 67750, 14517, 59282, 15980, 432, 86613, 99020, 91465, 77787, 78248, 48946, 57777, 58757, 97167, 43438, 57904, 2014, 13213, 67388, 10589, 17904, 46813, 71128, 52635, 3372, 7022, 6285, 13222, 36250, 40728, 91163, 35142, 11502, 89851, 62932, 77460, 96657, 21864, 99883, 81995, 74277, 60986, 50282, 74931, 46950, 5360, 53700, 31843, 59827, 47670, 32934, 30419, 79491, 57514, 74807, 23996, 53538, 62864, 15792, 27971, 79999, 4588, 61344, 72986, 76402, 5098, 58305, 25903, 32899, 85790, 91428, 60548, 56234, 39548, 43974, 98619, 77439, 15993, 73803, 83604, 25519, 18459, 20066, 25903, 97967, 33677, 7371, 6, 36499, 11324, 1243, 39947, 55479, 70470, 34082, 56050, 29544, 54987, 62746, 66607, 80357, 49628, 67933, 33670, 28091, 66945, 50534, 26141, 53322, 91035, 77729, 27580, 46478, 28257, 47427, 93318, 56880, 30918, 94174, 58362, 78991, 44614, 79630, 30263, 11791, 42548, 14198, 37648, 38023, 21220, 21014, 7344, 63974, 96287, 17660, 60202, 79326, 52006, 11171, 66690, 12255, 20285, 10423, 55277, 57487, 11691, 54689, 5652, 76519, 3461, 69755, 64707, 16312, 16295, 40601, 70148, 36176, 16065, 40040, 14183, 24121, 47242, 22032, 11279, 3191, 76223, 38556, 49976, 63279, 28556, 9220, 29217, 76607, 75006, 23148, 76606, 47161, 35794, 52195, 48659, 92402, 6526, 92368, 4935, 12370, 31129, 9968, 86963, 31409, 47029, 77066, 80727, 15785, 15932, 83533, 62000, 17471, 96923, 65812, 20445, 91749, 85889, 26308, 19486, 21715, 34331, 93146, 59506, 57820, 30428, 93243, 92765, 52847, 89535, 66389, 58839, 4150, 25361, 82879, 61511, 68281, 78697, 78403, 87273, 13980, 42687, 23918, 63683, 41580, 73250, 59609, 11414, 2509, 70598, 74474, 19451, 16064, 20767, 90079, 93316, 16483, 26688, 1007, 58343, 58155, 21038, 71715, 57917, 41869, 25781, 18714, 67682, 93754, 85684, 10313, 1573, 45762, 94524, 35755, 32943, 71827, 71670, 16558, 24105, 60194, 63460, 52030, 70450, 68115, 37170, 74590, 45567, 54629, 5725, 85172, 61417, 54506, 78169, 92443, 94152, 97286, 90729, 98431, 21923, 91806, 91215, 9539, 25283, 88955, 21992, 43568, 39295, 10889, 20789, 56007, 943, 72855, 76942, 8942, 7759, 97777, 37307, 60206, 47127, 31059, 56075, 49075, 27392, 83476, 56280, 34162, 34476, 2995, 89626, 72491, 10343, 77379, 88390, 46151, 52405, 17849, 67616, 60968, 77448, 3012, 11905, 89855, 55382, 1710, 27710, 13838, 56579, 51865, 18942, 52511, 18314, 17423, 62667, 73550, 27356, 31707, 24937, 85986, 41982, 29792, 51747, 77050, 33505, 87200, 35919, 25026, 57877, 33854, 14431, 62602, 44937, 83542, 26581, 41702, 40546, 83724, 57348, 95648, 17217, 81032, 51333, 62479, 95232, 68193, 19337, 54406, 7241, 84508, 31853, 36337, 97444, 6715, 84142, 14143, 29646, 61418, 46691, 91055, 95261, 21607, 49389, 87440, 53345, 41371, 1669, 16850, 18440, 60983, 69600, 53625, 40097, 54633, 9055, 65860, 3054, 54468, 13994, 50399, 96381, 93456, 37386, 12374, 72359, 13808, 91360, 1863, 60158, 8379, 60424, 44909, 64466, 68566, 65812, 52188, 94818]})"
150.0,7,30,41,22.555463552474976,40003,"Genotype(dna={""<class 'abc.NT_0017'>"": [0, 1863], ""<class 'abc.NT_0017_P_00000'>"": [], ""<class 'abc.NT_0001'>"": [2, 2, 2, 2, 0, 1, 68566], ""<class 'abc.NT_0001_P_00000'>"": [], ""<class 'bool'>"": [46023, 35570, 21927, 2927, 64826, 47769, 23648, 93816, 7134, 59416, 20134, 85082, 87339, 47436, 78194, 76892, 13022, 3649, 46405, 50242, 42523, 55047, 79213, 38241, 94818, 24110, 33409], ""<class 'abc.NT_0000'>"": [1, 2, 6, 0, 0, 0, 0, 37022, 5, 2, 0, 97444, 3, 1, 0, 2, 2, 0, 74373, 6, 1, 0, 2, 0, 0, 65812], ""<class 'abc.NT_0000_P_00000'>"": [], ""<class 'int'>"": [51614, 94798, 78987, 59354, 52526, 36031, 85748, 91268, 99322, 38473, 68614, 93746, 6702, 40963, 73390, 92372, 19142, 45498, 58460, 83038, 905, 28012, 78957, 84653, 49224, 91314, 22611, 93748, 26079, 62592, 24095, 69659, 80107, 79360, 89661, 93789, 24483, 14210, 58941, 10735, 60856, 12770, 53654, 52188], ""<class 'abc.NT_0000_P_00001'>"": [], ""<class 'abc.NT_0000_P_00002'>"": [], ""<class 'abc.NT_0000_P_00003'>"": [], ""<class 'abc.NT_0000_P_00004'>"": [], ""<class 'abc.NT_0000_P_00005'>"": [], ""<class 'abc.NT_0000_P_00006'>"": [], ""<class 'abc.NT_0001_P_00001'>"": [], ""<class 'abc.NT_0001_P_00002'>"": [], ""<class 'abc.NT_0001_P_00003'>"": [], ""<class 'abc.NT_0001_P_00004'>"": [], ""<class 'abc.NT_0005'>"": [2, 8379], ""<class 'abc.NT_0005_P_00000'>"": [], ""<class 'abc.NT_0003'>"": [0, 0, 2, 73361], ""<class 'abc.NT_0003_P_00000'>"": [], ""<class 'abc.NT_0002'>"": [3, 1, 2, 3, 2, 2993], ""<class 'abc.NT_0002_P_00000'>"": [], ""<class 'abc.NT_0002_P_00001'>"": [], ""<class 'abc.NT_0002_P_00002'>"": [], ""<class 'abc.NT_0002_P_00003'>"": [], ""<class 'abc.NT_0002_P_00004'>"": [], ""<class 'abc.NT_0003_P_00001'>"": [], ""<class 'abc.NT_0003_P_00002'>"": [], ""<class 'abc.NT_0004'>"": [0, 60424], ""<class 'abc.NT_0004_P_00000'>"": [], ""<class 'abc.NT_0004_P_00001'>"": [], ""<class 'abc.NT_0005_P_00001'>"": [], ""<class 'abc.NT_0005_P_00002'>"": [], ""<class 'abc.NT_0011'>"": [], ""<class 'abc.NT_0011_P_00000'>"": [], ""<class 'abc.NT_0017_P_00001'>"": [], ""<class 'abc.NT_0012'>"": [0, 60158], ""<class 'abc.NT_0012_P_00000'>"": [], ""<class 'abc.NT_0010'>"": [], ""<class 'abc.NT_0010_P_00000'>"": [], ""<class 'abc.NT_0009'>"": [], ""<class 'abc.NT_0009_P_00000'>"": [], ""<class 'abc.NT_0008'>"": [], ""<class 'abc.NT_0008_P_00000'>"": [], ""<class 'abc.NT_0006'>"": [], ""<class 'abc.NT_0006_P_00000'>"": [], ""<class 'abc.NT_0008_P_00001'>"": [], ""<class 'abc.NT_0008_P_00002'>"": [], ""<class 'abc.NT_0008_P_00003'>"": [], ""<class 'abc.NT_0008_P_00004'>"": [], ""<class 'abc.NT_0007'>"": [], ""<class 'abc.NT_0007_P_00000'>"": [], ""<class 'abc.NT_0007_P_00001'>"": [], ""<class 'abc.NT_0007_P_00002'>"": [], ""<class 'abc.NT_0009_P_00001'>"": [], ""<class 'abc.NT_0010_P_00001'>"": [], ""<class 'abc.NT_0010_P_00002'>"": [], ""<class 'abc.NT_0012_P_00001'>"": [], ""<class 'abc.NT_0012_P_00002'>"": [], '$leftovers': [24110, 33409, 84800, 52930, 73355, 35471, 40030, 9296, 20749, 33075, 49628, 11537, 15, 90830, 51946, 20435, 67193, 37276, 25620, 25545, 23848, 32840, 79736, 6117, 22259, 57571, 60709, 16020, 90131, 83681, 49236, 19740, 96719, 28286, 96500, 25056, 2425, 4606, 76743, 50141, 80972, 89178, 58155, 60076, 20023, 49957, 78859, 71701, 63157, 51036, 27194, 57618, 41826, 72622, 26518, 13650, 37174, 65866, 51535, 26693, 46306, 18622, 78957, 96794, 12749, 98789, 43609, 19799, 33366, 8952, 34480, 94159, 44897, 75759, 82931, 16277, 14916, 72994, 49309, 70538, 2034, 42550, 91026, 7880, 3338, 60131, 98080, 28093, 32900, 15622, 26775, 29552, 32342, 14515, 36096, 41783, 62811, 37254, 75355, 63411, 75272, 23694, 84310, 71082, 79212, 33588, 90706, 48187, 31189, 88482, 9367, 56255, 79617, 1270, 55560, 26203, 26155, 40545, 15484, 55048, 21590, 6079, 95713, 42042, 7599, 11012, 10867, 6326, 4226, 36219, 64167, 95573, 17592, 32396, 33047, 42672, 14688, 56724, 34006, 26116, 19739, 92564, 32446, 49106, 86197, 89608, 29620, 89318, 4676, 30220, 92140, 82233, 42586, 84937, 67832, 88616, 54115, 36688, 72537, 89206, 19927, 60142, 31365, 9503, 17153, 77426, 27373, 71618, 24526, 11066, 35200, 85609, 149, 12686, 31762, 76331, 79662, 42034, 4753, 45093, 9160, 29879, 54031, 81574, 52405, 74338, 45103, 97062, 38418, 65500, 83214, 33515, 71498, 84236, 27012, 42946, 15648, 18758, 74221, 18239, 86131, 1230, 2760, 87805, 47794, 89910, 39873, 11161, 88967, 57997, 33988, 52998, 11574, 11690, 91965, 60505, 6728, 20304, 66663, 21797, 36314, 23383, 77728, 66566, 30573, 81589, 35200, 85889, 50823, 87892, 82732, 87939, 51151, 25364, 57741, 65481, 95697, 91763, 24126, 50698, 89794, 21082, 38556, 8845, 86758, 95312, 40982, 27576, 22409, 10764, 59686, 42374, 46705, 20305, 91930, 20443, 55812, 94550, 17871, 37347, 86111, 91872, 76531, 97561, 22247, 70828, 10031, 86871, 3457, 34403, 47195, 55824, 77269, 2312, 23015, 10509, 90685, 33220, 5095, 32669, 57665, 87461, 23705, 23892, 79569, 25099, 22463, 6825, 87678, 12700, 8086, 18347, 2080, 81725, 1743, 21695, 98864, 601, 27012, 26238, 83756, 20196, 9283, 37922, 9584, 31059, 69305, 33408, 87700, 5472, 17218, 94029, 30946, 42707, 26938, 23929, 42631, 58629, 82345, 34078, 27640, 26857, 52482, 1908, 53363, 57718, 53277, 60874, 47192, 65156, 64324, 98908, 18086, 34571, 80780, 21654, 13015, 54185, 65778, 82905, 54333, 16295, 29750, 10179, 8498, 41149, 76875, 75817, 52840, 36350, 67047, 80721, 50387, 89921, 76598, 79179, 69374, 34188, 84323, 90189, 80063, 75353, 58141, 98604, 61869, 50914, 95998, 60953, 31372, 32800, 20253, 10965, 57825, 30921, 72002, 23478, 52144, 74671, 49790, 35369, 96851, 96268, 91735, 26265, 71492, 35041, 22667, 85381, 87967, 56897, 37761, 44123, 52620, 81795, 86745, 6668, 71796, 22328, 50981, 1304, 65894, 39334, 28965, 37736, 33502, 94725, 98644, 29317, 28672, 49720, 92944, 79154, 30886, 83581, 56853, 86563, 45680, 29702, 43297, 89488, 55541, 95711, 64055, 55857, 75831, 20915, 33733, 41601, 40608, 13946, 42643, 60946, 78379, 66893, 47265, 47663, 96044, 31575, 23271, 29732, 18765, 73934, 86595, 19623, 58152, 23341, 42797, 82035, 84610, 84617, 26296, 48384, 7808, 85181, 83581, 85225, 34491, 3068, 83145, 63958, 59227, 71005, 79763, 19625, 78522, 84816, 70026, 30736, 71763, 20974, 85431, 42194, 51257, 95945, 87370, 84376, 7316, 96397, 73523, 45377, 38170, 929, 19455, 92318, 44476, 31469, 69802, 39812, 96151, 1351, 97970, 67167, 69990, 20536, 43930, 89552, 7692, 94070, 25734, 2163, 89653, 41361, 65843, 55026, 76161, 33606, 7726, 57770, 26583, 72401, 4290, 24460, 59579, 28419, 26896, 42516, 11149, 32412, 43883, 76759, 72953, 63003, 29642, 79399, 49163, 14266, 55493, 15592, 19124, 64343, 71700, 16518, 77843, 61244, 80217, 51694, 11787, 24162, 70922, 1802, 19601, 58039, 19725, 17982, 7030, 87818, 81146, 64592, 10711, 8313, 80311, 12180, 49490, 79809, 96851, 93114, 19741, 87950, 3665, 43498, 8117, 64, 90216, 51752, 43265, 1055, 25064, 4579, 20591, 64262, 8289, 34540, 9038, 32463, 95965, 3202, 36219, 54773, 36301, 21802, 67750, 14517, 59282, 15980, 432, 86613, 99020, 91465, 77787, 78248, 48946, 57777, 58757, 97167, 43438, 57904, 2014, 13213, 67388, 10589, 17904, 46813, 71128, 52635, 3372, 7022, 6285, 13222, 36250, 40728, 91163, 35142, 11502, 89851, 62932, 77460, 96657, 21864, 99883, 81995, 74277, 60986, 50282, 74931, 46950, 5360, 53700, 31843, 59827, 47670, 32934, 30419, 79491, 57514, 74807, 23996, 53538, 62864, 15792, 27971, 79999, 4588, 61344, 72986, 76402, 5098, 58305, 25903, 32899, 85790, 91428, 60548, 56234, 39548, 43974, 98619, 77439, 15993, 73803, 83604, 25519, 18459, 20066, 25903, 97967, 33677, 7371, 6, 36499, 11324, 1243, 39947, 55479, 70470, 34082, 56050, 29544, 54987, 62746, 66607, 80357, 49628, 67933, 33670, 28091, 66945, 50534, 26141, 53322, 91035, 77729, 27580, 46478, 28257, 47427, 93318, 56880, 30918, 94174, 58362, 78991, 44614, 79630, 30263, 11791, 42548, 14198, 37648, 38023, 21220, 21014, 7344, 63974, 96287, 17660, 60202, 79326, 52006, 11171, 66690, 12255, 20285, 10423, 55277, 57487, 11691, 54689, 5652, 76519, 3461, 69755, 64707, 16312, 16295, 40601, 70148, 36176, 16065, 40040, 14183, 24121, 47242, 22032, 11279, 3191, 76223, 38556, 49976, 63279, 28556, 9220, 29217, 76607, 75006, 23148, 76606, 47161, 35794, 52195, 48659, 92402, 6526, 92368, 4935, 12370, 31129, 9968, 86963, 31409, 47029, 77066, 80727, 15785, 15932, 83533, 62000, 17471, 96923, 65812, 20445, 91749, 85889, 26308, 19486, 21715, 34331, 93146, 59506, 57820, 30428, 93243, 92765, 52847, 89535, 66389, 58839, 4150, 25361, 82879, 61511, 68281, 78697, 78403, 87273, 13980, 42687, 23918, 63683, 41580, 73250, 59609, 11414, 2509, 70598, 74474, 19451, 16064, 20767, 90079, 93316, 16483, 26688, 1007, 58343, 58155, 21038, 71715, 57917, 41869, 25781, 18714, 67682, 93754, 85684, 10313, 1573, 45762, 94524, 35755, 32943, 71827, 71670, 16558, 24105, 60194, 63460, 52030, 70450, 68115, 37170, 74590, 45567, 54629, 5725, 85172, 61417, 54506, 78169, 92443, 94152, 97286, 90729, 98431, 21923, 91806, 91215, 9539, 25283, 88955, 21992, 43568, 39295, 10889, 20789, 56007, 943, 72855, 76942, 8942, 7759, 97777, 37307, 60206, 47127, 31059, 56075, 49075, 27392, 83476, 56280, 34162, 34476, 2995, 89626, 72491, 10343, 77379, 88390, 46151, 52405, 17849, 67616, 60968, 77448, 3012, 11905, 89855, 55382, 1710, 27710, 13838, 56579, 51865, 18942, 52511, 18314, 17423, 62667, 73550, 27356, 31707, 24937, 85986, 41982, 29792, 51747, 77050, 33505, 87200, 35919, 25026, 57877, 33854, 14431, 62602, 44937, 83542, 26581, 41702, 40546, 83724, 57348, 95648, 17217, 81032, 51333, 62479, 95232, 68193, 19337, 54406, 7241, 84508, 31853, 36337, 97444, 6715, 84142, 14143, 29646, 61418, 46691, 91055, 95261, 21607, 49389, 87440, 53345, 41371, 1669, 16850, 18440, 60983, 69600, 53625, 40097, 54633, 9055, 65860, 3054, 54468, 13994, 50399, 96381, 93456, 37386, 12374, 72359, 13808, 91360, 1863, 60158, 8379, 60424, 44909, 64466, 68566, 65812, 52188, 94818]})"
150.0,7,30,42,22.845548629760742,40003,"Genotype(dna={""<class 'abc.NT_0017'>"": [0, 1863], ""<class 'abc.NT_0017_P_00000'>"": [], ""<class 'abc.NT_0001'>"": [2, 2, 2, 2, 0, 1, 68566], ""<class 'abc.NT_0001_P_00000'>"": [], ""<class 'bool'>"": [46023, 35570, 21927, 2927, 64826, 47769, 23648, 93816, 7134, 59416, 20134, 85082, 87339, 47436, 78194, 76892, 13022, 3649, 46405, 50242, 42523, 55047, 79213, 38241, 94818, 24110, 33409], ""<class 'abc.NT_0000'>"": [1, 2, 6, 0, 0, 0, 0, 37022, 5, 2, 0, 97444, 3, 1, 0, 2, 2, 0, 74373, 6, 1, 0, 2, 0, 0, 65812], ""<class 'abc.NT_0000_P_00000'>"": [], ""<class 'int'>"": [51614, 94798, 78987, 59354, 52526, 36031, 85748, 91268, 99322, 38473, 68614, 93746, 6702, 40963, 73390, 92372, 19142, 45498, 58460, 83038, 905, 28012, 78957, 84653, 49224, 91314, 22611, 93748, 26079, 62592, 24095, 69659, 80107, 79360, 89661, 93789, 24483, 14210, 58941, 10735, 60856, 12770, 53654, 52188], ""<class 'abc.NT_0000_P_00001'>"": [], ""<class 'abc.NT_0000_P_00002'>"": [], ""<class 'abc.NT_0000_P_00003'>"": [], ""<class 'abc.NT_0000_P_00004'>"": [], ""<class 'abc.NT_0000_P_00005'>"": [], ""<class 'abc.NT_0000_P_00006'>"": [], ""<class 'abc.NT_0001_P_00001'>"": [], ""<class 'abc.NT_0001_P_00002'>"": [], ""<class 'abc.NT_0001_P_00003'>"": [], ""<class 'abc.NT_0001_P_00004'>"": [], ""<class 'abc.NT_0005'>"": [2, 8379], ""<class 'abc.NT_0005_P_00000'>"": [], ""<class 'abc.NT_0003'>"": [0, 0, 2, 73361], ""<class 'abc.NT_0003_P_00000'>"": [], ""<class 'abc.NT_0002'>"": [3, 1, 2, 3, 2, 2993], ""<class 'abc.NT_0002_P_00000'>"": [], ""<class 'abc.NT_0002_P_00001'>"": [], ""<class 'abc.NT_0002_P_00002'>"": [], ""<class 'abc.NT_0002_P_00003'>"": [], ""<class 'abc.NT_0002_P_00004'>"": [], ""<class 'abc.NT_0003_P_00001'>"": [], ""<class 'abc.NT_0003_P_00002'>"": [], ""<class 'abc.NT_0004'>"": [0, 60424], ""<class 'abc.NT_0004_P_00000'>"": [], ""<class 'abc.NT_0004_P_00001'>"": [], ""<class 'abc.NT_0005_P_00001'>"": [], ""<class 'abc.NT_0005_P_00002'>"": [], ""<class 'abc.NT_0011'>"": [], ""<class 'abc.NT_0011_P_00000'>"": [], ""<class 'abc.NT_0017_P_00001'>"": [], ""<class 'abc.NT_0012'>"": [0, 60158], ""<class 'abc.NT_0012_P_00000'>"": [], ""<class 'abc.NT_0010'>"": [], ""<class 'abc.NT_0010_P_00000'>"": [], ""<class 'abc.NT_0009'>"": [], ""<class 'abc.NT_0009_P_00000'>"": [], ""<class 'abc.NT_0008'>"": [], ""<class 'abc.NT_0008_P_00000'>"": [], ""<class 'abc.NT_0006'>"": [], ""<class 'abc.NT_0006_P_00000'>"": [], ""<class 'abc.NT_0008_P_00001'>"": [], ""<class 'abc.NT_0008_P_00002'>"": [], ""<class 'abc.NT_0008_P_00003'>"": [], ""<class 'abc.NT_0008_P_00004'>"": [], ""<class 'abc.NT_0007'>"": [], ""<class 'abc.NT_0007_P_00000'>"": [], ""<class 'abc.NT_0007_P_00001'>"": [], ""<class 'abc.NT_0007_P_00002'>"": [], ""<class 'abc.NT_0009_P_00001'>"": [], ""<class 'abc.NT_0010_P_00001'>"": [], ""<class 'abc.NT_0010_P_00002'>"": [], ""<class 'abc.NT_0012_P_00001'>"": [], ""<class 'abc.NT_0012_P_00002'>"": [], '$leftovers': [24110, 33409, 84800, 52930, 73355, 35471, 40030, 9296, 20749, 33075, 49628, 11537, 15, 90830, 51946, 20435, 67193, 37276, 25620, 25545, 23848, 32840, 79736, 6117, 22259, 57571, 60709, 16020, 90131, 83681, 49236, 19740, 96719, 28286, 96500, 25056, 2425, 4606, 76743, 50141, 80972, 89178, 58155, 60076, 20023, 49957, 78859, 71701, 63157, 51036, 27194, 57618, 41826, 72622, 26518, 13650, 37174, 65866, 51535, 26693, 46306, 18622, 78957, 96794, 12749, 98789, 43609, 19799, 33366, 8952, 34480, 94159, 44897, 75759, 82931, 16277, 14916, 72994, 49309, 70538, 2034, 42550, 91026, 7880, 3338, 60131, 98080, 28093, 32900, 15622, 26775, 29552, 32342, 14515, 36096, 41783, 62811, 37254, 75355, 63411, 75272, 23694, 84310, 71082, 79212, 33588, 90706, 48187, 31189, 88482, 9367, 56255, 79617, 1270, 55560, 26203, 26155, 40545, 15484, 55048, 21590, 6079, 95713, 42042, 7599, 11012, 10867, 6326, 4226, 36219, 64167, 95573, 17592, 32396, 33047, 42672, 14688, 56724, 34006, 26116, 19739, 92564, 32446, 49106, 86197, 89608, 29620, 89318, 4676, 30220, 92140, 82233, 42586, 84937, 67832, 88616, 54115, 36688, 72537, 89206, 19927, 60142, 31365, 9503, 17153, 77426, 27373, 71618, 24526, 11066, 35200, 85609, 149, 12686, 31762, 76331, 79662, 42034, 4753, 45093, 9160, 29879, 54031, 81574, 52405, 74338, 45103, 97062, 38418, 65500, 83214, 33515, 71498, 84236, 27012, 42946, 15648, 18758, 74221, 18239, 86131, 1230, 2760, 87805, 47794, 89910, 39873, 11161, 88967, 57997, 33988, 52998, 11574, 11690, 91965, 60505, 6728, 20304, 66663, 21797, 36314, 23383, 77728, 66566, 30573, 81589, 35200, 85889, 50823, 87892, 82732, 87939, 51151, 25364, 57741, 65481, 95697, 91763, 24126, 50698, 89794, 21082, 38556, 8845, 86758, 95312, 40982, 27576, 22409, 10764, 59686, 42374, 46705, 20305, 91930, 20443, 55812, 94550, 17871, 37347, 86111, 91872, 76531, 97561, 22247, 70828, 10031, 86871, 3457, 34403, 47195, 55824, 77269, 2312, 23015, 10509, 90685, 33220, 5095, 32669, 57665, 87461, 23705, 23892, 79569, 25099, 22463, 6825, 87678, 12700, 8086, 18347, 2080, 81725, 1743, 21695, 98864, 601, 27012, 26238, 83756, 20196, 9283, 37922, 9584, 31059, 69305, 33408, 87700, 5472, 17218, 94029, 30946, 42707, 26938, 23929, 42631, 58629, 82345, 34078, 27640, 26857, 52482, 1908, 53363, 57718, 53277, 60874, 47192, 65156, 64324, 98908, 18086, 34571, 80780, 21654, 13015, 54185, 65778, 82905, 54333, 16295, 29750, 10179, 8498, 41149, 76875, 75817, 52840, 36350, 67047, 80721, 50387, 89921, 76598, 79179, 69374, 34188, 84323, 90189, 80063, 75353, 58141, 98604, 61869, 50914, 95998, 60953, 31372, 32800, 20253, 10965, 57825, 30921, 72002, 23478, 52144, 74671, 49790, 35369, 96851, 96268, 91735, 26265, 71492, 35041, 22667, 85381, 87967, 56897, 37761, 44123, 52620, 81795, 86745, 6668, 71796, 22328, 50981, 1304, 65894, 39334, 28965, 37736, 33502, 94725, 98644, 29317, 28672, 49720, 92944, 79154, 30886, 83581, 56853, 86563, 45680, 29702, 43297, 89488, 55541, 95711, 64055, 55857, 75831, 20915, 33733, 41601, 40608, 13946, 42643, 60946, 78379, 66893, 47265, 47663, 96044, 31575, 23271, 29732, 18765, 73934, 86595, 19623, 58152, 23341, 42797, 82035, 84610, 84617, 26296, 48384, 7808, 85181, 83581, 85225, 34491, 3068, 83145, 63958, 59227, 71005, 79763, 19625, 78522, 84816, 70026, 30736, 71763, 20974, 85431, 42194, 51257, 95945, 87370, 84376, 7316, 96397, 73523, 45377, 38170, 929, 19455, 92318, 44476, 31469, 69802, 39812, 96151, 1351, 97970, 67167, 69990, 20536, 43930, 89552, 7692, 94070, 25734, 2163, 89653, 41361, 65843, 55026, 76161, 33606, 7726, 57770, 26583, 72401, 4290, 24460, 59579, 28419, 26896, 42516, 11149, 32412, 43883, 76759, 72953, 63003, 29642, 79399, 49163, 14266, 55493, 15592, 19124, 64343, 71700, 16518, 77843, 61244, 80217, 51694, 11787, 24162, 70922, 1802, 19601, 58039, 19725, 17982, 7030, 87818, 81146, 64592, 10711, 8313, 80311, 12180, 49490, 79809, 96851, 93114, 19741, 87950, 3665, 43498, 8117, 64, 90216, 51752, 43265, 1055, 25064, 4579, 20591, 64262, 8289, 34540, 9038, 32463, 95965, 3202, 36219, 54773, 36301, 21802, 67750, 14517, 59282, 15980, 432, 86613, 99020, 91465, 77787, 78248, 48946, 57777, 58757, 97167, 43438, 57904, 2014, 13213, 67388, 10589, 17904, 46813, 71128, 52635, 3372, 7022, 6285, 13222, 36250, 40728, 91163, 35142, 11502, 89851, 62932, 77460, 96657, 21864, 99883, 81995, 74277, 60986, 50282, 74931, 46950, 5360, 53700, 31843, 59827, 47670, 32934, 30419, 79491, 57514, 74807, 23996, 53538, 62864, 15792, 27971, 79999, 4588, 61344, 72986, 76402, 5098, 58305, 25903, 32899, 85790, 91428, 60548, 56234, 39548, 43974, 98619, 77439, 15993, 73803, 83604, 25519, 18459, 20066, 25903, 97967, 33677, 7371, 6, 36499, 11324, 1243, 39947, 55479, 70470, 34082, 56050, 29544, 54987, 62746, 66607, 80357, 49628, 67933, 33670, 28091, 66945, 50534, 26141, 53322, 91035, 77729, 27580, 46478, 28257, 47427, 93318, 56880, 30918, 94174, 58362, 78991, 44614, 79630, 30263, 11791, 42548, 14198, 37648, 38023, 21220, 21014, 7344, 63974, 96287, 17660, 60202, 79326, 52006, 11171, 66690, 12255, 20285, 10423, 55277, 57487, 11691, 54689, 5652, 76519, 3461, 69755, 64707, 16312, 16295, 40601, 70148, 36176, 16065, 40040, 14183, 24121, 47242, 22032, 11279, 3191, 76223, 38556, 49976, 63279, 28556, 9220, 29217, 76607, 75006, 23148, 76606, 47161, 35794, 52195, 48659, 92402, 6526, 92368, 4935, 12370, 31129, 9968, 86963, 31409, 47029, 77066, 80727, 15785, 15932, 83533, 62000, 17471, 96923, 65812, 20445, 91749, 85889, 26308, 19486, 21715, 34331, 93146, 59506, 57820, 30428, 93243, 92765, 52847, 89535, 66389, 58839, 4150, 25361, 82879, 61511, 68281, 78697, 78403, 87273, 13980, 42687, 23918, 63683, 41580, 73250, 59609, 11414, 2509, 70598, 74474, 19451, 16064, 20767, 90079, 93316, 16483, 26688, 1007, 58343, 58155, 21038, 71715, 57917, 41869, 25781, 18714, 67682, 93754, 85684, 10313, 1573, 45762, 94524, 35755, 32943, 71827, 71670, 16558, 24105, 60194, 63460, 52030, 70450, 68115, 37170, 74590, 45567, 54629, 5725, 85172, 61417, 54506, 78169, 92443, 94152, 97286, 90729, 98431, 21923, 91806, 91215, 9539, 25283, 88955, 21992, 43568, 39295, 10889, 20789, 56007, 943, 72855, 76942, 8942, 7759, 97777, 37307, 60206, 47127, 31059, 56075, 49075, 27392, 83476, 56280, 34162, 34476, 2995, 89626, 72491, 10343, 77379, 88390, 46151, 52405, 17849, 67616, 60968, 77448, 3012, 11905, 89855, 55382, 1710, 27710, 13838, 56579, 51865, 18942, 52511, 18314, 17423, 62667, 73550, 27356, 31707, 24937, 85986, 41982, 29792, 51747, 77050, 33505, 87200, 35919, 25026, 57877, 33854, 14431, 62602, 44937, 83542, 26581, 41702, 40546, 83724, 57348, 95648, 17217, 81032, 51333, 62479, 95232, 68193, 19337, 54406, 7241, 84508, 31853, 36337, 97444, 6715, 84142, 14143, 29646, 61418, 46691, 91055, 95261, 21607, 49389, 87440, 53345, 41371, 1669, 16850, 18440, 60983, 69600, 53625, 40097, 54633, 9055, 65860, 3054, 54468, 13994, 50399, 96381, 93456, 37386, 12374, 72359, 13808, 91360, 1863, 60158, 8379, 60424, 44909, 64466, 68566, 65812, 52188, 94818]})"
150.0,7,30,43,23.199456930160522,40003,"Genotype(dna={""<class 'abc.NT_0017'>"": [0, 1863], ""<class 'abc.NT_0017_P_00000'>"": [], ""<class 'abc.NT_0001'>"": [2, 2, 2, 2, 0, 1, 68566], ""<class 'abc.NT_0001_P_00000'>"": [], ""<class 'bool'>"": [46023, 35570, 21927, 2927, 64826, 47769, 23648, 93816, 7134, 59416, 20134, 85082, 87339, 47436, 78194, 76892, 13022, 3649, 46405, 50242, 42523, 55047, 79213, 38241, 94818, 24110, 33409], ""<class 'abc.NT_0000'>"": [1, 2, 6, 0, 0, 0, 0, 37022, 5, 2, 0, 97444, 3, 1, 0, 2, 2, 0, 74373, 6, 1, 0, 2, 0, 0, 65812], ""<class 'abc.NT_0000_P_00000'>"": [], ""<class 'int'>"": [51614, 94798, 78987, 59354, 52526, 36031, 85748, 91268, 99322, 38473, 68614, 93746, 6702, 40963, 73390, 92372, 19142, 45498, 58460, 83038, 905, 28012, 78957, 84653, 49224, 91314, 22611, 93748, 26079, 62592, 24095, 69659, 80107, 79360, 89661, 93789, 24483, 14210, 58941, 10735, 60856, 12770, 53654, 52188], ""<class 'abc.NT_0000_P_00001'>"": [], ""<class 'abc.NT_0000_P_00002'>"": [], ""<class 'abc.NT_0000_P_00003'>"": [], ""<class 'abc.NT_0000_P_00004'>"": [], ""<class 'abc.NT_0000_P_00005'>"": [], ""<class 'abc.NT_0000_P_00006'>"": [], ""<class 'abc.NT_0001_P_00001'>"": [], ""<class 'abc.NT_0001_P_00002'>"": [], ""<class 'abc.NT_0001_P_00003'>"": [], ""<class 'abc.NT_0001_P_00004'>"": [], ""<class 'abc.NT_0005'>"": [2, 8379], ""<class 'abc.NT_0005_P_00000'>"": [], ""<class 'abc.NT_0003'>"": [0, 0, 2, 73361], ""<class 'abc.NT_0003_P_00000'>"": [], ""<class 'abc.NT_0002'>"": [3, 1, 2, 3, 2, 2993], ""<class 'abc.NT_0002_P_00000'>"": [], ""<class 'abc.NT_0002_P_00001'>"": [], ""<class 'abc.NT_0002_P_00002'>"": [], ""<class 'abc.NT_0002_P_00003'>"": [], ""<class 'abc.NT_0002_P_00004'>"": [], ""<class 'abc.NT_0003_P_00001'>"": [], ""<class 'abc.NT_0003_P_00002'>"": [], ""<class 'abc.NT_0004'>"": [0, 60424], ""<class 'abc.NT_0004_P_00000'>"": [], ""<class 'abc.NT_0004_P_00001'>"": [], ""<class 'abc.NT_0005_P_00001'>"": [], ""<class 'abc.NT_0005_P_00002'>"": [], ""<class 'abc.NT_0011'>"": [], ""<class 'abc.NT_0011_P_00000'>"": [], ""<class 'abc.NT_0017_P_00001'>"": [], ""<class 'abc.NT_0012'>"": [0, 60158], ""<class 'abc.NT_0012_P_00000'>"": [], ""<class 'abc.NT_0010'>"": [], ""<class 'abc.NT_0010_P_00000'>"": [], ""<class 'abc.NT_0009'>"": [], ""<class 'abc.NT_0009_P_00000'>"": [], ""<class 'abc.NT_0008'>"": [], ""<class 'abc.NT_0008_P_00000'>"": [], ""<class 'abc.NT_0006'>"": [], ""<class 'abc.NT_0006_P_00000'>"": [], ""<class 'abc.NT_0008_P_00001'>"": [], ""<class 'abc.NT_0008_P_00002'>"": [], ""<class 'abc.NT_0008_P_00003'>"": [], ""<class 'abc.NT_0008_P_00004'>"": [], ""<class 'abc.NT_0007'>"": [], ""<class 'abc.NT_0007_P_00000'>"": [], ""<class 'abc.NT_0007_P_00001'>"": [], ""<class 'abc.NT_0007_P_00002'>"": [], ""<class 'abc.NT_0009_P_00001'>"": [], ""<class 'abc.NT_0010_P_00001'>"": [], ""<class 'abc.NT_0010_P_00002'>"": [], ""<class 'abc.NT_0012_P_00001'>"": [], ""<class 'abc.NT_0012_P_00002'>"": [], '$leftovers': [24110, 33409, 84800, 52930, 73355, 35471, 40030, 9296, 20749, 33075, 49628, 11537, 15, 90830, 51946, 20435, 67193, 37276, 25620, 25545, 23848, 32840, 79736, 6117, 22259, 57571, 60709, 16020, 90131, 83681, 49236, 19740, 96719, 28286, 96500, 25056, 2425, 4606, 76743, 50141, 80972, 89178, 58155, 60076, 20023, 49957, 78859, 71701, 63157, 51036, 27194, 57618, 41826, 72622, 26518, 13650, 37174, 65866, 51535, 26693, 46306, 18622, 78957, 96794, 12749, 98789, 43609, 19799, 33366, 8952, 34480, 94159, 44897, 75759, 82931, 16277, 14916, 72994, 49309, 70538, 2034, 42550, 91026, 7880, 3338, 60131, 98080, 28093, 32900, 15622, 26775, 29552, 32342, 14515, 36096, 41783, 62811, 37254, 75355, 63411, 75272, 23694, 84310, 71082, 79212, 33588, 90706, 48187, 31189, 88482, 9367, 56255, 79617, 1270, 55560, 26203, 26155, 40545, 15484, 55048, 21590, 6079, 95713, 42042, 7599, 11012, 10867, 6326, 4226, 36219, 64167, 95573, 17592, 32396, 33047, 42672, 14688, 56724, 34006, 26116, 19739, 92564, 32446, 49106, 86197, 89608, 29620, 89318, 4676, 30220, 92140, 82233, 42586, 84937, 67832, 88616, 54115, 36688, 72537, 89206, 19927, 60142, 31365, 9503, 17153, 77426, 27373, 71618, 24526, 11066, 35200, 85609, 149, 12686, 31762, 76331, 79662, 42034, 4753, 45093, 9160, 29879, 54031, 81574, 52405, 74338, 45103, 97062, 38418, 65500, 83214, 33515, 71498, 84236, 27012, 42946, 15648, 18758, 74221, 18239, 86131, 1230, 2760, 87805, 47794, 89910, 39873, 11161, 88967, 57997, 33988, 52998, 11574, 11690, 91965, 60505, 6728, 20304, 66663, 21797, 36314, 23383, 77728, 66566, 30573, 81589, 35200, 85889, 50823, 87892, 82732, 87939, 51151, 25364, 57741, 65481, 95697, 91763, 24126, 50698, 89794, 21082, 38556, 8845, 86758, 95312, 40982, 27576, 22409, 10764, 59686, 42374, 46705, 20305, 91930, 20443, 55812, 94550, 17871, 37347, 86111, 91872, 76531, 97561, 22247, 70828, 10031, 86871, 3457, 34403, 47195, 55824, 77269, 2312, 23015, 10509, 90685, 33220, 5095, 32669, 57665, 87461, 23705, 23892, 79569, 25099, 22463, 6825, 87678, 12700, 8086, 18347, 2080, 81725, 1743, 21695, 98864, 601, 27012, 26238, 83756, 20196, 9283, 37922, 9584, 31059, 69305, 33408, 87700, 5472, 17218, 94029, 30946, 42707, 26938, 23929, 42631, 58629, 82345, 34078, 27640, 26857, 52482, 1908, 53363, 57718, 53277, 60874, 47192, 65156, 64324, 98908, 18086, 34571, 80780, 21654, 13015, 54185, 65778, 82905, 54333, 16295, 29750, 10179, 8498, 41149, 76875, 75817, 52840, 36350, 67047, 80721, 50387, 89921, 76598, 79179, 69374, 34188, 84323, 90189, 80063, 75353, 58141, 98604, 61869, 50914, 95998, 60953, 31372, 32800, 20253, 10965, 57825, 30921, 72002, 23478, 52144, 74671, 49790, 35369, 96851, 96268, 91735, 26265, 71492, 35041, 22667, 85381, 87967, 56897, 37761, 44123, 52620, 81795, 86745, 6668, 71796, 22328, 50981, 1304, 65894, 39334, 28965, 37736, 33502, 94725, 98644, 29317, 28672, 49720, 92944, 79154, 30886, 83581, 56853, 86563, 45680, 29702, 43297, 89488, 55541, 95711, 64055, 55857, 75831, 20915, 33733, 41601, 40608, 13946, 42643, 60946, 78379, 66893, 47265, 47663, 96044, 31575, 23271, 29732, 18765, 73934, 86595, 19623, 58152, 23341, 42797, 82035, 84610, 84617, 26296, 48384, 7808, 85181, 83581, 85225, 34491, 3068, 83145, 63958, 59227, 71005, 79763, 19625, 78522, 84816, 70026, 30736, 71763, 20974, 85431, 42194, 51257, 95945, 87370, 84376, 7316, 96397, 73523, 45377, 38170, 929, 19455, 92318, 44476, 31469, 69802, 39812, 96151, 1351, 97970, 67167, 69990, 20536, 43930, 89552, 7692, 94070, 25734, 2163, 89653, 41361, 65843, 55026, 76161, 33606, 7726, 57770, 26583, 72401, 4290, 24460, 59579, 28419, 26896, 42516, 11149, 32412, 43883, 76759, 72953, 63003, 29642, 79399, 49163, 14266, 55493, 15592, 19124, 64343, 71700, 16518, 77843, 61244, 80217, 51694, 11787, 24162, 70922, 1802, 19601, 58039, 19725, 17982, 7030, 87818, 81146, 64592, 10711, 8313, 80311, 12180, 49490, 79809, 96851, 93114, 19741, 87950, 3665, 43498, 8117, 64, 90216, 51752, 43265, 1055, 25064, 4579, 20591, 64262, 8289, 34540, 9038, 32463, 95965, 3202, 36219, 54773, 36301, 21802, 67750, 14517, 59282, 15980, 432, 86613, 99020, 91465, 77787, 78248, 48946, 57777, 58757, 97167, 43438, 57904, 2014, 13213, 67388, 10589, 17904, 46813, 71128, 52635, 3372, 7022, 6285, 13222, 36250, 40728, 91163, 35142, 11502, 89851, 62932, 77460, 96657, 21864, 99883, 81995, 74277, 60986, 50282, 74931, 46950, 5360, 53700, 31843, 59827, 47670, 32934, 30419, 79491, 57514, 74807, 23996, 53538, 62864, 15792, 27971, 79999, 4588, 61344, 72986, 76402, 5098, 58305, 25903, 32899, 85790, 91428, 60548, 56234, 39548, 43974, 98619, 77439, 15993, 73803, 83604, 25519, 18459, 20066, 25903, 97967, 33677, 7371, 6, 36499, 11324, 1243, 39947, 55479, 70470, 34082, 56050, 29544, 54987, 62746, 66607, 80357, 49628, 67933, 33670, 28091, 66945, 50534, 26141, 53322, 91035, 77729, 27580, 46478, 28257, 47427, 93318, 56880, 30918, 94174, 58362, 78991, 44614, 79630, 30263, 11791, 42548, 14198, 37648, 38023, 21220, 21014, 7344, 63974, 96287, 17660, 60202, 79326, 52006, 11171, 66690, 12255, 20285, 10423, 55277, 57487, 11691, 54689, 5652, 76519, 3461, 69755, 64707, 16312, 16295, 40601, 70148, 36176, 16065, 40040, 14183, 24121, 47242, 22032, 11279, 3191, 76223, 38556, 49976, 63279, 28556, 9220, 29217, 76607, 75006, 23148, 76606, 47161, 35794, 52195, 48659, 92402, 6526, 92368, 4935, 12370, 31129, 9968, 86963, 31409, 47029, 77066, 80727, 15785, 15932, 83533, 62000, 17471, 96923, 65812, 20445, 91749, 85889, 26308, 19486, 21715, 34331, 93146, 59506, 57820, 30428, 93243, 92765, 52847, 89535, 66389, 58839, 4150, 25361, 82879, 61511, 68281, 78697, 78403, 87273, 13980, 42687, 23918, 63683, 41580, 73250, 59609, 11414, 2509, 70598, 74474, 19451, 16064, 20767, 90079, 93316, 16483, 26688, 1007, 58343, 58155, 21038, 71715, 57917, 41869, 25781, 18714, 67682, 93754, 85684, 10313, 1573, 45762, 94524, 35755, 32943, 71827, 71670, 16558, 24105, 60194, 63460, 52030, 70450, 68115, 37170, 74590, 45567, 54629, 5725, 85172, 61417, 54506, 78169, 92443, 94152, 97286, 90729, 98431, 21923, 91806, 91215, 9539, 25283, 88955, 21992, 43568, 39295, 10889, 20789, 56007, 943, 72855, 76942, 8942, 7759, 97777, 37307, 60206, 47127, 31059, 56075, 49075, 27392, 83476, 56280, 34162, 34476, 2995, 89626, 72491, 10343, 77379, 88390, 46151, 52405, 17849, 67616, 60968, 77448, 3012, 11905, 89855, 55382, 1710, 27710, 13838, 56579, 51865, 18942, 52511, 18314, 17423, 62667, 73550, 27356, 31707, 24937, 85986, 41982, 29792, 51747, 77050, 33505, 87200, 35919, 25026, 57877, 33854, 14431, 62602, 44937, 83542, 26581, 41702, 40546, 83724, 57348, 95648, 17217, 81032, 51333, 62479, 95232, 68193, 19337, 54406, 7241, 84508, 31853, 36337, 97444, 6715, 84142, 14143, 29646, 61418, 46691, 91055, 95261, 21607, 49389, 87440, 53345, 41371, 1669, 16850, 18440, 60983, 69600, 53625, 40097, 54633, 9055, 65860, 3054, 54468, 13994, 50399, 96381, 93456, 37386, 12374, 72359, 13808, 91360, 1863, 60158, 8379, 60424, 44909, 64466, 68566, 65812, 52188, 94818]})"
150.0,7,30,44,23.506863117218018,40003,"Genotype(dna={""<class 'abc.NT_0017'>"": [0, 1863], ""<class 'abc.NT_0017_P_00000'>"": [], ""<class 'abc.NT_0001'>"": [2, 2, 2, 2, 0, 1, 68566], ""<class 'abc.NT_0001_P_00000'>"": [], ""<class 'bool'>"": [46023, 35570, 21927, 2927, 64826, 47769, 23648, 93816, 7134, 59416, 20134, 85082, 87339, 47436, 78194, 76892, 13022, 3649, 46405, 50242, 42523, 55047, 79213, 38241, 94818, 24110, 33409], ""<class 'abc.NT_0000'>"": [1, 2, 6, 0, 0, 0, 0, 37022, 5, 2, 0, 97444, 3, 1, 0, 2, 2, 0, 74373, 6, 1, 0, 2, 0, 0, 65812], ""<class 'abc.NT_0000_P_00000'>"": [], ""<class 'int'>"": [51614, 94798, 78987, 59354, 52526, 36031, 85748, 91268, 99322, 38473, 68614, 93746, 6702, 40963, 73390, 92372, 19142, 45498, 58460, 83038, 905, 28012, 78957, 84653, 49224, 91314, 22611, 93748, 26079, 62592, 24095, 69659, 80107, 79360, 89661, 93789, 24483, 14210, 58941, 10735, 60856, 12770, 53654, 52188], ""<class 'abc.NT_0000_P_00001'>"": [], ""<class 'abc.NT_0000_P_00002'>"": [], ""<class 'abc.NT_0000_P_00003'>"": [], ""<class 'abc.NT_0000_P_00004'>"": [], ""<class 'abc.NT_0000_P_00005'>"": [], ""<class 'abc.NT_0000_P_00006'>"": [], ""<class 'abc.NT_0001_P_00001'>"": [], ""<class 'abc.NT_0001_P_00002'>"": [], ""<class 'abc.NT_0001_P_00003'>"": [], ""<class 'abc.NT_0001_P_00004'>"": [], ""<class 'abc.NT_0005'>"": [2, 8379], ""<class 'abc.NT_0005_P_00000'>"": [], ""<class 'abc.NT_0003'>"": [0, 0, 2, 73361], ""<class 'abc.NT_0003_P_00000'>"": [], ""<class 'abc.NT_0002'>"": [3, 1, 2, 3, 2, 2993], ""<class 'abc.NT_0002_P_00000'>"": [], ""<class 'abc.NT_0002_P_00001'>"": [], ""<class 'abc.NT_0002_P_00002'>"": [], ""<class 'abc.NT_0002_P_00003'>"": [], ""<class 'abc.NT_0002_P_00004'>"": [], ""<class 'abc.NT_0003_P_00001'>"": [], ""<class 'abc.NT_0003_P_00002'>"": [], ""<class 'abc.NT_0004'>"": [0, 60424], ""<class 'abc.NT_0004_P_00000'>"": [], ""<class 'abc.NT_0004_P_00001'>"": [], ""<class 'abc.NT_0005_P_00001'>"": [], ""<class 'abc.NT_0005_P_00002'>"": [], ""<class 'abc.NT_0011'>"": [], ""<class 'abc.NT_0011_P_00000'>"": [], ""<class 'abc.NT_0017_P_00001'>"": [], ""<class 'abc.NT_0012'>"": [0, 60158], ""<class 'abc.NT_0012_P_00000'>"": [], ""<class 'abc.NT_0010'>"": [], ""<class 'abc.NT_0010_P_00000'>"": [], ""<class 'abc.NT_0009'>"": [], ""<class 'abc.NT_0009_P_00000'>"": [], ""<class 'abc.NT_0008'>"": [], ""<class 'abc.NT_0008_P_00000'>"": [], ""<class 'abc.NT_0006'>"": [], ""<class 'abc.NT_0006_P_00000'>"": [], ""<class 'abc.NT_0008_P_00001'>"": [], ""<class 'abc.NT_0008_P_00002'>"": [], ""<class 'abc.NT_0008_P_00003'>"": [], ""<class 'abc.NT_0008_P_00004'>"": [], ""<class 'abc.NT_0007'>"": [], ""<class 'abc.NT_0007_P_00000'>"": [], ""<class 'abc.NT_0007_P_00001'>"": [], ""<class 'abc.NT_0007_P_00002'>"": [], ""<class 'abc.NT_0009_P_00001'>"": [], ""<class 'abc.NT_0010_P_00001'>"": [], ""<class 'abc.NT_0010_P_00002'>"": [], ""<class 'abc.NT_0012_P_00001'>"": [], ""<class 'abc.NT_0012_P_00002'>"": [], '$leftovers': [24110, 33409, 84800, 52930, 73355, 35471, 40030, 9296, 20749, 33075, 49628, 11537, 15, 90830, 51946, 20435, 67193, 37276, 25620, 25545, 23848, 32840, 79736, 6117, 22259, 57571, 60709, 16020, 90131, 83681, 49236, 19740, 96719, 28286, 96500, 25056, 2425, 4606, 76743, 50141, 80972, 89178, 58155, 60076, 20023, 49957, 78859, 71701, 63157, 51036, 27194, 57618, 41826, 72622, 26518, 13650, 37174, 65866, 51535, 26693, 46306, 18622, 78957, 96794, 12749, 98789, 43609, 19799, 33366, 8952, 34480, 94159, 44897, 75759, 82931, 16277, 14916, 72994, 49309, 70538, 2034, 42550, 91026, 7880, 3338, 60131, 98080, 28093, 32900, 15622, 26775, 29552, 32342, 14515, 36096, 41783, 62811, 37254, 75355, 63411, 75272, 23694, 84310, 71082, 79212, 33588, 90706, 48187, 31189, 88482, 9367, 56255, 79617, 1270, 55560, 26203, 26155, 40545, 15484, 55048, 21590, 6079, 95713, 42042, 7599, 11012, 10867, 6326, 4226, 36219, 64167, 95573, 17592, 32396, 33047, 42672, 14688, 56724, 34006, 26116, 19739, 92564, 32446, 49106, 86197, 89608, 29620, 89318, 4676, 30220, 92140, 82233, 42586, 84937, 67832, 88616, 54115, 36688, 72537, 89206, 19927, 60142, 31365, 9503, 17153, 77426, 27373, 71618, 24526, 11066, 35200, 85609, 149, 12686, 31762, 76331, 79662, 42034, 4753, 45093, 9160, 29879, 54031, 81574, 52405, 74338, 45103, 97062, 38418, 65500, 83214, 33515, 71498, 84236, 27012, 42946, 15648, 18758, 74221, 18239, 86131, 1230, 2760, 87805, 47794, 89910, 39873, 11161, 88967, 57997, 33988, 52998, 11574, 11690, 91965, 60505, 6728, 20304, 66663, 21797, 36314, 23383, 77728, 66566, 30573, 81589, 35200, 85889, 50823, 87892, 82732, 87939, 51151, 25364, 57741, 65481, 95697, 91763, 24126, 50698, 89794, 21082, 38556, 8845, 86758, 95312, 40982, 27576, 22409, 10764, 59686, 42374, 46705, 20305, 91930, 20443, 55812, 94550, 17871, 37347, 86111, 91872, 76531, 97561, 22247, 70828, 10031, 86871, 3457, 34403, 47195, 55824, 77269, 2312, 23015, 10509, 90685, 33220, 5095, 32669, 57665, 87461, 23705, 23892, 79569, 25099, 22463, 6825, 87678, 12700, 8086, 18347, 2080, 81725, 1743, 21695, 98864, 601, 27012, 26238, 83756, 20196, 9283, 37922, 9584, 31059, 69305, 33408, 87700, 5472, 17218, 94029, 30946, 42707, 26938, 23929, 42631, 58629, 82345, 34078, 27640, 26857, 52482, 1908, 53363, 57718, 53277, 60874, 47192, 65156, 64324, 98908, 18086, 34571, 80780, 21654, 13015, 54185, 65778, 82905, 54333, 16295, 29750, 10179, 8498, 41149, 76875, 75817, 52840, 36350, 67047, 80721, 50387, 89921, 76598, 79179, 69374, 34188, 84323, 90189, 80063, 75353, 58141, 98604, 61869, 50914, 95998, 60953, 31372, 32800, 20253, 10965, 57825, 30921, 72002, 23478, 52144, 74671, 49790, 35369, 96851, 96268, 91735, 26265, 71492, 35041, 22667, 85381, 87967, 56897, 37761, 44123, 52620, 81795, 86745, 6668, 71796, 22328, 50981, 1304, 65894, 39334, 28965, 37736, 33502, 94725, 98644, 29317, 28672, 49720, 92944, 79154, 30886, 83581, 56853, 86563, 45680, 29702, 43297, 89488, 55541, 95711, 64055, 55857, 75831, 20915, 33733, 41601, 40608, 13946, 42643, 60946, 78379, 66893, 47265, 47663, 96044, 31575, 23271, 29732, 18765, 73934, 86595, 19623, 58152, 23341, 42797, 82035, 84610, 84617, 26296, 48384, 7808, 85181, 83581, 85225, 34491, 3068, 83145, 63958, 59227, 71005, 79763, 19625, 78522, 84816, 70026, 30736, 71763, 20974, 85431, 42194, 51257, 95945, 87370, 84376, 7316, 96397, 73523, 45377, 38170, 929, 19455, 92318, 44476, 31469, 69802, 39812, 96151, 1351, 97970, 67167, 69990, 20536, 43930, 89552, 7692, 94070, 25734, 2163, 89653, 41361, 65843, 55026, 76161, 33606, 7726, 57770, 26583, 72401, 4290, 24460, 59579, 28419, 26896, 42516, 11149, 32412, 43883, 76759, 72953, 63003, 29642, 79399, 49163, 14266, 55493, 15592, 19124, 64343, 71700, 16518, 77843, 61244, 80217, 51694, 11787, 24162, 70922, 1802, 19601, 58039, 19725, 17982, 7030, 87818, 81146, 64592, 10711, 8313, 80311, 12180, 49490, 79809, 96851, 93114, 19741, 87950, 3665, 43498, 8117, 64, 90216, 51752, 43265, 1055, 25064, 4579, 20591, 64262, 8289, 34540, 9038, 32463, 95965, 3202, 36219, 54773, 36301, 21802, 67750, 14517, 59282, 15980, 432, 86613, 99020, 91465, 77787, 78248, 48946, 57777, 58757, 97167, 43438, 57904, 2014, 13213, 67388, 10589, 17904, 46813, 71128, 52635, 3372, 7022, 6285, 13222, 36250, 40728, 91163, 35142, 11502, 89851, 62932, 77460, 96657, 21864, 99883, 81995, 74277, 60986, 50282, 74931, 46950, 5360, 53700, 31843, 59827, 47670, 32934, 30419, 79491, 57514, 74807, 23996, 53538, 62864, 15792, 27971, 79999, 4588, 61344, 72986, 76402, 5098, 58305, 25903, 32899, 85790, 91428, 60548, 56234, 39548, 43974, 98619, 77439, 15993, 73803, 83604, 25519, 18459, 20066, 25903, 97967, 33677, 7371, 6, 36499, 11324, 1243, 39947, 55479, 70470, 34082, 56050, 29544, 54987, 62746, 66607, 80357, 49628, 67933, 33670, 28091, 66945, 50534, 26141, 53322, 91035, 77729, 27580, 46478, 28257, 47427, 93318, 56880, 30918, 94174, 58362, 78991, 44614, 79630, 30263, 11791, 42548, 14198, 37648, 38023, 21220, 21014, 7344, 63974, 96287, 17660, 60202, 79326, 52006, 11171, 66690, 12255, 20285, 10423, 55277, 57487, 11691, 54689, 5652, 76519, 3461, 69755, 64707, 16312, 16295, 40601, 70148, 36176, 16065, 40040, 14183, 24121, 47242, 22032, 11279, 3191, 76223, 38556, 49976, 63279, 28556, 9220, 29217, 76607, 75006, 23148, 76606, 47161, 35794, 52195, 48659, 92402, 6526, 92368, 4935, 12370, 31129, 9968, 86963, 31409, 47029, 77066, 80727, 15785, 15932, 83533, 62000, 17471, 96923, 65812, 20445, 91749, 85889, 26308, 19486, 21715, 34331, 93146, 59506, 57820, 30428, 93243, 92765, 52847, 89535, 66389, 58839, 4150, 25361, 82879, 61511, 68281, 78697, 78403, 87273, 13980, 42687, 23918, 63683, 41580, 73250, 59609, 11414, 2509, 70598, 74474, 19451, 16064, 20767, 90079, 93316, 16483, 26688, 1007, 58343, 58155, 21038, 71715, 57917, 41869, 25781, 18714, 67682, 93754, 85684, 10313, 1573, 45762, 94524, 35755, 32943, 71827, 71670, 16558, 24105, 60194, 63460, 52030, 70450, 68115, 37170, 74590, 45567, 54629, 5725, 85172, 61417, 54506, 78169, 92443, 94152, 97286, 90729, 98431, 21923, 91806, 91215, 9539, 25283, 88955, 21992, 43568, 39295, 10889, 20789, 56007, 943, 72855, 76942, 8942, 7759, 97777, 37307, 60206, 47127, 31059, 56075, 49075, 27392, 83476, 56280, 34162, 34476, 2995, 89626, 72491, 10343, 77379, 88390, 46151, 52405, 17849, 67616, 60968, 77448, 3012, 11905, 89855, 55382, 1710, 27710, 13838, 56579, 51865, 18942, 52511, 18314, 17423, 62667, 73550, 27356, 31707, 24937, 85986, 41982, 29792, 51747, 77050, 33505, 87200, 35919, 25026, 57877, 33854, 14431, 62602, 44937, 83542, 26581, 41702, 40546, 83724, 57348, 95648, 17217, 81032, 51333, 62479, 95232, 68193, 19337, 54406, 7241, 84508, 31853, 36337, 97444, 6715, 84142, 14143, 29646, 61418, 46691, 91055, 95261, 21607, 49389, 87440, 53345, 41371, 1669, 16850, 18440, 60983, 69600, 53625, 40097, 54633, 9055, 65860, 3054, 54468, 13994, 50399, 96381, 93456, 37386, 12374, 72359, 13808, 91360, 1863, 60158, 8379, 60424, 44909, 64466, 68566, 65812, 52188, 94818]})"
150.0,7,30,45,23.78951930999756,40003,"Genotype(dna={""<class 'abc.NT_0017'>"": [0, 1863], ""<class 'abc.NT_0017_P_00000'>"": [], ""<class 'abc.NT_0001'>"": [2, 2, 2, 2, 0, 1, 68566], ""<class 'abc.NT_0001_P_00000'>"": [], ""<class 'bool'>"": [46023, 35570, 21927, 2927, 64826, 47769, 23648, 93816, 7134, 59416, 20134, 85082, 87339, 47436, 78194, 76892, 13022, 3649, 46405, 50242, 42523, 55047, 79213, 38241, 94818, 24110, 33409], ""<class 'abc.NT_0000'>"": [1, 2, 6, 0, 0, 0, 0, 37022, 5, 2, 0, 97444, 3, 1, 0, 2, 2, 0, 74373, 6, 1, 0, 2, 0, 0, 65812], ""<class 'abc.NT_0000_P_00000'>"": [], ""<class 'int'>"": [51614, 94798, 78987, 59354, 52526, 36031, 85748, 91268, 99322, 38473, 68614, 93746, 6702, 40963, 73390, 92372, 19142, 45498, 58460, 83038, 905, 28012, 78957, 84653, 49224, 91314, 22611, 93748, 26079, 62592, 24095, 69659, 80107, 79360, 89661, 93789, 24483, 14210, 58941, 10735, 60856, 12770, 53654, 52188], ""<class 'abc.NT_0000_P_00001'>"": [], ""<class 'abc.NT_0000_P_00002'>"": [], ""<class 'abc.NT_0000_P_00003'>"": [], ""<class 'abc.NT_0000_P_00004'>"": [], ""<class 'abc.NT_0000_P_00005'>"": [], ""<class 'abc.NT_0000_P_00006'>"": [], ""<class 'abc.NT_0001_P_00001'>"": [], ""<class 'abc.NT_0001_P_00002'>"": [], ""<class 'abc.NT_0001_P_00003'>"": [], ""<class 'abc.NT_0001_P_00004'>"": [], ""<class 'abc.NT_0005'>"": [2, 8379], ""<class 'abc.NT_0005_P_00000'>"": [], ""<class 'abc.NT_0003'>"": [0, 0, 2, 73361], ""<class 'abc.NT_0003_P_00000'>"": [], ""<class 'abc.NT_0002'>"": [3, 1, 2, 3, 2, 2993], ""<class 'abc.NT_0002_P_00000'>"": [], ""<class 'abc.NT_0002_P_00001'>"": [], ""<class 'abc.NT_0002_P_00002'>"": [], ""<class 'abc.NT_0002_P_00003'>"": [], ""<class 'abc.NT_0002_P_00004'>"": [], ""<class 'abc.NT_0003_P_00001'>"": [], ""<class 'abc.NT_0003_P_00002'>"": [], ""<class 'abc.NT_0004'>"": [0, 60424], ""<class 'abc.NT_0004_P_00000'>"": [], ""<class 'abc.NT_0004_P_00001'>"": [], ""<class 'abc.NT_0005_P_00001'>"": [], ""<class 'abc.NT_0005_P_00002'>"": [], ""<class 'abc.NT_0011'>"": [], ""<class 'abc.NT_0011_P_00000'>"": [], ""<class 'abc.NT_0017_P_00001'>"": [], ""<class 'abc.NT_0012'>"": [0, 60158], ""<class 'abc.NT_0012_P_00000'>"": [], ""<class 'abc.NT_0010'>"": [], ""<class 'abc.NT_0010_P_00000'>"": [], ""<class 'abc.NT_0009'>"": [], ""<class 'abc.NT_0009_P_00000'>"": [], ""<class 'abc.NT_0008'>"": [], ""<class 'abc.NT_0008_P_00000'>"": [], ""<class 'abc.NT_0006'>"": [], ""<class 'abc.NT_0006_P_00000'>"": [], ""<class 'abc.NT_0008_P_00001'>"": [], ""<class 'abc.NT_0008_P_00002'>"": [], ""<class 'abc.NT_0008_P_00003'>"": [], ""<class 'abc.NT_0008_P_00004'>"": [], ""<class 'abc.NT_0007'>"": [], ""<class 'abc.NT_0007_P_00000'>"": [], ""<class 'abc.NT_0007_P_00001'>"": [], ""<class 'abc.NT_0007_P_00002'>"": [], ""<class 'abc.NT_0009_P_00001'>"": [], ""<class 'abc.NT_0010_P_00001'>"": [], ""<class 'abc.NT_0010_P_00002'>"": [], ""<class 'abc.NT_0012_P_00001'>"": [], ""<class 'abc.NT_0012_P_00002'>"": [], '$leftovers': [24110, 33409, 84800, 52930, 73355, 35471, 40030, 9296, 20749, 33075, 49628, 11537, 15, 90830, 51946, 20435, 67193, 37276, 25620, 25545, 23848, 32840, 79736, 6117, 22259, 57571, 60709, 16020, 90131, 83681, 49236, 19740, 96719, 28286, 96500, 25056, 2425, 4606, 76743, 50141, 80972, 89178, 58155, 60076, 20023, 49957, 78859, 71701, 63157, 51036, 27194, 57618, 41826, 72622, 26518, 13650, 37174, 65866, 51535, 26693, 46306, 18622, 78957, 96794, 12749, 98789, 43609, 19799, 33366, 8952, 34480, 94159, 44897, 75759, 82931, 16277, 14916, 72994, 49309, 70538, 2034, 42550, 91026, 7880, 3338, 60131, 98080, 28093, 32900, 15622, 26775, 29552, 32342, 14515, 36096, 41783, 62811, 37254, 75355, 63411, 75272, 23694, 84310, 71082, 79212, 33588, 90706, 48187, 31189, 88482, 9367, 56255, 79617, 1270, 55560, 26203, 26155, 40545, 15484, 55048, 21590, 6079, 95713, 42042, 7599, 11012, 10867, 6326, 4226, 36219, 64167, 95573, 17592, 32396, 33047, 42672, 14688, 56724, 34006, 26116, 19739, 92564, 32446, 49106, 86197, 89608, 29620, 89318, 4676, 30220, 92140, 82233, 42586, 84937, 67832, 88616, 54115, 36688, 72537, 89206, 19927, 60142, 31365, 9503, 17153, 77426, 27373, 71618, 24526, 11066, 35200, 85609, 149, 12686, 31762, 76331, 79662, 42034, 4753, 45093, 9160, 29879, 54031, 81574, 52405, 74338, 45103, 97062, 38418, 65500, 83214, 33515, 71498, 84236, 27012, 42946, 15648, 18758, 74221, 18239, 86131, 1230, 2760, 87805, 47794, 89910, 39873, 11161, 88967, 57997, 33988, 52998, 11574, 11690, 91965, 60505, 6728, 20304, 66663, 21797, 36314, 23383, 77728, 66566, 30573, 81589, 35200, 85889, 50823, 87892, 82732, 87939, 51151, 25364, 57741, 65481, 95697, 91763, 24126, 50698, 89794, 21082, 38556, 8845, 86758, 95312, 40982, 27576, 22409, 10764, 59686, 42374, 46705, 20305, 91930, 20443, 55812, 94550, 17871, 37347, 86111, 91872, 76531, 97561, 22247, 70828, 10031, 86871, 3457, 34403, 47195, 55824, 77269, 2312, 23015, 10509, 90685, 33220, 5095, 32669, 57665, 87461, 23705, 23892, 79569, 25099, 22463, 6825, 87678, 12700, 8086, 18347, 2080, 81725, 1743, 21695, 98864, 601, 27012, 26238, 83756, 20196, 9283, 37922, 9584, 31059, 69305, 33408, 87700, 5472, 17218, 94029, 30946, 42707, 26938, 23929, 42631, 58629, 82345, 34078, 27640, 26857, 52482, 1908, 53363, 57718, 53277, 60874, 47192, 65156, 64324, 98908, 18086, 34571, 80780, 21654, 13015, 54185, 65778, 82905, 54333, 16295, 29750, 10179, 8498, 41149, 76875, 75817, 52840, 36350, 67047, 80721, 50387, 89921, 76598, 79179, 69374, 34188, 84323, 90189, 80063, 75353, 58141, 98604, 61869, 50914, 95998, 60953, 31372, 32800, 20253, 10965, 57825, 30921, 72002, 23478, 52144, 74671, 49790, 35369, 96851, 96268, 91735, 26265, 71492, 35041, 22667, 85381, 87967, 56897, 37761, 44123, 52620, 81795, 86745, 6668, 71796, 22328, 50981, 1304, 65894, 39334, 28965, 37736, 33502, 94725, 98644, 29317, 28672, 49720, 92944, 79154, 30886, 83581, 56853, 86563, 45680, 29702, 43297, 89488, 55541, 95711, 64055, 55857, 75831, 20915, 33733, 41601, 40608, 13946, 42643, 60946, 78379, 66893, 47265, 47663, 96044, 31575, 23271, 29732, 18765, 73934, 86595, 19623, 58152, 23341, 42797, 82035, 84610, 84617, 26296, 48384, 7808, 85181, 83581, 85225, 34491, 3068, 83145, 63958, 59227, 71005, 79763, 19625, 78522, 84816, 70026, 30736, 71763, 20974, 85431, 42194, 51257, 95945, 87370, 84376, 7316, 96397, 73523, 45377, 38170, 929, 19455, 92318, 44476, 31469, 69802, 39812, 96151, 1351, 97970, 67167, 69990, 20536, 43930, 89552, 7692, 94070, 25734, 2163, 89653, 41361, 65843, 55026, 76161, 33606, 7726, 57770, 26583, 72401, 4290, 24460, 59579, 28419, 26896, 42516, 11149, 32412, 43883, 76759, 72953, 63003, 29642, 79399, 49163, 14266, 55493, 15592, 19124, 64343, 71700, 16518, 77843, 61244, 80217, 51694, 11787, 24162, 70922, 1802, 19601, 58039, 19725, 17982, 7030, 87818, 81146, 64592, 10711, 8313, 80311, 12180, 49490, 79809, 96851, 93114, 19741, 87950, 3665, 43498, 8117, 64, 90216, 51752, 43265, 1055, 25064, 4579, 20591, 64262, 8289, 34540, 9038, 32463, 95965, 3202, 36219, 54773, 36301, 21802, 67750, 14517, 59282, 15980, 432, 86613, 99020, 91465, 77787, 78248, 48946, 57777, 58757, 97167, 43438, 57904, 2014, 13213, 67388, 10589, 17904, 46813, 71128, 52635, 3372, 7022, 6285, 13222, 36250, 40728, 91163, 35142, 11502, 89851, 62932, 77460, 96657, 21864, 99883, 81995, 74277, 60986, 50282, 74931, 46950, 5360, 53700, 31843, 59827, 47670, 32934, 30419, 79491, 57514, 74807, 23996, 53538, 62864, 15792, 27971, 79999, 4588, 61344, 72986, 76402, 5098, 58305, 25903, 32899, 85790, 91428, 60548, 56234, 39548, 43974, 98619, 77439, 15993, 73803, 83604, 25519, 18459, 20066, 25903, 97967, 33677, 7371, 6, 36499, 11324, 1243, 39947, 55479, 70470, 34082, 56050, 29544, 54987, 62746, 66607, 80357, 49628, 67933, 33670, 28091, 66945, 50534, 26141, 53322, 91035, 77729, 27580, 46478, 28257, 47427, 93318, 56880, 30918, 94174, 58362, 78991, 44614, 79630, 30263, 11791, 42548, 14198, 37648, 38023, 21220, 21014, 7344, 63974, 96287, 17660, 60202, 79326, 52006, 11171, 66690, 12255, 20285, 10423, 55277, 57487, 11691, 54689, 5652, 76519, 3461, 69755, 64707, 16312, 16295, 40601, 70148, 36176, 16065, 40040, 14183, 24121, 47242, 22032, 11279, 3191, 76223, 38556, 49976, 63279, 28556, 9220, 29217, 76607, 75006, 23148, 76606, 47161, 35794, 52195, 48659, 92402, 6526, 92368, 4935, 12370, 31129, 9968, 86963, 31409, 47029, 77066, 80727, 15785, 15932, 83533, 62000, 17471, 96923, 65812, 20445, 91749, 85889, 26308, 19486, 21715, 34331, 93146, 59506, 57820, 30428, 93243, 92765, 52847, 89535, 66389, 58839, 4150, 25361, 82879, 61511, 68281, 78697, 78403, 87273, 13980, 42687, 23918, 63683, 41580, 73250, 59609, 11414, 2509, 70598, 74474, 19451, 16064, 20767, 90079, 93316, 16483, 26688, 1007, 58343, 58155, 21038, 71715, 57917, 41869, 25781, 18714, 67682, 93754, 85684, 10313, 1573, 45762, 94524, 35755, 32943, 71827, 71670, 16558, 24105, 60194, 63460, 52030, 70450, 68115, 37170, 74590, 45567, 54629, 5725, 85172, 61417, 54506, 78169, 92443, 94152, 97286, 90729, 98431, 21923, 91806, 91215, 9539, 25283, 88955, 21992, 43568, 39295, 10889, 20789, 56007, 943, 72855, 76942, 8942, 7759, 97777, 37307, 60206, 47127, 31059, 56075, 49075, 27392, 83476, 56280, 34162, 34476, 2995, 89626, 72491, 10343, 77379, 88390, 46151, 52405, 17849, 67616, 60968, 77448, 3012, 11905, 89855, 55382, 1710, 27710, 13838, 56579, 51865, 18942, 52511, 18314, 17423, 62667, 73550, 27356, 31707, 24937, 85986, 41982, 29792, 51747, 77050, 33505, 87200, 35919, 25026, 57877, 33854, 14431, 62602, 44937, 83542, 26581, 41702, 40546, 83724, 57348, 95648, 17217, 81032, 51333, 62479, 95232, 68193, 19337, 54406, 7241, 84508, 31853, 36337, 97444, 6715, 84142, 14143, 29646, 61418, 46691, 91055, 95261, 21607, 49389, 87440, 53345, 41371, 1669, 16850, 18440, 60983, 69600, 53625, 40097, 54633, 9055, 65860, 3054, 54468, 13994, 50399, 96381, 93456, 37386, 12374, 72359, 13808, 91360, 1863, 60158, 8379, 60424, 44909, 64466, 68566, 65812, 52188, 94818]})"
150.0,7,30,46,24.11115336418152,40003,"Genotype(dna={""<class 'abc.NT_0017'>"": [0, 1863], ""<class 'abc.NT_0017_P_00000'>"": [], ""<class 'abc.NT_0001'>"": [2, 2, 2, 2, 0, 1, 68566], ""<class 'abc.NT_0001_P_00000'>"": [], ""<class 'bool'>"": [46023, 35570, 21927, 2927, 64826, 47769, 23648, 93816, 7134, 59416, 20134, 85082, 87339, 47436, 78194, 76892, 13022, 3649, 46405, 50242, 42523, 55047, 79213, 38241, 94818, 24110, 33409], ""<class 'abc.NT_0000'>"": [1, 2, 6, 0, 0, 0, 0, 37022, 5, 2, 0, 97444, 3, 1, 0, 2, 2, 0, 74373, 6, 1, 0, 2, 0, 0, 65812], ""<class 'abc.NT_0000_P_00000'>"": [], ""<class 'int'>"": [51614, 94798, 78987, 59354, 52526, 36031, 85748, 91268, 99322, 38473, 68614, 93746, 6702, 40963, 73390, 92372, 19142, 45498, 58460, 83038, 905, 28012, 78957, 84653, 49224, 91314, 22611, 93748, 26079, 62592, 24095, 69659, 80107, 79360, 89661, 93789, 24483, 14210, 58941, 10735, 60856, 12770, 53654, 52188], ""<class 'abc.NT_0000_P_00001'>"": [], ""<class 'abc.NT_0000_P_00002'>"": [], ""<class 'abc.NT_0000_P_00003'>"": [], ""<class 'abc.NT_0000_P_00004'>"": [], ""<class 'abc.NT_0000_P_00005'>"": [], ""<class 'abc.NT_0000_P_00006'>"": [], ""<class 'abc.NT_0001_P_00001'>"": [], ""<class 'abc.NT_0001_P_00002'>"": [], ""<class 'abc.NT_0001_P_00003'>"": [], ""<class 'abc.NT_0001_P_00004'>"": [], ""<class 'abc.NT_0005'>"": [2, 8379], ""<class 'abc.NT_0005_P_00000'>"": [], ""<class 'abc.NT_0003'>"": [0, 0, 2, 73361], ""<class 'abc.NT_0003_P_00000'>"": [], ""<class 'abc.NT_0002'>"": [3, 1, 2, 3, 2, 2993], ""<class 'abc.NT_0002_P_00000'>"": [], ""<class 'abc.NT_0002_P_00001'>"": [], ""<class 'abc.NT_0002_P_00002'>"": [], ""<class 'abc.NT_0002_P_00003'>"": [], ""<class 'abc.NT_0002_P_00004'>"": [], ""<class 'abc.NT_0003_P_00001'>"": [], ""<class 'abc.NT_0003_P_00002'>"": [], ""<class 'abc.NT_0004'>"": [0, 60424], ""<class 'abc.NT_0004_P_00000'>"": [], ""<class 'abc.NT_0004_P_00001'>"": [], ""<class 'abc.NT_0005_P_00001'>"": [], ""<class 'abc.NT_0005_P_00002'>"": [], ""<class 'abc.NT_0011'>"": [], ""<class 'abc.NT_0011_P_00000'>"": [], ""<class 'abc.NT_0017_P_00001'>"": [], ""<class 'abc.NT_0012'>"": [0, 60158], ""<class 'abc.NT_0012_P_00000'>"": [], ""<class 'abc.NT_0010'>"": [], ""<class 'abc.NT_0010_P_00000'>"": [], ""<class 'abc.NT_0009'>"": [], ""<class 'abc.NT_0009_P_00000'>"": [], ""<class 'abc.NT_0008'>"": [], ""<class 'abc.NT_0008_P_00000'>"": [], ""<class 'abc.NT_0006'>"": [], ""<class 'abc.NT_0006_P_00000'>"": [], ""<class 'abc.NT_0008_P_00001'>"": [], ""<class 'abc.NT_0008_P_00002'>"": [], ""<class 'abc.NT_0008_P_00003'>"": [], ""<class 'abc.NT_0008_P_00004'>"": [], ""<class 'abc.NT_0007'>"": [], ""<class 'abc.NT_0007_P_00000'>"": [], ""<class 'abc.NT_0007_P_00001'>"": [], ""<class 'abc.NT_0007_P_00002'>"": [], ""<class 'abc.NT_0009_P_00001'>"": [], ""<class 'abc.NT_0010_P_00001'>"": [], ""<class 'abc.NT_0010_P_00002'>"": [], ""<class 'abc.NT_0012_P_00001'>"": [], ""<class 'abc.NT_0012_P_00002'>"": [], '$leftovers': [24110, 33409, 84800, 52930, 73355, 35471, 40030, 9296, 20749, 33075, 49628, 11537, 15, 90830, 51946, 20435, 67193, 37276, 25620, 25545, 23848, 32840, 79736, 6117, 22259, 57571, 60709, 16020, 90131, 83681, 49236, 19740, 96719, 28286, 96500, 25056, 2425, 4606, 76743, 50141, 80972, 89178, 58155, 60076, 20023, 49957, 78859, 71701, 63157, 51036, 27194, 57618, 41826, 72622, 26518, 13650, 37174, 65866, 51535, 26693, 46306, 18622, 78957, 96794, 12749, 98789, 43609, 19799, 33366, 8952, 34480, 94159, 44897, 75759, 82931, 16277, 14916, 72994, 49309, 70538, 2034, 42550, 91026, 7880, 3338, 60131, 98080, 28093, 32900, 15622, 26775, 29552, 32342, 14515, 36096, 41783, 62811, 37254, 75355, 63411, 75272, 23694, 84310, 71082, 79212, 33588, 90706, 48187, 31189, 88482, 9367, 56255, 79617, 1270, 55560, 26203, 26155, 40545, 15484, 55048, 21590, 6079, 95713, 42042, 7599, 11012, 10867, 6326, 4226, 36219, 64167, 95573, 17592, 32396, 33047, 42672, 14688, 56724, 34006, 26116, 19739, 92564, 32446, 49106, 86197, 89608, 29620, 89318, 4676, 30220, 92140, 82233, 42586, 84937, 67832, 88616, 54115, 36688, 72537, 89206, 19927, 60142, 31365, 9503, 17153, 77426, 27373, 71618, 24526, 11066, 35200, 85609, 149, 12686, 31762, 76331, 79662, 42034, 4753, 45093, 9160, 29879, 54031, 81574, 52405, 74338, 45103, 97062, 38418, 65500, 83214, 33515, 71498, 84236, 27012, 42946, 15648, 18758, 74221, 18239, 86131, 1230, 2760, 87805, 47794, 89910, 39873, 11161, 88967, 57997, 33988, 52998, 11574, 11690, 91965, 60505, 6728, 20304, 66663, 21797, 36314, 23383, 77728, 66566, 30573, 81589, 35200, 85889, 50823, 87892, 82732, 87939, 51151, 25364, 57741, 65481, 95697, 91763, 24126, 50698, 89794, 21082, 38556, 8845, 86758, 95312, 40982, 27576, 22409, 10764, 59686, 42374, 46705, 20305, 91930, 20443, 55812, 94550, 17871, 37347, 86111, 91872, 76531, 97561, 22247, 70828, 10031, 86871, 3457, 34403, 47195, 55824, 77269, 2312, 23015, 10509, 90685, 33220, 5095, 32669, 57665, 87461, 23705, 23892, 79569, 25099, 22463, 6825, 87678, 12700, 8086, 18347, 2080, 81725, 1743, 21695, 98864, 601, 27012, 26238, 83756, 20196, 9283, 37922, 9584, 31059, 69305, 33408, 87700, 5472, 17218, 94029, 30946, 42707, 26938, 23929, 42631, 58629, 82345, 34078, 27640, 26857, 52482, 1908, 53363, 57718, 53277, 60874, 47192, 65156, 64324, 98908, 18086, 34571, 80780, 21654, 13015, 54185, 65778, 82905, 54333, 16295, 29750, 10179, 8498, 41149, 76875, 75817, 52840, 36350, 67047, 80721, 50387, 89921, 76598, 79179, 69374, 34188, 84323, 90189, 80063, 75353, 58141, 98604, 61869, 50914, 95998, 60953, 31372, 32800, 20253, 10965, 57825, 30921, 72002, 23478, 52144, 74671, 49790, 35369, 96851, 96268, 91735, 26265, 71492, 35041, 22667, 85381, 87967, 56897, 37761, 44123, 52620, 81795, 86745, 6668, 71796, 22328, 50981, 1304, 65894, 39334, 28965, 37736, 33502, 94725, 98644, 29317, 28672, 49720, 92944, 79154, 30886, 83581, 56853, 86563, 45680, 29702, 43297, 89488, 55541, 95711, 64055, 55857, 75831, 20915, 33733, 41601, 40608, 13946, 42643, 60946, 78379, 66893, 47265, 47663, 96044, 31575, 23271, 29732, 18765, 73934, 86595, 19623, 58152, 23341, 42797, 82035, 84610, 84617, 26296, 48384, 7808, 85181, 83581, 85225, 34491, 3068, 83145, 63958, 59227, 71005, 79763, 19625, 78522, 84816, 70026, 30736, 71763, 20974, 85431, 42194, 51257, 95945, 87370, 84376, 7316, 96397, 73523, 45377, 38170, 929, 19455, 92318, 44476, 31469, 69802, 39812, 96151, 1351, 97970, 67167, 69990, 20536, 43930, 89552, 7692, 94070, 25734, 2163, 89653, 41361, 65843, 55026, 76161, 33606, 7726, 57770, 26583, 72401, 4290, 24460, 59579, 28419, 26896, 42516, 11149, 32412, 43883, 76759, 72953, 63003, 29642, 79399, 49163, 14266, 55493, 15592, 19124, 64343, 71700, 16518, 77843, 61244, 80217, 51694, 11787, 24162, 70922, 1802, 19601, 58039, 19725, 17982, 7030, 87818, 81146, 64592, 10711, 8313, 80311, 12180, 49490, 79809, 96851, 93114, 19741, 87950, 3665, 43498, 8117, 64, 90216, 51752, 43265, 1055, 25064, 4579, 20591, 64262, 8289, 34540, 9038, 32463, 95965, 3202, 36219, 54773, 36301, 21802, 67750, 14517, 59282, 15980, 432, 86613, 99020, 91465, 77787, 78248, 48946, 57777, 58757, 97167, 43438, 57904, 2014, 13213, 67388, 10589, 17904, 46813, 71128, 52635, 3372, 7022, 6285, 13222, 36250, 40728, 91163, 35142, 11502, 89851, 62932, 77460, 96657, 21864, 99883, 81995, 74277, 60986, 50282, 74931, 46950, 5360, 53700, 31843, 59827, 47670, 32934, 30419, 79491, 57514, 74807, 23996, 53538, 62864, 15792, 27971, 79999, 4588, 61344, 72986, 76402, 5098, 58305, 25903, 32899, 85790, 91428, 60548, 56234, 39548, 43974, 98619, 77439, 15993, 73803, 83604, 25519, 18459, 20066, 25903, 97967, 33677, 7371, 6, 36499, 11324, 1243, 39947, 55479, 70470, 34082, 56050, 29544, 54987, 62746, 66607, 80357, 49628, 67933, 33670, 28091, 66945, 50534, 26141, 53322, 91035, 77729, 27580, 46478, 28257, 47427, 93318, 56880, 30918, 94174, 58362, 78991, 44614, 79630, 30263, 11791, 42548, 14198, 37648, 38023, 21220, 21014, 7344, 63974, 96287, 17660, 60202, 79326, 52006, 11171, 66690, 12255, 20285, 10423, 55277, 57487, 11691, 54689, 5652, 76519, 3461, 69755, 64707, 16312, 16295, 40601, 70148, 36176, 16065, 40040, 14183, 24121, 47242, 22032, 11279, 3191, 76223, 38556, 49976, 63279, 28556, 9220, 29217, 76607, 75006, 23148, 76606, 47161, 35794, 52195, 48659, 92402, 6526, 92368, 4935, 12370, 31129, 9968, 86963, 31409, 47029, 77066, 80727, 15785, 15932, 83533, 62000, 17471, 96923, 65812, 20445, 91749, 85889, 26308, 19486, 21715, 34331, 93146, 59506, 57820, 30428, 93243, 92765, 52847, 89535, 66389, 58839, 4150, 25361, 82879, 61511, 68281, 78697, 78403, 87273, 13980, 42687, 23918, 63683, 41580, 73250, 59609, 11414, 2509, 70598, 74474, 19451, 16064, 20767, 90079, 93316, 16483, 26688, 1007, 58343, 58155, 21038, 71715, 57917, 41869, 25781, 18714, 67682, 93754, 85684, 10313, 1573, 45762, 94524, 35755, 32943, 71827, 71670, 16558, 24105, 60194, 63460, 52030, 70450, 68115, 37170, 74590, 45567, 54629, 5725, 85172, 61417, 54506, 78169, 92443, 94152, 97286, 90729, 98431, 21923, 91806, 91215, 9539, 25283, 88955, 21992, 43568, 39295, 10889, 20789, 56007, 943, 72855, 76942, 8942, 7759, 97777, 37307, 60206, 47127, 31059, 56075, 49075, 27392, 83476, 56280, 34162, 34476, 2995, 89626, 72491, 10343, 77379, 88390, 46151, 52405, 17849, 67616, 60968, 77448, 3012, 11905, 89855, 55382, 1710, 27710, 13838, 56579, 51865, 18942, 52511, 18314, 17423, 62667, 73550, 27356, 31707, 24937, 85986, 41982, 29792, 51747, 77050, 33505, 87200, 35919, 25026, 57877, 33854, 14431, 62602, 44937, 83542, 26581, 41702, 40546, 83724, 57348, 95648, 17217, 81032, 51333, 62479, 95232, 68193, 19337, 54406, 7241, 84508, 31853, 36337, 97444, 6715, 84142, 14143, 29646, 61418, 46691, 91055, 95261, 21607, 49389, 87440, 53345, 41371, 1669, 16850, 18440, 60983, 69600, 53625, 40097, 54633, 9055, 65860, 3054, 54468, 13994, 50399, 96381, 93456, 37386, 12374, 72359, 13808, 91360, 1863, 60158, 8379, 60424, 44909, 64466, 68566, 65812, 52188, 94818]})"
150.0,7,30,47,24.418110370635986,40003,"Genotype(dna={""<class 'abc.NT_0017'>"": [0, 1863], ""<class 'abc.NT_0017_P_00000'>"": [], ""<class 'abc.NT_0001'>"": [2, 2, 2, 2, 0, 1, 68566], ""<class 'abc.NT_0001_P_00000'>"": [], ""<class 'bool'>"": [46023, 35570, 21927, 2927, 64826, 47769, 23648, 93816, 7134, 59416, 20134, 85082, 87339, 47436, 78194, 76892, 13022, 3649, 46405, 50242, 42523, 55047, 79213, 38241, 94818, 24110, 33409], ""<class 'abc.NT_0000'>"": [1, 2, 6, 0, 0, 0, 0, 37022, 5, 2, 0, 97444, 3, 1, 0, 2, 2, 0, 74373, 6, 1, 0, 2, 0, 0, 65812], ""<class 'abc.NT_0000_P_00000'>"": [], ""<class 'int'>"": [51614, 94798, 78987, 59354, 52526, 36031, 85748, 91268, 99322, 38473, 68614, 93746, 6702, 40963, 73390, 92372, 19142, 45498, 58460, 83038, 905, 28012, 78957, 84653, 49224, 91314, 22611, 93748, 26079, 62592, 24095, 69659, 80107, 79360, 89661, 93789, 24483, 14210, 58941, 10735, 60856, 12770, 53654, 52188], ""<class 'abc.NT_0000_P_00001'>"": [], ""<class 'abc.NT_0000_P_00002'>"": [], ""<class 'abc.NT_0000_P_00003'>"": [], ""<class 'abc.NT_0000_P_00004'>"": [], ""<class 'abc.NT_0000_P_00005'>"": [], ""<class 'abc.NT_0000_P_00006'>"": [], ""<class 'abc.NT_0001_P_00001'>"": [], ""<class 'abc.NT_0001_P_00002'>"": [], ""<class 'abc.NT_0001_P_00003'>"": [], ""<class 'abc.NT_0001_P_00004'>"": [], ""<class 'abc.NT_0005'>"": [2, 8379], ""<class 'abc.NT_0005_P_00000'>"": [], ""<class 'abc.NT_0003'>"": [0, 0, 2, 73361], ""<class 'abc.NT_0003_P_00000'>"": [], ""<class 'abc.NT_0002'>"": [3, 1, 2, 3, 2, 2993], ""<class 'abc.NT_0002_P_00000'>"": [], ""<class 'abc.NT_0002_P_00001'>"": [], ""<class 'abc.NT_0002_P_00002'>"": [], ""<class 'abc.NT_0002_P_00003'>"": [], ""<class 'abc.NT_0002_P_00004'>"": [], ""<class 'abc.NT_0003_P_00001'>"": [], ""<class 'abc.NT_0003_P_00002'>"": [], ""<class 'abc.NT_0004'>"": [0, 60424], ""<class 'abc.NT_0004_P_00000'>"": [], ""<class 'abc.NT_0004_P_00001'>"": [], ""<class 'abc.NT_0005_P_00001'>"": [], ""<class 'abc.NT_0005_P_00002'>"": [], ""<class 'abc.NT_0011'>"": [], ""<class 'abc.NT_0011_P_00000'>"": [], ""<class 'abc.NT_0017_P_00001'>"": [], ""<class 'abc.NT_0012'>"": [0, 60158], ""<class 'abc.NT_0012_P_00000'>"": [], ""<class 'abc.NT_0010'>"": [], ""<class 'abc.NT_0010_P_00000'>"": [], ""<class 'abc.NT_0009'>"": [], ""<class 'abc.NT_0009_P_00000'>"": [], ""<class 'abc.NT_0008'>"": [], ""<class 'abc.NT_0008_P_00000'>"": [], ""<class 'abc.NT_0006'>"": [], ""<class 'abc.NT_0006_P_00000'>"": [], ""<class 'abc.NT_0008_P_00001'>"": [], ""<class 'abc.NT_0008_P_00002'>"": [], ""<class 'abc.NT_0008_P_00003'>"": [], ""<class 'abc.NT_0008_P_00004'>"": [], ""<class 'abc.NT_0007'>"": [], ""<class 'abc.NT_0007_P_00000'>"": [], ""<class 'abc.NT_0007_P_00001'>"": [], ""<class 'abc.NT_0007_P_00002'>"": [], ""<class 'abc.NT_0009_P_00001'>"": [], ""<class 'abc.NT_0010_P_00001'>"": [], ""<class 'abc.NT_0010_P_00002'>"": [], ""<class 'abc.NT_0012_P_00001'>"": [], ""<class 'abc.NT_0012_P_00002'>"": [], '$leftovers': [24110, 33409, 84800, 52930, 73355, 35471, 40030, 9296, 20749, 33075, 49628, 11537, 15, 90830, 51946, 20435, 67193, 37276, 25620, 25545, 23848, 32840, 79736, 6117, 22259, 57571, 60709, 16020, 90131, 83681, 49236, 19740, 96719, 28286, 96500, 25056, 2425, 4606, 76743, 50141, 80972, 89178, 58155, 60076, 20023, 49957, 78859, 71701, 63157, 51036, 27194, 57618, 41826, 72622, 26518, 13650, 37174, 65866, 51535, 26693, 46306, 18622, 78957, 96794, 12749, 98789, 43609, 19799, 33366, 8952, 34480, 94159, 44897, 75759, 82931, 16277, 14916, 72994, 49309, 70538, 2034, 42550, 91026, 7880, 3338, 60131, 98080, 28093, 32900, 15622, 26775, 29552, 32342, 14515, 36096, 41783, 62811, 37254, 75355, 63411, 75272, 23694, 84310, 71082, 79212, 33588, 90706, 48187, 31189, 88482, 9367, 56255, 79617, 1270, 55560, 26203, 26155, 40545, 15484, 55048, 21590, 6079, 95713, 42042, 7599, 11012, 10867, 6326, 4226, 36219, 64167, 95573, 17592, 32396, 33047, 42672, 14688, 56724, 34006, 26116, 19739, 92564, 32446, 49106, 86197, 89608, 29620, 89318, 4676, 30220, 92140, 82233, 42586, 84937, 67832, 88616, 54115, 36688, 72537, 89206, 19927, 60142, 31365, 9503, 17153, 77426, 27373, 71618, 24526, 11066, 35200, 85609, 149, 12686, 31762, 76331, 79662, 42034, 4753, 45093, 9160, 29879, 54031, 81574, 52405, 74338, 45103, 97062, 38418, 65500, 83214, 33515, 71498, 84236, 27012, 42946, 15648, 18758, 74221, 18239, 86131, 1230, 2760, 87805, 47794, 89910, 39873, 11161, 88967, 57997, 33988, 52998, 11574, 11690, 91965, 60505, 6728, 20304, 66663, 21797, 36314, 23383, 77728, 66566, 30573, 81589, 35200, 85889, 50823, 87892, 82732, 87939, 51151, 25364, 57741, 65481, 95697, 91763, 24126, 50698, 89794, 21082, 38556, 8845, 86758, 95312, 40982, 27576, 22409, 10764, 59686, 42374, 46705, 20305, 91930, 20443, 55812, 94550, 17871, 37347, 86111, 91872, 76531, 97561, 22247, 70828, 10031, 86871, 3457, 34403, 47195, 55824, 77269, 2312, 23015, 10509, 90685, 33220, 5095, 32669, 57665, 87461, 23705, 23892, 79569, 25099, 22463, 6825, 87678, 12700, 8086, 18347, 2080, 81725, 1743, 21695, 98864, 601, 27012, 26238, 83756, 20196, 9283, 37922, 9584, 31059, 69305, 33408, 87700, 5472, 17218, 94029, 30946, 42707, 26938, 23929, 42631, 58629, 82345, 34078, 27640, 26857, 52482, 1908, 53363, 57718, 53277, 60874, 47192, 65156, 64324, 98908, 18086, 34571, 80780, 21654, 13015, 54185, 65778, 82905, 54333, 16295, 29750, 10179, 8498, 41149, 76875, 75817, 52840, 36350, 67047, 80721, 50387, 89921, 76598, 79179, 69374, 34188, 84323, 90189, 80063, 75353, 58141, 98604, 61869, 50914, 95998, 60953, 31372, 32800, 20253, 10965, 57825, 30921, 72002, 23478, 52144, 74671, 49790, 35369, 96851, 96268, 91735, 26265, 71492, 35041, 22667, 85381, 87967, 56897, 37761, 44123, 52620, 81795, 86745, 6668, 71796, 22328, 50981, 1304, 65894, 39334, 28965, 37736, 33502, 94725, 98644, 29317, 28672, 49720, 92944, 79154, 30886, 83581, 56853, 86563, 45680, 29702, 43297, 89488, 55541, 95711, 64055, 55857, 75831, 20915, 33733, 41601, 40608, 13946, 42643, 60946, 78379, 66893, 47265, 47663, 96044, 31575, 23271, 29732, 18765, 73934, 86595, 19623, 58152, 23341, 42797, 82035, 84610, 84617, 26296, 48384, 7808, 85181, 83581, 85225, 34491, 3068, 83145, 63958, 59227, 71005, 79763, 19625, 78522, 84816, 70026, 30736, 71763, 20974, 85431, 42194, 51257, 95945, 87370, 84376, 7316, 96397, 73523, 45377, 38170, 929, 19455, 92318, 44476, 31469, 69802, 39812, 96151, 1351, 97970, 67167, 69990, 20536, 43930, 89552, 7692, 94070, 25734, 2163, 89653, 41361, 65843, 55026, 76161, 33606, 7726, 57770, 26583, 72401, 4290, 24460, 59579, 28419, 26896, 42516, 11149, 32412, 43883, 76759, 72953, 63003, 29642, 79399, 49163, 14266, 55493, 15592, 19124, 64343, 71700, 16518, 77843, 61244, 80217, 51694, 11787, 24162, 70922, 1802, 19601, 58039, 19725, 17982, 7030, 87818, 81146, 64592, 10711, 8313, 80311, 12180, 49490, 79809, 96851, 93114, 19741, 87950, 3665, 43498, 8117, 64, 90216, 51752, 43265, 1055, 25064, 4579, 20591, 64262, 8289, 34540, 9038, 32463, 95965, 3202, 36219, 54773, 36301, 21802, 67750, 14517, 59282, 15980, 432, 86613, 99020, 91465, 77787, 78248, 48946, 57777, 58757, 97167, 43438, 57904, 2014, 13213, 67388, 10589, 17904, 46813, 71128, 52635, 3372, 7022, 6285, 13222, 36250, 40728, 91163, 35142, 11502, 89851, 62932, 77460, 96657, 21864, 99883, 81995, 74277, 60986, 50282, 74931, 46950, 5360, 53700, 31843, 59827, 47670, 32934, 30419, 79491, 57514, 74807, 23996, 53538, 62864, 15792, 27971, 79999, 4588, 61344, 72986, 76402, 5098, 58305, 25903, 32899, 85790, 91428, 60548, 56234, 39548, 43974, 98619, 77439, 15993, 73803, 83604, 25519, 18459, 20066, 25903, 97967, 33677, 7371, 6, 36499, 11324, 1243, 39947, 55479, 70470, 34082, 56050, 29544, 54987, 62746, 66607, 80357, 49628, 67933, 33670, 28091, 66945, 50534, 26141, 53322, 91035, 77729, 27580, 46478, 28257, 47427, 93318, 56880, 30918, 94174, 58362, 78991, 44614, 79630, 30263, 11791, 42548, 14198, 37648, 38023, 21220, 21014, 7344, 63974, 96287, 17660, 60202, 79326, 52006, 11171, 66690, 12255, 20285, 10423, 55277, 57487, 11691, 54689, 5652, 76519, 3461, 69755, 64707, 16312, 16295, 40601, 70148, 36176, 16065, 40040, 14183, 24121, 47242, 22032, 11279, 3191, 76223, 38556, 49976, 63279, 28556, 9220, 29217, 76607, 75006, 23148, 76606, 47161, 35794, 52195, 48659, 92402, 6526, 92368, 4935, 12370, 31129, 9968, 86963, 31409, 47029, 77066, 80727, 15785, 15932, 83533, 62000, 17471, 96923, 65812, 20445, 91749, 85889, 26308, 19486, 21715, 34331, 93146, 59506, 57820, 30428, 93243, 92765, 52847, 89535, 66389, 58839, 4150, 25361, 82879, 61511, 68281, 78697, 78403, 87273, 13980, 42687, 23918, 63683, 41580, 73250, 59609, 11414, 2509, 70598, 74474, 19451, 16064, 20767, 90079, 93316, 16483, 26688, 1007, 58343, 58155, 21038, 71715, 57917, 41869, 25781, 18714, 67682, 93754, 85684, 10313, 1573, 45762, 94524, 35755, 32943, 71827, 71670, 16558, 24105, 60194, 63460, 52030, 70450, 68115, 37170, 74590, 45567, 54629, 5725, 85172, 61417, 54506, 78169, 92443, 94152, 97286, 90729, 98431, 21923, 91806, 91215, 9539, 25283, 88955, 21992, 43568, 39295, 10889, 20789, 56007, 943, 72855, 76942, 8942, 7759, 97777, 37307, 60206, 47127, 31059, 56075, 49075, 27392, 83476, 56280, 34162, 34476, 2995, 89626, 72491, 10343, 77379, 88390, 46151, 52405, 17849, 67616, 60968, 77448, 3012, 11905, 89855, 55382, 1710, 27710, 13838, 56579, 51865, 18942, 52511, 18314, 17423, 62667, 73550, 27356, 31707, 24937, 85986, 41982, 29792, 51747, 77050, 33505, 87200, 35919, 25026, 57877, 33854, 14431, 62602, 44937, 83542, 26581, 41702, 40546, 83724, 57348, 95648, 17217, 81032, 51333, 62479, 95232, 68193, 19337, 54406, 7241, 84508, 31853, 36337, 97444, 6715, 84142, 14143, 29646, 61418, 46691, 91055, 95261, 21607, 49389, 87440, 53345, 41371, 1669, 16850, 18440, 60983, 69600, 53625, 40097, 54633, 9055, 65860, 3054, 54468, 13994, 50399, 96381, 93456, 37386, 12374, 72359, 13808, 91360, 1863, 60158, 8379, 60424, 44909, 64466, 68566, 65812, 52188, 94818]})"
149.0,7,30,48,24.782463312149048,40003,"Genotype(dna={""<class 'abc.NT_0017'>"": [0, 1863], ""<class 'abc.NT_0017_P_00000'>"": [], ""<class 'abc.NT_0001'>"": [2, 2, 2, 30908, 0, 1, 68566], ""<class 'abc.NT_0001_P_00000'>"": [], ""<class 'bool'>"": [46023, 35570, 21927, 2927, 64826, 47769, 23648, 93816, 7134, 59416, 20134, 85082, 87339, 47436, 78194, 76892, 13022, 3649, 46405, 50242, 42523, 55047, 79213, 38241, 94818, 24110, 33409], ""<class 'abc.NT_0000'>"": [1, 2, 6, 0, 0, 0, 0, 37022, 5, 2, 0, 97444, 3, 1, 0, 2, 2, 0, 74373, 6, 1, 0, 2, 0, 0, 65812], ""<class 'abc.NT_0000_P_00000'>"": [], ""<class 'int'>"": [51614, 94798, 85886, 59354, 52526, 36031, 35242, 91268, 99322, 38473, 68614, 93746, 6702, 40963, 73390, 92372, 19142, 45498, 58460, 83038, 905, 28012, 78957, 84653, 49224, 91314, 22611, 93748, 26079, 62592, 24095, 74401, 80107, 79360, 89661, 93789, 24483, 14210, 58941, 10735, 60856, 12770, 53654, 52188], ""<class 'abc.NT_0000_P_00001'>"": [], ""<class 'abc.NT_0000_P_00002'>"": [], ""<class 'abc.NT_0000_P_00003'>"": [], ""<class 'abc.NT_0000_P_00004'>"": [], ""<class 'abc.NT_0000_P_00005'>"": [], ""<class 'abc.NT_0000_P_00006'>"": [], ""<class 'abc.NT_0001_P_00001'>"": [], ""<class 'abc.NT_0001_P_00002'>"": [], ""<class 'abc.NT_0001_P_00003'>"": [], ""<class 'abc.NT_0001_P_00004'>"": [], ""<class 'abc.NT_0005'>"": [2, 8379], ""<class 'abc.NT_0005_P_00000'>"": [], ""<class 'abc.NT_0003'>"": [0, 0, 2, 73361], ""<class 'abc.NT_0003_P_00000'>"": [], ""<class 'abc.NT_0002'>"": [3, 1, 2, 3, 2, 2993], ""<class 'abc.NT_0002_P_00000'>"": [], ""<class 'abc.NT_0002_P_00001'>"": [], ""<class 'abc.NT_0002_P_00002'>"": [], ""<class 'abc.NT_0002_P_00003'>"": [], ""<class 'abc.NT_0002_P_00004'>"": [], ""<class 'abc.NT_0003_P_00001'>"": [], ""<class 'abc.NT_0003_P_00002'>"": [], ""<class 'abc.NT_0004'>"": [0, 60424], ""<class 'abc.NT_0004_P_00000'>"": [], ""<class 'abc.NT_0004_P_00001'>"": [], ""<class 'abc.NT_0005_P_00001'>"": [], ""<class 'abc.NT_0005_P_00002'>"": [], ""<class 'abc.NT_0011'>"": [], ""<class 'abc.NT_0011_P_00000'>"": [], ""<class 'abc.NT_0017_P_00001'>"": [], ""<class 'abc.NT_0012'>"": [0, 60158], ""<class 'abc.NT_0012_P_00000'>"": [], ""<class 'abc.NT_0010'>"": [], ""<class 'abc.NT_0010_P_00000'>"": [], ""<class 'abc.NT_0009'>"": [], ""<class 'abc.NT_0009_P_00000'>"": [], ""<class 'abc.NT_0008'>"": [], ""<class 'abc.NT_0008_P_00000'>"": [], ""<class 'abc.NT_0006'>"": [], ""<class 'abc.NT_0006_P_00000'>"": [], ""<class 'abc.NT_0008_P_00001'>"": [], ""<class 'abc.NT_0008_P_00002'>"": [], ""<class 'abc.NT_0008_P_00003'>"": [], ""<class 'abc.NT_0008_P_00004'>"": [], ""<class 'abc.NT_0007'>"": [], ""<class 'abc.NT_0007_P_00000'>"": [], ""<class 'abc.NT_0007_P_00001'>"": [], ""<class 'abc.NT_0007_P_00002'>"": [], ""<class 'abc.NT_0009_P_00001'>"": [], ""<class 'abc.NT_0010_P_00001'>"": [], ""<class 'abc.NT_0010_P_00002'>"": [], ""<class 'abc.NT_0012_P_00001'>"": [], ""<class 'abc.NT_0012_P_00002'>"": [], '$leftovers': [24110, 33409, 84800, 52930, 73355, 35471, 40030, 9296, 20749, 33075, 49628, 11537, 15, 90830, 51946, 20435, 67193, 37276, 25620, 25545, 23848, 32840, 79736, 6117, 22259, 57571, 60709, 16020, 90131, 83681, 49236, 19740, 96719, 28286, 96500, 25056, 2425, 4606, 76743, 50141, 80972, 89178, 58155, 60076, 20023, 49957, 78859, 71701, 63157, 51036, 27194, 57618, 41826, 72622, 26518, 13650, 37174, 65866, 51535, 26693, 46306, 18622, 78957, 96794, 12749, 98789, 43609, 19799, 33366, 8952, 34480, 94159, 44897, 75759, 82931, 16277, 14916, 72994, 49309, 70538, 2034, 42550, 91026, 7880, 3338, 60131, 98080, 28093, 32900, 15622, 26775, 29552, 32342, 14515, 36096, 41783, 62811, 37254, 75355, 63411, 75272, 23694, 84310, 71082, 79212, 33588, 90706, 48187, 31189, 88482, 9367, 56255, 79617, 1270, 55560, 26203, 26155, 40545, 15484, 55048, 21590, 6079, 95713, 42042, 7599, 11012, 10867, 6326, 4226, 36219, 64167, 95573, 17592, 32396, 33047, 42672, 14688, 56724, 34006, 26116, 19739, 92564, 32446, 49106, 86197, 89608, 29620, 89318, 4676, 30220, 92140, 82233, 42586, 84937, 67832, 88616, 54115, 36688, 72537, 89206, 19927, 60142, 31365, 9503, 17153, 77426, 27373, 71618, 24526, 11066, 35200, 85609, 149, 12686, 31762, 76331, 79662, 42034, 4753, 45093, 9160, 29879, 54031, 81574, 52405, 74338, 45103, 97062, 38418, 65500, 83214, 33515, 71498, 84236, 27012, 42946, 15648, 18758, 74221, 18239, 86131, 1230, 2760, 87805, 47794, 89910, 39873, 11161, 88967, 57997, 33988, 52998, 11574, 11690, 91965, 60505, 6728, 20304, 66663, 21797, 36314, 23383, 77728, 66566, 30573, 81589, 35200, 85889, 50823, 87892, 82732, 87939, 51151, 25364, 57741, 65481, 95697, 91763, 24126, 50698, 89794, 21082, 38556, 8845, 86758, 95312, 40982, 27576, 22409, 10764, 59686, 42374, 46705, 20305, 91930, 20443, 55812, 94550, 17871, 37347, 86111, 91872, 76531, 97561, 22247, 70828, 10031, 86871, 3457, 34403, 47195, 55824, 77269, 2312, 23015, 10509, 90685, 33220, 5095, 32669, 57665, 87461, 23705, 23892, 79569, 25099, 22463, 6825, 87678, 12700, 8086, 18347, 2080, 81725, 1743, 21695, 98864, 601, 27012, 26238, 83756, 20196, 9283, 37922, 9584, 31059, 69305, 33408, 87700, 5472, 17218, 94029, 30946, 42707, 26938, 23929, 42631, 58629, 82345, 34078, 27640, 26857, 52482, 1908, 53363, 57718, 53277, 60874, 47192, 65156, 64324, 98908, 18086, 34571, 80780, 21654, 13015, 54185, 65778, 82905, 54333, 16295, 29750, 10179, 8498, 41149, 76875, 75817, 52840, 36350, 67047, 80721, 50387, 89921, 76598, 79179, 69374, 34188, 84323, 90189, 80063, 75353, 58141, 98604, 61869, 50914, 95998, 60953, 31372, 32800, 20253, 10965, 57825, 30921, 72002, 23478, 52144, 74671, 49790, 35369, 96851, 96268, 91735, 26265, 71492, 35041, 22667, 85381, 87967, 56897, 37761, 44123, 52620, 81795, 86745, 6668, 71796, 22328, 50981, 1304, 65894, 39334, 28965, 37736, 33502, 94725, 98644, 29317, 28672, 49720, 92944, 79154, 30886, 83581, 56853, 86563, 45680, 29702, 43297, 89488, 55541, 95711, 64055, 55857, 75831, 20915, 33733, 41601, 40608, 13946, 42643, 60946, 78379, 66893, 47265, 47663, 96044, 31575, 23271, 29732, 18765, 73934, 86595, 19623, 58152, 23341, 42797, 82035, 84610, 84617, 26296, 48384, 7808, 85181, 83581, 85225, 34491, 3068, 83145, 63958, 59227, 71005, 79763, 19625, 78522, 84816, 70026, 30736, 71763, 20974, 85431, 42194, 51257, 95945, 87370, 84376, 7316, 96397, 73523, 45377, 38170, 929, 19455, 92318, 44476, 31469, 69802, 39812, 96151, 1351, 97970, 67167, 69990, 20536, 43930, 89552, 7692, 94070, 25734, 2163, 89653, 41361, 65843, 55026, 76161, 33606, 7726, 57770, 26583, 72401, 4290, 24460, 59579, 28419, 26896, 42516, 11149, 32412, 43883, 76759, 72953, 63003, 29642, 79399, 49163, 14266, 55493, 15592, 19124, 64343, 71700, 16518, 77843, 61244, 80217, 51694, 11787, 24162, 70922, 1802, 19601, 58039, 19725, 17982, 7030, 87818, 81146, 64592, 10711, 8313, 80311, 12180, 49490, 79809, 96851, 93114, 19741, 87950, 3665, 43498, 8117, 64, 90216, 51752, 43265, 1055, 25064, 4579, 20591, 64262, 8289, 34540, 9038, 32463, 95965, 3202, 36219, 54773, 36301, 21802, 67750, 14517, 59282, 15980, 432, 86613, 99020, 91465, 77787, 78248, 48946, 57777, 58757, 97167, 43438, 57904, 2014, 13213, 67388, 10589, 17904, 46813, 71128, 52635, 3372, 7022, 6285, 13222, 36250, 40728, 91163, 35142, 11502, 89851, 62932, 77460, 96657, 21864, 99883, 81995, 74277, 60986, 50282, 74931, 46950, 5360, 53700, 31843, 59827, 47670, 32934, 30419, 79491, 57514, 74807, 23996, 53538, 62864, 15792, 27971, 79999, 4588, 61344, 72986, 76402, 5098, 58305, 25903, 32899, 85790, 91428, 60548, 56234, 39548, 43974, 98619, 77439, 15993, 73803, 83604, 25519, 18459, 20066, 25903, 97967, 33677, 7371, 6, 36499, 11324, 1243, 39947, 55479, 70470, 34082, 56050, 29544, 54987, 62746, 66607, 80357, 49628, 67933, 33670, 28091, 66945, 50534, 26141, 53322, 91035, 77729, 27580, 46478, 28257, 47427, 93318, 56880, 30918, 94174, 58362, 78991, 44614, 79630, 30263, 11791, 42548, 14198, 37648, 38023, 21220, 21014, 7344, 63974, 96287, 17660, 60202, 79326, 52006, 11171, 66690, 12255, 20285, 10423, 55277, 57487, 11691, 54689, 5652, 76519, 3461, 69755, 64707, 16312, 16295, 40601, 70148, 36176, 16065, 40040, 14183, 24121, 47242, 22032, 11279, 3191, 76223, 38556, 49976, 63279, 28556, 9220, 29217, 76607, 75006, 23148, 76606, 47161, 35794, 52195, 48659, 92402, 6526, 92368, 4935, 12370, 31129, 9968, 86963, 31409, 47029, 77066, 80727, 15785, 15932, 83533, 62000, 17471, 96923, 65812, 20445, 91749, 85889, 26308, 19486, 21715, 34331, 93146, 59506, 57820, 30428, 93243, 92765, 52847, 89535, 66389, 58839, 4150, 25361, 82879, 61511, 68281, 78697, 78403, 87273, 13980, 42687, 23918, 63683, 41580, 73250, 59609, 11414, 2509, 70598, 74474, 19451, 16064, 20767, 90079, 93316, 16483, 26688, 1007, 58343, 58155, 21038, 71715, 57917, 41869, 25781, 18714, 67682, 93754, 85684, 10313, 1573, 45762, 94524, 35755, 32943, 71827, 71670, 16558, 24105, 60194, 63460, 52030, 70450, 68115, 37170, 74590, 45567, 54629, 5725, 85172, 61417, 54506, 78169, 92443, 94152, 97286, 90729, 98431, 21923, 91806, 91215, 9539, 25283, 88955, 21992, 43568, 39295, 10889, 20789, 56007, 943, 72855, 76942, 8942, 7759, 97777, 37307, 60206, 47127, 31059, 56075, 49075, 27392, 83476, 56280, 34162, 34476, 2995, 89626, 72491, 10343, 77379, 88390, 46151, 52405, 17849, 67616, 60968, 77448, 3012, 11905, 89855, 55382, 1710, 27710, 13838, 56579, 51865, 18942, 52511, 18314, 17423, 62667, 73550, 27356, 31707, 24937, 85986, 41982, 29792, 51747, 77050, 33505, 87200, 35919, 25026, 57877, 33854, 14431, 62602, 44937, 83542, 26581, 41702, 40546, 83724, 57348, 95648, 17217, 81032, 51333, 62479, 95232, 68193, 19337, 54406, 7241, 84508, 31853, 36337, 97444, 6715, 84142, 14143, 29646, 61418, 46691, 91055, 95261, 21607, 49389, 87440, 53345, 41371, 1669, 16850, 18440, 60983, 69600, 53625, 40097, 54633, 9055, 65860, 3054, 54468, 13994, 50399, 96381, 93456, 37386, 12374, 72359, 13808, 91360, 1863, 60158, 8379, 60424, 44909, 64466, 68566, 65812, 52188, 94818]})"
149.0,7,30,49,25.172915935516357,40003,"Genotype(dna={""<class 'abc.NT_0017'>"": [0, 1863], ""<class 'abc.NT_0017_P_00000'>"": [], ""<class 'abc.NT_0001'>"": [2, 2, 2, 30908, 0, 1, 68566], ""<class 'abc.NT_0001_P_00000'>"": [], ""<class 'bool'>"": [46023, 35570, 21927, 2927, 64826, 47769, 23648, 93816, 7134, 59416, 20134, 85082, 87339, 47436, 78194, 76892, 13022, 3649, 46405, 50242, 42523, 55047, 79213, 38241, 94818, 24110, 33409], ""<class 'abc.NT_0000'>"": [1, 2, 6, 0, 0, 0, 0, 37022, 5, 2, 0, 97444, 3, 1, 0, 2, 2, 0, 74373, 6, 1, 0, 2, 0, 0, 65812], ""<class 'abc.NT_0000_P_00000'>"": [], ""<class 'int'>"": [51614, 94798, 85886, 59354, 52526, 36031, 35242, 91268, 99322, 38473, 68614, 93746, 6702, 40963, 73390, 92372, 19142, 45498, 58460, 83038, 905, 28012, 78957, 84653, 49224, 91314, 22611, 93748, 26079, 62592, 24095, 74401, 80107, 79360, 89661, 93789, 24483, 14210, 58941, 10735, 60856, 12770, 53654, 52188], ""<class 'abc.NT_0000_P_00001'>"": [], ""<class 'abc.NT_0000_P_00002'>"": [], ""<class 'abc.NT_0000_P_00003'>"": [], ""<class 'abc.NT_0000_P_00004'>"": [], ""<class 'abc.NT_0000_P_00005'>"": [], ""<class 'abc.NT_0000_P_00006'>"": [], ""<class 'abc.NT_0001_P_00001'>"": [], ""<class 'abc.NT_0001_P_00002'>"": [], ""<class 'abc.NT_0001_P_00003'>"": [], ""<class 'abc.NT_0001_P_00004'>"": [], ""<class 'abc.NT_0005'>"": [2, 8379], ""<class 'abc.NT_0005_P_00000'>"": [], ""<class 'abc.NT_0003'>"": [0, 0, 2, 73361], ""<class 'abc.NT_0003_P_00000'>"": [], ""<class 'abc.NT_0002'>"": [3, 1, 2, 3, 2, 2993], ""<class 'abc.NT_0002_P_00000'>"": [], ""<class 'abc.NT_0002_P_00001'>"": [], ""<class 'abc.NT_0002_P_00002'>"": [], ""<class 'abc.NT_0002_P_00003'>"": [], ""<class 'abc.NT_0002_P_00004'>"": [], ""<class 'abc.NT_0003_P_00001'>"": [], ""<class 'abc.NT_0003_P_00002'>"": [], ""<class 'abc.NT_0004'>"": [0, 60424], ""<class 'abc.NT_0004_P_00000'>"": [], ""<class 'abc.NT_0004_P_00001'>"": [], ""<class 'abc.NT_0005_P_00001'>"": [], ""<class 'abc.NT_0005_P_00002'>"": [], ""<class 'abc.NT_0011'>"": [], ""<class 'abc.NT_0011_P_00000'>"": [], ""<class 'abc.NT_0017_P_00001'>"": [], ""<class 'abc.NT_0012'>"": [0, 60158], ""<class 'abc.NT_0012_P_00000'>"": [], ""<class 'abc.NT_0010'>"": [], ""<class 'abc.NT_0010_P_00000'>"": [], ""<class 'abc.NT_0009'>"": [], ""<class 'abc.NT_0009_P_00000'>"": [], ""<class 'abc.NT_0008'>"": [], ""<class 'abc.NT_0008_P_00000'>"": [], ""<class 'abc.NT_0006'>"": [], ""<class 'abc.NT_0006_P_00000'>"": [], ""<class 'abc.NT_0008_P_00001'>"": [], ""<class 'abc.NT_0008_P_00002'>"": [], ""<class 'abc.NT_0008_P_00003'>"": [], ""<class 'abc.NT_0008_P_00004'>"": [], ""<class 'abc.NT_0007'>"": [], ""<class 'abc.NT_0007_P_00000'>"": [], ""<class 'abc.NT_0007_P_00001'>"": [], ""<class 'abc.NT_0007_P_00002'>"": [], ""<class 'abc.NT_0009_P_00001'>"": [], ""<class 'abc.NT_0010_P_00001'>"": [], ""<class 'abc.NT_0010_P_00002'>"": [], ""<class 'abc.NT_0012_P_00001'>"": [], ""<class 'abc.NT_0012_P_00002'>"": [], '$leftovers': [24110, 33409, 84800, 52930, 73355, 35471, 40030, 9296, 20749, 33075, 49628, 11537, 15, 90830, 51946, 20435, 67193, 37276, 25620, 25545, 23848, 32840, 79736, 6117, 22259, 57571, 60709, 16020, 90131, 83681, 49236, 19740, 96719, 28286, 96500, 25056, 2425, 4606, 76743, 50141, 80972, 89178, 58155, 60076, 20023, 49957, 78859, 71701, 63157, 51036, 27194, 57618, 41826, 72622, 26518, 13650, 37174, 65866, 51535, 26693, 46306, 18622, 78957, 96794, 12749, 98789, 43609, 19799, 33366, 8952, 34480, 94159, 44897, 75759, 82931, 16277, 14916, 72994, 49309, 70538, 2034, 42550, 91026, 7880, 3338, 60131, 98080, 28093, 32900, 15622, 26775, 29552, 32342, 14515, 36096, 41783, 62811, 37254, 75355, 63411, 75272, 23694, 84310, 71082, 79212, 33588, 90706, 48187, 31189, 88482, 9367, 56255, 79617, 1270, 55560, 26203, 26155, 40545, 15484, 55048, 21590, 6079, 95713, 42042, 7599, 11012, 10867, 6326, 4226, 36219, 64167, 95573, 17592, 32396, 33047, 42672, 14688, 56724, 34006, 26116, 19739, 92564, 32446, 49106, 86197, 89608, 29620, 89318, 4676, 30220, 92140, 82233, 42586, 84937, 67832, 88616, 54115, 36688, 72537, 89206, 19927, 60142, 31365, 9503, 17153, 77426, 27373, 71618, 24526, 11066, 35200, 85609, 149, 12686, 31762, 76331, 79662, 42034, 4753, 45093, 9160, 29879, 54031, 81574, 52405, 74338, 45103, 97062, 38418, 65500, 83214, 33515, 71498, 84236, 27012, 42946, 15648, 18758, 74221, 18239, 86131, 1230, 2760, 87805, 47794, 89910, 39873, 11161, 88967, 57997, 33988, 52998, 11574, 11690, 91965, 60505, 6728, 20304, 66663, 21797, 36314, 23383, 77728, 66566, 30573, 81589, 35200, 85889, 50823, 87892, 82732, 87939, 51151, 25364, 57741, 65481, 95697, 91763, 24126, 50698, 89794, 21082, 38556, 8845, 86758, 95312, 40982, 27576, 22409, 10764, 59686, 42374, 46705, 20305, 91930, 20443, 55812, 94550, 17871, 37347, 86111, 91872, 76531, 97561, 22247, 70828, 10031, 86871, 3457, 34403, 47195, 55824, 77269, 2312, 23015, 10509, 90685, 33220, 5095, 32669, 57665, 87461, 23705, 23892, 79569, 25099, 22463, 6825, 87678, 12700, 8086, 18347, 2080, 81725, 1743, 21695, 98864, 601, 27012, 26238, 83756, 20196, 9283, 37922, 9584, 31059, 69305, 33408, 87700, 5472, 17218, 94029, 30946, 42707, 26938, 23929, 42631, 58629, 82345, 34078, 27640, 26857, 52482, 1908, 53363, 57718, 53277, 60874, 47192, 65156, 64324, 98908, 18086, 34571, 80780, 21654, 13015, 54185, 65778, 82905, 54333, 16295, 29750, 10179, 8498, 41149, 76875, 75817, 52840, 36350, 67047, 80721, 50387, 89921, 76598, 79179, 69374, 34188, 84323, 90189, 80063, 75353, 58141, 98604, 61869, 50914, 95998, 60953, 31372, 32800, 20253, 10965, 57825, 30921, 72002, 23478, 52144, 74671, 49790, 35369, 96851, 96268, 91735, 26265, 71492, 35041, 22667, 85381, 87967, 56897, 37761, 44123, 52620, 81795, 86745, 6668, 71796, 22328, 50981, 1304, 65894, 39334, 28965, 37736, 33502, 94725, 98644, 29317, 28672, 49720, 92944, 79154, 30886, 83581, 56853, 86563, 45680, 29702, 43297, 89488, 55541, 95711, 64055, 55857, 75831, 20915, 33733, 41601, 40608, 13946, 42643, 60946, 78379, 66893, 47265, 47663, 96044, 31575, 23271, 29732, 18765, 73934, 86595, 19623, 58152, 23341, 42797, 82035, 84610, 84617, 26296, 48384, 7808, 85181, 83581, 85225, 34491, 3068, 83145, 63958, 59227, 71005, 79763, 19625, 78522, 84816, 70026, 30736, 71763, 20974, 85431, 42194, 51257, 95945, 87370, 84376, 7316, 96397, 73523, 45377, 38170, 929, 19455, 92318, 44476, 31469, 69802, 39812, 96151, 1351, 97970, 67167, 69990, 20536, 43930, 89552, 7692, 94070, 25734, 2163, 89653, 41361, 65843, 55026, 76161, 33606, 7726, 57770, 26583, 72401, 4290, 24460, 59579, 28419, 26896, 42516, 11149, 32412, 43883, 76759, 72953, 63003, 29642, 79399, 49163, 14266, 55493, 15592, 19124, 64343, 71700, 16518, 77843, 61244, 80217, 51694, 11787, 24162, 70922, 1802, 19601, 58039, 19725, 17982, 7030, 87818, 81146, 64592, 10711, 8313, 80311, 12180, 49490, 79809, 96851, 93114, 19741, 87950, 3665, 43498, 8117, 64, 90216, 51752, 43265, 1055, 25064, 4579, 20591, 64262, 8289, 34540, 9038, 32463, 95965, 3202, 36219, 54773, 36301, 21802, 67750, 14517, 59282, 15980, 432, 86613, 99020, 91465, 77787, 78248, 48946, 57777, 58757, 97167, 43438, 57904, 2014, 13213, 67388, 10589, 17904, 46813, 71128, 52635, 3372, 7022, 6285, 13222, 36250, 40728, 91163, 35142, 11502, 89851, 62932, 77460, 96657, 21864, 99883, 81995, 74277, 60986, 50282, 74931, 46950, 5360, 53700, 31843, 59827, 47670, 32934, 30419, 79491, 57514, 74807, 23996, 53538, 62864, 15792, 27971, 79999, 4588, 61344, 72986, 76402, 5098, 58305, 25903, 32899, 85790, 91428, 60548, 56234, 39548, 43974, 98619, 77439, 15993, 73803, 83604, 25519, 18459, 20066, 25903, 97967, 33677, 7371, 6, 36499, 11324, 1243, 39947, 55479, 70470, 34082, 56050, 29544, 54987, 62746, 66607, 80357, 49628, 67933, 33670, 28091, 66945, 50534, 26141, 53322, 91035, 77729, 27580, 46478, 28257, 47427, 93318, 56880, 30918, 94174, 58362, 78991, 44614, 79630, 30263, 11791, 42548, 14198, 37648, 38023, 21220, 21014, 7344, 63974, 96287, 17660, 60202, 79326, 52006, 11171, 66690, 12255, 20285, 10423, 55277, 57487, 11691, 54689, 5652, 76519, 3461, 69755, 64707, 16312, 16295, 40601, 70148, 36176, 16065, 40040, 14183, 24121, 47242, 22032, 11279, 3191, 76223, 38556, 49976, 63279, 28556, 9220, 29217, 76607, 75006, 23148, 76606, 47161, 35794, 52195, 48659, 92402, 6526, 92368, 4935, 12370, 31129, 9968, 86963, 31409, 47029, 77066, 80727, 15785, 15932, 83533, 62000, 17471, 96923, 65812, 20445, 91749, 85889, 26308, 19486, 21715, 34331, 93146, 59506, 57820, 30428, 93243, 92765, 52847, 89535, 66389, 58839, 4150, 25361, 82879, 61511, 68281, 78697, 78403, 87273, 13980, 42687, 23918, 63683, 41580, 73250, 59609, 11414, 2509, 70598, 74474, 19451, 16064, 20767, 90079, 93316, 16483, 26688, 1007, 58343, 58155, 21038, 71715, 57917, 41869, 25781, 18714, 67682, 93754, 85684, 10313, 1573, 45762, 94524, 35755, 32943, 71827, 71670, 16558, 24105, 60194, 63460, 52030, 70450, 68115, 37170, 74590, 45567, 54629, 5725, 85172, 61417, 54506, 78169, 92443, 94152, 97286, 90729, 98431, 21923, 91806, 91215, 9539, 25283, 88955, 21992, 43568, 39295, 10889, 20789, 56007, 943, 72855, 76942, 8942, 7759, 97777, 37307, 60206, 47127, 31059, 56075, 49075, 27392, 83476, 56280, 34162, 34476, 2995, 89626, 72491, 10343, 77379, 88390, 46151, 52405, 17849, 67616, 60968, 77448, 3012, 11905, 89855, 55382, 1710, 27710, 13838, 56579, 51865, 18942, 52511, 18314, 17423, 62667, 73550, 27356, 31707, 24937, 85986, 41982, 29792, 51747, 77050, 33505, 87200, 35919, 25026, 57877, 33854, 14431, 62602, 44937, 83542, 26581, 41702, 40546, 83724, 57348, 95648, 17217, 81032, 51333, 62479, 95232, 68193, 19337, 54406, 7241, 84508, 31853, 36337, 97444, 6715, 84142, 14143, 29646, 61418, 46691, 91055, 95261, 21607, 49389, 87440, 53345, 41371, 1669, 16850, 18440, 60983, 69600, 53625, 40097, 54633, 9055, 65860, 3054, 54468, 13994, 50399, 96381, 93456, 37386, 12374, 72359, 13808, 91360, 1863, 60158, 8379, 60424, 44909, 64466, 68566, 65812, 52188, 94818]})"
149.0,7,30,50,25.588847875595093,40003,"Genotype(dna={""<class 'abc.NT_0017'>"": [0, 1863], ""<class 'abc.NT_0017_P_00000'>"": [], ""<class 'abc.NT_0001'>"": [2, 2, 2, 30908, 0, 1, 68566], ""<class 'abc.NT_0001_P_00000'>"": [], ""<class 'bool'>"": [46023, 35570, 21927, 2927, 64826, 47769, 23648, 93816, 7134, 59416, 20134, 85082, 87339, 47436, 78194, 76892, 13022, 3649, 46405, 50242, 42523, 55047, 79213, 38241, 94818, 24110, 33409], ""<class 'abc.NT_0000'>"": [1, 2, 6, 0, 0, 0, 0, 37022, 5, 2, 0, 97444, 3, 1, 0, 2, 2, 0, 74373, 6, 1, 0, 2, 0, 0, 65812], ""<class 'abc.NT_0000_P_00000'>"": [], ""<class 'int'>"": [51614, 94798, 85886, 59354, 52526, 36031, 35242, 91268, 99322, 38473, 68614, 93746, 6702, 40963, 73390, 92372, 19142, 45498, 58460, 83038, 905, 28012, 78957, 84653, 49224, 91314, 22611, 93748, 26079, 62592, 24095, 74401, 80107, 79360, 89661, 93789, 24483, 14210, 58941, 10735, 60856, 12770, 53654, 52188], ""<class 'abc.NT_0000_P_00001'>"": [], ""<class 'abc.NT_0000_P_00002'>"": [], ""<class 'abc.NT_0000_P_00003'>"": [], ""<class 'abc.NT_0000_P_00004'>"": [], ""<class 'abc.NT_0000_P_00005'>"": [], ""<class 'abc.NT_0000_P_00006'>"": [], ""<class 'abc.NT_0001_P_00001'>"": [], ""<class 'abc.NT_0001_P_00002'>"": [], ""<class 'abc.NT_0001_P_00003'>"": [], ""<class 'abc.NT_0001_P_00004'>"": [], ""<class 'abc.NT_0005'>"": [2, 8379], ""<class 'abc.NT_0005_P_00000'>"": [], ""<class 'abc.NT_0003'>"": [0, 0, 2, 73361], ""<class 'abc.NT_0003_P_00000'>"": [], ""<class 'abc.NT_0002'>"": [3, 1, 2, 3, 2, 2993], ""<class 'abc.NT_0002_P_00000'>"": [], ""<class 'abc.NT_0002_P_00001'>"": [], ""<class 'abc.NT_0002_P_00002'>"": [], ""<class 'abc.NT_0002_P_00003'>"": [], ""<class 'abc.NT_0002_P_00004'>"": [], ""<class 'abc.NT_0003_P_00001'>"": [], ""<class 'abc.NT_0003_P_00002'>"": [], ""<class 'abc.NT_0004'>"": [0, 60424], ""<class 'abc.NT_0004_P_00000'>"": [], ""<class 'abc.NT_0004_P_00001'>"": [], ""<class 'abc.NT_0005_P_00001'>"": [], ""<class 'abc.NT_0005_P_00002'>"": [], ""<class 'abc.NT_0011'>"": [], ""<class 'abc.NT_0011_P_00000'>"": [], ""<class 'abc.NT_0017_P_00001'>"": [], ""<class 'abc.NT_0012'>"": [0, 60158], ""<class 'abc.NT_0012_P_00000'>"": [], ""<class 'abc.NT_0010'>"": [], ""<class 'abc.NT_0010_P_00000'>"": [], ""<class 'abc.NT_0009'>"": [], ""<class 'abc.NT_0009_P_00000'>"": [], ""<class 'abc.NT_0008'>"": [], ""<class 'abc.NT_0008_P_00000'>"": [], ""<class 'abc.NT_0006'>"": [], ""<class 'abc.NT_0006_P_00000'>"": [], ""<class 'abc.NT_0008_P_00001'>"": [], ""<class 'abc.NT_0008_P_00002'>"": [], ""<class 'abc.NT_0008_P_00003'>"": [], ""<class 'abc.NT_0008_P_00004'>"": [], ""<class 'abc.NT_0007'>"": [], ""<class 'abc.NT_0007_P_00000'>"": [], ""<class 'abc.NT_0007_P_00001'>"": [], ""<class 'abc.NT_0007_P_00002'>"": [], ""<class 'abc.NT_0009_P_00001'>"": [], ""<class 'abc.NT_0010_P_00001'>"": [], ""<class 'abc.NT_0010_P_00002'>"": [], ""<class 'abc.NT_0012_P_00001'>"": [], ""<class 'abc.NT_0012_P_00002'>"": [], '$leftovers': [24110, 33409, 84800, 52930, 73355, 35471, 40030, 9296, 20749, 33075, 49628, 11537, 15, 90830, 51946, 20435, 67193, 37276, 25620, 25545, 23848, 32840, 79736, 6117, 22259, 57571, 60709, 16020, 90131, 83681, 49236, 19740, 96719, 28286, 96500, 25056, 2425, 4606, 76743, 50141, 80972, 89178, 58155, 60076, 20023, 49957, 78859, 71701, 63157, 51036, 27194, 57618, 41826, 72622, 26518, 13650, 37174, 65866, 51535, 26693, 46306, 18622, 78957, 96794, 12749, 98789, 43609, 19799, 33366, 8952, 34480, 94159, 44897, 75759, 82931, 16277, 14916, 72994, 49309, 70538, 2034, 42550, 91026, 7880, 3338, 60131, 98080, 28093, 32900, 15622, 26775, 29552, 32342, 14515, 36096, 41783, 62811, 37254, 75355, 63411, 75272, 23694, 84310, 71082, 79212, 33588, 90706, 48187, 31189, 88482, 9367, 56255, 79617, 1270, 55560, 26203, 26155, 40545, 15484, 55048, 21590, 6079, 95713, 42042, 7599, 11012, 10867, 6326, 4226, 36219, 64167, 95573, 17592, 32396, 33047, 42672, 14688, 56724, 34006, 26116, 19739, 92564, 32446, 49106, 86197, 89608, 29620, 89318, 4676, 30220, 92140, 82233, 42586, 84937, 67832, 88616, 54115, 36688, 72537, 89206, 19927, 60142, 31365, 9503, 17153, 77426, 27373, 71618, 24526, 11066, 35200, 85609, 149, 12686, 31762, 76331, 79662, 42034, 4753, 45093, 9160, 29879, 54031, 81574, 52405, 74338, 45103, 97062, 38418, 65500, 83214, 33515, 71498, 84236, 27012, 42946, 15648, 18758, 74221, 18239, 86131, 1230, 2760, 87805, 47794, 89910, 39873, 11161, 88967, 57997, 33988, 52998, 11574, 11690, 91965, 60505, 6728, 20304, 66663, 21797, 36314, 23383, 77728, 66566, 30573, 81589, 35200, 85889, 50823, 87892, 82732, 87939, 51151, 25364, 57741, 65481, 95697, 91763, 24126, 50698, 89794, 21082, 38556, 8845, 86758, 95312, 40982, 27576, 22409, 10764, 59686, 42374, 46705, 20305, 91930, 20443, 55812, 94550, 17871, 37347, 86111, 91872, 76531, 97561, 22247, 70828, 10031, 86871, 3457, 34403, 47195, 55824, 77269, 2312, 23015, 10509, 90685, 33220, 5095, 32669, 57665, 87461, 23705, 23892, 79569, 25099, 22463, 6825, 87678, 12700, 8086, 18347, 2080, 81725, 1743, 21695, 98864, 601, 27012, 26238, 83756, 20196, 9283, 37922, 9584, 31059, 69305, 33408, 87700, 5472, 17218, 94029, 30946, 42707, 26938, 23929, 42631, 58629, 82345, 34078, 27640, 26857, 52482, 1908, 53363, 57718, 53277, 60874, 47192, 65156, 64324, 98908, 18086, 34571, 80780, 21654, 13015, 54185, 65778, 82905, 54333, 16295, 29750, 10179, 8498, 41149, 76875, 75817, 52840, 36350, 67047, 80721, 50387, 89921, 76598, 79179, 69374, 34188, 84323, 90189, 80063, 75353, 58141, 98604, 61869, 50914, 95998, 60953, 31372, 32800, 20253, 10965, 57825, 30921, 72002, 23478, 52144, 74671, 49790, 35369, 96851, 96268, 91735, 26265, 71492, 35041, 22667, 85381, 87967, 56897, 37761, 44123, 52620, 81795, 86745, 6668, 71796, 22328, 50981, 1304, 65894, 39334, 28965, 37736, 33502, 94725, 98644, 29317, 28672, 49720, 92944, 79154, 30886, 83581, 56853, 86563, 45680, 29702, 43297, 89488, 55541, 95711, 64055, 55857, 75831, 20915, 33733, 41601, 40608, 13946, 42643, 60946, 78379, 66893, 47265, 47663, 96044, 31575, 23271, 29732, 18765, 73934, 86595, 19623, 58152, 23341, 42797, 82035, 84610, 84617, 26296, 48384, 7808, 85181, 83581, 85225, 34491, 3068, 83145, 63958, 59227, 71005, 79763, 19625, 78522, 84816, 70026, 30736, 71763, 20974, 85431, 42194, 51257, 95945, 87370, 84376, 7316, 96397, 73523, 45377, 38170, 929, 19455, 92318, 44476, 31469, 69802, 39812, 96151, 1351, 97970, 67167, 69990, 20536, 43930, 89552, 7692, 94070, 25734, 2163, 89653, 41361, 65843, 55026, 76161, 33606, 7726, 57770, 26583, 72401, 4290, 24460, 59579, 28419, 26896, 42516, 11149, 32412, 43883, 76759, 72953, 63003, 29642, 79399, 49163, 14266, 55493, 15592, 19124, 64343, 71700, 16518, 77843, 61244, 80217, 51694, 11787, 24162, 70922, 1802, 19601, 58039, 19725, 17982, 7030, 87818, 81146, 64592, 10711, 8313, 80311, 12180, 49490, 79809, 96851, 93114, 19741, 87950, 3665, 43498, 8117, 64, 90216, 51752, 43265, 1055, 25064, 4579, 20591, 64262, 8289, 34540, 9038, 32463, 95965, 3202, 36219, 54773, 36301, 21802, 67750, 14517, 59282, 15980, 432, 86613, 99020, 91465, 77787, 78248, 48946, 57777, 58757, 97167, 43438, 57904, 2014, 13213, 67388, 10589, 17904, 46813, 71128, 52635, 3372, 7022, 6285, 13222, 36250, 40728, 91163, 35142, 11502, 89851, 62932, 77460, 96657, 21864, 99883, 81995, 74277, 60986, 50282, 74931, 46950, 5360, 53700, 31843, 59827, 47670, 32934, 30419, 79491, 57514, 74807, 23996, 53538, 62864, 15792, 27971, 79999, 4588, 61344, 72986, 76402, 5098, 58305, 25903, 32899, 85790, 91428, 60548, 56234, 39548, 43974, 98619, 77439, 15993, 73803, 83604, 25519, 18459, 20066, 25903, 97967, 33677, 7371, 6, 36499, 11324, 1243, 39947, 55479, 70470, 34082, 56050, 29544, 54987, 62746, 66607, 80357, 49628, 67933, 33670, 28091, 66945, 50534, 26141, 53322, 91035, 77729, 27580, 46478, 28257, 47427, 93318, 56880, 30918, 94174, 58362, 78991, 44614, 79630, 30263, 11791, 42548, 14198, 37648, 38023, 21220, 21014, 7344, 63974, 96287, 17660, 60202, 79326, 52006, 11171, 66690, 12255, 20285, 10423, 55277, 57487, 11691, 54689, 5652, 76519, 3461, 69755, 64707, 16312, 16295, 40601, 70148, 36176, 16065, 40040, 14183, 24121, 47242, 22032, 11279, 3191, 76223, 38556, 49976, 63279, 28556, 9220, 29217, 76607, 75006, 23148, 76606, 47161, 35794, 52195, 48659, 92402, 6526, 92368, 4935, 12370, 31129, 9968, 86963, 31409, 47029, 77066, 80727, 15785, 15932, 83533, 62000, 17471, 96923, 65812, 20445, 91749, 85889, 26308, 19486, 21715, 34331, 93146, 59506, 57820, 30428, 93243, 92765, 52847, 89535, 66389, 58839, 4150, 25361, 82879, 61511, 68281, 78697, 78403, 87273, 13980, 42687, 23918, 63683, 41580, 73250, 59609, 11414, 2509, 70598, 74474, 19451, 16064, 20767, 90079, 93316, 16483, 26688, 1007, 58343, 58155, 21038, 71715, 57917, 41869, 25781, 18714, 67682, 93754, 85684, 10313, 1573, 45762, 94524, 35755, 32943, 71827, 71670, 16558, 24105, 60194, 63460, 52030, 70450, 68115, 37170, 74590, 45567, 54629, 5725, 85172, 61417, 54506, 78169, 92443, 94152, 97286, 90729, 98431, 21923, 91806, 91215, 9539, 25283, 88955, 21992, 43568, 39295, 10889, 20789, 56007, 943, 72855, 76942, 8942, 7759, 97777, 37307, 60206, 47127, 31059, 56075, 49075, 27392, 83476, 56280, 34162, 34476, 2995, 89626, 72491, 10343, 77379, 88390, 46151, 52405, 17849, 67616, 60968, 77448, 3012, 11905, 89855, 55382, 1710, 27710, 13838, 56579, 51865, 18942, 52511, 18314, 17423, 62667, 73550, 27356, 31707, 24937, 85986, 41982, 29792, 51747, 77050, 33505, 87200, 35919, 25026, 57877, 33854, 14431, 62602, 44937, 83542, 26581, 41702, 40546, 83724, 57348, 95648, 17217, 81032, 51333, 62479, 95232, 68193, 19337, 54406, 7241, 84508, 31853, 36337, 97444, 6715, 84142, 14143, 29646, 61418, 46691, 91055, 95261, 21607, 49389, 87440, 53345, 41371, 1669, 16850, 18440, 60983, 69600, 53625, 40097, 54633, 9055, 65860, 3054, 54468, 13994, 50399, 96381, 93456, 37386, 12374, 72359, 13808, 91360, 1863, 60158, 8379, 60424, 44909, 64466, 68566, 65812, 52188, 94818]})"
149.0,7,30,51,26.032543897628784,40003,"Genotype(dna={""<class 'abc.NT_0017'>"": [0, 1863], ""<class 'abc.NT_0017_P_00000'>"": [], ""<class 'abc.NT_0001'>"": [2, 2, 2, 30908, 0, 1, 68566], ""<class 'abc.NT_0001_P_00000'>"": [], ""<class 'bool'>"": [46023, 35570, 21927, 2927, 64826, 47769, 23648, 93816, 7134, 59416, 20134, 85082, 87339, 47436, 78194, 76892, 13022, 3649, 46405, 50242, 42523, 55047, 79213, 38241, 94818, 24110, 33409], ""<class 'abc.NT_0000'>"": [1, 2, 6, 0, 0, 0, 0, 37022, 5, 2, 0, 97444, 3, 1, 0, 2, 2, 0, 74373, 6, 1, 0, 2, 0, 0, 65812], ""<class 'abc.NT_0000_P_00000'>"": [], ""<class 'int'>"": [51614, 94798, 85886, 59354, 52526, 36031, 35242, 91268, 99322, 38473, 68614, 93746, 6702, 40963, 73390, 92372, 19142, 45498, 58460, 83038, 905, 28012, 78957, 84653, 49224, 91314, 22611, 93748, 26079, 62592, 24095, 74401, 80107, 79360, 89661, 93789, 24483, 14210, 58941, 10735, 60856, 12770, 53654, 52188], ""<class 'abc.NT_0000_P_00001'>"": [], ""<class 'abc.NT_0000_P_00002'>"": [], ""<class 'abc.NT_0000_P_00003'>"": [], ""<class 'abc.NT_0000_P_00004'>"": [], ""<class 'abc.NT_0000_P_00005'>"": [], ""<class 'abc.NT_0000_P_00006'>"": [], ""<class 'abc.NT_0001_P_00001'>"": [], ""<class 'abc.NT_0001_P_00002'>"": [], ""<class 'abc.NT_0001_P_00003'>"": [], ""<class 'abc.NT_0001_P_00004'>"": [], ""<class 'abc.NT_0005'>"": [2, 8379], ""<class 'abc.NT_0005_P_00000'>"": [], ""<class 'abc.NT_0003'>"": [0, 0, 2, 73361], ""<class 'abc.NT_0003_P_00000'>"": [], ""<class 'abc.NT_0002'>"": [3, 1, 2, 3, 2, 2993], ""<class 'abc.NT_0002_P_00000'>"": [], ""<class 'abc.NT_0002_P_00001'>"": [], ""<class 'abc.NT_0002_P_00002'>"": [], ""<class 'abc.NT_0002_P_00003'>"": [], ""<class 'abc.NT_0002_P_00004'>"": [], ""<class 'abc.NT_0003_P_00001'>"": [], ""<class 'abc.NT_0003_P_00002'>"": [], ""<class 'abc.NT_0004'>"": [0, 60424], ""<class 'abc.NT_0004_P_00000'>"": [], ""<class 'abc.NT_0004_P_00001'>"": [], ""<class 'abc.NT_0005_P_00001'>"": [], ""<class 'abc.NT_0005_P_00002'>"": [], ""<class 'abc.NT_0011'>"": [], ""<class 'abc.NT_0011_P_00000'>"": [], ""<class 'abc.NT_0017_P_00001'>"": [], ""<class 'abc.NT_0012'>"": [0, 60158], ""<class 'abc.NT_0012_P_00000'>"": [], ""<class 'abc.NT_0010'>"": [], ""<class 'abc.NT_0010_P_00000'>"": [], ""<class 'abc.NT_0009'>"": [], ""<class 'abc.NT_0009_P_00000'>"": [], ""<class 'abc.NT_0008'>"": [], ""<class 'abc.NT_0008_P_00000'>"": [], ""<class 'abc.NT_0006'>"": [], ""<class 'abc.NT_0006_P_00000'>"": [], ""<class 'abc.NT_0008_P_00001'>"": [], ""<class 'abc.NT_0008_P_00002'>"": [], ""<class 'abc.NT_0008_P_00003'>"": [], ""<class 'abc.NT_0008_P_00004'>"": [], ""<class 'abc.NT_0007'>"": [], ""<class 'abc.NT_0007_P_00000'>"": [], ""<class 'abc.NT_0007_P_00001'>"": [], ""<class 'abc.NT_0007_P_00002'>"": [], ""<class 'abc.NT_0009_P_00001'>"": [], ""<class 'abc.NT_0010_P_00001'>"": [], ""<class 'abc.NT_0010_P_00002'>"": [], ""<class 'abc.NT_0012_P_00001'>"": [], ""<class 'abc.NT_0012_P_00002'>"": [], '$leftovers': [24110, 33409, 84800, 52930, 73355, 35471, 40030, 9296, 20749, 33075, 49628, 11537, 15, 90830, 51946, 20435, 67193, 37276, 25620, 25545, 23848, 32840, 79736, 6117, 22259, 57571, 60709, 16020, 90131, 83681, 49236, 19740, 96719, 28286, 96500, 25056, 2425, 4606, 76743, 50141, 80972, 89178, 58155, 60076, 20023, 49957, 78859, 71701, 63157, 51036, 27194, 57618, 41826, 72622, 26518, 13650, 37174, 65866, 51535, 26693, 46306, 18622, 78957, 96794, 12749, 98789, 43609, 19799, 33366, 8952, 34480, 94159, 44897, 75759, 82931, 16277, 14916, 72994, 49309, 70538, 2034, 42550, 91026, 7880, 3338, 60131, 98080, 28093, 32900, 15622, 26775, 29552, 32342, 14515, 36096, 41783, 62811, 37254, 75355, 63411, 75272, 23694, 84310, 71082, 79212, 33588, 90706, 48187, 31189, 88482, 9367, 56255, 79617, 1270, 55560, 26203, 26155, 40545, 15484, 55048, 21590, 6079, 95713, 42042, 7599, 11012, 10867, 6326, 4226, 36219, 64167, 95573, 17592, 32396, 33047, 42672, 14688, 56724, 34006, 26116, 19739, 92564, 32446, 49106, 86197, 89608, 29620, 89318, 4676, 30220, 92140, 82233, 42586, 84937, 67832, 88616, 54115, 36688, 72537, 89206, 19927, 60142, 31365, 9503, 17153, 77426, 27373, 71618, 24526, 11066, 35200, 85609, 149, 12686, 31762, 76331, 79662, 42034, 4753, 45093, 9160, 29879, 54031, 81574, 52405, 74338, 45103, 97062, 38418, 65500, 83214, 33515, 71498, 84236, 27012, 42946, 15648, 18758, 74221, 18239, 86131, 1230, 2760, 87805, 47794, 89910, 39873, 11161, 88967, 57997, 33988, 52998, 11574, 11690, 91965, 60505, 6728, 20304, 66663, 21797, 36314, 23383, 77728, 66566, 30573, 81589, 35200, 85889, 50823, 87892, 82732, 87939, 51151, 25364, 57741, 65481, 95697, 91763, 24126, 50698, 89794, 21082, 38556, 8845, 86758, 95312, 40982, 27576, 22409, 10764, 59686, 42374, 46705, 20305, 91930, 20443, 55812, 94550, 17871, 37347, 86111, 91872, 76531, 97561, 22247, 70828, 10031, 86871, 3457, 34403, 47195, 55824, 77269, 2312, 23015, 10509, 90685, 33220, 5095, 32669, 57665, 87461, 23705, 23892, 79569, 25099, 22463, 6825, 87678, 12700, 8086, 18347, 2080, 81725, 1743, 21695, 98864, 601, 27012, 26238, 83756, 20196, 9283, 37922, 9584, 31059, 69305, 33408, 87700, 5472, 17218, 94029, 30946, 42707, 26938, 23929, 42631, 58629, 82345, 34078, 27640, 26857, 52482, 1908, 53363, 57718, 53277, 60874, 47192, 65156, 64324, 98908, 18086, 34571, 80780, 21654, 13015, 54185, 65778, 82905, 54333, 16295, 29750, 10179, 8498, 41149, 76875, 75817, 52840, 36350, 67047, 80721, 50387, 89921, 76598, 79179, 69374, 34188, 84323, 90189, 80063, 75353, 58141, 98604, 61869, 50914, 95998, 60953, 31372, 32800, 20253, 10965, 57825, 30921, 72002, 23478, 52144, 74671, 49790, 35369, 96851, 96268, 91735, 26265, 71492, 35041, 22667, 85381, 87967, 56897, 37761, 44123, 52620, 81795, 86745, 6668, 71796, 22328, 50981, 1304, 65894, 39334, 28965, 37736, 33502, 94725, 98644, 29317, 28672, 49720, 92944, 79154, 30886, 83581, 56853, 86563, 45680, 29702, 43297, 89488, 55541, 95711, 64055, 55857, 75831, 20915, 33733, 41601, 40608, 13946, 42643, 60946, 78379, 66893, 47265, 47663, 96044, 31575, 23271, 29732, 18765, 73934, 86595, 19623, 58152, 23341, 42797, 82035, 84610, 84617, 26296, 48384, 7808, 85181, 83581, 85225, 34491, 3068, 83145, 63958, 59227, 71005, 79763, 19625, 78522, 84816, 70026, 30736, 71763, 20974, 85431, 42194, 51257, 95945, 87370, 84376, 7316, 96397, 73523, 45377, 38170, 929, 19455, 92318, 44476, 31469, 69802, 39812, 96151, 1351, 97970, 67167, 69990, 20536, 43930, 89552, 7692, 94070, 25734, 2163, 89653, 41361, 65843, 55026, 76161, 33606, 7726, 57770, 26583, 72401, 4290, 24460, 59579, 28419, 26896, 42516, 11149, 32412, 43883, 76759, 72953, 63003, 29642, 79399, 49163, 14266, 55493, 15592, 19124, 64343, 71700, 16518, 77843, 61244, 80217, 51694, 11787, 24162, 70922, 1802, 19601, 58039, 19725, 17982, 7030, 87818, 81146, 64592, 10711, 8313, 80311, 12180, 49490, 79809, 96851, 93114, 19741, 87950, 3665, 43498, 8117, 64, 90216, 51752, 43265, 1055, 25064, 4579, 20591, 64262, 8289, 34540, 9038, 32463, 95965, 3202, 36219, 54773, 36301, 21802, 67750, 14517, 59282, 15980, 432, 86613, 99020, 91465, 77787, 78248, 48946, 57777, 58757, 97167, 43438, 57904, 2014, 13213, 67388, 10589, 17904, 46813, 71128, 52635, 3372, 7022, 6285, 13222, 36250, 40728, 91163, 35142, 11502, 89851, 62932, 77460, 96657, 21864, 99883, 81995, 74277, 60986, 50282, 74931, 46950, 5360, 53700, 31843, 59827, 47670, 32934, 30419, 79491, 57514, 74807, 23996, 53538, 62864, 15792, 27971, 79999, 4588, 61344, 72986, 76402, 5098, 58305, 25903, 32899, 85790, 91428, 60548, 56234, 39548, 43974, 98619, 77439, 15993, 73803, 83604, 25519, 18459, 20066, 25903, 97967, 33677, 7371, 6, 36499, 11324, 1243, 39947, 55479, 70470, 34082, 56050, 29544, 54987, 62746, 66607, 80357, 49628, 67933, 33670, 28091, 66945, 50534, 26141, 53322, 91035, 77729, 27580, 46478, 28257, 47427, 93318, 56880, 30918, 94174, 58362, 78991, 44614, 79630, 30263, 11791, 42548, 14198, 37648, 38023, 21220, 21014, 7344, 63974, 96287, 17660, 60202, 79326, 52006, 11171, 66690, 12255, 20285, 10423, 55277, 57487, 11691, 54689, 5652, 76519, 3461, 69755, 64707, 16312, 16295, 40601, 70148, 36176, 16065, 40040, 14183, 24121, 47242, 22032, 11279, 3191, 76223, 38556, 49976, 63279, 28556, 9220, 29217, 76607, 75006, 23148, 76606, 47161, 35794, 52195, 48659, 92402, 6526, 92368, 4935, 12370, 31129, 9968, 86963, 31409, 47029, 77066, 80727, 15785, 15932, 83533, 62000, 17471, 96923, 65812, 20445, 91749, 85889, 26308, 19486, 21715, 34331, 93146, 59506, 57820, 30428, 93243, 92765, 52847, 89535, 66389, 58839, 4150, 25361, 82879, 61511, 68281, 78697, 78403, 87273, 13980, 42687, 23918, 63683, 41580, 73250, 59609, 11414, 2509, 70598, 74474, 19451, 16064, 20767, 90079, 93316, 16483, 26688, 1007, 58343, 58155, 21038, 71715, 57917, 41869, 25781, 18714, 67682, 93754, 85684, 10313, 1573, 45762, 94524, 35755, 32943, 71827, 71670, 16558, 24105, 60194, 63460, 52030, 70450, 68115, 37170, 74590, 45567, 54629, 5725, 85172, 61417, 54506, 78169, 92443, 94152, 97286, 90729, 98431, 21923, 91806, 91215, 9539, 25283, 88955, 21992, 43568, 39295, 10889, 20789, 56007, 943, 72855, 76942, 8942, 7759, 97777, 37307, 60206, 47127, 31059, 56075, 49075, 27392, 83476, 56280, 34162, 34476, 2995, 89626, 72491, 10343, 77379, 88390, 46151, 52405, 17849, 67616, 60968, 77448, 3012, 11905, 89855, 55382, 1710, 27710, 13838, 56579, 51865, 18942, 52511, 18314, 17423, 62667, 73550, 27356, 31707, 24937, 85986, 41982, 29792, 51747, 77050, 33505, 87200, 35919, 25026, 57877, 33854, 14431, 62602, 44937, 83542, 26581, 41702, 40546, 83724, 57348, 95648, 17217, 81032, 51333, 62479, 95232, 68193, 19337, 54406, 7241, 84508, 31853, 36337, 97444, 6715, 84142, 14143, 29646, 61418, 46691, 91055, 95261, 21607, 49389, 87440, 53345, 41371, 1669, 16850, 18440, 60983, 69600, 53625, 40097, 54633, 9055, 65860, 3054, 54468, 13994, 50399, 96381, 93456, 37386, 12374, 72359, 13808, 91360, 1863, 60158, 8379, 60424, 44909, 64466, 68566, 65812, 52188, 94818]})"
149.0,7,30,52,26.608214139938354,40003,"Genotype(dna={""<class 'abc.NT_0017'>"": [0, 1863], ""<class 'abc.NT_0017_P_00000'>"": [], ""<class 'abc.NT_0001'>"": [2, 2, 2, 30908, 0, 1, 68566], ""<class 'abc.NT_0001_P_00000'>"": [], ""<class 'bool'>"": [46023, 35570, 21927, 2927, 64826, 47769, 23648, 93816, 7134, 59416, 20134, 85082, 87339, 47436, 78194, 76892, 13022, 3649, 46405, 50242, 42523, 55047, 79213, 38241, 94818, 24110, 33409], ""<class 'abc.NT_0000'>"": [1, 2, 6, 0, 0, 0, 0, 37022, 5, 2, 0, 97444, 3, 1, 0, 2, 2, 0, 74373, 6, 1, 0, 2, 0, 0, 65812], ""<class 'abc.NT_0000_P_00000'>"": [], ""<class 'int'>"": [51614, 94798, 85886, 59354, 52526, 36031, 35242, 91268, 99322, 38473, 68614, 93746, 6702, 40963, 73390, 92372, 19142, 45498, 58460, 83038, 905, 28012, 78957, 84653, 49224, 91314, 22611, 93748, 26079, 62592, 24095, 74401, 80107, 79360, 89661, 93789, 24483, 14210, 58941, 10735, 60856, 12770, 53654, 52188], ""<class 'abc.NT_0000_P_00001'>"": [], ""<class 'abc.NT_0000_P_00002'>"": [], ""<class 'abc.NT_0000_P_00003'>"": [], ""<class 'abc.NT_0000_P_00004'>"": [], ""<class 'abc.NT_0000_P_00005'>"": [], ""<class 'abc.NT_0000_P_00006'>"": [], ""<class 'abc.NT_0001_P_00001'>"": [], ""<class 'abc.NT_0001_P_00002'>"": [], ""<class 'abc.NT_0001_P_00003'>"": [], ""<class 'abc.NT_0001_P_00004'>"": [], ""<class 'abc.NT_0005'>"": [2, 8379], ""<class 'abc.NT_0005_P_00000'>"": [], ""<class 'abc.NT_0003'>"": [0, 0, 2, 73361], ""<class 'abc.NT_0003_P_00000'>"": [], ""<class 'abc.NT_0002'>"": [3, 1, 2, 3, 2, 2993], ""<class 'abc.NT_0002_P_00000'>"": [], ""<class 'abc.NT_0002_P_00001'>"": [], ""<class 'abc.NT_0002_P_00002'>"": [], ""<class 'abc.NT_0002_P_00003'>"": [], ""<class 'abc.NT_0002_P_00004'>"": [], ""<class 'abc.NT_0003_P_00001'>"": [], ""<class 'abc.NT_0003_P_00002'>"": [], ""<class 'abc.NT_0004'>"": [0, 60424], ""<class 'abc.NT_0004_P_00000'>"": [], ""<class 'abc.NT_0004_P_00001'>"": [], ""<class 'abc.NT_0005_P_00001'>"": [], ""<class 'abc.NT_0005_P_00002'>"": [], ""<class 'abc.NT_0011'>"": [], ""<class 'abc.NT_0011_P_00000'>"": [], ""<class 'abc.NT_0017_P_00001'>"": [], ""<class 'abc.NT_0012'>"": [0, 60158], ""<class 'abc.NT_0012_P_00000'>"": [], ""<class 'abc.NT_0010'>"": [], ""<class 'abc.NT_0010_P_00000'>"": [], ""<class 'abc.NT_0009'>"": [], ""<class 'abc.NT_0009_P_00000'>"": [], ""<class 'abc.NT_0008'>"": [], ""<class 'abc.NT_0008_P_00000'>"": [], ""<class 'abc.NT_0006'>"": [], ""<class 'abc.NT_0006_P_00000'>"": [], ""<class 'abc.NT_0008_P_00001'>"": [], ""<class 'abc.NT_0008_P_00002'>"": [], ""<class 'abc.NT_0008_P_00003'>"": [], ""<class 'abc.NT_0008_P_00004'>"": [], ""<class 'abc.NT_0007'>"": [], ""<class 'abc.NT_0007_P_00000'>"": [], ""<class 'abc.NT_0007_P_00001'>"": [], ""<class 'abc.NT_0007_P_00002'>"": [], ""<class 'abc.NT_0009_P_00001'>"": [], ""<class 'abc.NT_0010_P_00001'>"": [], ""<class 'abc.NT_0010_P_00002'>"": [], ""<class 'abc.NT_0012_P_00001'>"": [], ""<class 'abc.NT_0012_P_00002'>"": [], '$leftovers': [24110, 33409, 84800, 52930, 73355, 35471, 40030, 9296, 20749, 33075, 49628, 11537, 15, 90830, 51946, 20435, 67193, 37276, 25620, 25545, 23848, 32840, 79736, 6117, 22259, 57571, 60709, 16020, 90131, 83681, 49236, 19740, 96719, 28286, 96500, 25056, 2425, 4606, 76743, 50141, 80972, 89178, 58155, 60076, 20023, 49957, 78859, 71701, 63157, 51036, 27194, 57618, 41826, 72622, 26518, 13650, 37174, 65866, 51535, 26693, 46306, 18622, 78957, 96794, 12749, 98789, 43609, 19799, 33366, 8952, 34480, 94159, 44897, 75759, 82931, 16277, 14916, 72994, 49309, 70538, 2034, 42550, 91026, 7880, 3338, 60131, 98080, 28093, 32900, 15622, 26775, 29552, 32342, 14515, 36096, 41783, 62811, 37254, 75355, 63411, 75272, 23694, 84310, 71082, 79212, 33588, 90706, 48187, 31189, 88482, 9367, 56255, 79617, 1270, 55560, 26203, 26155, 40545, 15484, 55048, 21590, 6079, 95713, 42042, 7599, 11012, 10867, 6326, 4226, 36219, 64167, 95573, 17592, 32396, 33047, 42672, 14688, 56724, 34006, 26116, 19739, 92564, 32446, 49106, 86197, 89608, 29620, 89318, 4676, 30220, 92140, 82233, 42586, 84937, 67832, 88616, 54115, 36688, 72537, 89206, 19927, 60142, 31365, 9503, 17153, 77426, 27373, 71618, 24526, 11066, 35200, 85609, 149, 12686, 31762, 76331, 79662, 42034, 4753, 45093, 9160, 29879, 54031, 81574, 52405, 74338, 45103, 97062, 38418, 65500, 83214, 33515, 71498, 84236, 27012, 42946, 15648, 18758, 74221, 18239, 86131, 1230, 2760, 87805, 47794, 89910, 39873, 11161, 88967, 57997, 33988, 52998, 11574, 11690, 91965, 60505, 6728, 20304, 66663, 21797, 36314, 23383, 77728, 66566, 30573, 81589, 35200, 85889, 50823, 87892, 82732, 87939, 51151, 25364, 57741, 65481, 95697, 91763, 24126, 50698, 89794, 21082, 38556, 8845, 86758, 95312, 40982, 27576, 22409, 10764, 59686, 42374, 46705, 20305, 91930, 20443, 55812, 94550, 17871, 37347, 86111, 91872, 76531, 97561, 22247, 70828, 10031, 86871, 3457, 34403, 47195, 55824, 77269, 2312, 23015, 10509, 90685, 33220, 5095, 32669, 57665, 87461, 23705, 23892, 79569, 25099, 22463, 6825, 87678, 12700, 8086, 18347, 2080, 81725, 1743, 21695, 98864, 601, 27012, 26238, 83756, 20196, 9283, 37922, 9584, 31059, 69305, 33408, 87700, 5472, 17218, 94029, 30946, 42707, 26938, 23929, 42631, 58629, 82345, 34078, 27640, 26857, 52482, 1908, 53363, 57718, 53277, 60874, 47192, 65156, 64324, 98908, 18086, 34571, 80780, 21654, 13015, 54185, 65778, 82905, 54333, 16295, 29750, 10179, 8498, 41149, 76875, 75817, 52840, 36350, 67047, 80721, 50387, 89921, 76598, 79179, 69374, 34188, 84323, 90189, 80063, 75353, 58141, 98604, 61869, 50914, 95998, 60953, 31372, 32800, 20253, 10965, 57825, 30921, 72002, 23478, 52144, 74671, 49790, 35369, 96851, 96268, 91735, 26265, 71492, 35041, 22667, 85381, 87967, 56897, 37761, 44123, 52620, 81795, 86745, 6668, 71796, 22328, 50981, 1304, 65894, 39334, 28965, 37736, 33502, 94725, 98644, 29317, 28672, 49720, 92944, 79154, 30886, 83581, 56853, 86563, 45680, 29702, 43297, 89488, 55541, 95711, 64055, 55857, 75831, 20915, 33733, 41601, 40608, 13946, 42643, 60946, 78379, 66893, 47265, 47663, 96044, 31575, 23271, 29732, 18765, 73934, 86595, 19623, 58152, 23341, 42797, 82035, 84610, 84617, 26296, 48384, 7808, 85181, 83581, 85225, 34491, 3068, 83145, 63958, 59227, 71005, 79763, 19625, 78522, 84816, 70026, 30736, 71763, 20974, 85431, 42194, 51257, 95945, 87370, 84376, 7316, 96397, 73523, 45377, 38170, 929, 19455, 92318, 44476, 31469, 69802, 39812, 96151, 1351, 97970, 67167, 69990, 20536, 43930, 89552, 7692, 94070, 25734, 2163, 89653, 41361, 65843, 55026, 76161, 33606, 7726, 57770, 26583, 72401, 4290, 24460, 59579, 28419, 26896, 42516, 11149, 32412, 43883, 76759, 72953, 63003, 29642, 79399, 49163, 14266, 55493, 15592, 19124, 64343, 71700, 16518, 77843, 61244, 80217, 51694, 11787, 24162, 70922, 1802, 19601, 58039, 19725, 17982, 7030, 87818, 81146, 64592, 10711, 8313, 80311, 12180, 49490, 79809, 96851, 93114, 19741, 87950, 3665, 43498, 8117, 64, 90216, 51752, 43265, 1055, 25064, 4579, 20591, 64262, 8289, 34540, 9038, 32463, 95965, 3202, 36219, 54773, 36301, 21802, 67750, 14517, 59282, 15980, 432, 86613, 99020, 91465, 77787, 78248, 48946, 57777, 58757, 97167, 43438, 57904, 2014, 13213, 67388, 10589, 17904, 46813, 71128, 52635, 3372, 7022, 6285, 13222, 36250, 40728, 91163, 35142, 11502, 89851, 62932, 77460, 96657, 21864, 99883, 81995, 74277, 60986, 50282, 74931, 46950, 5360, 53700, 31843, 59827, 47670, 32934, 30419, 79491, 57514, 74807, 23996, 53538, 62864, 15792, 27971, 79999, 4588, 61344, 72986, 76402, 5098, 58305, 25903, 32899, 85790, 91428, 60548, 56234, 39548, 43974, 98619, 77439, 15993, 73803, 83604, 25519, 18459, 20066, 25903, 97967, 33677, 7371, 6, 36499, 11324, 1243, 39947, 55479, 70470, 34082, 56050, 29544, 54987, 62746, 66607, 80357, 49628, 67933, 33670, 28091, 66945, 50534, 26141, 53322, 91035, 77729, 27580, 46478, 28257, 47427, 93318, 56880, 30918, 94174, 58362, 78991, 44614, 79630, 30263, 11791, 42548, 14198, 37648, 38023, 21220, 21014, 7344, 63974, 96287, 17660, 60202, 79326, 52006, 11171, 66690, 12255, 20285, 10423, 55277, 57487, 11691, 54689, 5652, 76519, 3461, 69755, 64707, 16312, 16295, 40601, 70148, 36176, 16065, 40040, 14183, 24121, 47242, 22032, 11279, 3191, 76223, 38556, 49976, 63279, 28556, 9220, 29217, 76607, 75006, 23148, 76606, 47161, 35794, 52195, 48659, 92402, 6526, 92368, 4935, 12370, 31129, 9968, 86963, 31409, 47029, 77066, 80727, 15785, 15932, 83533, 62000, 17471, 96923, 65812, 20445, 91749, 85889, 26308, 19486, 21715, 34331, 93146, 59506, 57820, 30428, 93243, 92765, 52847, 89535, 66389, 58839, 4150, 25361, 82879, 61511, 68281, 78697, 78403, 87273, 13980, 42687, 23918, 63683, 41580, 73250, 59609, 11414, 2509, 70598, 74474, 19451, 16064, 20767, 90079, 93316, 16483, 26688, 1007, 58343, 58155, 21038, 71715, 57917, 41869, 25781, 18714, 67682, 93754, 85684, 10313, 1573, 45762, 94524, 35755, 32943, 71827, 71670, 16558, 24105, 60194, 63460, 52030, 70450, 68115, 37170, 74590, 45567, 54629, 5725, 85172, 61417, 54506, 78169, 92443, 94152, 97286, 90729, 98431, 21923, 91806, 91215, 9539, 25283, 88955, 21992, 43568, 39295, 10889, 20789, 56007, 943, 72855, 76942, 8942, 7759, 97777, 37307, 60206, 47127, 31059, 56075, 49075, 27392, 83476, 56280, 34162, 34476, 2995, 89626, 72491, 10343, 77379, 88390, 46151, 52405, 17849, 67616, 60968, 77448, 3012, 11905, 89855, 55382, 1710, 27710, 13838, 56579, 51865, 18942, 52511, 18314, 17423, 62667, 73550, 27356, 31707, 24937, 85986, 41982, 29792, 51747, 77050, 33505, 87200, 35919, 25026, 57877, 33854, 14431, 62602, 44937, 83542, 26581, 41702, 40546, 83724, 57348, 95648, 17217, 81032, 51333, 62479, 95232, 68193, 19337, 54406, 7241, 84508, 31853, 36337, 97444, 6715, 84142, 14143, 29646, 61418, 46691, 91055, 95261, 21607, 49389, 87440, 53345, 41371, 1669, 16850, 18440, 60983, 69600, 53625, 40097, 54633, 9055, 65860, 3054, 54468, 13994, 50399, 96381, 93456, 37386, 12374, 72359, 13808, 91360, 1863, 60158, 8379, 60424, 44909, 64466, 68566, 65812, 52188, 94818]})"
149.0,7,30,53,26.91670298576355,40003,"Genotype(dna={""<class 'abc.NT_0017'>"": [0, 1863], ""<class 'abc.NT_0017_P_00000'>"": [], ""<class 'abc.NT_0001'>"": [2, 2, 2, 30908, 0, 1, 68566], ""<class 'abc.NT_0001_P_00000'>"": [], ""<class 'bool'>"": [46023, 35570, 21927, 2927, 64826, 47769, 23648, 93816, 7134, 59416, 20134, 85082, 87339, 47436, 78194, 76892, 13022, 3649, 46405, 50242, 42523, 55047, 79213, 38241, 94818, 24110, 33409], ""<class 'abc.NT_0000'>"": [1, 2, 6, 0, 0, 0, 0, 37022, 5, 2, 0, 97444, 3, 1, 0, 2, 2, 0, 74373, 6, 1, 0, 2, 0, 0, 65812], ""<class 'abc.NT_0000_P_00000'>"": [], ""<class 'int'>"": [51614, 94798, 85886, 59354, 52526, 36031, 35242, 91268, 99322, 38473, 68614, 93746, 6702, 40963, 73390, 92372, 19142, 45498, 58460, 83038, 905, 28012, 78957, 84653, 49224, 91314, 22611, 93748, 26079, 62592, 24095, 74401, 80107, 79360, 89661, 93789, 24483, 14210, 58941, 10735, 60856, 12770, 53654, 52188], ""<class 'abc.NT_0000_P_00001'>"": [], ""<class 'abc.NT_0000_P_00002'>"": [], ""<class 'abc.NT_0000_P_00003'>"": [], ""<class 'abc.NT_0000_P_00004'>"": [], ""<class 'abc.NT_0000_P_00005'>"": [], ""<class 'abc.NT_0000_P_00006'>"": [], ""<class 'abc.NT_0001_P_00001'>"": [], ""<class 'abc.NT_0001_P_00002'>"": [], ""<class 'abc.NT_0001_P_00003'>"": [], ""<class 'abc.NT_0001_P_00004'>"": [], ""<class 'abc.NT_0005'>"": [2, 8379], ""<class 'abc.NT_0005_P_00000'>"": [], ""<class 'abc.NT_0003'>"": [0, 0, 2, 73361], ""<class 'abc.NT_0003_P_00000'>"": [], ""<class 'abc.NT_0002'>"": [3, 1, 2, 3, 2, 2993], ""<class 'abc.NT_0002_P_00000'>"": [], ""<class 'abc.NT_0002_P_00001'>"": [], ""<class 'abc.NT_0002_P_00002'>"": [], ""<class 'abc.NT_0002_P_00003'>"": [], ""<class 'abc.NT_0002_P_00004'>"": [], ""<class 'abc.NT_0003_P_00001'>"": [], ""<class 'abc.NT_0003_P_00002'>"": [], ""<class 'abc.NT_0004'>"": [0, 60424], ""<class 'abc.NT_0004_P_00000'>"": [], ""<class 'abc.NT_0004_P_00001'>"": [], ""<class 'abc.NT_0005_P_00001'>"": [], ""<class 'abc.NT_0005_P_00002'>"": [], ""<class 'abc.NT_0011'>"": [], ""<class 'abc.NT_0011_P_00000'>"": [], ""<class 'abc.NT_0017_P_00001'>"": [], ""<class 'abc.NT_0012'>"": [0, 60158], ""<class 'abc.NT_0012_P_00000'>"": [], ""<class 'abc.NT_0010'>"": [], ""<class 'abc.NT_0010_P_00000'>"": [], ""<class 'abc.NT_0009'>"": [], ""<class 'abc.NT_0009_P_00000'>"": [], ""<class 'abc.NT_0008'>"": [], ""<class 'abc.NT_0008_P_00000'>"": [], ""<class 'abc.NT_0006'>"": [], ""<class 'abc.NT_0006_P_00000'>"": [], ""<class 'abc.NT_0008_P_00001'>"": [], ""<class 'abc.NT_0008_P_00002'>"": [], ""<class 'abc.NT_0008_P_00003'>"": [], ""<class 'abc.NT_0008_P_00004'>"": [], ""<class 'abc.NT_0007'>"": [], ""<class 'abc.NT_0007_P_00000'>"": [], ""<class 'abc.NT_0007_P_00001'>"": [], ""<class 'abc.NT_0007_P_00002'>"": [], ""<class 'abc.NT_0009_P_00001'>"": [], ""<class 'abc.NT_0010_P_00001'>"": [], ""<class 'abc.NT_0010_P_00002'>"": [], ""<class 'abc.NT_0012_P_00001'>"": [], ""<class 'abc.NT_0012_P_00002'>"": [], '$leftovers': [24110, 33409, 84800, 52930, 73355, 35471, 40030, 9296, 20749, 33075, 49628, 11537, 15, 90830, 51946, 20435, 67193, 37276, 25620, 25545, 23848, 32840, 79736, 6117, 22259, 57571, 60709, 16020, 90131, 83681, 49236, 19740, 96719, 28286, 96500, 25056, 2425, 4606, 76743, 50141, 80972, 89178, 58155, 60076, 20023, 49957, 78859, 71701, 63157, 51036, 27194, 57618, 41826, 72622, 26518, 13650, 37174, 65866, 51535, 26693, 46306, 18622, 78957, 96794, 12749, 98789, 43609, 19799, 33366, 8952, 34480, 94159, 44897, 75759, 82931, 16277, 14916, 72994, 49309, 70538, 2034, 42550, 91026, 7880, 3338, 60131, 98080, 28093, 32900, 15622, 26775, 29552, 32342, 14515, 36096, 41783, 62811, 37254, 75355, 63411, 75272, 23694, 84310, 71082, 79212, 33588, 90706, 48187, 31189, 88482, 9367, 56255, 79617, 1270, 55560, 26203, 26155, 40545, 15484, 55048, 21590, 6079, 95713, 42042, 7599, 11012, 10867, 6326, 4226, 36219, 64167, 95573, 17592, 32396, 33047, 42672, 14688, 56724, 34006, 26116, 19739, 92564, 32446, 49106, 86197, 89608, 29620, 89318, 4676, 30220, 92140, 82233, 42586, 84937, 67832, 88616, 54115, 36688, 72537, 89206, 19927, 60142, 31365, 9503, 17153, 77426, 27373, 71618, 24526, 11066, 35200, 85609, 149, 12686, 31762, 76331, 79662, 42034, 4753, 45093, 9160, 29879, 54031, 81574, 52405, 74338, 45103, 97062, 38418, 65500, 83214, 33515, 71498, 84236, 27012, 42946, 15648, 18758, 74221, 18239, 86131, 1230, 2760, 87805, 47794, 89910, 39873, 11161, 88967, 57997, 33988, 52998, 11574, 11690, 91965, 60505, 6728, 20304, 66663, 21797, 36314, 23383, 77728, 66566, 30573, 81589, 35200, 85889, 50823, 87892, 82732, 87939, 51151, 25364, 57741, 65481, 95697, 91763, 24126, 50698, 89794, 21082, 38556, 8845, 86758, 95312, 40982, 27576, 22409, 10764, 59686, 42374, 46705, 20305, 91930, 20443, 55812, 94550, 17871, 37347, 86111, 91872, 76531, 97561, 22247, 70828, 10031, 86871, 3457, 34403, 47195, 55824, 77269, 2312, 23015, 10509, 90685, 33220, 5095, 32669, 57665, 87461, 23705, 23892, 79569, 25099, 22463, 6825, 87678, 12700, 8086, 18347, 2080, 81725, 1743, 21695, 98864, 601, 27012, 26238, 83756, 20196, 9283, 37922, 9584, 31059, 69305, 33408, 87700, 5472, 17218, 94029, 30946, 42707, 26938, 23929, 42631, 58629, 82345, 34078, 27640, 26857, 52482, 1908, 53363, 57718, 53277, 60874, 47192, 65156, 64324, 98908, 18086, 34571, 80780, 21654, 13015, 54185, 65778, 82905, 54333, 16295, 29750, 10179, 8498, 41149, 76875, 75817, 52840, 36350, 67047, 80721, 50387, 89921, 76598, 79179, 69374, 34188, 84323, 90189, 80063, 75353, 58141, 98604, 61869, 50914, 95998, 60953, 31372, 32800, 20253, 10965, 57825, 30921, 72002, 23478, 52144, 74671, 49790, 35369, 96851, 96268, 91735, 26265, 71492, 35041, 22667, 85381, 87967, 56897, 37761, 44123, 52620, 81795, 86745, 6668, 71796, 22328, 50981, 1304, 65894, 39334, 28965, 37736, 33502, 94725, 98644, 29317, 28672, 49720, 92944, 79154, 30886, 83581, 56853, 86563, 45680, 29702, 43297, 89488, 55541, 95711, 64055, 55857, 75831, 20915, 33733, 41601, 40608, 13946, 42643, 60946, 78379, 66893, 47265, 47663, 96044, 31575, 23271, 29732, 18765, 73934, 86595, 19623, 58152, 23341, 42797, 82035, 84610, 84617, 26296, 48384, 7808, 85181, 83581, 85225, 34491, 3068, 83145, 63958, 59227, 71005, 79763, 19625, 78522, 84816, 70026, 30736, 71763, 20974, 85431, 42194, 51257, 95945, 87370, 84376, 7316, 96397, 73523, 45377, 38170, 929, 19455, 92318, 44476, 31469, 69802, 39812, 96151, 1351, 97970, 67167, 69990, 20536, 43930, 89552, 7692, 94070, 25734, 2163, 89653, 41361, 65843, 55026, 76161, 33606, 7726, 57770, 26583, 72401, 4290, 24460, 59579, 28419, 26896, 42516, 11149, 32412, 43883, 76759, 72953, 63003, 29642, 79399, 49163, 14266, 55493, 15592, 19124, 64343, 71700, 16518, 77843, 61244, 80217, 51694, 11787, 24162, 70922, 1802, 19601, 58039, 19725, 17982, 7030, 87818, 81146, 64592, 10711, 8313, 80311, 12180, 49490, 79809, 96851, 93114, 19741, 87950, 3665, 43498, 8117, 64, 90216, 51752, 43265, 1055, 25064, 4579, 20591, 64262, 8289, 34540, 9038, 32463, 95965, 3202, 36219, 54773, 36301, 21802, 67750, 14517, 59282, 15980, 432, 86613, 99020, 91465, 77787, 78248, 48946, 57777, 58757, 97167, 43438, 57904, 2014, 13213, 67388, 10589, 17904, 46813, 71128, 52635, 3372, 7022, 6285, 13222, 36250, 40728, 91163, 35142, 11502, 89851, 62932, 77460, 96657, 21864, 99883, 81995, 74277, 60986, 50282, 74931, 46950, 5360, 53700, 31843, 59827, 47670, 32934, 30419, 79491, 57514, 74807, 23996, 53538, 62864, 15792, 27971, 79999, 4588, 61344, 72986, 76402, 5098, 58305, 25903, 32899, 85790, 91428, 60548, 56234, 39548, 43974, 98619, 77439, 15993, 73803, 83604, 25519, 18459, 20066, 25903, 97967, 33677, 7371, 6, 36499, 11324, 1243, 39947, 55479, 70470, 34082, 56050, 29544, 54987, 62746, 66607, 80357, 49628, 67933, 33670, 28091, 66945, 50534, 26141, 53322, 91035, 77729, 27580, 46478, 28257, 47427, 93318, 56880, 30918, 94174, 58362, 78991, 44614, 79630, 30263, 11791, 42548, 14198, 37648, 38023, 21220, 21014, 7344, 63974, 96287, 17660, 60202, 79326, 52006, 11171, 66690, 12255, 20285, 10423, 55277, 57487, 11691, 54689, 5652, 76519, 3461, 69755, 64707, 16312, 16295, 40601, 70148, 36176, 16065, 40040, 14183, 24121, 47242, 22032, 11279, 3191, 76223, 38556, 49976, 63279, 28556, 9220, 29217, 76607, 75006, 23148, 76606, 47161, 35794, 52195, 48659, 92402, 6526, 92368, 4935, 12370, 31129, 9968, 86963, 31409, 47029, 77066, 80727, 15785, 15932, 83533, 62000, 17471, 96923, 65812, 20445, 91749, 85889, 26308, 19486, 21715, 34331, 93146, 59506, 57820, 30428, 93243, 92765, 52847, 89535, 66389, 58839, 4150, 25361, 82879, 61511, 68281, 78697, 78403, 87273, 13980, 42687, 23918, 63683, 41580, 73250, 59609, 11414, 2509, 70598, 74474, 19451, 16064, 20767, 90079, 93316, 16483, 26688, 1007, 58343, 58155, 21038, 71715, 57917, 41869, 25781, 18714, 67682, 93754, 85684, 10313, 1573, 45762, 94524, 35755, 32943, 71827, 71670, 16558, 24105, 60194, 63460, 52030, 70450, 68115, 37170, 74590, 45567, 54629, 5725, 85172, 61417, 54506, 78169, 92443, 94152, 97286, 90729, 98431, 21923, 91806, 91215, 9539, 25283, 88955, 21992, 43568, 39295, 10889, 20789, 56007, 943, 72855, 76942, 8942, 7759, 97777, 37307, 60206, 47127, 31059, 56075, 49075, 27392, 83476, 56280, 34162, 34476, 2995, 89626, 72491, 10343, 77379, 88390, 46151, 52405, 17849, 67616, 60968, 77448, 3012, 11905, 89855, 55382, 1710, 27710, 13838, 56579, 51865, 18942, 52511, 18314, 17423, 62667, 73550, 27356, 31707, 24937, 85986, 41982, 29792, 51747, 77050, 33505, 87200, 35919, 25026, 57877, 33854, 14431, 62602, 44937, 83542, 26581, 41702, 40546, 83724, 57348, 95648, 17217, 81032, 51333, 62479, 95232, 68193, 19337, 54406, 7241, 84508, 31853, 36337, 97444, 6715, 84142, 14143, 29646, 61418, 46691, 91055, 95261, 21607, 49389, 87440, 53345, 41371, 1669, 16850, 18440, 60983, 69600, 53625, 40097, 54633, 9055, 65860, 3054, 54468, 13994, 50399, 96381, 93456, 37386, 12374, 72359, 13808, 91360, 1863, 60158, 8379, 60424, 44909, 64466, 68566, 65812, 52188, 94818]})"
149.0,7,30,54,27.206394910812378,40003,"Genotype(dna={""<class 'abc.NT_0017'>"": [0, 1863], ""<class 'abc.NT_0017_P_00000'>"": [], ""<class 'abc.NT_0001'>"": [2, 2, 2, 30908, 0, 1, 68566], ""<class 'abc.NT_0001_P_00000'>"": [], ""<class 'bool'>"": [46023, 35570, 21927, 2927, 64826, 47769, 23648, 93816, 7134, 59416, 20134, 85082, 87339, 47436, 78194, 76892, 13022, 3649, 46405, 50242, 42523, 55047, 79213, 38241, 94818, 24110, 33409], ""<class 'abc.NT_0000'>"": [1, 2, 6, 0, 0, 0, 0, 37022, 5, 2, 0, 97444, 3, 1, 0, 2, 2, 0, 74373, 6, 1, 0, 2, 0, 0, 65812], ""<class 'abc.NT_0000_P_00000'>"": [], ""<class 'int'>"": [51614, 94798, 85886, 59354, 52526, 36031, 35242, 91268, 99322, 38473, 68614, 93746, 6702, 40963, 73390, 92372, 19142, 45498, 58460, 83038, 905, 28012, 78957, 84653, 49224, 91314, 22611, 93748, 26079, 62592, 24095, 74401, 80107, 79360, 89661, 93789, 24483, 14210, 58941, 10735, 60856, 12770, 53654, 52188], ""<class 'abc.NT_0000_P_00001'>"": [], ""<class 'abc.NT_0000_P_00002'>"": [], ""<class 'abc.NT_0000_P_00003'>"": [], ""<class 'abc.NT_0000_P_00004'>"": [], ""<class 'abc.NT_0000_P_00005'>"": [], ""<class 'abc.NT_0000_P_00006'>"": [], ""<class 'abc.NT_0001_P_00001'>"": [], ""<class 'abc.NT_0001_P_00002'>"": [], ""<class 'abc.NT_0001_P_00003'>"": [], ""<class 'abc.NT_0001_P_00004'>"": [], ""<class 'abc.NT_0005'>"": [2, 8379], ""<class 'abc.NT_0005_P_00000'>"": [], ""<class 'abc.NT_0003'>"": [0, 0, 2, 73361], ""<class 'abc.NT_0003_P_00000'>"": [], ""<class 'abc.NT_0002'>"": [3, 1, 2, 3, 2, 2993], ""<class 'abc.NT_0002_P_00000'>"": [], ""<class 'abc.NT_0002_P_00001'>"": [], ""<class 'abc.NT_0002_P_00002'>"": [], ""<class 'abc.NT_0002_P_00003'>"": [], ""<class 'abc.NT_0002_P_00004'>"": [], ""<class 'abc.NT_0003_P_00001'>"": [], ""<class 'abc.NT_0003_P_00002'>"": [], ""<class 'abc.NT_0004'>"": [0, 60424], ""<class 'abc.NT_0004_P_00000'>"": [], ""<class 'abc.NT_0004_P_00001'>"": [], ""<class 'abc.NT_0005_P_00001'>"": [], ""<class 'abc.NT_0005_P_00002'>"": [], ""<class 'abc.NT_0011'>"": [], ""<class 'abc.NT_0011_P_00000'>"": [], ""<class 'abc.NT_0017_P_00001'>"": [], ""<class 'abc.NT_0012'>"": [0, 60158], ""<class 'abc.NT_0012_P_00000'>"": [], ""<class 'abc.NT_0010'>"": [], ""<class 'abc.NT_0010_P_00000'>"": [], ""<class 'abc.NT_0009'>"": [], ""<class 'abc.NT_0009_P_00000'>"": [], ""<class 'abc.NT_0008'>"": [], ""<class 'abc.NT_0008_P_00000'>"": [], ""<class 'abc.NT_0006'>"": [], ""<class 'abc.NT_0006_P_00000'>"": [], ""<class 'abc.NT_0008_P_00001'>"": [], ""<class 'abc.NT_0008_P_00002'>"": [], ""<class 'abc.NT_0008_P_00003'>"": [], ""<class 'abc.NT_0008_P_00004'>"": [], ""<class 'abc.NT_0007'>"": [], ""<class 'abc.NT_0007_P_00000'>"": [], ""<class 'abc.NT_0007_P_00001'>"": [], ""<class 'abc.NT_0007_P_00002'>"": [], ""<class 'abc.NT_0009_P_00001'>"": [], ""<class 'abc.NT_0010_P_00001'>"": [], ""<class 'abc.NT_0010_P_00002'>"": [], ""<class 'abc.NT_0012_P_00001'>"": [], ""<class 'abc.NT_0012_P_00002'>"": [], '$leftovers': [24110, 33409, 84800, 52930, 73355, 35471, 40030, 9296, 20749, 33075, 49628, 11537, 15, 90830, 51946, 20435, 67193, 37276, 25620, 25545, 23848, 32840, 79736, 6117, 22259, 57571, 60709, 16020, 90131, 83681, 49236, 19740, 96719, 28286, 96500, 25056, 2425, 4606, 76743, 50141, 80972, 89178, 58155, 60076, 20023, 49957, 78859, 71701, 63157, 51036, 27194, 57618, 41826, 72622, 26518, 13650, 37174, 65866, 51535, 26693, 46306, 18622, 78957, 96794, 12749, 98789, 43609, 19799, 33366, 8952, 34480, 94159, 44897, 75759, 82931, 16277, 14916, 72994, 49309, 70538, 2034, 42550, 91026, 7880, 3338, 60131, 98080, 28093, 32900, 15622, 26775, 29552, 32342, 14515, 36096, 41783, 62811, 37254, 75355, 63411, 75272, 23694, 84310, 71082, 79212, 33588, 90706, 48187, 31189, 88482, 9367, 56255, 79617, 1270, 55560, 26203, 26155, 40545, 15484, 55048, 21590, 6079, 95713, 42042, 7599, 11012, 10867, 6326, 4226, 36219, 64167, 95573, 17592, 32396, 33047, 42672, 14688, 56724, 34006, 26116, 19739, 92564, 32446, 49106, 86197, 89608, 29620, 89318, 4676, 30220, 92140, 82233, 42586, 84937, 67832, 88616, 54115, 36688, 72537, 89206, 19927, 60142, 31365, 9503, 17153, 77426, 27373, 71618, 24526, 11066, 35200, 85609, 149, 12686, 31762, 76331, 79662, 42034, 4753, 45093, 9160, 29879, 54031, 81574, 52405, 74338, 45103, 97062, 38418, 65500, 83214, 33515, 71498, 84236, 27012, 42946, 15648, 18758, 74221, 18239, 86131, 1230, 2760, 87805, 47794, 89910, 39873, 11161, 88967, 57997, 33988, 52998, 11574, 11690, 91965, 60505, 6728, 20304, 66663, 21797, 36314, 23383, 77728, 66566, 30573, 81589, 35200, 85889, 50823, 87892, 82732, 87939, 51151, 25364, 57741, 65481, 95697, 91763, 24126, 50698, 89794, 21082, 38556, 8845, 86758, 95312, 40982, 27576, 22409, 10764, 59686, 42374, 46705, 20305, 91930, 20443, 55812, 94550, 17871, 37347, 86111, 91872, 76531, 97561, 22247, 70828, 10031, 86871, 3457, 34403, 47195, 55824, 77269, 2312, 23015, 10509, 90685, 33220, 5095, 32669, 57665, 87461, 23705, 23892, 79569, 25099, 22463, 6825, 87678, 12700, 8086, 18347, 2080, 81725, 1743, 21695, 98864, 601, 27012, 26238, 83756, 20196, 9283, 37922, 9584, 31059, 69305, 33408, 87700, 5472, 17218, 94029, 30946, 42707, 26938, 23929, 42631, 58629, 82345, 34078, 27640, 26857, 52482, 1908, 53363, 57718, 53277, 60874, 47192, 65156, 64324, 98908, 18086, 34571, 80780, 21654, 13015, 54185, 65778, 82905, 54333, 16295, 29750, 10179, 8498, 41149, 76875, 75817, 52840, 36350, 67047, 80721, 50387, 89921, 76598, 79179, 69374, 34188, 84323, 90189, 80063, 75353, 58141, 98604, 61869, 50914, 95998, 60953, 31372, 32800, 20253, 10965, 57825, 30921, 72002, 23478, 52144, 74671, 49790, 35369, 96851, 96268, 91735, 26265, 71492, 35041, 22667, 85381, 87967, 56897, 37761, 44123, 52620, 81795, 86745, 6668, 71796, 22328, 50981, 1304, 65894, 39334, 28965, 37736, 33502, 94725, 98644, 29317, 28672, 49720, 92944, 79154, 30886, 83581, 56853, 86563, 45680, 29702, 43297, 89488, 55541, 95711, 64055, 55857, 75831, 20915, 33733, 41601, 40608, 13946, 42643, 60946, 78379, 66893, 47265, 47663, 96044, 31575, 23271, 29732, 18765, 73934, 86595, 19623, 58152, 23341, 42797, 82035, 84610, 84617, 26296, 48384, 7808, 85181, 83581, 85225, 34491, 3068, 83145, 63958, 59227, 71005, 79763, 19625, 78522, 84816, 70026, 30736, 71763, 20974, 85431, 42194, 51257, 95945, 87370, 84376, 7316, 96397, 73523, 45377, 38170, 929, 19455, 92318, 44476, 31469, 69802, 39812, 96151, 1351, 97970, 67167, 69990, 20536, 43930, 89552, 7692, 94070, 25734, 2163, 89653, 41361, 65843, 55026, 76161, 33606, 7726, 57770, 26583, 72401, 4290, 24460, 59579, 28419, 26896, 42516, 11149, 32412, 43883, 76759, 72953, 63003, 29642, 79399, 49163, 14266, 55493, 15592, 19124, 64343, 71700, 16518, 77843, 61244, 80217, 51694, 11787, 24162, 70922, 1802, 19601, 58039, 19725, 17982, 7030, 87818, 81146, 64592, 10711, 8313, 80311, 12180, 49490, 79809, 96851, 93114, 19741, 87950, 3665, 43498, 8117, 64, 90216, 51752, 43265, 1055, 25064, 4579, 20591, 64262, 8289, 34540, 9038, 32463, 95965, 3202, 36219, 54773, 36301, 21802, 67750, 14517, 59282, 15980, 432, 86613, 99020, 91465, 77787, 78248, 48946, 57777, 58757, 97167, 43438, 57904, 2014, 13213, 67388, 10589, 17904, 46813, 71128, 52635, 3372, 7022, 6285, 13222, 36250, 40728, 91163, 35142, 11502, 89851, 62932, 77460, 96657, 21864, 99883, 81995, 74277, 60986, 50282, 74931, 46950, 5360, 53700, 31843, 59827, 47670, 32934, 30419, 79491, 57514, 74807, 23996, 53538, 62864, 15792, 27971, 79999, 4588, 61344, 72986, 76402, 5098, 58305, 25903, 32899, 85790, 91428, 60548, 56234, 39548, 43974, 98619, 77439, 15993, 73803, 83604, 25519, 18459, 20066, 25903, 97967, 33677, 7371, 6, 36499, 11324, 1243, 39947, 55479, 70470, 34082, 56050, 29544, 54987, 62746, 66607, 80357, 49628, 67933, 33670, 28091, 66945, 50534, 26141, 53322, 91035, 77729, 27580, 46478, 28257, 47427, 93318, 56880, 30918, 94174, 58362, 78991, 44614, 79630, 30263, 11791, 42548, 14198, 37648, 38023, 21220, 21014, 7344, 63974, 96287, 17660, 60202, 79326, 52006, 11171, 66690, 12255, 20285, 10423, 55277, 57487, 11691, 54689, 5652, 76519, 3461, 69755, 64707, 16312, 16295, 40601, 70148, 36176, 16065, 40040, 14183, 24121, 47242, 22032, 11279, 3191, 76223, 38556, 49976, 63279, 28556, 9220, 29217, 76607, 75006, 23148, 76606, 47161, 35794, 52195, 48659, 92402, 6526, 92368, 4935, 12370, 31129, 9968, 86963, 31409, 47029, 77066, 80727, 15785, 15932, 83533, 62000, 17471, 96923, 65812, 20445, 91749, 85889, 26308, 19486, 21715, 34331, 93146, 59506, 57820, 30428, 93243, 92765, 52847, 89535, 66389, 58839, 4150, 25361, 82879, 61511, 68281, 78697, 78403, 87273, 13980, 42687, 23918, 63683, 41580, 73250, 59609, 11414, 2509, 70598, 74474, 19451, 16064, 20767, 90079, 93316, 16483, 26688, 1007, 58343, 58155, 21038, 71715, 57917, 41869, 25781, 18714, 67682, 93754, 85684, 10313, 1573, 45762, 94524, 35755, 32943, 71827, 71670, 16558, 24105, 60194, 63460, 52030, 70450, 68115, 37170, 74590, 45567, 54629, 5725, 85172, 61417, 54506, 78169, 92443, 94152, 97286, 90729, 98431, 21923, 91806, 91215, 9539, 25283, 88955, 21992, 43568, 39295, 10889, 20789, 56007, 943, 72855, 76942, 8942, 7759, 97777, 37307, 60206, 47127, 31059, 56075, 49075, 27392, 83476, 56280, 34162, 34476, 2995, 89626, 72491, 10343, 77379, 88390, 46151, 52405, 17849, 67616, 60968, 77448, 3012, 11905, 89855, 55382, 1710, 27710, 13838, 56579, 51865, 18942, 52511, 18314, 17423, 62667, 73550, 27356, 31707, 24937, 85986, 41982, 29792, 51747, 77050, 33505, 87200, 35919, 25026, 57877, 33854, 14431, 62602, 44937, 83542, 26581, 41702, 40546, 83724, 57348, 95648, 17217, 81032, 51333, 62479, 95232, 68193, 19337, 54406, 7241, 84508, 31853, 36337, 97444, 6715, 84142, 14143, 29646, 61418, 46691, 91055, 95261, 21607, 49389, 87440, 53345, 41371, 1669, 16850, 18440, 60983, 69600, 53625, 40097, 54633, 9055, 65860, 3054, 54468, 13994, 50399, 96381, 93456, 37386, 12374, 72359, 13808, 91360, 1863, 60158, 8379, 60424, 44909, 64466, 68566, 65812, 52188, 94818]})"
149.0,7,30,55,27.420095443725586,40003,"Genotype(dna={""<class 'abc.NT_0017'>"": [0, 1863], ""<class 'abc.NT_0017_P_00000'>"": [], ""<class 'abc.NT_0001'>"": [2, 2, 2, 30908, 0, 1, 68566], ""<class 'abc.NT_0001_P_00000'>"": [], ""<class 'bool'>"": [46023, 35570, 21927, 2927, 64826, 47769, 23648, 93816, 7134, 59416, 20134, 85082, 87339, 47436, 78194, 76892, 13022, 3649, 46405, 50242, 42523, 55047, 79213, 38241, 94818, 24110, 33409], ""<class 'abc.NT_0000'>"": [1, 2, 6, 0, 0, 0, 0, 37022, 5, 2, 0, 97444, 3, 1, 0, 2, 2, 0, 74373, 6, 1, 0, 2, 0, 0, 65812], ""<class 'abc.NT_0000_P_00000'>"": [], ""<class 'int'>"": [51614, 94798, 85886, 59354, 52526, 36031, 35242, 91268, 99322, 38473, 68614, 93746, 6702, 40963, 73390, 92372, 19142, 45498, 58460, 83038, 905, 28012, 78957, 84653, 49224, 91314, 22611, 93748, 26079, 62592, 24095, 74401, 80107, 79360, 89661, 93789, 24483, 14210, 58941, 10735, 60856, 12770, 53654, 52188], ""<class 'abc.NT_0000_P_00001'>"": [], ""<class 'abc.NT_0000_P_00002'>"": [], ""<class 'abc.NT_0000_P_00003'>"": [], ""<class 'abc.NT_0000_P_00004'>"": [], ""<class 'abc.NT_0000_P_00005'>"": [], ""<class 'abc.NT_0000_P_00006'>"": [], ""<class 'abc.NT_0001_P_00001'>"": [], ""<class 'abc.NT_0001_P_00002'>"": [], ""<class 'abc.NT_0001_P_00003'>"": [], ""<class 'abc.NT_0001_P_00004'>"": [], ""<class 'abc.NT_0005'>"": [2, 8379], ""<class 'abc.NT_0005_P_00000'>"": [], ""<class 'abc.NT_0003'>"": [0, 0, 2, 73361], ""<class 'abc.NT_0003_P_00000'>"": [], ""<class 'abc.NT_0002'>"": [3, 1, 2, 3, 2, 2993], ""<class 'abc.NT_0002_P_00000'>"": [], ""<class 'abc.NT_0002_P_00001'>"": [], ""<class 'abc.NT_0002_P_00002'>"": [], ""<class 'abc.NT_0002_P_00003'>"": [], ""<class 'abc.NT_0002_P_00004'>"": [], ""<class 'abc.NT_0003_P_00001'>"": [], ""<class 'abc.NT_0003_P_00002'>"": [], ""<class 'abc.NT_0004'>"": [0, 60424], ""<class 'abc.NT_0004_P_00000'>"": [], ""<class 'abc.NT_0004_P_00001'>"": [], ""<class 'abc.NT_0005_P_00001'>"": [], ""<class 'abc.NT_0005_P_00002'>"": [], ""<class 'abc.NT_0011'>"": [], ""<class 'abc.NT_0011_P_00000'>"": [], ""<class 'abc.NT_0017_P_00001'>"": [], ""<class 'abc.NT_0012'>"": [0, 60158], ""<class 'abc.NT_0012_P_00000'>"": [], ""<class 'abc.NT_0010'>"": [], ""<class 'abc.NT_0010_P_00000'>"": [], ""<class 'abc.NT_0009'>"": [], ""<class 'abc.NT_0009_P_00000'>"": [], ""<class 'abc.NT_0008'>"": [], ""<class 'abc.NT_0008_P_00000'>"": [], ""<class 'abc.NT_0006'>"": [], ""<class 'abc.NT_0006_P_00000'>"": [], ""<class 'abc.NT_0008_P_00001'>"": [], ""<class 'abc.NT_0008_P_00002'>"": [], ""<class 'abc.NT_0008_P_00003'>"": [], ""<class 'abc.NT_0008_P_00004'>"": [], ""<class 'abc.NT_0007'>"": [], ""<class 'abc.NT_0007_P_00000'>"": [], ""<class 'abc.NT_0007_P_00001'>"": [], ""<class 'abc.NT_0007_P_00002'>"": [], ""<class 'abc.NT_0009_P_00001'>"": [], ""<class 'abc.NT_0010_P_00001'>"": [], ""<class 'abc.NT_0010_P_00002'>"": [], ""<class 'abc.NT_0012_P_00001'>"": [], ""<class 'abc.NT_0012_P_00002'>"": [], '$leftovers': [24110, 33409, 84800, 52930, 73355, 35471, 40030, 9296, 20749, 33075, 49628, 11537, 15, 90830, 51946, 20435, 67193, 37276, 25620, 25545, 23848, 32840, 79736, 6117, 22259, 57571, 60709, 16020, 90131, 83681, 49236, 19740, 96719, 28286, 96500, 25056, 2425, 4606, 76743, 50141, 80972, 89178, 58155, 60076, 20023, 49957, 78859, 71701, 63157, 51036, 27194, 57618, 41826, 72622, 26518, 13650, 37174, 65866, 51535, 26693, 46306, 18622, 78957, 96794, 12749, 98789, 43609, 19799, 33366, 8952, 34480, 94159, 44897, 75759, 82931, 16277, 14916, 72994, 49309, 70538, 2034, 42550, 91026, 7880, 3338, 60131, 98080, 28093, 32900, 15622, 26775, 29552, 32342, 14515, 36096, 41783, 62811, 37254, 75355, 63411, 75272, 23694, 84310, 71082, 79212, 33588, 90706, 48187, 31189, 88482, 9367, 56255, 79617, 1270, 55560, 26203, 26155, 40545, 15484, 55048, 21590, 6079, 95713, 42042, 7599, 11012, 10867, 6326, 4226, 36219, 64167, 95573, 17592, 32396, 33047, 42672, 14688, 56724, 34006, 26116, 19739, 92564, 32446, 49106, 86197, 89608, 29620, 89318, 4676, 30220, 92140, 82233, 42586, 84937, 67832, 88616, 54115, 36688, 72537, 89206, 19927, 60142, 31365, 9503, 17153, 77426, 27373, 71618, 24526, 11066, 35200, 85609, 149, 12686, 31762, 76331, 79662, 42034, 4753, 45093, 9160, 29879, 54031, 81574, 52405, 74338, 45103, 97062, 38418, 65500, 83214, 33515, 71498, 84236, 27012, 42946, 15648, 18758, 74221, 18239, 86131, 1230, 2760, 87805, 47794, 89910, 39873, 11161, 88967, 57997, 33988, 52998, 11574, 11690, 91965, 60505, 6728, 20304, 66663, 21797, 36314, 23383, 77728, 66566, 30573, 81589, 35200, 85889, 50823, 87892, 82732, 87939, 51151, 25364, 57741, 65481, 95697, 91763, 24126, 50698, 89794, 21082, 38556, 8845, 86758, 95312, 40982, 27576, 22409, 10764, 59686, 42374, 46705, 20305, 91930, 20443, 55812, 94550, 17871, 37347, 86111, 91872, 76531, 97561, 22247, 70828, 10031, 86871, 3457, 34403, 47195, 55824, 77269, 2312, 23015, 10509, 90685, 33220, 5095, 32669, 57665, 87461, 23705, 23892, 79569, 25099, 22463, 6825, 87678, 12700, 8086, 18347, 2080, 81725, 1743, 21695, 98864, 601, 27012, 26238, 83756, 20196, 9283, 37922, 9584, 31059, 69305, 33408, 87700, 5472, 17218, 94029, 30946, 42707, 26938, 23929, 42631, 58629, 82345, 34078, 27640, 26857, 52482, 1908, 53363, 57718, 53277, 60874, 47192, 65156, 64324, 98908, 18086, 34571, 80780, 21654, 13015, 54185, 65778, 82905, 54333, 16295, 29750, 10179, 8498, 41149, 76875, 75817, 52840, 36350, 67047, 80721, 50387, 89921, 76598, 79179, 69374, 34188, 84323, 90189, 80063, 75353, 58141, 98604, 61869, 50914, 95998, 60953, 31372, 32800, 20253, 10965, 57825, 30921, 72002, 23478, 52144, 74671, 49790, 35369, 96851, 96268, 91735, 26265, 71492, 35041, 22667, 85381, 87967, 56897, 37761, 44123, 52620, 81795, 86745, 6668, 71796, 22328, 50981, 1304, 65894, 39334, 28965, 37736, 33502, 94725, 98644, 29317, 28672, 49720, 92944, 79154, 30886, 83581, 56853, 86563, 45680, 29702, 43297, 89488, 55541, 95711, 64055, 55857, 75831, 20915, 33733, 41601, 40608, 13946, 42643, 60946, 78379, 66893, 47265, 47663, 96044, 31575, 23271, 29732, 18765, 73934, 86595, 19623, 58152, 23341, 42797, 82035, 84610, 84617, 26296, 48384, 7808, 85181, 83581, 85225, 34491, 3068, 83145, 63958, 59227, 71005, 79763, 19625, 78522, 84816, 70026, 30736, 71763, 20974, 85431, 42194, 51257, 95945, 87370, 84376, 7316, 96397, 73523, 45377, 38170, 929, 19455, 92318, 44476, 31469, 69802, 39812, 96151, 1351, 97970, 67167, 69990, 20536, 43930, 89552, 7692, 94070, 25734, 2163, 89653, 41361, 65843, 55026, 76161, 33606, 7726, 57770, 26583, 72401, 4290, 24460, 59579, 28419, 26896, 42516, 11149, 32412, 43883, 76759, 72953, 63003, 29642, 79399, 49163, 14266, 55493, 15592, 19124, 64343, 71700, 16518, 77843, 61244, 80217, 51694, 11787, 24162, 70922, 1802, 19601, 58039, 19725, 17982, 7030, 87818, 81146, 64592, 10711, 8313, 80311, 12180, 49490, 79809, 96851, 93114, 19741, 87950, 3665, 43498, 8117, 64, 90216, 51752, 43265, 1055, 25064, 4579, 20591, 64262, 8289, 34540, 9038, 32463, 95965, 3202, 36219, 54773, 36301, 21802, 67750, 14517, 59282, 15980, 432, 86613, 99020, 91465, 77787, 78248, 48946, 57777, 58757, 97167, 43438, 57904, 2014, 13213, 67388, 10589, 17904, 46813, 71128, 52635, 3372, 7022, 6285, 13222, 36250, 40728, 91163, 35142, 11502, 89851, 62932, 77460, 96657, 21864, 99883, 81995, 74277, 60986, 50282, 74931, 46950, 5360, 53700, 31843, 59827, 47670, 32934, 30419, 79491, 57514, 74807, 23996, 53538, 62864, 15792, 27971, 79999, 4588, 61344, 72986, 76402, 5098, 58305, 25903, 32899, 85790, 91428, 60548, 56234, 39548, 43974, 98619, 77439, 15993, 73803, 83604, 25519, 18459, 20066, 25903, 97967, 33677, 7371, 6, 36499, 11324, 1243, 39947, 55479, 70470, 34082, 56050, 29544, 54987, 62746, 66607, 80357, 49628, 67933, 33670, 28091, 66945, 50534, 26141, 53322, 91035, 77729, 27580, 46478, 28257, 47427, 93318, 56880, 30918, 94174, 58362, 78991, 44614, 79630, 30263, 11791, 42548, 14198, 37648, 38023, 21220, 21014, 7344, 63974, 96287, 17660, 60202, 79326, 52006, 11171, 66690, 12255, 20285, 10423, 55277, 57487, 11691, 54689, 5652, 76519, 3461, 69755, 64707, 16312, 16295, 40601, 70148, 36176, 16065, 40040, 14183, 24121, 47242, 22032, 11279, 3191, 76223, 38556, 49976, 63279, 28556, 9220, 29217, 76607, 75006, 23148, 76606, 47161, 35794, 52195, 48659, 92402, 6526, 92368, 4935, 12370, 31129, 9968, 86963, 31409, 47029, 77066, 80727, 15785, 15932, 83533, 62000, 17471, 96923, 65812, 20445, 91749, 85889, 26308, 19486, 21715, 34331, 93146, 59506, 57820, 30428, 93243, 92765, 52847, 89535, 66389, 58839, 4150, 25361, 82879, 61511, 68281, 78697, 78403, 87273, 13980, 42687, 23918, 63683, 41580, 73250, 59609, 11414, 2509, 70598, 74474, 19451, 16064, 20767, 90079, 93316, 16483, 26688, 1007, 58343, 58155, 21038, 71715, 57917, 41869, 25781, 18714, 67682, 93754, 85684, 10313, 1573, 45762, 94524, 35755, 32943, 71827, 71670, 16558, 24105, 60194, 63460, 52030, 70450, 68115, 37170, 74590, 45567, 54629, 5725, 85172, 61417, 54506, 78169, 92443, 94152, 97286, 90729, 98431, 21923, 91806, 91215, 9539, 25283, 88955, 21992, 43568, 39295, 10889, 20789, 56007, 943, 72855, 76942, 8942, 7759, 97777, 37307, 60206, 47127, 31059, 56075, 49075, 27392, 83476, 56280, 34162, 34476, 2995, 89626, 72491, 10343, 77379, 88390, 46151, 52405, 17849, 67616, 60968, 77448, 3012, 11905, 89855, 55382, 1710, 27710, 13838, 56579, 51865, 18942, 52511, 18314, 17423, 62667, 73550, 27356, 31707, 24937, 85986, 41982, 29792, 51747, 77050, 33505, 87200, 35919, 25026, 57877, 33854, 14431, 62602, 44937, 83542, 26581, 41702, 40546, 83724, 57348, 95648, 17217, 81032, 51333, 62479, 95232, 68193, 19337, 54406, 7241, 84508, 31853, 36337, 97444, 6715, 84142, 14143, 29646, 61418, 46691, 91055, 95261, 21607, 49389, 87440, 53345, 41371, 1669, 16850, 18440, 60983, 69600, 53625, 40097, 54633, 9055, 65860, 3054, 54468, 13994, 50399, 96381, 93456, 37386, 12374, 72359, 13808, 91360, 1863, 60158, 8379, 60424, 44909, 64466, 68566, 65812, 52188, 94818]})"
149.0,7,30,56,27.67463183403015,40003,"Genotype(dna={""<class 'abc.NT_0017'>"": [0, 1863], ""<class 'abc.NT_0017_P_00000'>"": [], ""<class 'abc.NT_0001'>"": [2, 2, 2, 30908, 0, 1, 68566], ""<class 'abc.NT_0001_P_00000'>"": [], ""<class 'bool'>"": [46023, 35570, 21927, 2927, 64826, 47769, 23648, 93816, 7134, 59416, 20134, 85082, 87339, 47436, 78194, 76892, 13022, 3649, 46405, 50242, 42523, 55047, 79213, 38241, 94818, 24110, 33409], ""<class 'abc.NT_0000'>"": [1, 2, 6, 0, 0, 0, 0, 37022, 5, 2, 0, 97444, 3, 1, 0, 2, 2, 0, 74373, 6, 1, 0, 2, 0, 0, 65812], ""<class 'abc.NT_0000_P_00000'>"": [], ""<class 'int'>"": [51614, 94798, 85886, 59354, 52526, 36031, 35242, 91268, 99322, 38473, 68614, 93746, 6702, 40963, 73390, 92372, 19142, 45498, 58460, 83038, 905, 28012, 78957, 84653, 49224, 91314, 22611, 93748, 26079, 62592, 24095, 74401, 80107, 79360, 89661, 93789, 24483, 14210, 58941, 10735, 60856, 12770, 53654, 52188], ""<class 'abc.NT_0000_P_00001'>"": [], ""<class 'abc.NT_0000_P_00002'>"": [], ""<class 'abc.NT_0000_P_00003'>"": [], ""<class 'abc.NT_0000_P_00004'>"": [], ""<class 'abc.NT_0000_P_00005'>"": [], ""<class 'abc.NT_0000_P_00006'>"": [], ""<class 'abc.NT_0001_P_00001'>"": [], ""<class 'abc.NT_0001_P_00002'>"": [], ""<class 'abc.NT_0001_P_00003'>"": [], ""<class 'abc.NT_0001_P_00004'>"": [], ""<class 'abc.NT_0005'>"": [2, 8379], ""<class 'abc.NT_0005_P_00000'>"": [], ""<class 'abc.NT_0003'>"": [0, 0, 2, 73361], ""<class 'abc.NT_0003_P_00000'>"": [], ""<class 'abc.NT_0002'>"": [3, 1, 2, 3, 2, 2993], ""<class 'abc.NT_0002_P_00000'>"": [], ""<class 'abc.NT_0002_P_00001'>"": [], ""<class 'abc.NT_0002_P_00002'>"": [], ""<class 'abc.NT_0002_P_00003'>"": [], ""<class 'abc.NT_0002_P_00004'>"": [], ""<class 'abc.NT_0003_P_00001'>"": [], ""<class 'abc.NT_0003_P_00002'>"": [], ""<class 'abc.NT_0004'>"": [0, 60424], ""<class 'abc.NT_0004_P_00000'>"": [], ""<class 'abc.NT_0004_P_00001'>"": [], ""<class 'abc.NT_0005_P_00001'>"": [], ""<class 'abc.NT_0005_P_00002'>"": [], ""<class 'abc.NT_0011'>"": [], ""<class 'abc.NT_0011_P_00000'>"": [], ""<class 'abc.NT_0017_P_00001'>"": [], ""<class 'abc.NT_0012'>"": [0, 60158], ""<class 'abc.NT_0012_P_00000'>"": [], ""<class 'abc.NT_0010'>"": [], ""<class 'abc.NT_0010_P_00000'>"": [], ""<class 'abc.NT_0009'>"": [], ""<class 'abc.NT_0009_P_00000'>"": [], ""<class 'abc.NT_0008'>"": [], ""<class 'abc.NT_0008_P_00000'>"": [], ""<class 'abc.NT_0006'>"": [], ""<class 'abc.NT_0006_P_00000'>"": [], ""<class 'abc.NT_0008_P_00001'>"": [], ""<class 'abc.NT_0008_P_00002'>"": [], ""<class 'abc.NT_0008_P_00003'>"": [], ""<class 'abc.NT_0008_P_00004'>"": [], ""<class 'abc.NT_0007'>"": [], ""<class 'abc.NT_0007_P_00000'>"": [], ""<class 'abc.NT_0007_P_00001'>"": [], ""<class 'abc.NT_0007_P_00002'>"": [], ""<class 'abc.NT_0009_P_00001'>"": [], ""<class 'abc.NT_0010_P_00001'>"": [], ""<class 'abc.NT_0010_P_00002'>"": [], ""<class 'abc.NT_0012_P_00001'>"": [], ""<class 'abc.NT_0012_P_00002'>"": [], '$leftovers': [24110, 33409, 84800, 52930, 73355, 35471, 40030, 9296, 20749, 33075, 49628, 11537, 15, 90830, 51946, 20435, 67193, 37276, 25620, 25545, 23848, 32840, 79736, 6117, 22259, 57571, 60709, 16020, 90131, 83681, 49236, 19740, 96719, 28286, 96500, 25056, 2425, 4606, 76743, 50141, 80972, 89178, 58155, 60076, 20023, 49957, 78859, 71701, 63157, 51036, 27194, 57618, 41826, 72622, 26518, 13650, 37174, 65866, 51535, 26693, 46306, 18622, 78957, 96794, 12749, 98789, 43609, 19799, 33366, 8952, 34480, 94159, 44897, 75759, 82931, 16277, 14916, 72994, 49309, 70538, 2034, 42550, 91026, 7880, 3338, 60131, 98080, 28093, 32900, 15622, 26775, 29552, 32342, 14515, 36096, 41783, 62811, 37254, 75355, 63411, 75272, 23694, 84310, 71082, 79212, 33588, 90706, 48187, 31189, 88482, 9367, 56255, 79617, 1270, 55560, 26203, 26155, 40545, 15484, 55048, 21590, 6079, 95713, 42042, 7599, 11012, 10867, 6326, 4226, 36219, 64167, 95573, 17592, 32396, 33047, 42672, 14688, 56724, 34006, 26116, 19739, 92564, 32446, 49106, 86197, 89608, 29620, 89318, 4676, 30220, 92140, 82233, 42586, 84937, 67832, 88616, 54115, 36688, 72537, 89206, 19927, 60142, 31365, 9503, 17153, 77426, 27373, 71618, 24526, 11066, 35200, 85609, 149, 12686, 31762, 76331, 79662, 42034, 4753, 45093, 9160, 29879, 54031, 81574, 52405, 74338, 45103, 97062, 38418, 65500, 83214, 33515, 71498, 84236, 27012, 42946, 15648, 18758, 74221, 18239, 86131, 1230, 2760, 87805, 47794, 89910, 39873, 11161, 88967, 57997, 33988, 52998, 11574, 11690, 91965, 60505, 6728, 20304, 66663, 21797, 36314, 23383, 77728, 66566, 30573, 81589, 35200, 85889, 50823, 87892, 82732, 87939, 51151, 25364, 57741, 65481, 95697, 91763, 24126, 50698, 89794, 21082, 38556, 8845, 86758, 95312, 40982, 27576, 22409, 10764, 59686, 42374, 46705, 20305, 91930, 20443, 55812, 94550, 17871, 37347, 86111, 91872, 76531, 97561, 22247, 70828, 10031, 86871, 3457, 34403, 47195, 55824, 77269, 2312, 23015, 10509, 90685, 33220, 5095, 32669, 57665, 87461, 23705, 23892, 79569, 25099, 22463, 6825, 87678, 12700, 8086, 18347, 2080, 81725, 1743, 21695, 98864, 601, 27012, 26238, 83756, 20196, 9283, 37922, 9584, 31059, 69305, 33408, 87700, 5472, 17218, 94029, 30946, 42707, 26938, 23929, 42631, 58629, 82345, 34078, 27640, 26857, 52482, 1908, 53363, 57718, 53277, 60874, 47192, 65156, 64324, 98908, 18086, 34571, 80780, 21654, 13015, 54185, 65778, 82905, 54333, 16295, 29750, 10179, 8498, 41149, 76875, 75817, 52840, 36350, 67047, 80721, 50387, 89921, 76598, 79179, 69374, 34188, 84323, 90189, 80063, 75353, 58141, 98604, 61869, 50914, 95998, 60953, 31372, 32800, 20253, 10965, 57825, 30921, 72002, 23478, 52144, 74671, 49790, 35369, 96851, 96268, 91735, 26265, 71492, 35041, 22667, 85381, 87967, 56897, 37761, 44123, 52620, 81795, 86745, 6668, 71796, 22328, 50981, 1304, 65894, 39334, 28965, 37736, 33502, 94725, 98644, 29317, 28672, 49720, 92944, 79154, 30886, 83581, 56853, 86563, 45680, 29702, 43297, 89488, 55541, 95711, 64055, 55857, 75831, 20915, 33733, 41601, 40608, 13946, 42643, 60946, 78379, 66893, 47265, 47663, 96044, 31575, 23271, 29732, 18765, 73934, 86595, 19623, 58152, 23341, 42797, 82035, 84610, 84617, 26296, 48384, 7808, 85181, 83581, 85225, 34491, 3068, 83145, 63958, 59227, 71005, 79763, 19625, 78522, 84816, 70026, 30736, 71763, 20974, 85431, 42194, 51257, 95945, 87370, 84376, 7316, 96397, 73523, 45377, 38170, 929, 19455, 92318, 44476, 31469, 69802, 39812, 96151, 1351, 97970, 67167, 69990, 20536, 43930, 89552, 7692, 94070, 25734, 2163, 89653, 41361, 65843, 55026, 76161, 33606, 7726, 57770, 26583, 72401, 4290, 24460, 59579, 28419, 26896, 42516, 11149, 32412, 43883, 76759, 72953, 63003, 29642, 79399, 49163, 14266, 55493, 15592, 19124, 64343, 71700, 16518, 77843, 61244, 80217, 51694, 11787, 24162, 70922, 1802, 19601, 58039, 19725, 17982, 7030, 87818, 81146, 64592, 10711, 8313, 80311, 12180, 49490, 79809, 96851, 93114, 19741, 87950, 3665, 43498, 8117, 64, 90216, 51752, 43265, 1055, 25064, 4579, 20591, 64262, 8289, 34540, 9038, 32463, 95965, 3202, 36219, 54773, 36301, 21802, 67750, 14517, 59282, 15980, 432, 86613, 99020, 91465, 77787, 78248, 48946, 57777, 58757, 97167, 43438, 57904, 2014, 13213, 67388, 10589, 17904, 46813, 71128, 52635, 3372, 7022, 6285, 13222, 36250, 40728, 91163, 35142, 11502, 89851, 62932, 77460, 96657, 21864, 99883, 81995, 74277, 60986, 50282, 74931, 46950, 5360, 53700, 31843, 59827, 47670, 32934, 30419, 79491, 57514, 74807, 23996, 53538, 62864, 15792, 27971, 79999, 4588, 61344, 72986, 76402, 5098, 58305, 25903, 32899, 85790, 91428, 60548, 56234, 39548, 43974, 98619, 77439, 15993, 73803, 83604, 25519, 18459, 20066, 25903, 97967, 33677, 7371, 6, 36499, 11324, 1243, 39947, 55479, 70470, 34082, 56050, 29544, 54987, 62746, 66607, 80357, 49628, 67933, 33670, 28091, 66945, 50534, 26141, 53322, 91035, 77729, 27580, 46478, 28257, 47427, 93318, 56880, 30918, 94174, 58362, 78991, 44614, 79630, 30263, 11791, 42548, 14198, 37648, 38023, 21220, 21014, 7344, 63974, 96287, 17660, 60202, 79326, 52006, 11171, 66690, 12255, 20285, 10423, 55277, 57487, 11691, 54689, 5652, 76519, 3461, 69755, 64707, 16312, 16295, 40601, 70148, 36176, 16065, 40040, 14183, 24121, 47242, 22032, 11279, 3191, 76223, 38556, 49976, 63279, 28556, 9220, 29217, 76607, 75006, 23148, 76606, 47161, 35794, 52195, 48659, 92402, 6526, 92368, 4935, 12370, 31129, 9968, 86963, 31409, 47029, 77066, 80727, 15785, 15932, 83533, 62000, 17471, 96923, 65812, 20445, 91749, 85889, 26308, 19486, 21715, 34331, 93146, 59506, 57820, 30428, 93243, 92765, 52847, 89535, 66389, 58839, 4150, 25361, 82879, 61511, 68281, 78697, 78403, 87273, 13980, 42687, 23918, 63683, 41580, 73250, 59609, 11414, 2509, 70598, 74474, 19451, 16064, 20767, 90079, 93316, 16483, 26688, 1007, 58343, 58155, 21038, 71715, 57917, 41869, 25781, 18714, 67682, 93754, 85684, 10313, 1573, 45762, 94524, 35755, 32943, 71827, 71670, 16558, 24105, 60194, 63460, 52030, 70450, 68115, 37170, 74590, 45567, 54629, 5725, 85172, 61417, 54506, 78169, 92443, 94152, 97286, 90729, 98431, 21923, 91806, 91215, 9539, 25283, 88955, 21992, 43568, 39295, 10889, 20789, 56007, 943, 72855, 76942, 8942, 7759, 97777, 37307, 60206, 47127, 31059, 56075, 49075, 27392, 83476, 56280, 34162, 34476, 2995, 89626, 72491, 10343, 77379, 88390, 46151, 52405, 17849, 67616, 60968, 77448, 3012, 11905, 89855, 55382, 1710, 27710, 13838, 56579, 51865, 18942, 52511, 18314, 17423, 62667, 73550, 27356, 31707, 24937, 85986, 41982, 29792, 51747, 77050, 33505, 87200, 35919, 25026, 57877, 33854, 14431, 62602, 44937, 83542, 26581, 41702, 40546, 83724, 57348, 95648, 17217, 81032, 51333, 62479, 95232, 68193, 19337, 54406, 7241, 84508, 31853, 36337, 97444, 6715, 84142, 14143, 29646, 61418, 46691, 91055, 95261, 21607, 49389, 87440, 53345, 41371, 1669, 16850, 18440, 60983, 69600, 53625, 40097, 54633, 9055, 65860, 3054, 54468, 13994, 50399, 96381, 93456, 37386, 12374, 72359, 13808, 91360, 1863, 60158, 8379, 60424, 44909, 64466, 68566, 65812, 52188, 94818]})"
149.0,7,30,57,27.97364902496338,40003,"Genotype(dna={""<class 'abc.NT_0017'>"": [0, 1863], ""<class 'abc.NT_0017_P_00000'>"": [], ""<class 'abc.NT_0001'>"": [2, 2, 2, 30908, 0, 1, 68566], ""<class 'abc.NT_0001_P_00000'>"": [], ""<class 'bool'>"": [46023, 35570, 21927, 2927, 64826, 47769, 23648, 93816, 7134, 59416, 20134, 85082, 87339, 47436, 78194, 76892, 13022, 3649, 46405, 50242, 42523, 55047, 79213, 38241, 94818, 24110, 33409], ""<class 'abc.NT_0000'>"": [1, 2, 6, 0, 0, 0, 0, 37022, 5, 2, 0, 97444, 3, 1, 0, 2, 2, 0, 74373, 6, 1, 0, 2, 0, 0, 65812], ""<class 'abc.NT_0000_P_00000'>"": [], ""<class 'int'>"": [51614, 94798, 85886, 59354, 52526, 36031, 35242, 91268, 99322, 38473, 68614, 93746, 6702, 40963, 73390, 92372, 19142, 45498, 58460, 83038, 905, 28012, 78957, 84653, 49224, 91314, 22611, 93748, 26079, 62592, 24095, 74401, 80107, 79360, 89661, 93789, 24483, 14210, 58941, 10735, 60856, 12770, 53654, 52188], ""<class 'abc.NT_0000_P_00001'>"": [], ""<class 'abc.NT_0000_P_00002'>"": [], ""<class 'abc.NT_0000_P_00003'>"": [], ""<class 'abc.NT_0000_P_00004'>"": [], ""<class 'abc.NT_0000_P_00005'>"": [], ""<class 'abc.NT_0000_P_00006'>"": [], ""<class 'abc.NT_0001_P_00001'>"": [], ""<class 'abc.NT_0001_P_00002'>"": [], ""<class 'abc.NT_0001_P_00003'>"": [], ""<class 'abc.NT_0001_P_00004'>"": [], ""<class 'abc.NT_0005'>"": [2, 8379], ""<class 'abc.NT_0005_P_00000'>"": [], ""<class 'abc.NT_0003'>"": [0, 0, 2, 73361], ""<class 'abc.NT_0003_P_00000'>"": [], ""<class 'abc.NT_0002'>"": [3, 1, 2, 3, 2, 2993], ""<class 'abc.NT_0002_P_00000'>"": [], ""<class 'abc.NT_0002_P_00001'>"": [], ""<class 'abc.NT_0002_P_00002'>"": [], ""<class 'abc.NT_0002_P_00003'>"": [], ""<class 'abc.NT_0002_P_00004'>"": [], ""<class 'abc.NT_0003_P_00001'>"": [], ""<class 'abc.NT_0003_P_00002'>"": [], ""<class 'abc.NT_0004'>"": [0, 60424], ""<class 'abc.NT_0004_P_00000'>"": [], ""<class 'abc.NT_0004_P_00001'>"": [], ""<class 'abc.NT_0005_P_00001'>"": [], ""<class 'abc.NT_0005_P_00002'>"": [], ""<class 'abc.NT_0011'>"": [], ""<class 'abc.NT_0011_P_00000'>"": [], ""<class 'abc.NT_0017_P_00001'>"": [], ""<class 'abc.NT_0012'>"": [0, 60158], ""<class 'abc.NT_0012_P_00000'>"": [], ""<class 'abc.NT_0010'>"": [], ""<class 'abc.NT_0010_P_00000'>"": [], ""<class 'abc.NT_0009'>"": [], ""<class 'abc.NT_0009_P_00000'>"": [], ""<class 'abc.NT_0008'>"": [], ""<class 'abc.NT_0008_P_00000'>"": [], ""<class 'abc.NT_0006'>"": [], ""<class 'abc.NT_0006_P_00000'>"": [], ""<class 'abc.NT_0008_P_00001'>"": [], ""<class 'abc.NT_0008_P_00002'>"": [], ""<class 'abc.NT_0008_P_00003'>"": [], ""<class 'abc.NT_0008_P_00004'>"": [], ""<class 'abc.NT_0007'>"": [], ""<class 'abc.NT_0007_P_00000'>"": [], ""<class 'abc.NT_0007_P_00001'>"": [], ""<class 'abc.NT_0007_P_00002'>"": [], ""<class 'abc.NT_0009_P_00001'>"": [], ""<class 'abc.NT_0010_P_00001'>"": [], ""<class 'abc.NT_0010_P_00002'>"": [], ""<class 'abc.NT_0012_P_00001'>"": [], ""<class 'abc.NT_0012_P_00002'>"": [], '$leftovers': [24110, 33409, 84800, 52930, 73355, 35471, 40030, 9296, 20749, 33075, 49628, 11537, 15, 90830, 51946, 20435, 67193, 37276, 25620, 25545, 23848, 32840, 79736, 6117, 22259, 57571, 60709, 16020, 90131, 83681, 49236, 19740, 96719, 28286, 96500, 25056, 2425, 4606, 76743, 50141, 80972, 89178, 58155, 60076, 20023, 49957, 78859, 71701, 63157, 51036, 27194, 57618, 41826, 72622, 26518, 13650, 37174, 65866, 51535, 26693, 46306, 18622, 78957, 96794, 12749, 98789, 43609, 19799, 33366, 8952, 34480, 94159, 44897, 75759, 82931, 16277, 14916, 72994, 49309, 70538, 2034, 42550, 91026, 7880, 3338, 60131, 98080, 28093, 32900, 15622, 26775, 29552, 32342, 14515, 36096, 41783, 62811, 37254, 75355, 63411, 75272, 23694, 84310, 71082, 79212, 33588, 90706, 48187, 31189, 88482, 9367, 56255, 79617, 1270, 55560, 26203, 26155, 40545, 15484, 55048, 21590, 6079, 95713, 42042, 7599, 11012, 10867, 6326, 4226, 36219, 64167, 95573, 17592, 32396, 33047, 42672, 14688, 56724, 34006, 26116, 19739, 92564, 32446, 49106, 86197, 89608, 29620, 89318, 4676, 30220, 92140, 82233, 42586, 84937, 67832, 88616, 54115, 36688, 72537, 89206, 19927, 60142, 31365, 9503, 17153, 77426, 27373, 71618, 24526, 11066, 35200, 85609, 149, 12686, 31762, 76331, 79662, 42034, 4753, 45093, 9160, 29879, 54031, 81574, 52405, 74338, 45103, 97062, 38418, 65500, 83214, 33515, 71498, 84236, 27012, 42946, 15648, 18758, 74221, 18239, 86131, 1230, 2760, 87805, 47794, 89910, 39873, 11161, 88967, 57997, 33988, 52998, 11574, 11690, 91965, 60505, 6728, 20304, 66663, 21797, 36314, 23383, 77728, 66566, 30573, 81589, 35200, 85889, 50823, 87892, 82732, 87939, 51151, 25364, 57741, 65481, 95697, 91763, 24126, 50698, 89794, 21082, 38556, 8845, 86758, 95312, 40982, 27576, 22409, 10764, 59686, 42374, 46705, 20305, 91930, 20443, 55812, 94550, 17871, 37347, 86111, 91872, 76531, 97561, 22247, 70828, 10031, 86871, 3457, 34403, 47195, 55824, 77269, 2312, 23015, 10509, 90685, 33220, 5095, 32669, 57665, 87461, 23705, 23892, 79569, 25099, 22463, 6825, 87678, 12700, 8086, 18347, 2080, 81725, 1743, 21695, 98864, 601, 27012, 26238, 83756, 20196, 9283, 37922, 9584, 31059, 69305, 33408, 87700, 5472, 17218, 94029, 30946, 42707, 26938, 23929, 42631, 58629, 82345, 34078, 27640, 26857, 52482, 1908, 53363, 57718, 53277, 60874, 47192, 65156, 64324, 98908, 18086, 34571, 80780, 21654, 13015, 54185, 65778, 82905, 54333, 16295, 29750, 10179, 8498, 41149, 76875, 75817, 52840, 36350, 67047, 80721, 50387, 89921, 76598, 79179, 69374, 34188, 84323, 90189, 80063, 75353, 58141, 98604, 61869, 50914, 95998, 60953, 31372, 32800, 20253, 10965, 57825, 30921, 72002, 23478, 52144, 74671, 49790, 35369, 96851, 96268, 91735, 26265, 71492, 35041, 22667, 85381, 87967, 56897, 37761, 44123, 52620, 81795, 86745, 6668, 71796, 22328, 50981, 1304, 65894, 39334, 28965, 37736, 33502, 94725, 98644, 29317, 28672, 49720, 92944, 79154, 30886, 83581, 56853, 86563, 45680, 29702, 43297, 89488, 55541, 95711, 64055, 55857, 75831, 20915, 33733, 41601, 40608, 13946, 42643, 60946, 78379, 66893, 47265, 47663, 96044, 31575, 23271, 29732, 18765, 73934, 86595, 19623, 58152, 23341, 42797, 82035, 84610, 84617, 26296, 48384, 7808, 85181, 83581, 85225, 34491, 3068, 83145, 63958, 59227, 71005, 79763, 19625, 78522, 84816, 70026, 30736, 71763, 20974, 85431, 42194, 51257, 95945, 87370, 84376, 7316, 96397, 73523, 45377, 38170, 929, 19455, 92318, 44476, 31469, 69802, 39812, 96151, 1351, 97970, 67167, 69990, 20536, 43930, 89552, 7692, 94070, 25734, 2163, 89653, 41361, 65843, 55026, 76161, 33606, 7726, 57770, 26583, 72401, 4290, 24460, 59579, 28419, 26896, 42516, 11149, 32412, 43883, 76759, 72953, 63003, 29642, 79399, 49163, 14266, 55493, 15592, 19124, 64343, 71700, 16518, 77843, 61244, 80217, 51694, 11787, 24162, 70922, 1802, 19601, 58039, 19725, 17982, 7030, 87818, 81146, 64592, 10711, 8313, 80311, 12180, 49490, 79809, 96851, 93114, 19741, 87950, 3665, 43498, 8117, 64, 90216, 51752, 43265, 1055, 25064, 4579, 20591, 64262, 8289, 34540, 9038, 32463, 95965, 3202, 36219, 54773, 36301, 21802, 67750, 14517, 59282, 15980, 432, 86613, 99020, 91465, 77787, 78248, 48946, 57777, 58757, 97167, 43438, 57904, 2014, 13213, 67388, 10589, 17904, 46813, 71128, 52635, 3372, 7022, 6285, 13222, 36250, 40728, 91163, 35142, 11502, 89851, 62932, 77460, 96657, 21864, 99883, 81995, 74277, 60986, 50282, 74931, 46950, 5360, 53700, 31843, 59827, 47670, 32934, 30419, 79491, 57514, 74807, 23996, 53538, 62864, 15792, 27971, 79999, 4588, 61344, 72986, 76402, 5098, 58305, 25903, 32899, 85790, 91428, 60548, 56234, 39548, 43974, 98619, 77439, 15993, 73803, 83604, 25519, 18459, 20066, 25903, 97967, 33677, 7371, 6, 36499, 11324, 1243, 39947, 55479, 70470, 34082, 56050, 29544, 54987, 62746, 66607, 80357, 49628, 67933, 33670, 28091, 66945, 50534, 26141, 53322, 91035, 77729, 27580, 46478, 28257, 47427, 93318, 56880, 30918, 94174, 58362, 78991, 44614, 79630, 30263, 11791, 42548, 14198, 37648, 38023, 21220, 21014, 7344, 63974, 96287, 17660, 60202, 79326, 52006, 11171, 66690, 12255, 20285, 10423, 55277, 57487, 11691, 54689, 5652, 76519, 3461, 69755, 64707, 16312, 16295, 40601, 70148, 36176, 16065, 40040, 14183, 24121, 47242, 22032, 11279, 3191, 76223, 38556, 49976, 63279, 28556, 9220, 29217, 76607, 75006, 23148, 76606, 47161, 35794, 52195, 48659, 92402, 6526, 92368, 4935, 12370, 31129, 9968, 86963, 31409, 47029, 77066, 80727, 15785, 15932, 83533, 62000, 17471, 96923, 65812, 20445, 91749, 85889, 26308, 19486, 21715, 34331, 93146, 59506, 57820, 30428, 93243, 92765, 52847, 89535, 66389, 58839, 4150, 25361, 82879, 61511, 68281, 78697, 78403, 87273, 13980, 42687, 23918, 63683, 41580, 73250, 59609, 11414, 2509, 70598, 74474, 19451, 16064, 20767, 90079, 93316, 16483, 26688, 1007, 58343, 58155, 21038, 71715, 57917, 41869, 25781, 18714, 67682, 93754, 85684, 10313, 1573, 45762, 94524, 35755, 32943, 71827, 71670, 16558, 24105, 60194, 63460, 52030, 70450, 68115, 37170, 74590, 45567, 54629, 5725, 85172, 61417, 54506, 78169, 92443, 94152, 97286, 90729, 98431, 21923, 91806, 91215, 9539, 25283, 88955, 21992, 43568, 39295, 10889, 20789, 56007, 943, 72855, 76942, 8942, 7759, 97777, 37307, 60206, 47127, 31059, 56075, 49075, 27392, 83476, 56280, 34162, 34476, 2995, 89626, 72491, 10343, 77379, 88390, 46151, 52405, 17849, 67616, 60968, 77448, 3012, 11905, 89855, 55382, 1710, 27710, 13838, 56579, 51865, 18942, 52511, 18314, 17423, 62667, 73550, 27356, 31707, 24937, 85986, 41982, 29792, 51747, 77050, 33505, 87200, 35919, 25026, 57877, 33854, 14431, 62602, 44937, 83542, 26581, 41702, 40546, 83724, 57348, 95648, 17217, 81032, 51333, 62479, 95232, 68193, 19337, 54406, 7241, 84508, 31853, 36337, 97444, 6715, 84142, 14143, 29646, 61418, 46691, 91055, 95261, 21607, 49389, 87440, 53345, 41371, 1669, 16850, 18440, 60983, 69600, 53625, 40097, 54633, 9055, 65860, 3054, 54468, 13994, 50399, 96381, 93456, 37386, 12374, 72359, 13808, 91360, 1863, 60158, 8379, 60424, 44909, 64466, 68566, 65812, 52188, 94818]})"
149.0,7,30,58,28.251468420028687,40003,"Genotype(dna={""<class 'abc.NT_0017'>"": [0, 1863], ""<class 'abc.NT_0017_P_00000'>"": [], ""<class 'abc.NT_0001'>"": [2, 2, 2, 30908, 0, 1, 68566], ""<class 'abc.NT_0001_P_00000'>"": [], ""<class 'bool'>"": [46023, 35570, 21927, 2927, 64826, 47769, 23648, 93816, 7134, 59416, 20134, 85082, 87339, 47436, 78194, 76892, 13022, 3649, 46405, 50242, 42523, 55047, 79213, 38241, 94818, 24110, 33409], ""<class 'abc.NT_0000'>"": [1, 2, 6, 0, 0, 0, 0, 37022, 5, 2, 0, 97444, 3, 1, 0, 2, 2, 0, 74373, 6, 1, 0, 2, 0, 0, 65812], ""<class 'abc.NT_0000_P_00000'>"": [], ""<class 'int'>"": [51614, 94798, 85886, 59354, 52526, 36031, 35242, 91268, 99322, 38473, 68614, 93746, 6702, 40963, 73390, 92372, 19142, 45498, 58460, 83038, 905, 28012, 78957, 84653, 49224, 91314, 22611, 93748, 26079, 62592, 24095, 74401, 80107, 79360, 89661, 93789, 24483, 14210, 58941, 10735, 60856, 12770, 53654, 52188], ""<class 'abc.NT_0000_P_00001'>"": [], ""<class 'abc.NT_0000_P_00002'>"": [], ""<class 'abc.NT_0000_P_00003'>"": [], ""<class 'abc.NT_0000_P_00004'>"": [], ""<class 'abc.NT_0000_P_00005'>"": [], ""<class 'abc.NT_0000_P_00006'>"": [], ""<class 'abc.NT_0001_P_00001'>"": [], ""<class 'abc.NT_0001_P_00002'>"": [], ""<class 'abc.NT_0001_P_00003'>"": [], ""<class 'abc.NT_0001_P_00004'>"": [], ""<class 'abc.NT_0005'>"": [2, 8379], ""<class 'abc.NT_0005_P_00000'>"": [], ""<class 'abc.NT_0003'>"": [0, 0, 2, 73361], ""<class 'abc.NT_0003_P_00000'>"": [], ""<class 'abc.NT_0002'>"": [3, 1, 2, 3, 2, 2993], ""<class 'abc.NT_0002_P_00000'>"": [], ""<class 'abc.NT_0002_P_00001'>"": [], ""<class 'abc.NT_0002_P_00002'>"": [], ""<class 'abc.NT_0002_P_00003'>"": [], ""<class 'abc.NT_0002_P_00004'>"": [], ""<class 'abc.NT_0003_P_00001'>"": [], ""<class 'abc.NT_0003_P_00002'>"": [], ""<class 'abc.NT_0004'>"": [0, 60424], ""<class 'abc.NT_0004_P_00000'>"": [], ""<class 'abc.NT_0004_P_00001'>"": [], ""<class 'abc.NT_0005_P_00001'>"": [], ""<class 'abc.NT_0005_P_00002'>"": [], ""<class 'abc.NT_0011'>"": [], ""<class 'abc.NT_0011_P_00000'>"": [], ""<class 'abc.NT_0017_P_00001'>"": [], ""<class 'abc.NT_0012'>"": [0, 60158], ""<class 'abc.NT_0012_P_00000'>"": [], ""<class 'abc.NT_0010'>"": [], ""<class 'abc.NT_0010_P_00000'>"": [], ""<class 'abc.NT_0009'>"": [], ""<class 'abc.NT_0009_P_00000'>"": [], ""<class 'abc.NT_0008'>"": [], ""<class 'abc.NT_0008_P_00000'>"": [], ""<class 'abc.NT_0006'>"": [], ""<class 'abc.NT_0006_P_00000'>"": [], ""<class 'abc.NT_0008_P_00001'>"": [], ""<class 'abc.NT_0008_P_00002'>"": [], ""<class 'abc.NT_0008_P_00003'>"": [], ""<class 'abc.NT_0008_P_00004'>"": [], ""<class 'abc.NT_0007'>"": [], ""<class 'abc.NT_0007_P_00000'>"": [], ""<class 'abc.NT_0007_P_00001'>"": [], ""<class 'abc.NT_0007_P_00002'>"": [], ""<class 'abc.NT_0009_P_00001'>"": [], ""<class 'abc.NT_0010_P_00001'>"": [], ""<class 'abc.NT_0010_P_00002'>"": [], ""<class 'abc.NT_0012_P_00001'>"": [], ""<class 'abc.NT_0012_P_00002'>"": [], '$leftovers': [24110, 33409, 84800, 52930, 73355, 35471, 40030, 9296, 20749, 33075, 49628, 11537, 15, 90830, 51946, 20435, 67193, 37276, 25620, 25545, 23848, 32840, 79736, 6117, 22259, 57571, 60709, 16020, 90131, 83681, 49236, 19740, 96719, 28286, 96500, 25056, 2425, 4606, 76743, 50141, 80972, 89178, 58155, 60076, 20023, 49957, 78859, 71701, 63157, 51036, 27194, 57618, 41826, 72622, 26518, 13650, 37174, 65866, 51535, 26693, 46306, 18622, 78957, 96794, 12749, 98789, 43609, 19799, 33366, 8952, 34480, 94159, 44897, 75759, 82931, 16277, 14916, 72994, 49309, 70538, 2034, 42550, 91026, 7880, 3338, 60131, 98080, 28093, 32900, 15622, 26775, 29552, 32342, 14515, 36096, 41783, 62811, 37254, 75355, 63411, 75272, 23694, 84310, 71082, 79212, 33588, 90706, 48187, 31189, 88482, 9367, 56255, 79617, 1270, 55560, 26203, 26155, 40545, 15484, 55048, 21590, 6079, 95713, 42042, 7599, 11012, 10867, 6326, 4226, 36219, 64167, 95573, 17592, 32396, 33047, 42672, 14688, 56724, 34006, 26116, 19739, 92564, 32446, 49106, 86197, 89608, 29620, 89318, 4676, 30220, 92140, 82233, 42586, 84937, 67832, 88616, 54115, 36688, 72537, 89206, 19927, 60142, 31365, 9503, 17153, 77426, 27373, 71618, 24526, 11066, 35200, 85609, 149, 12686, 31762, 76331, 79662, 42034, 4753, 45093, 9160, 29879, 54031, 81574, 52405, 74338, 45103, 97062, 38418, 65500, 83214, 33515, 71498, 84236, 27012, 42946, 15648, 18758, 74221, 18239, 86131, 1230, 2760, 87805, 47794, 89910, 39873, 11161, 88967, 57997, 33988, 52998, 11574, 11690, 91965, 60505, 6728, 20304, 66663, 21797, 36314, 23383, 77728, 66566, 30573, 81589, 35200, 85889, 50823, 87892, 82732, 87939, 51151, 25364, 57741, 65481, 95697, 91763, 24126, 50698, 89794, 21082, 38556, 8845, 86758, 95312, 40982, 27576, 22409, 10764, 59686, 42374, 46705, 20305, 91930, 20443, 55812, 94550, 17871, 37347, 86111, 91872, 76531, 97561, 22247, 70828, 10031, 86871, 3457, 34403, 47195, 55824, 77269, 2312, 23015, 10509, 90685, 33220, 5095, 32669, 57665, 87461, 23705, 23892, 79569, 25099, 22463, 6825, 87678, 12700, 8086, 18347, 2080, 81725, 1743, 21695, 98864, 601, 27012, 26238, 83756, 20196, 9283, 37922, 9584, 31059, 69305, 33408, 87700, 5472, 17218, 94029, 30946, 42707, 26938, 23929, 42631, 58629, 82345, 34078, 27640, 26857, 52482, 1908, 53363, 57718, 53277, 60874, 47192, 65156, 64324, 98908, 18086, 34571, 80780, 21654, 13015, 54185, 65778, 82905, 54333, 16295, 29750, 10179, 8498, 41149, 76875, 75817, 52840, 36350, 67047, 80721, 50387, 89921, 76598, 79179, 69374, 34188, 84323, 90189, 80063, 75353, 58141, 98604, 61869, 50914, 95998, 60953, 31372, 32800, 20253, 10965, 57825, 30921, 72002, 23478, 52144, 74671, 49790, 35369, 96851, 96268, 91735, 26265, 71492, 35041, 22667, 85381, 87967, 56897, 37761, 44123, 52620, 81795, 86745, 6668, 71796, 22328, 50981, 1304, 65894, 39334, 28965, 37736, 33502, 94725, 98644, 29317, 28672, 49720, 92944, 79154, 30886, 83581, 56853, 86563, 45680, 29702, 43297, 89488, 55541, 95711, 64055, 55857, 75831, 20915, 33733, 41601, 40608, 13946, 42643, 60946, 78379, 66893, 47265, 47663, 96044, 31575, 23271, 29732, 18765, 73934, 86595, 19623, 58152, 23341, 42797, 82035, 84610, 84617, 26296, 48384, 7808, 85181, 83581, 85225, 34491, 3068, 83145, 63958, 59227, 71005, 79763, 19625, 78522, 84816, 70026, 30736, 71763, 20974, 85431, 42194, 51257, 95945, 87370, 84376, 7316, 96397, 73523, 45377, 38170, 929, 19455, 92318, 44476, 31469, 69802, 39812, 96151, 1351, 97970, 67167, 69990, 20536, 43930, 89552, 7692, 94070, 25734, 2163, 89653, 41361, 65843, 55026, 76161, 33606, 7726, 57770, 26583, 72401, 4290, 24460, 59579, 28419, 26896, 42516, 11149, 32412, 43883, 76759, 72953, 63003, 29642, 79399, 49163, 14266, 55493, 15592, 19124, 64343, 71700, 16518, 77843, 61244, 80217, 51694, 11787, 24162, 70922, 1802, 19601, 58039, 19725, 17982, 7030, 87818, 81146, 64592, 10711, 8313, 80311, 12180, 49490, 79809, 96851, 93114, 19741, 87950, 3665, 43498, 8117, 64, 90216, 51752, 43265, 1055, 25064, 4579, 20591, 64262, 8289, 34540, 9038, 32463, 95965, 3202, 36219, 54773, 36301, 21802, 67750, 14517, 59282, 15980, 432, 86613, 99020, 91465, 77787, 78248, 48946, 57777, 58757, 97167, 43438, 57904, 2014, 13213, 67388, 10589, 17904, 46813, 71128, 52635, 3372, 7022, 6285, 13222, 36250, 40728, 91163, 35142, 11502, 89851, 62932, 77460, 96657, 21864, 99883, 81995, 74277, 60986, 50282, 74931, 46950, 5360, 53700, 31843, 59827, 47670, 32934, 30419, 79491, 57514, 74807, 23996, 53538, 62864, 15792, 27971, 79999, 4588, 61344, 72986, 76402, 5098, 58305, 25903, 32899, 85790, 91428, 60548, 56234, 39548, 43974, 98619, 77439, 15993, 73803, 83604, 25519, 18459, 20066, 25903, 97967, 33677, 7371, 6, 36499, 11324, 1243, 39947, 55479, 70470, 34082, 56050, 29544, 54987, 62746, 66607, 80357, 49628, 67933, 33670, 28091, 66945, 50534, 26141, 53322, 91035, 77729, 27580, 46478, 28257, 47427, 93318, 56880, 30918, 94174, 58362, 78991, 44614, 79630, 30263, 11791, 42548, 14198, 37648, 38023, 21220, 21014, 7344, 63974, 96287, 17660, 60202, 79326, 52006, 11171, 66690, 12255, 20285, 10423, 55277, 57487, 11691, 54689, 5652, 76519, 3461, 69755, 64707, 16312, 16295, 40601, 70148, 36176, 16065, 40040, 14183, 24121, 47242, 22032, 11279, 3191, 76223, 38556, 49976, 63279, 28556, 9220, 29217, 76607, 75006, 23148, 76606, 47161, 35794, 52195, 48659, 92402, 6526, 92368, 4935, 12370, 31129, 9968, 86963, 31409, 47029, 77066, 80727, 15785, 15932, 83533, 62000, 17471, 96923, 65812, 20445, 91749, 85889, 26308, 19486, 21715, 34331, 93146, 59506, 57820, 30428, 93243, 92765, 52847, 89535, 66389, 58839, 4150, 25361, 82879, 61511, 68281, 78697, 78403, 87273, 13980, 42687, 23918, 63683, 41580, 73250, 59609, 11414, 2509, 70598, 74474, 19451, 16064, 20767, 90079, 93316, 16483, 26688, 1007, 58343, 58155, 21038, 71715, 57917, 41869, 25781, 18714, 67682, 93754, 85684, 10313, 1573, 45762, 94524, 35755, 32943, 71827, 71670, 16558, 24105, 60194, 63460, 52030, 70450, 68115, 37170, 74590, 45567, 54629, 5725, 85172, 61417, 54506, 78169, 92443, 94152, 97286, 90729, 98431, 21923, 91806, 91215, 9539, 25283, 88955, 21992, 43568, 39295, 10889, 20789, 56007, 943, 72855, 76942, 8942, 7759, 97777, 37307, 60206, 47127, 31059, 56075, 49075, 27392, 83476, 56280, 34162, 34476, 2995, 89626, 72491, 10343, 77379, 88390, 46151, 52405, 17849, 67616, 60968, 77448, 3012, 11905, 89855, 55382, 1710, 27710, 13838, 56579, 51865, 18942, 52511, 18314, 17423, 62667, 73550, 27356, 31707, 24937, 85986, 41982, 29792, 51747, 77050, 33505, 87200, 35919, 25026, 57877, 33854, 14431, 62602, 44937, 83542, 26581, 41702, 40546, 83724, 57348, 95648, 17217, 81032, 51333, 62479, 95232, 68193, 19337, 54406, 7241, 84508, 31853, 36337, 97444, 6715, 84142, 14143, 29646, 61418, 46691, 91055, 95261, 21607, 49389, 87440, 53345, 41371, 1669, 16850, 18440, 60983, 69600, 53625, 40097, 54633, 9055, 65860, 3054, 54468, 13994, 50399, 96381, 93456, 37386, 12374, 72359, 13808, 91360, 1863, 60158, 8379, 60424, 44909, 64466, 68566, 65812, 52188, 94818]})"
149.0,7,30,59,28.620997190475464,40003,"Genotype(dna={""<class 'abc.NT_0017'>"": [0, 1863], ""<class 'abc.NT_0017_P_00000'>"": [], ""<class 'abc.NT_0001'>"": [2, 2, 2, 30908, 0, 1, 68566], ""<class 'abc.NT_0001_P_00000'>"": [], ""<class 'bool'>"": [46023, 35570, 21927, 2927, 64826, 47769, 23648, 93816, 7134, 59416, 20134, 85082, 87339, 47436, 78194, 76892, 13022, 3649, 46405, 50242, 42523, 55047, 79213, 38241, 94818, 24110, 33409], ""<class 'abc.NT_0000'>"": [1, 2, 6, 0, 0, 0, 0, 37022, 5, 2, 0, 97444, 3, 1, 0, 2, 2, 0, 74373, 6, 1, 0, 2, 0, 0, 65812], ""<class 'abc.NT_0000_P_00000'>"": [], ""<class 'int'>"": [51614, 94798, 85886, 59354, 52526, 36031, 35242, 91268, 99322, 38473, 68614, 93746, 6702, 40963, 73390, 92372, 19142, 45498, 58460, 83038, 905, 28012, 78957, 84653, 49224, 91314, 22611, 93748, 26079, 62592, 24095, 74401, 80107, 79360, 89661, 93789, 24483, 14210, 58941, 10735, 60856, 12770, 53654, 52188], ""<class 'abc.NT_0000_P_00001'>"": [], ""<class 'abc.NT_0000_P_00002'>"": [], ""<class 'abc.NT_0000_P_00003'>"": [], ""<class 'abc.NT_0000_P_00004'>"": [], ""<class 'abc.NT_0000_P_00005'>"": [], ""<class 'abc.NT_0000_P_00006'>"": [], ""<class 'abc.NT_0001_P_00001'>"": [], ""<class 'abc.NT_0001_P_00002'>"": [], ""<class 'abc.NT_0001_P_00003'>"": [], ""<class 'abc.NT_0001_P_00004'>"": [], ""<class 'abc.NT_0005'>"": [2, 8379], ""<class 'abc.NT_0005_P_00000'>"": [], ""<class 'abc.NT_0003'>"": [0, 0, 2, 73361], ""<class 'abc.NT_0003_P_00000'>"": [], ""<class 'abc.NT_0002'>"": [3, 1, 2, 3, 2, 2993], ""<class 'abc.NT_0002_P_00000'>"": [], ""<class 'abc.NT_0002_P_00001'>"": [], ""<class 'abc.NT_0002_P_00002'>"": [], ""<class 'abc.NT_0002_P_00003'>"": [], ""<class 'abc.NT_0002_P_00004'>"": [], ""<class 'abc.NT_0003_P_00001'>"": [], ""<class 'abc.NT_0003_P_00002'>"": [], ""<class 'abc.NT_0004'>"": [0, 60424], ""<class 'abc.NT_0004_P_00000'>"": [], ""<class 'abc.NT_0004_P_00001'>"": [], ""<class 'abc.NT_0005_P_00001'>"": [], ""<class 'abc.NT_0005_P_00002'>"": [], ""<class 'abc.NT_0011'>"": [], ""<class 'abc.NT_0011_P_00000'>"": [], ""<class 'abc.NT_0017_P_00001'>"": [], ""<class 'abc.NT_0012'>"": [0, 60158], ""<class 'abc.NT_0012_P_00000'>"": [], ""<class 'abc.NT_0010'>"": [], ""<class 'abc.NT_0010_P_00000'>"": [], ""<class 'abc.NT_0009'>"": [], ""<class 'abc.NT_0009_P_00000'>"": [], ""<class 'abc.NT_0008'>"": [], ""<class 'abc.NT_0008_P_00000'>"": [], ""<class 'abc.NT_0006'>"": [], ""<class 'abc.NT_0006_P_00000'>"": [], ""<class 'abc.NT_0008_P_00001'>"": [], ""<class 'abc.NT_0008_P_00002'>"": [], ""<class 'abc.NT_0008_P_00003'>"": [], ""<class 'abc.NT_0008_P_00004'>"": [], ""<class 'abc.NT_0007'>"": [], ""<class 'abc.NT_0007_P_00000'>"": [], ""<class 'abc.NT_0007_P_00001'>"": [], ""<class 'abc.NT_0007_P_00002'>"": [], ""<class 'abc.NT_0009_P_00001'>"": [], ""<class 'abc.NT_0010_P_00001'>"": [], ""<class 'abc.NT_0010_P_00002'>"": [], ""<class 'abc.NT_0012_P_00001'>"": [], ""<class 'abc.NT_0012_P_00002'>"": [], '$leftovers': [24110, 33409, 84800, 52930, 73355, 35471, 40030, 9296, 20749, 33075, 49628, 11537, 15, 90830, 51946, 20435, 67193, 37276, 25620, 25545, 23848, 32840, 79736, 6117, 22259, 57571, 60709, 16020, 90131, 83681, 49236, 19740, 96719, 28286, 96500, 25056, 2425, 4606, 76743, 50141, 80972, 89178, 58155, 60076, 20023, 49957, 78859, 71701, 63157, 51036, 27194, 57618, 41826, 72622, 26518, 13650, 37174, 65866, 51535, 26693, 46306, 18622, 78957, 96794, 12749, 98789, 43609, 19799, 33366, 8952, 34480, 94159, 44897, 75759, 82931, 16277, 14916, 72994, 49309, 70538, 2034, 42550, 91026, 7880, 3338, 60131, 98080, 28093, 32900, 15622, 26775, 29552, 32342, 14515, 36096, 41783, 62811, 37254, 75355, 63411, 75272, 23694, 84310, 71082, 79212, 33588, 90706, 48187, 31189, 88482, 9367, 56255, 79617, 1270, 55560, 26203, 26155, 40545, 15484, 55048, 21590, 6079, 95713, 42042, 7599, 11012, 10867, 6326, 4226, 36219, 64167, 95573, 17592, 32396, 33047, 42672, 14688, 56724, 34006, 26116, 19739, 92564, 32446, 49106, 86197, 89608, 29620, 89318, 4676, 30220, 92140, 82233, 42586, 84937, 67832, 88616, 54115, 36688, 72537, 89206, 19927, 60142, 31365, 9503, 17153, 77426, 27373, 71618, 24526, 11066, 35200, 85609, 149, 12686, 31762, 76331, 79662, 42034, 4753, 45093, 9160, 29879, 54031, 81574, 52405, 74338, 45103, 97062, 38418, 65500, 83214, 33515, 71498, 84236, 27012, 42946, 15648, 18758, 74221, 18239, 86131, 1230, 2760, 87805, 47794, 89910, 39873, 11161, 88967, 57997, 33988, 52998, 11574, 11690, 91965, 60505, 6728, 20304, 66663, 21797, 36314, 23383, 77728, 66566, 30573, 81589, 35200, 85889, 50823, 87892, 82732, 87939, 51151, 25364, 57741, 65481, 95697, 91763, 24126, 50698, 89794, 21082, 38556, 8845, 86758, 95312, 40982, 27576, 22409, 10764, 59686, 42374, 46705, 20305, 91930, 20443, 55812, 94550, 17871, 37347, 86111, 91872, 76531, 97561, 22247, 70828, 10031, 86871, 3457, 34403, 47195, 55824, 77269, 2312, 23015, 10509, 90685, 33220, 5095, 32669, 57665, 87461, 23705, 23892, 79569, 25099, 22463, 6825, 87678, 12700, 8086, 18347, 2080, 81725, 1743, 21695, 98864, 601, 27012, 26238, 83756, 20196, 9283, 37922, 9584, 31059, 69305, 33408, 87700, 5472, 17218, 94029, 30946, 42707, 26938, 23929, 42631, 58629, 82345, 34078, 27640, 26857, 52482, 1908, 53363, 57718, 53277, 60874, 47192, 65156, 64324, 98908, 18086, 34571, 80780, 21654, 13015, 54185, 65778, 82905, 54333, 16295, 29750, 10179, 8498, 41149, 76875, 75817, 52840, 36350, 67047, 80721, 50387, 89921, 76598, 79179, 69374, 34188, 84323, 90189, 80063, 75353, 58141, 98604, 61869, 50914, 95998, 60953, 31372, 32800, 20253, 10965, 57825, 30921, 72002, 23478, 52144, 74671, 49790, 35369, 96851, 96268, 91735, 26265, 71492, 35041, 22667, 85381, 87967, 56897, 37761, 44123, 52620, 81795, 86745, 6668, 71796, 22328, 50981, 1304, 65894, 39334, 28965, 37736, 33502, 94725, 98644, 29317, 28672, 49720, 92944, 79154, 30886, 83581, 56853, 86563, 45680, 29702, 43297, 89488, 55541, 95711, 64055, 55857, 75831, 20915, 33733, 41601, 40608, 13946, 42643, 60946, 78379, 66893, 47265, 47663, 96044, 31575, 23271, 29732, 18765, 73934, 86595, 19623, 58152, 23341, 42797, 82035, 84610, 84617, 26296, 48384, 7808, 85181, 83581, 85225, 34491, 3068, 83145, 63958, 59227, 71005, 79763, 19625, 78522, 84816, 70026, 30736, 71763, 20974, 85431, 42194, 51257, 95945, 87370, 84376, 7316, 96397, 73523, 45377, 38170, 929, 19455, 92318, 44476, 31469, 69802, 39812, 96151, 1351, 97970, 67167, 69990, 20536, 43930, 89552, 7692, 94070, 25734, 2163, 89653, 41361, 65843, 55026, 76161, 33606, 7726, 57770, 26583, 72401, 4290, 24460, 59579, 28419, 26896, 42516, 11149, 32412, 43883, 76759, 72953, 63003, 29642, 79399, 49163, 14266, 55493, 15592, 19124, 64343, 71700, 16518, 77843, 61244, 80217, 51694, 11787, 24162, 70922, 1802, 19601, 58039, 19725, 17982, 7030, 87818, 81146, 64592, 10711, 8313, 80311, 12180, 49490, 79809, 96851, 93114, 19741, 87950, 3665, 43498, 8117, 64, 90216, 51752, 43265, 1055, 25064, 4579, 20591, 64262, 8289, 34540, 9038, 32463, 95965, 3202, 36219, 54773, 36301, 21802, 67750, 14517, 59282, 15980, 432, 86613, 99020, 91465, 77787, 78248, 48946, 57777, 58757, 97167, 43438, 57904, 2014, 13213, 67388, 10589, 17904, 46813, 71128, 52635, 3372, 7022, 6285, 13222, 36250, 40728, 91163, 35142, 11502, 89851, 62932, 77460, 96657, 21864, 99883, 81995, 74277, 60986, 50282, 74931, 46950, 5360, 53700, 31843, 59827, 47670, 32934, 30419, 79491, 57514, 74807, 23996, 53538, 62864, 15792, 27971, 79999, 4588, 61344, 72986, 76402, 5098, 58305, 25903, 32899, 85790, 91428, 60548, 56234, 39548, 43974, 98619, 77439, 15993, 73803, 83604, 25519, 18459, 20066, 25903, 97967, 33677, 7371, 6, 36499, 11324, 1243, 39947, 55479, 70470, 34082, 56050, 29544, 54987, 62746, 66607, 80357, 49628, 67933, 33670, 28091, 66945, 50534, 26141, 53322, 91035, 77729, 27580, 46478, 28257, 47427, 93318, 56880, 30918, 94174, 58362, 78991, 44614, 79630, 30263, 11791, 42548, 14198, 37648, 38023, 21220, 21014, 7344, 63974, 96287, 17660, 60202, 79326, 52006, 11171, 66690, 12255, 20285, 10423, 55277, 57487, 11691, 54689, 5652, 76519, 3461, 69755, 64707, 16312, 16295, 40601, 70148, 36176, 16065, 40040, 14183, 24121, 47242, 22032, 11279, 3191, 76223, 38556, 49976, 63279, 28556, 9220, 29217, 76607, 75006, 23148, 76606, 47161, 35794, 52195, 48659, 92402, 6526, 92368, 4935, 12370, 31129, 9968, 86963, 31409, 47029, 77066, 80727, 15785, 15932, 83533, 62000, 17471, 96923, 65812, 20445, 91749, 85889, 26308, 19486, 21715, 34331, 93146, 59506, 57820, 30428, 93243, 92765, 52847, 89535, 66389, 58839, 4150, 25361, 82879, 61511, 68281, 78697, 78403, 87273, 13980, 42687, 23918, 63683, 41580, 73250, 59609, 11414, 2509, 70598, 74474, 19451, 16064, 20767, 90079, 93316, 16483, 26688, 1007, 58343, 58155, 21038, 71715, 57917, 41869, 25781, 18714, 67682, 93754, 85684, 10313, 1573, 45762, 94524, 35755, 32943, 71827, 71670, 16558, 24105, 60194, 63460, 52030, 70450, 68115, 37170, 74590, 45567, 54629, 5725, 85172, 61417, 54506, 78169, 92443, 94152, 97286, 90729, 98431, 21923, 91806, 91215, 9539, 25283, 88955, 21992, 43568, 39295, 10889, 20789, 56007, 943, 72855, 76942, 8942, 7759, 97777, 37307, 60206, 47127, 31059, 56075, 49075, 27392, 83476, 56280, 34162, 34476, 2995, 89626, 72491, 10343, 77379, 88390, 46151, 52405, 17849, 67616, 60968, 77448, 3012, 11905, 89855, 55382, 1710, 27710, 13838, 56579, 51865, 18942, 52511, 18314, 17423, 62667, 73550, 27356, 31707, 24937, 85986, 41982, 29792, 51747, 77050, 33505, 87200, 35919, 25026, 57877, 33854, 14431, 62602, 44937, 83542, 26581, 41702, 40546, 83724, 57348, 95648, 17217, 81032, 51333, 62479, 95232, 68193, 19337, 54406, 7241, 84508, 31853, 36337, 97444, 6715, 84142, 14143, 29646, 61418, 46691, 91055, 95261, 21607, 49389, 87440, 53345, 41371, 1669, 16850, 18440, 60983, 69600, 53625, 40097, 54633, 9055, 65860, 3054, 54468, 13994, 50399, 96381, 93456, 37386, 12374, 72359, 13808, 91360, 1863, 60158, 8379, 60424, 44909, 64466, 68566, 65812, 52188, 94818]})"
149.0,7,30,60,28.943904399871826,40003,"Genotype(dna={""<class 'abc.NT_0017'>"": [0, 1863], ""<class 'abc.NT_0017_P_00000'>"": [], ""<class 'abc.NT_0001'>"": [2, 2, 2, 30908, 0, 1, 68566], ""<class 'abc.NT_0001_P_00000'>"": [], ""<class 'bool'>"": [46023, 35570, 21927, 2927, 64826, 47769, 23648, 93816, 7134, 59416, 20134, 85082, 87339, 47436, 78194, 76892, 13022, 3649, 46405, 50242, 42523, 55047, 79213, 38241, 94818, 24110, 33409], ""<class 'abc.NT_0000'>"": [1, 2, 6, 0, 0, 0, 0, 37022, 5, 2, 0, 97444, 3, 1, 0, 2, 2, 0, 74373, 6, 1, 0, 2, 0, 0, 65812], ""<class 'abc.NT_0000_P_00000'>"": [], ""<class 'int'>"": [51614, 94798, 85886, 59354, 52526, 36031, 35242, 91268, 99322, 38473, 68614, 93746, 6702, 40963, 73390, 92372, 19142, 45498, 58460, 83038, 905, 28012, 78957, 84653, 49224, 91314, 22611, 93748, 26079, 62592, 24095, 74401, 80107, 79360, 89661, 93789, 24483, 14210, 58941, 10735, 60856, 12770, 53654, 52188], ""<class 'abc.NT_0000_P_00001'>"": [], ""<class 'abc.NT_0000_P_00002'>"": [], ""<class 'abc.NT_0000_P_00003'>"": [], ""<class 'abc.NT_0000_P_00004'>"": [], ""<class 'abc.NT_0000_P_00005'>"": [], ""<class 'abc.NT_0000_P_00006'>"": [], ""<class 'abc.NT_0001_P_00001'>"": [], ""<class 'abc.NT_0001_P_00002'>"": [], ""<class 'abc.NT_0001_P_00003'>"": [], ""<class 'abc.NT_0001_P_00004'>"": [], ""<class 'abc.NT_0005'>"": [2, 8379], ""<class 'abc.NT_0005_P_00000'>"": [], ""<class 'abc.NT_0003'>"": [0, 0, 2, 73361], ""<class 'abc.NT_0003_P_00000'>"": [], ""<class 'abc.NT_0002'>"": [3, 1, 2, 3, 2, 2993], ""<class 'abc.NT_0002_P_00000'>"": [], ""<class 'abc.NT_0002_P_00001'>"": [], ""<class 'abc.NT_0002_P_00002'>"": [], ""<class 'abc.NT_0002_P_00003'>"": [], ""<class 'abc.NT_0002_P_00004'>"": [], ""<class 'abc.NT_0003_P_00001'>"": [], ""<class 'abc.NT_0003_P_00002'>"": [], ""<class 'abc.NT_0004'>"": [0, 60424], ""<class 'abc.NT_0004_P_00000'>"": [], ""<class 'abc.NT_0004_P_00001'>"": [], ""<class 'abc.NT_0005_P_00001'>"": [], ""<class 'abc.NT_0005_P_00002'>"": [], ""<class 'abc.NT_0011'>"": [], ""<class 'abc.NT_0011_P_00000'>"": [], ""<class 'abc.NT_0017_P_00001'>"": [], ""<class 'abc.NT_0012'>"": [0, 60158], ""<class 'abc.NT_0012_P_00000'>"": [], ""<class 'abc.NT_0010'>"": [], ""<class 'abc.NT_0010_P_00000'>"": [], ""<class 'abc.NT_0009'>"": [], ""<class 'abc.NT_0009_P_00000'>"": [], ""<class 'abc.NT_0008'>"": [], ""<class 'abc.NT_0008_P_00000'>"": [], ""<class 'abc.NT_0006'>"": [], ""<class 'abc.NT_0006_P_00000'>"": [], ""<class 'abc.NT_0008_P_00001'>"": [], ""<class 'abc.NT_0008_P_00002'>"": [], ""<class 'abc.NT_0008_P_00003'>"": [], ""<class 'abc.NT_0008_P_00004'>"": [], ""<class 'abc.NT_0007'>"": [], ""<class 'abc.NT_0007_P_00000'>"": [], ""<class 'abc.NT_0007_P_00001'>"": [], ""<class 'abc.NT_0007_P_00002'>"": [], ""<class 'abc.NT_0009_P_00001'>"": [], ""<class 'abc.NT_0010_P_00001'>"": [], ""<class 'abc.NT_0010_P_00002'>"": [], ""<class 'abc.NT_0012_P_00001'>"": [], ""<class 'abc.NT_0012_P_00002'>"": [], '$leftovers': [24110, 33409, 84800, 52930, 73355, 35471, 40030, 9296, 20749, 33075, 49628, 11537, 15, 90830, 51946, 20435, 67193, 37276, 25620, 25545, 23848, 32840, 79736, 6117, 22259, 57571, 60709, 16020, 90131, 83681, 49236, 19740, 96719, 28286, 96500, 25056, 2425, 4606, 76743, 50141, 80972, 89178, 58155, 60076, 20023, 49957, 78859, 71701, 63157, 51036, 27194, 57618, 41826, 72622, 26518, 13650, 37174, 65866, 51535, 26693, 46306, 18622, 78957, 96794, 12749, 98789, 43609, 19799, 33366, 8952, 34480, 94159, 44897, 75759, 82931, 16277, 14916, 72994, 49309, 70538, 2034, 42550, 91026, 7880, 3338, 60131, 98080, 28093, 32900, 15622, 26775, 29552, 32342, 14515, 36096, 41783, 62811, 37254, 75355, 63411, 75272, 23694, 84310, 71082, 79212, 33588, 90706, 48187, 31189, 88482, 9367, 56255, 79617, 1270, 55560, 26203, 26155, 40545, 15484, 55048, 21590, 6079, 95713, 42042, 7599, 11012, 10867, 6326, 4226, 36219, 64167, 95573, 17592, 32396, 33047, 42672, 14688, 56724, 34006, 26116, 19739, 92564, 32446, 49106, 86197, 89608, 29620, 89318, 4676, 30220, 92140, 82233, 42586, 84937, 67832, 88616, 54115, 36688, 72537, 89206, 19927, 60142, 31365, 9503, 17153, 77426, 27373, 71618, 24526, 11066, 35200, 85609, 149, 12686, 31762, 76331, 79662, 42034, 4753, 45093, 9160, 29879, 54031, 81574, 52405, 74338, 45103, 97062, 38418, 65500, 83214, 33515, 71498, 84236, 27012, 42946, 15648, 18758, 74221, 18239, 86131, 1230, 2760, 87805, 47794, 89910, 39873, 11161, 88967, 57997, 33988, 52998, 11574, 11690, 91965, 60505, 6728, 20304, 66663, 21797, 36314, 23383, 77728, 66566, 30573, 81589, 35200, 85889, 50823, 87892, 82732, 87939, 51151, 25364, 57741, 65481, 95697, 91763, 24126, 50698, 89794, 21082, 38556, 8845, 86758, 95312, 40982, 27576, 22409, 10764, 59686, 42374, 46705, 20305, 91930, 20443, 55812, 94550, 17871, 37347, 86111, 91872, 76531, 97561, 22247, 70828, 10031, 86871, 3457, 34403, 47195, 55824, 77269, 2312, 23015, 10509, 90685, 33220, 5095, 32669, 57665, 87461, 23705, 23892, 79569, 25099, 22463, 6825, 87678, 12700, 8086, 18347, 2080, 81725, 1743, 21695, 98864, 601, 27012, 26238, 83756, 20196, 9283, 37922, 9584, 31059, 69305, 33408, 87700, 5472, 17218, 94029, 30946, 42707, 26938, 23929, 42631, 58629, 82345, 34078, 27640, 26857, 52482, 1908, 53363, 57718, 53277, 60874, 47192, 65156, 64324, 98908, 18086, 34571, 80780, 21654, 13015, 54185, 65778, 82905, 54333, 16295, 29750, 10179, 8498, 41149, 76875, 75817, 52840, 36350, 67047, 80721, 50387, 89921, 76598, 79179, 69374, 34188, 84323, 90189, 80063, 75353, 58141, 98604, 61869, 50914, 95998, 60953, 31372, 32800, 20253, 10965, 57825, 30921, 72002, 23478, 52144, 74671, 49790, 35369, 96851, 96268, 91735, 26265, 71492, 35041, 22667, 85381, 87967, 56897, 37761, 44123, 52620, 81795, 86745, 6668, 71796, 22328, 50981, 1304, 65894, 39334, 28965, 37736, 33502, 94725, 98644, 29317, 28672, 49720, 92944, 79154, 30886, 83581, 56853, 86563, 45680, 29702, 43297, 89488, 55541, 95711, 64055, 55857, 75831, 20915, 33733, 41601, 40608, 13946, 42643, 60946, 78379, 66893, 47265, 47663, 96044, 31575, 23271, 29732, 18765, 73934, 86595, 19623, 58152, 23341, 42797, 82035, 84610, 84617, 26296, 48384, 7808, 85181, 83581, 85225, 34491, 3068, 83145, 63958, 59227, 71005, 79763, 19625, 78522, 84816, 70026, 30736, 71763, 20974, 85431, 42194, 51257, 95945, 87370, 84376, 7316, 96397, 73523, 45377, 38170, 929, 19455, 92318, 44476, 31469, 69802, 39812, 96151, 1351, 97970, 67167, 69990, 20536, 43930, 89552, 7692, 94070, 25734, 2163, 89653, 41361, 65843, 55026, 76161, 33606, 7726, 57770, 26583, 72401, 4290, 24460, 59579, 28419, 26896, 42516, 11149, 32412, 43883, 76759, 72953, 63003, 29642, 79399, 49163, 14266, 55493, 15592, 19124, 64343, 71700, 16518, 77843, 61244, 80217, 51694, 11787, 24162, 70922, 1802, 19601, 58039, 19725, 17982, 7030, 87818, 81146, 64592, 10711, 8313, 80311, 12180, 49490, 79809, 96851, 93114, 19741, 87950, 3665, 43498, 8117, 64, 90216, 51752, 43265, 1055, 25064, 4579, 20591, 64262, 8289, 34540, 9038, 32463, 95965, 3202, 36219, 54773, 36301, 21802, 67750, 14517, 59282, 15980, 432, 86613, 99020, 91465, 77787, 78248, 48946, 57777, 58757, 97167, 43438, 57904, 2014, 13213, 67388, 10589, 17904, 46813, 71128, 52635, 3372, 7022, 6285, 13222, 36250, 40728, 91163, 35142, 11502, 89851, 62932, 77460, 96657, 21864, 99883, 81995, 74277, 60986, 50282, 74931, 46950, 5360, 53700, 31843, 59827, 47670, 32934, 30419, 79491, 57514, 74807, 23996, 53538, 62864, 15792, 27971, 79999, 4588, 61344, 72986, 76402, 5098, 58305, 25903, 32899, 85790, 91428, 60548, 56234, 39548, 43974, 98619, 77439, 15993, 73803, 83604, 25519, 18459, 20066, 25903, 97967, 33677, 7371, 6, 36499, 11324, 1243, 39947, 55479, 70470, 34082, 56050, 29544, 54987, 62746, 66607, 80357, 49628, 67933, 33670, 28091, 66945, 50534, 26141, 53322, 91035, 77729, 27580, 46478, 28257, 47427, 93318, 56880, 30918, 94174, 58362, 78991, 44614, 79630, 30263, 11791, 42548, 14198, 37648, 38023, 21220, 21014, 7344, 63974, 96287, 17660, 60202, 79326, 52006, 11171, 66690, 12255, 20285, 10423, 55277, 57487, 11691, 54689, 5652, 76519, 3461, 69755, 64707, 16312, 16295, 40601, 70148, 36176, 16065, 40040, 14183, 24121, 47242, 22032, 11279, 3191, 76223, 38556, 49976, 63279, 28556, 9220, 29217, 76607, 75006, 23148, 76606, 47161, 35794, 52195, 48659, 92402, 6526, 92368, 4935, 12370, 31129, 9968, 86963, 31409, 47029, 77066, 80727, 15785, 15932, 83533, 62000, 17471, 96923, 65812, 20445, 91749, 85889, 26308, 19486, 21715, 34331, 93146, 59506, 57820, 30428, 93243, 92765, 52847, 89535, 66389, 58839, 4150, 25361, 82879, 61511, 68281, 78697, 78403, 87273, 13980, 42687, 23918, 63683, 41580, 73250, 59609, 11414, 2509, 70598, 74474, 19451, 16064, 20767, 90079, 93316, 16483, 26688, 1007, 58343, 58155, 21038, 71715, 57917, 41869, 25781, 18714, 67682, 93754, 85684, 10313, 1573, 45762, 94524, 35755, 32943, 71827, 71670, 16558, 24105, 60194, 63460, 52030, 70450, 68115, 37170, 74590, 45567, 54629, 5725, 85172, 61417, 54506, 78169, 92443, 94152, 97286, 90729, 98431, 21923, 91806, 91215, 9539, 25283, 88955, 21992, 43568, 39295, 10889, 20789, 56007, 943, 72855, 76942, 8942, 7759, 97777, 37307, 60206, 47127, 31059, 56075, 49075, 27392, 83476, 56280, 34162, 34476, 2995, 89626, 72491, 10343, 77379, 88390, 46151, 52405, 17849, 67616, 60968, 77448, 3012, 11905, 89855, 55382, 1710, 27710, 13838, 56579, 51865, 18942, 52511, 18314, 17423, 62667, 73550, 27356, 31707, 24937, 85986, 41982, 29792, 51747, 77050, 33505, 87200, 35919, 25026, 57877, 33854, 14431, 62602, 44937, 83542, 26581, 41702, 40546, 83724, 57348, 95648, 17217, 81032, 51333, 62479, 95232, 68193, 19337, 54406, 7241, 84508, 31853, 36337, 97444, 6715, 84142, 14143, 29646, 61418, 46691, 91055, 95261, 21607, 49389, 87440, 53345, 41371, 1669, 16850, 18440, 60983, 69600, 53625, 40097, 54633, 9055, 65860, 3054, 54468, 13994, 50399, 96381, 93456, 37386, 12374, 72359, 13808, 91360, 1863, 60158, 8379, 60424, 44909, 64466, 68566, 65812, 52188, 94818]})"
149.0,7,30,61,29.164978504180908,40003,"Genotype(dna={""<class 'abc.NT_0017'>"": [0, 1863], ""<class 'abc.NT_0017_P_00000'>"": [], ""<class 'abc.NT_0001'>"": [2, 2, 2, 30908, 0, 1, 68566], ""<class 'abc.NT_0001_P_00000'>"": [], ""<class 'bool'>"": [46023, 35570, 21927, 2927, 64826, 47769, 23648, 93816, 7134, 59416, 20134, 85082, 87339, 47436, 78194, 76892, 13022, 3649, 46405, 50242, 42523, 55047, 79213, 38241, 94818, 24110, 33409], ""<class 'abc.NT_0000'>"": [1, 2, 6, 0, 0, 0, 0, 37022, 5, 2, 0, 97444, 3, 1, 0, 2, 2, 0, 74373, 6, 1, 0, 2, 0, 0, 65812], ""<class 'abc.NT_0000_P_00000'>"": [], ""<class 'int'>"": [51614, 94798, 85886, 59354, 52526, 36031, 35242, 91268, 99322, 38473, 68614, 93746, 6702, 40963, 73390, 92372, 19142, 45498, 58460, 83038, 905, 28012, 78957, 84653, 49224, 91314, 22611, 93748, 26079, 62592, 24095, 74401, 80107, 79360, 89661, 93789, 24483, 14210, 58941, 10735, 60856, 12770, 53654, 52188], ""<class 'abc.NT_0000_P_00001'>"": [], ""<class 'abc.NT_0000_P_00002'>"": [], ""<class 'abc.NT_0000_P_00003'>"": [], ""<class 'abc.NT_0000_P_00004'>"": [], ""<class 'abc.NT_0000_P_00005'>"": [], ""<class 'abc.NT_0000_P_00006'>"": [], ""<class 'abc.NT_0001_P_00001'>"": [], ""<class 'abc.NT_0001_P_00002'>"": [], ""<class 'abc.NT_0001_P_00003'>"": [], ""<class 'abc.NT_0001_P_00004'>"": [], ""<class 'abc.NT_0005'>"": [2, 8379], ""<class 'abc.NT_0005_P_00000'>"": [], ""<class 'abc.NT_0003'>"": [0, 0, 2, 73361], ""<class 'abc.NT_0003_P_00000'>"": [], ""<class 'abc.NT_0002'>"": [3, 1, 2, 3, 2, 2993], ""<class 'abc.NT_0002_P_00000'>"": [], ""<class 'abc.NT_0002_P_00001'>"": [], ""<class 'abc.NT_0002_P_00002'>"": [], ""<class 'abc.NT_0002_P_00003'>"": [], ""<class 'abc.NT_0002_P_00004'>"": [], ""<class 'abc.NT_0003_P_00001'>"": [], ""<class 'abc.NT_0003_P_00002'>"": [], ""<class 'abc.NT_0004'>"": [0, 60424], ""<class 'abc.NT_0004_P_00000'>"": [], ""<class 'abc.NT_0004_P_00001'>"": [], ""<class 'abc.NT_0005_P_00001'>"": [], ""<class 'abc.NT_0005_P_00002'>"": [], ""<class 'abc.NT_0011'>"": [], ""<class 'abc.NT_0011_P_00000'>"": [], ""<class 'abc.NT_0017_P_00001'>"": [], ""<class 'abc.NT_0012'>"": [0, 60158], ""<class 'abc.NT_0012_P_00000'>"": [], ""<class 'abc.NT_0010'>"": [], ""<class 'abc.NT_0010_P_00000'>"": [], ""<class 'abc.NT_0009'>"": [], ""<class 'abc.NT_0009_P_00000'>"": [], ""<class 'abc.NT_0008'>"": [], ""<class 'abc.NT_0008_P_00000'>"": [], ""<class 'abc.NT_0006'>"": [], ""<class 'abc.NT_0006_P_00000'>"": [], ""<class 'abc.NT_0008_P_00001'>"": [], ""<class 'abc.NT_0008_P_00002'>"": [], ""<class 'abc.NT_0008_P_00003'>"": [], ""<class 'abc.NT_0008_P_00004'>"": [], ""<class 'abc.NT_0007'>"": [], ""<class 'abc.NT_0007_P_00000'>"": [], ""<class 'abc.NT_0007_P_00001'>"": [], ""<class 'abc.NT_0007_P_00002'>"": [], ""<class 'abc.NT_0009_P_00001'>"": [], ""<class 'abc.NT_0010_P_00001'>"": [], ""<class 'abc.NT_0010_P_00002'>"": [], ""<class 'abc.NT_0012_P_00001'>"": [], ""<class 'abc.NT_0012_P_00002'>"": [], '$leftovers': [24110, 33409, 84800, 52930, 73355, 35471, 40030, 9296, 20749, 33075, 49628, 11537, 15, 90830, 51946, 20435, 67193, 37276, 25620, 25545, 23848, 32840, 79736, 6117, 22259, 57571, 60709, 16020, 90131, 83681, 49236, 19740, 96719, 28286, 96500, 25056, 2425, 4606, 76743, 50141, 80972, 89178, 58155, 60076, 20023, 49957, 78859, 71701, 63157, 51036, 27194, 57618, 41826, 72622, 26518, 13650, 37174, 65866, 51535, 26693, 46306, 18622, 78957, 96794, 12749, 98789, 43609, 19799, 33366, 8952, 34480, 94159, 44897, 75759, 82931, 16277, 14916, 72994, 49309, 70538, 2034, 42550, 91026, 7880, 3338, 60131, 98080, 28093, 32900, 15622, 26775, 29552, 32342, 14515, 36096, 41783, 62811, 37254, 75355, 63411, 75272, 23694, 84310, 71082, 79212, 33588, 90706, 48187, 31189, 88482, 9367, 56255, 79617, 1270, 55560, 26203, 26155, 40545, 15484, 55048, 21590, 6079, 95713, 42042, 7599, 11012, 10867, 6326, 4226, 36219, 64167, 95573, 17592, 32396, 33047, 42672, 14688, 56724, 34006, 26116, 19739, 92564, 32446, 49106, 86197, 89608, 29620, 89318, 4676, 30220, 92140, 82233, 42586, 84937, 67832, 88616, 54115, 36688, 72537, 89206, 19927, 60142, 31365, 9503, 17153, 77426, 27373, 71618, 24526, 11066, 35200, 85609, 149, 12686, 31762, 76331, 79662, 42034, 4753, 45093, 9160, 29879, 54031, 81574, 52405, 74338, 45103, 97062, 38418, 65500, 83214, 33515, 71498, 84236, 27012, 42946, 15648, 18758, 74221, 18239, 86131, 1230, 2760, 87805, 47794, 89910, 39873, 11161, 88967, 57997, 33988, 52998, 11574, 11690, 91965, 60505, 6728, 20304, 66663, 21797, 36314, 23383, 77728, 66566, 30573, 81589, 35200, 85889, 50823, 87892, 82732, 87939, 51151, 25364, 57741, 65481, 95697, 91763, 24126, 50698, 89794, 21082, 38556, 8845, 86758, 95312, 40982, 27576, 22409, 10764, 59686, 42374, 46705, 20305, 91930, 20443, 55812, 94550, 17871, 37347, 86111, 91872, 76531, 97561, 22247, 70828, 10031, 86871, 3457, 34403, 47195, 55824, 77269, 2312, 23015, 10509, 90685, 33220, 5095, 32669, 57665, 87461, 23705, 23892, 79569, 25099, 22463, 6825, 87678, 12700, 8086, 18347, 2080, 81725, 1743, 21695, 98864, 601, 27012, 26238, 83756, 20196, 9283, 37922, 9584, 31059, 69305, 33408, 87700, 5472, 17218, 94029, 30946, 42707, 26938, 23929, 42631, 58629, 82345, 34078, 27640, 26857, 52482, 1908, 53363, 57718, 53277, 60874, 47192, 65156, 64324, 98908, 18086, 34571, 80780, 21654, 13015, 54185, 65778, 82905, 54333, 16295, 29750, 10179, 8498, 41149, 76875, 75817, 52840, 36350, 67047, 80721, 50387, 89921, 76598, 79179, 69374, 34188, 84323, 90189, 80063, 75353, 58141, 98604, 61869, 50914, 95998, 60953, 31372, 32800, 20253, 10965, 57825, 30921, 72002, 23478, 52144, 74671, 49790, 35369, 96851, 96268, 91735, 26265, 71492, 35041, 22667, 85381, 87967, 56897, 37761, 44123, 52620, 81795, 86745, 6668, 71796, 22328, 50981, 1304, 65894, 39334, 28965, 37736, 33502, 94725, 98644, 29317, 28672, 49720, 92944, 79154, 30886, 83581, 56853, 86563, 45680, 29702, 43297, 89488, 55541, 95711, 64055, 55857, 75831, 20915, 33733, 41601, 40608, 13946, 42643, 60946, 78379, 66893, 47265, 47663, 96044, 31575, 23271, 29732, 18765, 73934, 86595, 19623, 58152, 23341, 42797, 82035, 84610, 84617, 26296, 48384, 7808, 85181, 83581, 85225, 34491, 3068, 83145, 63958, 59227, 71005, 79763, 19625, 78522, 84816, 70026, 30736, 71763, 20974, 85431, 42194, 51257, 95945, 87370, 84376, 7316, 96397, 73523, 45377, 38170, 929, 19455, 92318, 44476, 31469, 69802, 39812, 96151, 1351, 97970, 67167, 69990, 20536, 43930, 89552, 7692, 94070, 25734, 2163, 89653, 41361, 65843, 55026, 76161, 33606, 7726, 57770, 26583, 72401, 4290, 24460, 59579, 28419, 26896, 42516, 11149, 32412, 43883, 76759, 72953, 63003, 29642, 79399, 49163, 14266, 55493, 15592, 19124, 64343, 71700, 16518, 77843, 61244, 80217, 51694, 11787, 24162, 70922, 1802, 19601, 58039, 19725, 17982, 7030, 87818, 81146, 64592, 10711, 8313, 80311, 12180, 49490, 79809, 96851, 93114, 19741, 87950, 3665, 43498, 8117, 64, 90216, 51752, 43265, 1055, 25064, 4579, 20591, 64262, 8289, 34540, 9038, 32463, 95965, 3202, 36219, 54773, 36301, 21802, 67750, 14517, 59282, 15980, 432, 86613, 99020, 91465, 77787, 78248, 48946, 57777, 58757, 97167, 43438, 57904, 2014, 13213, 67388, 10589, 17904, 46813, 71128, 52635, 3372, 7022, 6285, 13222, 36250, 40728, 91163, 35142, 11502, 89851, 62932, 77460, 96657, 21864, 99883, 81995, 74277, 60986, 50282, 74931, 46950, 5360, 53700, 31843, 59827, 47670, 32934, 30419, 79491, 57514, 74807, 23996, 53538, 62864, 15792, 27971, 79999, 4588, 61344, 72986, 76402, 5098, 58305, 25903, 32899, 85790, 91428, 60548, 56234, 39548, 43974, 98619, 77439, 15993, 73803, 83604, 25519, 18459, 20066, 25903, 97967, 33677, 7371, 6, 36499, 11324, 1243, 39947, 55479, 70470, 34082, 56050, 29544, 54987, 62746, 66607, 80357, 49628, 67933, 33670, 28091, 66945, 50534, 26141, 53322, 91035, 77729, 27580, 46478, 28257, 47427, 93318, 56880, 30918, 94174, 58362, 78991, 44614, 79630, 30263, 11791, 42548, 14198, 37648, 38023, 21220, 21014, 7344, 63974, 96287, 17660, 60202, 79326, 52006, 11171, 66690, 12255, 20285, 10423, 55277, 57487, 11691, 54689, 5652, 76519, 3461, 69755, 64707, 16312, 16295, 40601, 70148, 36176, 16065, 40040, 14183, 24121, 47242, 22032, 11279, 3191, 76223, 38556, 49976, 63279, 28556, 9220, 29217, 76607, 75006, 23148, 76606, 47161, 35794, 52195, 48659, 92402, 6526, 92368, 4935, 12370, 31129, 9968, 86963, 31409, 47029, 77066, 80727, 15785, 15932, 83533, 62000, 17471, 96923, 65812, 20445, 91749, 85889, 26308, 19486, 21715, 34331, 93146, 59506, 57820, 30428, 93243, 92765, 52847, 89535, 66389, 58839, 4150, 25361, 82879, 61511, 68281, 78697, 78403, 87273, 13980, 42687, 23918, 63683, 41580, 73250, 59609, 11414, 2509, 70598, 74474, 19451, 16064, 20767, 90079, 93316, 16483, 26688, 1007, 58343, 58155, 21038, 71715, 57917, 41869, 25781, 18714, 67682, 93754, 85684, 10313, 1573, 45762, 94524, 35755, 32943, 71827, 71670, 16558, 24105, 60194, 63460, 52030, 70450, 68115, 37170, 74590, 45567, 54629, 5725, 85172, 61417, 54506, 78169, 92443, 94152, 97286, 90729, 98431, 21923, 91806, 91215, 9539, 25283, 88955, 21992, 43568, 39295, 10889, 20789, 56007, 943, 72855, 76942, 8942, 7759, 97777, 37307, 60206, 47127, 31059, 56075, 49075, 27392, 83476, 56280, 34162, 34476, 2995, 89626, 72491, 10343, 77379, 88390, 46151, 52405, 17849, 67616, 60968, 77448, 3012, 11905, 89855, 55382, 1710, 27710, 13838, 56579, 51865, 18942, 52511, 18314, 17423, 62667, 73550, 27356, 31707, 24937, 85986, 41982, 29792, 51747, 77050, 33505, 87200, 35919, 25026, 57877, 33854, 14431, 62602, 44937, 83542, 26581, 41702, 40546, 83724, 57348, 95648, 17217, 81032, 51333, 62479, 95232, 68193, 19337, 54406, 7241, 84508, 31853, 36337, 97444, 6715, 84142, 14143, 29646, 61418, 46691, 91055, 95261, 21607, 49389, 87440, 53345, 41371, 1669, 16850, 18440, 60983, 69600, 53625, 40097, 54633, 9055, 65860, 3054, 54468, 13994, 50399, 96381, 93456, 37386, 12374, 72359, 13808, 91360, 1863, 60158, 8379, 60424, 44909, 64466, 68566, 65812, 52188, 94818]})"
149.0,7,30,62,29.443875551223755,40003,"Genotype(dna={""<class 'abc.NT_0017'>"": [0, 1863], ""<class 'abc.NT_0017_P_00000'>"": [], ""<class 'abc.NT_0001'>"": [2, 2, 2, 30908, 0, 1, 68566], ""<class 'abc.NT_0001_P_00000'>"": [], ""<class 'bool'>"": [46023, 35570, 21927, 2927, 64826, 47769, 23648, 93816, 7134, 59416, 20134, 85082, 87339, 47436, 78194, 76892, 13022, 3649, 46405, 50242, 42523, 55047, 79213, 38241, 94818, 24110, 33409], ""<class 'abc.NT_0000'>"": [1, 2, 6, 0, 0, 0, 0, 37022, 5, 2, 0, 97444, 3, 1, 0, 2, 2, 0, 74373, 6, 1, 0, 2, 0, 0, 65812], ""<class 'abc.NT_0000_P_00000'>"": [], ""<class 'int'>"": [51614, 94798, 85886, 59354, 52526, 36031, 35242, 91268, 99322, 38473, 68614, 93746, 6702, 40963, 73390, 92372, 19142, 45498, 58460, 83038, 905, 28012, 78957, 84653, 49224, 91314, 22611, 93748, 26079, 62592, 24095, 74401, 80107, 79360, 89661, 93789, 24483, 14210, 58941, 10735, 60856, 12770, 53654, 52188], ""<class 'abc.NT_0000_P_00001'>"": [], ""<class 'abc.NT_0000_P_00002'>"": [], ""<class 'abc.NT_0000_P_00003'>"": [], ""<class 'abc.NT_0000_P_00004'>"": [], ""<class 'abc.NT_0000_P_00005'>"": [], ""<class 'abc.NT_0000_P_00006'>"": [], ""<class 'abc.NT_0001_P_00001'>"": [], ""<class 'abc.NT_0001_P_00002'>"": [], ""<class 'abc.NT_0001_P_00003'>"": [], ""<class 'abc.NT_0001_P_00004'>"": [], ""<class 'abc.NT_0005'>"": [2, 8379], ""<class 'abc.NT_0005_P_00000'>"": [], ""<class 'abc.NT_0003'>"": [0, 0, 2, 73361], ""<class 'abc.NT_0003_P_00000'>"": [], ""<class 'abc.NT_0002'>"": [3, 1, 2, 3, 2, 2993], ""<class 'abc.NT_0002_P_00000'>"": [], ""<class 'abc.NT_0002_P_00001'>"": [], ""<class 'abc.NT_0002_P_00002'>"": [], ""<class 'abc.NT_0002_P_00003'>"": [], ""<class 'abc.NT_0002_P_00004'>"": [], ""<class 'abc.NT_0003_P_00001'>"": [], ""<class 'abc.NT_0003_P_00002'>"": [], ""<class 'abc.NT_0004'>"": [0, 60424], ""<class 'abc.NT_0004_P_00000'>"": [], ""<class 'abc.NT_0004_P_00001'>"": [], ""<class 'abc.NT_0005_P_00001'>"": [], ""<class 'abc.NT_0005_P_00002'>"": [], ""<class 'abc.NT_0011'>"": [], ""<class 'abc.NT_0011_P_00000'>"": [], ""<class 'abc.NT_0017_P_00001'>"": [], ""<class 'abc.NT_0012'>"": [0, 60158], ""<class 'abc.NT_0012_P_00000'>"": [], ""<class 'abc.NT_0010'>"": [], ""<class 'abc.NT_0010_P_00000'>"": [], ""<class 'abc.NT_0009'>"": [], ""<class 'abc.NT_0009_P_00000'>"": [], ""<class 'abc.NT_0008'>"": [], ""<class 'abc.NT_0008_P_00000'>"": [], ""<class 'abc.NT_0006'>"": [], ""<class 'abc.NT_0006_P_00000'>"": [], ""<class 'abc.NT_0008_P_00001'>"": [], ""<class 'abc.NT_0008_P_00002'>"": [], ""<class 'abc.NT_0008_P_00003'>"": [], ""<class 'abc.NT_0008_P_00004'>"": [], ""<class 'abc.NT_0007'>"": [], ""<class 'abc.NT_0007_P_00000'>"": [], ""<class 'abc.NT_0007_P_00001'>"": [], ""<class 'abc.NT_0007_P_00002'>"": [], ""<class 'abc.NT_0009_P_00001'>"": [], ""<class 'abc.NT_0010_P_00001'>"": [], ""<class 'abc.NT_0010_P_00002'>"": [], ""<class 'abc.NT_0012_P_00001'>"": [], ""<class 'abc.NT_0012_P_00002'>"": [], '$leftovers': [24110, 33409, 84800, 52930, 73355, 35471, 40030, 9296, 20749, 33075, 49628, 11537, 15, 90830, 51946, 20435, 67193, 37276, 25620, 25545, 23848, 32840, 79736, 6117, 22259, 57571, 60709, 16020, 90131, 83681, 49236, 19740, 96719, 28286, 96500, 25056, 2425, 4606, 76743, 50141, 80972, 89178, 58155, 60076, 20023, 49957, 78859, 71701, 63157, 51036, 27194, 57618, 41826, 72622, 26518, 13650, 37174, 65866, 51535, 26693, 46306, 18622, 78957, 96794, 12749, 98789, 43609, 19799, 33366, 8952, 34480, 94159, 44897, 75759, 82931, 16277, 14916, 72994, 49309, 70538, 2034, 42550, 91026, 7880, 3338, 60131, 98080, 28093, 32900, 15622, 26775, 29552, 32342, 14515, 36096, 41783, 62811, 37254, 75355, 63411, 75272, 23694, 84310, 71082, 79212, 33588, 90706, 48187, 31189, 88482, 9367, 56255, 79617, 1270, 55560, 26203, 26155, 40545, 15484, 55048, 21590, 6079, 95713, 42042, 7599, 11012, 10867, 6326, 4226, 36219, 64167, 95573, 17592, 32396, 33047, 42672, 14688, 56724, 34006, 26116, 19739, 92564, 32446, 49106, 86197, 89608, 29620, 89318, 4676, 30220, 92140, 82233, 42586, 84937, 67832, 88616, 54115, 36688, 72537, 89206, 19927, 60142, 31365, 9503, 17153, 77426, 27373, 71618, 24526, 11066, 35200, 85609, 149, 12686, 31762, 76331, 79662, 42034, 4753, 45093, 9160, 29879, 54031, 81574, 52405, 74338, 45103, 97062, 38418, 65500, 83214, 33515, 71498, 84236, 27012, 42946, 15648, 18758, 74221, 18239, 86131, 1230, 2760, 87805, 47794, 89910, 39873, 11161, 88967, 57997, 33988, 52998, 11574, 11690, 91965, 60505, 6728, 20304, 66663, 21797, 36314, 23383, 77728, 66566, 30573, 81589, 35200, 85889, 50823, 87892, 82732, 87939, 51151, 25364, 57741, 65481, 95697, 91763, 24126, 50698, 89794, 21082, 38556, 8845, 86758, 95312, 40982, 27576, 22409, 10764, 59686, 42374, 46705, 20305, 91930, 20443, 55812, 94550, 17871, 37347, 86111, 91872, 76531, 97561, 22247, 70828, 10031, 86871, 3457, 34403, 47195, 55824, 77269, 2312, 23015, 10509, 90685, 33220, 5095, 32669, 57665, 87461, 23705, 23892, 79569, 25099, 22463, 6825, 87678, 12700, 8086, 18347, 2080, 81725, 1743, 21695, 98864, 601, 27012, 26238, 83756, 20196, 9283, 37922, 9584, 31059, 69305, 33408, 87700, 5472, 17218, 94029, 30946, 42707, 26938, 23929, 42631, 58629, 82345, 34078, 27640, 26857, 52482, 1908, 53363, 57718, 53277, 60874, 47192, 65156, 64324, 98908, 18086, 34571, 80780, 21654, 13015, 54185, 65778, 82905, 54333, 16295, 29750, 10179, 8498, 41149, 76875, 75817, 52840, 36350, 67047, 80721, 50387, 89921, 76598, 79179, 69374, 34188, 84323, 90189, 80063, 75353, 58141, 98604, 61869, 50914, 95998, 60953, 31372, 32800, 20253, 10965, 57825, 30921, 72002, 23478, 52144, 74671, 49790, 35369, 96851, 96268, 91735, 26265, 71492, 35041, 22667, 85381, 87967, 56897, 37761, 44123, 52620, 81795, 86745, 6668, 71796, 22328, 50981, 1304, 65894, 39334, 28965, 37736, 33502, 94725, 98644, 29317, 28672, 49720, 92944, 79154, 30886, 83581, 56853, 86563, 45680, 29702, 43297, 89488, 55541, 95711, 64055, 55857, 75831, 20915, 33733, 41601, 40608, 13946, 42643, 60946, 78379, 66893, 47265, 47663, 96044, 31575, 23271, 29732, 18765, 73934, 86595, 19623, 58152, 23341, 42797, 82035, 84610, 84617, 26296, 48384, 7808, 85181, 83581, 85225, 34491, 3068, 83145, 63958, 59227, 71005, 79763, 19625, 78522, 84816, 70026, 30736, 71763, 20974, 85431, 42194, 51257, 95945, 87370, 84376, 7316, 96397, 73523, 45377, 38170, 929, 19455, 92318, 44476, 31469, 69802, 39812, 96151, 1351, 97970, 67167, 69990, 20536, 43930, 89552, 7692, 94070, 25734, 2163, 89653, 41361, 65843, 55026, 76161, 33606, 7726, 57770, 26583, 72401, 4290, 24460, 59579, 28419, 26896, 42516, 11149, 32412, 43883, 76759, 72953, 63003, 29642, 79399, 49163, 14266, 55493, 15592, 19124, 64343, 71700, 16518, 77843, 61244, 80217, 51694, 11787, 24162, 70922, 1802, 19601, 58039, 19725, 17982, 7030, 87818, 81146, 64592, 10711, 8313, 80311, 12180, 49490, 79809, 96851, 93114, 19741, 87950, 3665, 43498, 8117, 64, 90216, 51752, 43265, 1055, 25064, 4579, 20591, 64262, 8289, 34540, 9038, 32463, 95965, 3202, 36219, 54773, 36301, 21802, 67750, 14517, 59282, 15980, 432, 86613, 99020, 91465, 77787, 78248, 48946, 57777, 58757, 97167, 43438, 57904, 2014, 13213, 67388, 10589, 17904, 46813, 71128, 52635, 3372, 7022, 6285, 13222, 36250, 40728, 91163, 35142, 11502, 89851, 62932, 77460, 96657, 21864, 99883, 81995, 74277, 60986, 50282, 74931, 46950, 5360, 53700, 31843, 59827, 47670, 32934, 30419, 79491, 57514, 74807, 23996, 53538, 62864, 15792, 27971, 79999, 4588, 61344, 72986, 76402, 5098, 58305, 25903, 32899, 85790, 91428, 60548, 56234, 39548, 43974, 98619, 77439, 15993, 73803, 83604, 25519, 18459, 20066, 25903, 97967, 33677, 7371, 6, 36499, 11324, 1243, 39947, 55479, 70470, 34082, 56050, 29544, 54987, 62746, 66607, 80357, 49628, 67933, 33670, 28091, 66945, 50534, 26141, 53322, 91035, 77729, 27580, 46478, 28257, 47427, 93318, 56880, 30918, 94174, 58362, 78991, 44614, 79630, 30263, 11791, 42548, 14198, 37648, 38023, 21220, 21014, 7344, 63974, 96287, 17660, 60202, 79326, 52006, 11171, 66690, 12255, 20285, 10423, 55277, 57487, 11691, 54689, 5652, 76519, 3461, 69755, 64707, 16312, 16295, 40601, 70148, 36176, 16065, 40040, 14183, 24121, 47242, 22032, 11279, 3191, 76223, 38556, 49976, 63279, 28556, 9220, 29217, 76607, 75006, 23148, 76606, 47161, 35794, 52195, 48659, 92402, 6526, 92368, 4935, 12370, 31129, 9968, 86963, 31409, 47029, 77066, 80727, 15785, 15932, 83533, 62000, 17471, 96923, 65812, 20445, 91749, 85889, 26308, 19486, 21715, 34331, 93146, 59506, 57820, 30428, 93243, 92765, 52847, 89535, 66389, 58839, 4150, 25361, 82879, 61511, 68281, 78697, 78403, 87273, 13980, 42687, 23918, 63683, 41580, 73250, 59609, 11414, 2509, 70598, 74474, 19451, 16064, 20767, 90079, 93316, 16483, 26688, 1007, 58343, 58155, 21038, 71715, 57917, 41869, 25781, 18714, 67682, 93754, 85684, 10313, 1573, 45762, 94524, 35755, 32943, 71827, 71670, 16558, 24105, 60194, 63460, 52030, 70450, 68115, 37170, 74590, 45567, 54629, 5725, 85172, 61417, 54506, 78169, 92443, 94152, 97286, 90729, 98431, 21923, 91806, 91215, 9539, 25283, 88955, 21992, 43568, 39295, 10889, 20789, 56007, 943, 72855, 76942, 8942, 7759, 97777, 37307, 60206, 47127, 31059, 56075, 49075, 27392, 83476, 56280, 34162, 34476, 2995, 89626, 72491, 10343, 77379, 88390, 46151, 52405, 17849, 67616, 60968, 77448, 3012, 11905, 89855, 55382, 1710, 27710, 13838, 56579, 51865, 18942, 52511, 18314, 17423, 62667, 73550, 27356, 31707, 24937, 85986, 41982, 29792, 51747, 77050, 33505, 87200, 35919, 25026, 57877, 33854, 14431, 62602, 44937, 83542, 26581, 41702, 40546, 83724, 57348, 95648, 17217, 81032, 51333, 62479, 95232, 68193, 19337, 54406, 7241, 84508, 31853, 36337, 97444, 6715, 84142, 14143, 29646, 61418, 46691, 91055, 95261, 21607, 49389, 87440, 53345, 41371, 1669, 16850, 18440, 60983, 69600, 53625, 40097, 54633, 9055, 65860, 3054, 54468, 13994, 50399, 96381, 93456, 37386, 12374, 72359, 13808, 91360, 1863, 60158, 8379, 60424, 44909, 64466, 68566, 65812, 52188, 94818]})"
149.0,7,30,63,29.729175806045532,40003,"Genotype(dna={""<class 'abc.NT_0017'>"": [0, 1863], ""<class 'abc.NT_0017_P_00000'>"": [], ""<class 'abc.NT_0001'>"": [2, 2, 2, 30908, 0, 1, 68566], ""<class 'abc.NT_0001_P_00000'>"": [], ""<class 'bool'>"": [46023, 35570, 21927, 2927, 64826, 47769, 23648, 93816, 7134, 59416, 20134, 85082, 87339, 47436, 78194, 76892, 13022, 3649, 46405, 50242, 42523, 55047, 79213, 38241, 94818, 24110, 33409], ""<class 'abc.NT_0000'>"": [1, 2, 6, 0, 0, 0, 0, 37022, 5, 2, 0, 97444, 3, 1, 0, 2, 2, 0, 74373, 6, 1, 0, 2, 0, 0, 65812], ""<class 'abc.NT_0000_P_00000'>"": [], ""<class 'int'>"": [51614, 94798, 85886, 59354, 52526, 36031, 35242, 91268, 99322, 38473, 68614, 93746, 6702, 40963, 73390, 92372, 19142, 45498, 58460, 83038, 905, 28012, 78957, 84653, 49224, 91314, 22611, 93748, 26079, 62592, 24095, 74401, 80107, 79360, 89661, 93789, 24483, 14210, 58941, 10735, 60856, 12770, 53654, 52188], ""<class 'abc.NT_0000_P_00001'>"": [], ""<class 'abc.NT_0000_P_00002'>"": [], ""<class 'abc.NT_0000_P_00003'>"": [], ""<class 'abc.NT_0000_P_00004'>"": [], ""<class 'abc.NT_0000_P_00005'>"": [], ""<class 'abc.NT_0000_P_00006'>"": [], ""<class 'abc.NT_0001_P_00001'>"": [], ""<class 'abc.NT_0001_P_00002'>"": [], ""<class 'abc.NT_0001_P_00003'>"": [], ""<class 'abc.NT_0001_P_00004'>"": [], ""<class 'abc.NT_0005'>"": [2, 8379], ""<class 'abc.NT_0005_P_00000'>"": [], ""<class 'abc.NT_0003'>"": [0, 0, 2, 73361], ""<class 'abc.NT_0003_P_00000'>"": [], ""<class 'abc.NT_0002'>"": [3, 1, 2, 3, 2, 2993], ""<class 'abc.NT_0002_P_00000'>"": [], ""<class 'abc.NT_0002_P_00001'>"": [], ""<class 'abc.NT_0002_P_00002'>"": [], ""<class 'abc.NT_0002_P_00003'>"": [], ""<class 'abc.NT_0002_P_00004'>"": [], ""<class 'abc.NT_0003_P_00001'>"": [], ""<class 'abc.NT_0003_P_00002'>"": [], ""<class 'abc.NT_0004'>"": [0, 60424], ""<class 'abc.NT_0004_P_00000'>"": [], ""<class 'abc.NT_0004_P_00001'>"": [], ""<class 'abc.NT_0005_P_00001'>"": [], ""<class 'abc.NT_0005_P_00002'>"": [], ""<class 'abc.NT_0011'>"": [], ""<class 'abc.NT_0011_P_00000'>"": [], ""<class 'abc.NT_0017_P_00001'>"": [], ""<class 'abc.NT_0012'>"": [0, 60158], ""<class 'abc.NT_0012_P_00000'>"": [], ""<class 'abc.NT_0010'>"": [], ""<class 'abc.NT_0010_P_00000'>"": [], ""<class 'abc.NT_0009'>"": [], ""<class 'abc.NT_0009_P_00000'>"": [], ""<class 'abc.NT_0008'>"": [], ""<class 'abc.NT_0008_P_00000'>"": [], ""<class 'abc.NT_0006'>"": [], ""<class 'abc.NT_0006_P_00000'>"": [], ""<class 'abc.NT_0008_P_00001'>"": [], ""<class 'abc.NT_0008_P_00002'>"": [], ""<class 'abc.NT_0008_P_00003'>"": [], ""<class 'abc.NT_0008_P_00004'>"": [], ""<class 'abc.NT_0007'>"": [], ""<class 'abc.NT_0007_P_00000'>"": [], ""<class 'abc.NT_0007_P_00001'>"": [], ""<class 'abc.NT_0007_P_00002'>"": [], ""<class 'abc.NT_0009_P_00001'>"": [], ""<class 'abc.NT_0010_P_00001'>"": [], ""<class 'abc.NT_0010_P_00002'>"": [], ""<class 'abc.NT_0012_P_00001'>"": [], ""<class 'abc.NT_0012_P_00002'>"": [], '$leftovers': [24110, 33409, 84800, 52930, 73355, 35471, 40030, 9296, 20749, 33075, 49628, 11537, 15, 90830, 51946, 20435, 67193, 37276, 25620, 25545, 23848, 32840, 79736, 6117, 22259, 57571, 60709, 16020, 90131, 83681, 49236, 19740, 96719, 28286, 96500, 25056, 2425, 4606, 76743, 50141, 80972, 89178, 58155, 60076, 20023, 49957, 78859, 71701, 63157, 51036, 27194, 57618, 41826, 72622, 26518, 13650, 37174, 65866, 51535, 26693, 46306, 18622, 78957, 96794, 12749, 98789, 43609, 19799, 33366, 8952, 34480, 94159, 44897, 75759, 82931, 16277, 14916, 72994, 49309, 70538, 2034, 42550, 91026, 7880, 3338, 60131, 98080, 28093, 32900, 15622, 26775, 29552, 32342, 14515, 36096, 41783, 62811, 37254, 75355, 63411, 75272, 23694, 84310, 71082, 79212, 33588, 90706, 48187, 31189, 88482, 9367, 56255, 79617, 1270, 55560, 26203, 26155, 40545, 15484, 55048, 21590, 6079, 95713, 42042, 7599, 11012, 10867, 6326, 4226, 36219, 64167, 95573, 17592, 32396, 33047, 42672, 14688, 56724, 34006, 26116, 19739, 92564, 32446, 49106, 86197, 89608, 29620, 89318, 4676, 30220, 92140, 82233, 42586, 84937, 67832, 88616, 54115, 36688, 72537, 89206, 19927, 60142, 31365, 9503, 17153, 77426, 27373, 71618, 24526, 11066, 35200, 85609, 149, 12686, 31762, 76331, 79662, 42034, 4753, 45093, 9160, 29879, 54031, 81574, 52405, 74338, 45103, 97062, 38418, 65500, 83214, 33515, 71498, 84236, 27012, 42946, 15648, 18758, 74221, 18239, 86131, 1230, 2760, 87805, 47794, 89910, 39873, 11161, 88967, 57997, 33988, 52998, 11574, 11690, 91965, 60505, 6728, 20304, 66663, 21797, 36314, 23383, 77728, 66566, 30573, 81589, 35200, 85889, 50823, 87892, 82732, 87939, 51151, 25364, 57741, 65481, 95697, 91763, 24126, 50698, 89794, 21082, 38556, 8845, 86758, 95312, 40982, 27576, 22409, 10764, 59686, 42374, 46705, 20305, 91930, 20443, 55812, 94550, 17871, 37347, 86111, 91872, 76531, 97561, 22247, 70828, 10031, 86871, 3457, 34403, 47195, 55824, 77269, 2312, 23015, 10509, 90685, 33220, 5095, 32669, 57665, 87461, 23705, 23892, 79569, 25099, 22463, 6825, 87678, 12700, 8086, 18347, 2080, 81725, 1743, 21695, 98864, 601, 27012, 26238, 83756, 20196, 9283, 37922, 9584, 31059, 69305, 33408, 87700, 5472, 17218, 94029, 30946, 42707, 26938, 23929, 42631, 58629, 82345, 34078, 27640, 26857, 52482, 1908, 53363, 57718, 53277, 60874, 47192, 65156, 64324, 98908, 18086, 34571, 80780, 21654, 13015, 54185, 65778, 82905, 54333, 16295, 29750, 10179, 8498, 41149, 76875, 75817, 52840, 36350, 67047, 80721, 50387, 89921, 76598, 79179, 69374, 34188, 84323, 90189, 80063, 75353, 58141, 98604, 61869, 50914, 95998, 60953, 31372, 32800, 20253, 10965, 57825, 30921, 72002, 23478, 52144, 74671, 49790, 35369, 96851, 96268, 91735, 26265, 71492, 35041, 22667, 85381, 87967, 56897, 37761, 44123, 52620, 81795, 86745, 6668, 71796, 22328, 50981, 1304, 65894, 39334, 28965, 37736, 33502, 94725, 98644, 29317, 28672, 49720, 92944, 79154, 30886, 83581, 56853, 86563, 45680, 29702, 43297, 89488, 55541, 95711, 64055, 55857, 75831, 20915, 33733, 41601, 40608, 13946, 42643, 60946, 78379, 66893, 47265, 47663, 96044, 31575, 23271, 29732, 18765, 73934, 86595, 19623, 58152, 23341, 42797, 82035, 84610, 84617, 26296, 48384, 7808, 85181, 83581, 85225, 34491, 3068, 83145, 63958, 59227, 71005, 79763, 19625, 78522, 84816, 70026, 30736, 71763, 20974, 85431, 42194, 51257, 95945, 87370, 84376, 7316, 96397, 73523, 45377, 38170, 929, 19455, 92318, 44476, 31469, 69802, 39812, 96151, 1351, 97970, 67167, 69990, 20536, 43930, 89552, 7692, 94070, 25734, 2163, 89653, 41361, 65843, 55026, 76161, 33606, 7726, 57770, 26583, 72401, 4290, 24460, 59579, 28419, 26896, 42516, 11149, 32412, 43883, 76759, 72953, 63003, 29642, 79399, 49163, 14266, 55493, 15592, 19124, 64343, 71700, 16518, 77843, 61244, 80217, 51694, 11787, 24162, 70922, 1802, 19601, 58039, 19725, 17982, 7030, 87818, 81146, 64592, 10711, 8313, 80311, 12180, 49490, 79809, 96851, 93114, 19741, 87950, 3665, 43498, 8117, 64, 90216, 51752, 43265, 1055, 25064, 4579, 20591, 64262, 8289, 34540, 9038, 32463, 95965, 3202, 36219, 54773, 36301, 21802, 67750, 14517, 59282, 15980, 432, 86613, 99020, 91465, 77787, 78248, 48946, 57777, 58757, 97167, 43438, 57904, 2014, 13213, 67388, 10589, 17904, 46813, 71128, 52635, 3372, 7022, 6285, 13222, 36250, 40728, 91163, 35142, 11502, 89851, 62932, 77460, 96657, 21864, 99883, 81995, 74277, 60986, 50282, 74931, 46950, 5360, 53700, 31843, 59827, 47670, 32934, 30419, 79491, 57514, 74807, 23996, 53538, 62864, 15792, 27971, 79999, 4588, 61344, 72986, 76402, 5098, 58305, 25903, 32899, 85790, 91428, 60548, 56234, 39548, 43974, 98619, 77439, 15993, 73803, 83604, 25519, 18459, 20066, 25903, 97967, 33677, 7371, 6, 36499, 11324, 1243, 39947, 55479, 70470, 34082, 56050, 29544, 54987, 62746, 66607, 80357, 49628, 67933, 33670, 28091, 66945, 50534, 26141, 53322, 91035, 77729, 27580, 46478, 28257, 47427, 93318, 56880, 30918, 94174, 58362, 78991, 44614, 79630, 30263, 11791, 42548, 14198, 37648, 38023, 21220, 21014, 7344, 63974, 96287, 17660, 60202, 79326, 52006, 11171, 66690, 12255, 20285, 10423, 55277, 57487, 11691, 54689, 5652, 76519, 3461, 69755, 64707, 16312, 16295, 40601, 70148, 36176, 16065, 40040, 14183, 24121, 47242, 22032, 11279, 3191, 76223, 38556, 49976, 63279, 28556, 9220, 29217, 76607, 75006, 23148, 76606, 47161, 35794, 52195, 48659, 92402, 6526, 92368, 4935, 12370, 31129, 9968, 86963, 31409, 47029, 77066, 80727, 15785, 15932, 83533, 62000, 17471, 96923, 65812, 20445, 91749, 85889, 26308, 19486, 21715, 34331, 93146, 59506, 57820, 30428, 93243, 92765, 52847, 89535, 66389, 58839, 4150, 25361, 82879, 61511, 68281, 78697, 78403, 87273, 13980, 42687, 23918, 63683, 41580, 73250, 59609, 11414, 2509, 70598, 74474, 19451, 16064, 20767, 90079, 93316, 16483, 26688, 1007, 58343, 58155, 21038, 71715, 57917, 41869, 25781, 18714, 67682, 93754, 85684, 10313, 1573, 45762, 94524, 35755, 32943, 71827, 71670, 16558, 24105, 60194, 63460, 52030, 70450, 68115, 37170, 74590, 45567, 54629, 5725, 85172, 61417, 54506, 78169, 92443, 94152, 97286, 90729, 98431, 21923, 91806, 91215, 9539, 25283, 88955, 21992, 43568, 39295, 10889, 20789, 56007, 943, 72855, 76942, 8942, 7759, 97777, 37307, 60206, 47127, 31059, 56075, 49075, 27392, 83476, 56280, 34162, 34476, 2995, 89626, 72491, 10343, 77379, 88390, 46151, 52405, 17849, 67616, 60968, 77448, 3012, 11905, 89855, 55382, 1710, 27710, 13838, 56579, 51865, 18942, 52511, 18314, 17423, 62667, 73550, 27356, 31707, 24937, 85986, 41982, 29792, 51747, 77050, 33505, 87200, 35919, 25026, 57877, 33854, 14431, 62602, 44937, 83542, 26581, 41702, 40546, 83724, 57348, 95648, 17217, 81032, 51333, 62479, 95232, 68193, 19337, 54406, 7241, 84508, 31853, 36337, 97444, 6715, 84142, 14143, 29646, 61418, 46691, 91055, 95261, 21607, 49389, 87440, 53345, 41371, 1669, 16850, 18440, 60983, 69600, 53625, 40097, 54633, 9055, 65860, 3054, 54468, 13994, 50399, 96381, 93456, 37386, 12374, 72359, 13808, 91360, 1863, 60158, 8379, 60424, 44909, 64466, 68566, 65812, 52188, 94818]})"
149.0,7,30,64,30.156985998153687,40003,"Genotype(dna={""<class 'abc.NT_0017'>"": [0, 1863], ""<class 'abc.NT_0017_P_00000'>"": [], ""<class 'abc.NT_0001'>"": [2, 2, 2, 30908, 0, 1, 68566], ""<class 'abc.NT_0001_P_00000'>"": [], ""<class 'bool'>"": [46023, 35570, 21927, 2927, 64826, 47769, 23648, 93816, 7134, 59416, 20134, 85082, 87339, 47436, 78194, 76892, 13022, 3649, 46405, 50242, 42523, 55047, 79213, 38241, 94818, 24110, 33409], ""<class 'abc.NT_0000'>"": [1, 2, 6, 0, 0, 0, 0, 37022, 5, 2, 0, 97444, 3, 1, 0, 2, 2, 0, 74373, 6, 1, 0, 2, 0, 0, 65812], ""<class 'abc.NT_0000_P_00000'>"": [], ""<class 'int'>"": [51614, 94798, 85886, 59354, 52526, 36031, 35242, 91268, 99322, 38473, 68614, 93746, 6702, 40963, 73390, 92372, 19142, 45498, 58460, 83038, 905, 28012, 78957, 84653, 49224, 91314, 22611, 93748, 26079, 62592, 24095, 74401, 80107, 79360, 89661, 93789, 24483, 14210, 58941, 10735, 60856, 12770, 53654, 52188], ""<class 'abc.NT_0000_P_00001'>"": [], ""<class 'abc.NT_0000_P_00002'>"": [], ""<class 'abc.NT_0000_P_00003'>"": [], ""<class 'abc.NT_0000_P_00004'>"": [], ""<class 'abc.NT_0000_P_00005'>"": [], ""<class 'abc.NT_0000_P_00006'>"": [], ""<class 'abc.NT_0001_P_00001'>"": [], ""<class 'abc.NT_0001_P_00002'>"": [], ""<class 'abc.NT_0001_P_00003'>"": [], ""<class 'abc.NT_0001_P_00004'>"": [], ""<class 'abc.NT_0005'>"": [2, 8379], ""<class 'abc.NT_0005_P_00000'>"": [], ""<class 'abc.NT_0003'>"": [0, 0, 2, 73361], ""<class 'abc.NT_0003_P_00000'>"": [], ""<class 'abc.NT_0002'>"": [3, 1, 2, 3, 2, 2993], ""<class 'abc.NT_0002_P_00000'>"": [], ""<class 'abc.NT_0002_P_00001'>"": [], ""<class 'abc.NT_0002_P_00002'>"": [], ""<class 'abc.NT_0002_P_00003'>"": [], ""<class 'abc.NT_0002_P_00004'>"": [], ""<class 'abc.NT_0003_P_00001'>"": [], ""<class 'abc.NT_0003_P_00002'>"": [], ""<class 'abc.NT_0004'>"": [0, 60424], ""<class 'abc.NT_0004_P_00000'>"": [], ""<class 'abc.NT_0004_P_00001'>"": [], ""<class 'abc.NT_0005_P_00001'>"": [], ""<class 'abc.NT_0005_P_00002'>"": [], ""<class 'abc.NT_0011'>"": [], ""<class 'abc.NT_0011_P_00000'>"": [], ""<class 'abc.NT_0017_P_00001'>"": [], ""<class 'abc.NT_0012'>"": [0, 60158], ""<class 'abc.NT_0012_P_00000'>"": [], ""<class 'abc.NT_0010'>"": [], ""<class 'abc.NT_0010_P_00000'>"": [], ""<class 'abc.NT_0009'>"": [], ""<class 'abc.NT_0009_P_00000'>"": [], ""<class 'abc.NT_0008'>"": [], ""<class 'abc.NT_0008_P_00000'>"": [], ""<class 'abc.NT_0006'>"": [], ""<class 'abc.NT_0006_P_00000'>"": [], ""<class 'abc.NT_0008_P_00001'>"": [], ""<class 'abc.NT_0008_P_00002'>"": [], ""<class 'abc.NT_0008_P_00003'>"": [], ""<class 'abc.NT_0008_P_00004'>"": [], ""<class 'abc.NT_0007'>"": [], ""<class 'abc.NT_0007_P_00000'>"": [], ""<class 'abc.NT_0007_P_00001'>"": [], ""<class 'abc.NT_0007_P_00002'>"": [], ""<class 'abc.NT_0009_P_00001'>"": [], ""<class 'abc.NT_0010_P_00001'>"": [], ""<class 'abc.NT_0010_P_00002'>"": [], ""<class 'abc.NT_0012_P_00001'>"": [], ""<class 'abc.NT_0012_P_00002'>"": [], '$leftovers': [24110, 33409, 84800, 52930, 73355, 35471, 40030, 9296, 20749, 33075, 49628, 11537, 15, 90830, 51946, 20435, 67193, 37276, 25620, 25545, 23848, 32840, 79736, 6117, 22259, 57571, 60709, 16020, 90131, 83681, 49236, 19740, 96719, 28286, 96500, 25056, 2425, 4606, 76743, 50141, 80972, 89178, 58155, 60076, 20023, 49957, 78859, 71701, 63157, 51036, 27194, 57618, 41826, 72622, 26518, 13650, 37174, 65866, 51535, 26693, 46306, 18622, 78957, 96794, 12749, 98789, 43609, 19799, 33366, 8952, 34480, 94159, 44897, 75759, 82931, 16277, 14916, 72994, 49309, 70538, 2034, 42550, 91026, 7880, 3338, 60131, 98080, 28093, 32900, 15622, 26775, 29552, 32342, 14515, 36096, 41783, 62811, 37254, 75355, 63411, 75272, 23694, 84310, 71082, 79212, 33588, 90706, 48187, 31189, 88482, 9367, 56255, 79617, 1270, 55560, 26203, 26155, 40545, 15484, 55048, 21590, 6079, 95713, 42042, 7599, 11012, 10867, 6326, 4226, 36219, 64167, 95573, 17592, 32396, 33047, 42672, 14688, 56724, 34006, 26116, 19739, 92564, 32446, 49106, 86197, 89608, 29620, 89318, 4676, 30220, 92140, 82233, 42586, 84937, 67832, 88616, 54115, 36688, 72537, 89206, 19927, 60142, 31365, 9503, 17153, 77426, 27373, 71618, 24526, 11066, 35200, 85609, 149, 12686, 31762, 76331, 79662, 42034, 4753, 45093, 9160, 29879, 54031, 81574, 52405, 74338, 45103, 97062, 38418, 65500, 83214, 33515, 71498, 84236, 27012, 42946, 15648, 18758, 74221, 18239, 86131, 1230, 2760, 87805, 47794, 89910, 39873, 11161, 88967, 57997, 33988, 52998, 11574, 11690, 91965, 60505, 6728, 20304, 66663, 21797, 36314, 23383, 77728, 66566, 30573, 81589, 35200, 85889, 50823, 87892, 82732, 87939, 51151, 25364, 57741, 65481, 95697, 91763, 24126, 50698, 89794, 21082, 38556, 8845, 86758, 95312, 40982, 27576, 22409, 10764, 59686, 42374, 46705, 20305, 91930, 20443, 55812, 94550, 17871, 37347, 86111, 91872, 76531, 97561, 22247, 70828, 10031, 86871, 3457, 34403, 47195, 55824, 77269, 2312, 23015, 10509, 90685, 33220, 5095, 32669, 57665, 87461, 23705, 23892, 79569, 25099, 22463, 6825, 87678, 12700, 8086, 18347, 2080, 81725, 1743, 21695, 98864, 601, 27012, 26238, 83756, 20196, 9283, 37922, 9584, 31059, 69305, 33408, 87700, 5472, 17218, 94029, 30946, 42707, 26938, 23929, 42631, 58629, 82345, 34078, 27640, 26857, 52482, 1908, 53363, 57718, 53277, 60874, 47192, 65156, 64324, 98908, 18086, 34571, 80780, 21654, 13015, 54185, 65778, 82905, 54333, 16295, 29750, 10179, 8498, 41149, 76875, 75817, 52840, 36350, 67047, 80721, 50387, 89921, 76598, 79179, 69374, 34188, 84323, 90189, 80063, 75353, 58141, 98604, 61869, 50914, 95998, 60953, 31372, 32800, 20253, 10965, 57825, 30921, 72002, 23478, 52144, 74671, 49790, 35369, 96851, 96268, 91735, 26265, 71492, 35041, 22667, 85381, 87967, 56897, 37761, 44123, 52620, 81795, 86745, 6668, 71796, 22328, 50981, 1304, 65894, 39334, 28965, 37736, 33502, 94725, 98644, 29317, 28672, 49720, 92944, 79154, 30886, 83581, 56853, 86563, 45680, 29702, 43297, 89488, 55541, 95711, 64055, 55857, 75831, 20915, 33733, 41601, 40608, 13946, 42643, 60946, 78379, 66893, 47265, 47663, 96044, 31575, 23271, 29732, 18765, 73934, 86595, 19623, 58152, 23341, 42797, 82035, 84610, 84617, 26296, 48384, 7808, 85181, 83581, 85225, 34491, 3068, 83145, 63958, 59227, 71005, 79763, 19625, 78522, 84816, 70026, 30736, 71763, 20974, 85431, 42194, 51257, 95945, 87370, 84376, 7316, 96397, 73523, 45377, 38170, 929, 19455, 92318, 44476, 31469, 69802, 39812, 96151, 1351, 97970, 67167, 69990, 20536, 43930, 89552, 7692, 94070, 25734, 2163, 89653, 41361, 65843, 55026, 76161, 33606, 7726, 57770, 26583, 72401, 4290, 24460, 59579, 28419, 26896, 42516, 11149, 32412, 43883, 76759, 72953, 63003, 29642, 79399, 49163, 14266, 55493, 15592, 19124, 64343, 71700, 16518, 77843, 61244, 80217, 51694, 11787, 24162, 70922, 1802, 19601, 58039, 19725, 17982, 7030, 87818, 81146, 64592, 10711, 8313, 80311, 12180, 49490, 79809, 96851, 93114, 19741, 87950, 3665, 43498, 8117, 64, 90216, 51752, 43265, 1055, 25064, 4579, 20591, 64262, 8289, 34540, 9038, 32463, 95965, 3202, 36219, 54773, 36301, 21802, 67750, 14517, 59282, 15980, 432, 86613, 99020, 91465, 77787, 78248, 48946, 57777, 58757, 97167, 43438, 57904, 2014, 13213, 67388, 10589, 17904, 46813, 71128, 52635, 3372, 7022, 6285, 13222, 36250, 40728, 91163, 35142, 11502, 89851, 62932, 77460, 96657, 21864, 99883, 81995, 74277, 60986, 50282, 74931, 46950, 5360, 53700, 31843, 59827, 47670, 32934, 30419, 79491, 57514, 74807, 23996, 53538, 62864, 15792, 27971, 79999, 4588, 61344, 72986, 76402, 5098, 58305, 25903, 32899, 85790, 91428, 60548, 56234, 39548, 43974, 98619, 77439, 15993, 73803, 83604, 25519, 18459, 20066, 25903, 97967, 33677, 7371, 6, 36499, 11324, 1243, 39947, 55479, 70470, 34082, 56050, 29544, 54987, 62746, 66607, 80357, 49628, 67933, 33670, 28091, 66945, 50534, 26141, 53322, 91035, 77729, 27580, 46478, 28257, 47427, 93318, 56880, 30918, 94174, 58362, 78991, 44614, 79630, 30263, 11791, 42548, 14198, 37648, 38023, 21220, 21014, 7344, 63974, 96287, 17660, 60202, 79326, 52006, 11171, 66690, 12255, 20285, 10423, 55277, 57487, 11691, 54689, 5652, 76519, 3461, 69755, 64707, 16312, 16295, 40601, 70148, 36176, 16065, 40040, 14183, 24121, 47242, 22032, 11279, 3191, 76223, 38556, 49976, 63279, 28556, 9220, 29217, 76607, 75006, 23148, 76606, 47161, 35794, 52195, 48659, 92402, 6526, 92368, 4935, 12370, 31129, 9968, 86963, 31409, 47029, 77066, 80727, 15785, 15932, 83533, 62000, 17471, 96923, 65812, 20445, 91749, 85889, 26308, 19486, 21715, 34331, 93146, 59506, 57820, 30428, 93243, 92765, 52847, 89535, 66389, 58839, 4150, 25361, 82879, 61511, 68281, 78697, 78403, 87273, 13980, 42687, 23918, 63683, 41580, 73250, 59609, 11414, 2509, 70598, 74474, 19451, 16064, 20767, 90079, 93316, 16483, 26688, 1007, 58343, 58155, 21038, 71715, 57917, 41869, 25781, 18714, 67682, 93754, 85684, 10313, 1573, 45762, 94524, 35755, 32943, 71827, 71670, 16558, 24105, 60194, 63460, 52030, 70450, 68115, 37170, 74590, 45567, 54629, 5725, 85172, 61417, 54506, 78169, 92443, 94152, 97286, 90729, 98431, 21923, 91806, 91215, 9539, 25283, 88955, 21992, 43568, 39295, 10889, 20789, 56007, 943, 72855, 76942, 8942, 7759, 97777, 37307, 60206, 47127, 31059, 56075, 49075, 27392, 83476, 56280, 34162, 34476, 2995, 89626, 72491, 10343, 77379, 88390, 46151, 52405, 17849, 67616, 60968, 77448, 3012, 11905, 89855, 55382, 1710, 27710, 13838, 56579, 51865, 18942, 52511, 18314, 17423, 62667, 73550, 27356, 31707, 24937, 85986, 41982, 29792, 51747, 77050, 33505, 87200, 35919, 25026, 57877, 33854, 14431, 62602, 44937, 83542, 26581, 41702, 40546, 83724, 57348, 95648, 17217, 81032, 51333, 62479, 95232, 68193, 19337, 54406, 7241, 84508, 31853, 36337, 97444, 6715, 84142, 14143, 29646, 61418, 46691, 91055, 95261, 21607, 49389, 87440, 53345, 41371, 1669, 16850, 18440, 60983, 69600, 53625, 40097, 54633, 9055, 65860, 3054, 54468, 13994, 50399, 96381, 93456, 37386, 12374, 72359, 13808, 91360, 1863, 60158, 8379, 60424, 44909, 64466, 68566, 65812, 52188, 94818]})"
149.0,7,30,65,30.456844568252563,40003,"Genotype(dna={""<class 'abc.NT_0017'>"": [0, 1863], ""<class 'abc.NT_0017_P_00000'>"": [], ""<class 'abc.NT_0001'>"": [2, 2, 2, 30908, 0, 1, 68566], ""<class 'abc.NT_0001_P_00000'>"": [], ""<class 'bool'>"": [46023, 35570, 21927, 2927, 64826, 47769, 23648, 93816, 7134, 59416, 20134, 85082, 87339, 47436, 78194, 76892, 13022, 3649, 46405, 50242, 42523, 55047, 79213, 38241, 94818, 24110, 33409], ""<class 'abc.NT_0000'>"": [1, 2, 6, 0, 0, 0, 0, 37022, 5, 2, 0, 97444, 3, 1, 0, 2, 2, 0, 74373, 6, 1, 0, 2, 0, 0, 65812], ""<class 'abc.NT_0000_P_00000'>"": [], ""<class 'int'>"": [51614, 94798, 85886, 59354, 52526, 36031, 35242, 91268, 99322, 38473, 68614, 93746, 6702, 40963, 73390, 92372, 19142, 45498, 58460, 83038, 905, 28012, 78957, 84653, 49224, 91314, 22611, 93748, 26079, 62592, 24095, 74401, 80107, 79360, 89661, 93789, 24483, 14210, 58941, 10735, 60856, 12770, 53654, 52188], ""<class 'abc.NT_0000_P_00001'>"": [], ""<class 'abc.NT_0000_P_00002'>"": [], ""<class 'abc.NT_0000_P_00003'>"": [], ""<class 'abc.NT_0000_P_00004'>"": [], ""<class 'abc.NT_0000_P_00005'>"": [], ""<class 'abc.NT_0000_P_00006'>"": [], ""<class 'abc.NT_0001_P_00001'>"": [], ""<class 'abc.NT_0001_P_00002'>"": [], ""<class 'abc.NT_0001_P_00003'>"": [], ""<class 'abc.NT_0001_P_00004'>"": [], ""<class 'abc.NT_0005'>"": [2, 8379], ""<class 'abc.NT_0005_P_00000'>"": [], ""<class 'abc.NT_0003'>"": [0, 0, 2, 73361], ""<class 'abc.NT_0003_P_00000'>"": [], ""<class 'abc.NT_0002'>"": [3, 1, 2, 3, 2, 2993], ""<class 'abc.NT_0002_P_00000'>"": [], ""<class 'abc.NT_0002_P_00001'>"": [], ""<class 'abc.NT_0002_P_00002'>"": [], ""<class 'abc.NT_0002_P_00003'>"": [], ""<class 'abc.NT_0002_P_00004'>"": [], ""<class 'abc.NT_0003_P_00001'>"": [], ""<class 'abc.NT_0003_P_00002'>"": [], ""<class 'abc.NT_0004'>"": [0, 60424], ""<class 'abc.NT_0004_P_00000'>"": [], ""<class 'abc.NT_0004_P_00001'>"": [], ""<class 'abc.NT_0005_P_00001'>"": [], ""<class 'abc.NT_0005_P_00002'>"": [], ""<class 'abc.NT_0011'>"": [], ""<class 'abc.NT_0011_P_00000'>"": [], ""<class 'abc.NT_0017_P_00001'>"": [], ""<class 'abc.NT_0012'>"": [0, 60158], ""<class 'abc.NT_0012_P_00000'>"": [], ""<class 'abc.NT_0010'>"": [], ""<class 'abc.NT_0010_P_00000'>"": [], ""<class 'abc.NT_0009'>"": [], ""<class 'abc.NT_0009_P_00000'>"": [], ""<class 'abc.NT_0008'>"": [], ""<class 'abc.NT_0008_P_00000'>"": [], ""<class 'abc.NT_0006'>"": [], ""<class 'abc.NT_0006_P_00000'>"": [], ""<class 'abc.NT_0008_P_00001'>"": [], ""<class 'abc.NT_0008_P_00002'>"": [], ""<class 'abc.NT_0008_P_00003'>"": [], ""<class 'abc.NT_0008_P_00004'>"": [], ""<class 'abc.NT_0007'>"": [], ""<class 'abc.NT_0007_P_00000'>"": [], ""<class 'abc.NT_0007_P_00001'>"": [], ""<class 'abc.NT_0007_P_00002'>"": [], ""<class 'abc.NT_0009_P_00001'>"": [], ""<class 'abc.NT_0010_P_00001'>"": [], ""<class 'abc.NT_0010_P_00002'>"": [], ""<class 'abc.NT_0012_P_00001'>"": [], ""<class 'abc.NT_0012_P_00002'>"": [], '$leftovers': [24110, 33409, 84800, 52930, 73355, 35471, 40030, 9296, 20749, 33075, 49628, 11537, 15, 90830, 51946, 20435, 67193, 37276, 25620, 25545, 23848, 32840, 79736, 6117, 22259, 57571, 60709, 16020, 90131, 83681, 49236, 19740, 96719, 28286, 96500, 25056, 2425, 4606, 76743, 50141, 80972, 89178, 58155, 60076, 20023, 49957, 78859, 71701, 63157, 51036, 27194, 57618, 41826, 72622, 26518, 13650, 37174, 65866, 51535, 26693, 46306, 18622, 78957, 96794, 12749, 98789, 43609, 19799, 33366, 8952, 34480, 94159, 44897, 75759, 82931, 16277, 14916, 72994, 49309, 70538, 2034, 42550, 91026, 7880, 3338, 60131, 98080, 28093, 32900, 15622, 26775, 29552, 32342, 14515, 36096, 41783, 62811, 37254, 75355, 63411, 75272, 23694, 84310, 71082, 79212, 33588, 90706, 48187, 31189, 88482, 9367, 56255, 79617, 1270, 55560, 26203, 26155, 40545, 15484, 55048, 21590, 6079, 95713, 42042, 7599, 11012, 10867, 6326, 4226, 36219, 64167, 95573, 17592, 32396, 33047, 42672, 14688, 56724, 34006, 26116, 19739, 92564, 32446, 49106, 86197, 89608, 29620, 89318, 4676, 30220, 92140, 82233, 42586, 84937, 67832, 88616, 54115, 36688, 72537, 89206, 19927, 60142, 31365, 9503, 17153, 77426, 27373, 71618, 24526, 11066, 35200, 85609, 149, 12686, 31762, 76331, 79662, 42034, 4753, 45093, 9160, 29879, 54031, 81574, 52405, 74338, 45103, 97062, 38418, 65500, 83214, 33515, 71498, 84236, 27012, 42946, 15648, 18758, 74221, 18239, 86131, 1230, 2760, 87805, 47794, 89910, 39873, 11161, 88967, 57997, 33988, 52998, 11574, 11690, 91965, 60505, 6728, 20304, 66663, 21797, 36314, 23383, 77728, 66566, 30573, 81589, 35200, 85889, 50823, 87892, 82732, 87939, 51151, 25364, 57741, 65481, 95697, 91763, 24126, 50698, 89794, 21082, 38556, 8845, 86758, 95312, 40982, 27576, 22409, 10764, 59686, 42374, 46705, 20305, 91930, 20443, 55812, 94550, 17871, 37347, 86111, 91872, 76531, 97561, 22247, 70828, 10031, 86871, 3457, 34403, 47195, 55824, 77269, 2312, 23015, 10509, 90685, 33220, 5095, 32669, 57665, 87461, 23705, 23892, 79569, 25099, 22463, 6825, 87678, 12700, 8086, 18347, 2080, 81725, 1743, 21695, 98864, 601, 27012, 26238, 83756, 20196, 9283, 37922, 9584, 31059, 69305, 33408, 87700, 5472, 17218, 94029, 30946, 42707, 26938, 23929, 42631, 58629, 82345, 34078, 27640, 26857, 52482, 1908, 53363, 57718, 53277, 60874, 47192, 65156, 64324, 98908, 18086, 34571, 80780, 21654, 13015, 54185, 65778, 82905, 54333, 16295, 29750, 10179, 8498, 41149, 76875, 75817, 52840, 36350, 67047, 80721, 50387, 89921, 76598, 79179, 69374, 34188, 84323, 90189, 80063, 75353, 58141, 98604, 61869, 50914, 95998, 60953, 31372, 32800, 20253, 10965, 57825, 30921, 72002, 23478, 52144, 74671, 49790, 35369, 96851, 96268, 91735, 26265, 71492, 35041, 22667, 85381, 87967, 56897, 37761, 44123, 52620, 81795, 86745, 6668, 71796, 22328, 50981, 1304, 65894, 39334, 28965, 37736, 33502, 94725, 98644, 29317, 28672, 49720, 92944, 79154, 30886, 83581, 56853, 86563, 45680, 29702, 43297, 89488, 55541, 95711, 64055, 55857, 75831, 20915, 33733, 41601, 40608, 13946, 42643, 60946, 78379, 66893, 47265, 47663, 96044, 31575, 23271, 29732, 18765, 73934, 86595, 19623, 58152, 23341, 42797, 82035, 84610, 84617, 26296, 48384, 7808, 85181, 83581, 85225, 34491, 3068, 83145, 63958, 59227, 71005, 79763, 19625, 78522, 84816, 70026, 30736, 71763, 20974, 85431, 42194, 51257, 95945, 87370, 84376, 7316, 96397, 73523, 45377, 38170, 929, 19455, 92318, 44476, 31469, 69802, 39812, 96151, 1351, 97970, 67167, 69990, 20536, 43930, 89552, 7692, 94070, 25734, 2163, 89653, 41361, 65843, 55026, 76161, 33606, 7726, 57770, 26583, 72401, 4290, 24460, 59579, 28419, 26896, 42516, 11149, 32412, 43883, 76759, 72953, 63003, 29642, 79399, 49163, 14266, 55493, 15592, 19124, 64343, 71700, 16518, 77843, 61244, 80217, 51694, 11787, 24162, 70922, 1802, 19601, 58039, 19725, 17982, 7030, 87818, 81146, 64592, 10711, 8313, 80311, 12180, 49490, 79809, 96851, 93114, 19741, 87950, 3665, 43498, 8117, 64, 90216, 51752, 43265, 1055, 25064, 4579, 20591, 64262, 8289, 34540, 9038, 32463, 95965, 3202, 36219, 54773, 36301, 21802, 67750, 14517, 59282, 15980, 432, 86613, 99020, 91465, 77787, 78248, 48946, 57777, 58757, 97167, 43438, 57904, 2014, 13213, 67388, 10589, 17904, 46813, 71128, 52635, 3372, 7022, 6285, 13222, 36250, 40728, 91163, 35142, 11502, 89851, 62932, 77460, 96657, 21864, 99883, 81995, 74277, 60986, 50282, 74931, 46950, 5360, 53700, 31843, 59827, 47670, 32934, 30419, 79491, 57514, 74807, 23996, 53538, 62864, 15792, 27971, 79999, 4588, 61344, 72986, 76402, 5098, 58305, 25903, 32899, 85790, 91428, 60548, 56234, 39548, 43974, 98619, 77439, 15993, 73803, 83604, 25519, 18459, 20066, 25903, 97967, 33677, 7371, 6, 36499, 11324, 1243, 39947, 55479, 70470, 34082, 56050, 29544, 54987, 62746, 66607, 80357, 49628, 67933, 33670, 28091, 66945, 50534, 26141, 53322, 91035, 77729, 27580, 46478, 28257, 47427, 93318, 56880, 30918, 94174, 58362, 78991, 44614, 79630, 30263, 11791, 42548, 14198, 37648, 38023, 21220, 21014, 7344, 63974, 96287, 17660, 60202, 79326, 52006, 11171, 66690, 12255, 20285, 10423, 55277, 57487, 11691, 54689, 5652, 76519, 3461, 69755, 64707, 16312, 16295, 40601, 70148, 36176, 16065, 40040, 14183, 24121, 47242, 22032, 11279, 3191, 76223, 38556, 49976, 63279, 28556, 9220, 29217, 76607, 75006, 23148, 76606, 47161, 35794, 52195, 48659, 92402, 6526, 92368, 4935, 12370, 31129, 9968, 86963, 31409, 47029, 77066, 80727, 15785, 15932, 83533, 62000, 17471, 96923, 65812, 20445, 91749, 85889, 26308, 19486, 21715, 34331, 93146, 59506, 57820, 30428, 93243, 92765, 52847, 89535, 66389, 58839, 4150, 25361, 82879, 61511, 68281, 78697, 78403, 87273, 13980, 42687, 23918, 63683, 41580, 73250, 59609, 11414, 2509, 70598, 74474, 19451, 16064, 20767, 90079, 93316, 16483, 26688, 1007, 58343, 58155, 21038, 71715, 57917, 41869, 25781, 18714, 67682, 93754, 85684, 10313, 1573, 45762, 94524, 35755, 32943, 71827, 71670, 16558, 24105, 60194, 63460, 52030, 70450, 68115, 37170, 74590, 45567, 54629, 5725, 85172, 61417, 54506, 78169, 92443, 94152, 97286, 90729, 98431, 21923, 91806, 91215, 9539, 25283, 88955, 21992, 43568, 39295, 10889, 20789, 56007, 943, 72855, 76942, 8942, 7759, 97777, 37307, 60206, 47127, 31059, 56075, 49075, 27392, 83476, 56280, 34162, 34476, 2995, 89626, 72491, 10343, 77379, 88390, 46151, 52405, 17849, 67616, 60968, 77448, 3012, 11905, 89855, 55382, 1710, 27710, 13838, 56579, 51865, 18942, 52511, 18314, 17423, 62667, 73550, 27356, 31707, 24937, 85986, 41982, 29792, 51747, 77050, 33505, 87200, 35919, 25026, 57877, 33854, 14431, 62602, 44937, 83542, 26581, 41702, 40546, 83724, 57348, 95648, 17217, 81032, 51333, 62479, 95232, 68193, 19337, 54406, 7241, 84508, 31853, 36337, 97444, 6715, 84142, 14143, 29646, 61418, 46691, 91055, 95261, 21607, 49389, 87440, 53345, 41371, 1669, 16850, 18440, 60983, 69600, 53625, 40097, 54633, 9055, 65860, 3054, 54468, 13994, 50399, 96381, 93456, 37386, 12374, 72359, 13808, 91360, 1863, 60158, 8379, 60424, 44909, 64466, 68566, 65812, 52188, 94818]})"
149.0,7,30,66,30.78239369392395,40003,"Genotype(dna={""<class 'abc.NT_0017'>"": [0, 1863], ""<class 'abc.NT_0017_P_00000'>"": [], ""<class 'abc.NT_0001'>"": [2, 2, 2, 30908, 0, 1, 68566], ""<class 'abc.NT_0001_P_00000'>"": [], ""<class 'bool'>"": [46023, 35570, 21927, 2927, 64826, 47769, 23648, 93816, 7134, 59416, 20134, 85082, 87339, 47436, 78194, 76892, 13022, 3649, 46405, 50242, 42523, 55047, 79213, 38241, 94818, 24110, 33409], ""<class 'abc.NT_0000'>"": [1, 2, 6, 0, 0, 0, 0, 37022, 5, 2, 0, 97444, 3, 1, 0, 2, 2, 0, 74373, 6, 1, 0, 2, 0, 0, 65812], ""<class 'abc.NT_0000_P_00000'>"": [], ""<class 'int'>"": [51614, 94798, 85886, 59354, 52526, 36031, 35242, 91268, 99322, 38473, 68614, 93746, 6702, 40963, 73390, 92372, 19142, 45498, 58460, 83038, 905, 28012, 78957, 84653, 49224, 91314, 22611, 93748, 26079, 62592, 24095, 74401, 80107, 79360, 89661, 93789, 24483, 14210, 58941, 10735, 60856, 12770, 53654, 52188], ""<class 'abc.NT_0000_P_00001'>"": [], ""<class 'abc.NT_0000_P_00002'>"": [], ""<class 'abc.NT_0000_P_00003'>"": [], ""<class 'abc.NT_0000_P_00004'>"": [], ""<class 'abc.NT_0000_P_00005'>"": [], ""<class 'abc.NT_0000_P_00006'>"": [], ""<class 'abc.NT_0001_P_00001'>"": [], ""<class 'abc.NT_0001_P_00002'>"": [], ""<class 'abc.NT_0001_P_00003'>"": [], ""<class 'abc.NT_0001_P_00004'>"": [], ""<class 'abc.NT_0005'>"": [2, 8379], ""<class 'abc.NT_0005_P_00000'>"": [], ""<class 'abc.NT_0003'>"": [0, 0, 2, 73361], ""<class 'abc.NT_0003_P_00000'>"": [], ""<class 'abc.NT_0002'>"": [3, 1, 2, 3, 2, 2993], ""<class 'abc.NT_0002_P_00000'>"": [], ""<class 'abc.NT_0002_P_00001'>"": [], ""<class 'abc.NT_0002_P_00002'>"": [], ""<class 'abc.NT_0002_P_00003'>"": [], ""<class 'abc.NT_0002_P_00004'>"": [], ""<class 'abc.NT_0003_P_00001'>"": [], ""<class 'abc.NT_0003_P_00002'>"": [], ""<class 'abc.NT_0004'>"": [0, 60424], ""<class 'abc.NT_0004_P_00000'>"": [], ""<class 'abc.NT_0004_P_00001'>"": [], ""<class 'abc.NT_0005_P_00001'>"": [], ""<class 'abc.NT_0005_P_00002'>"": [], ""<class 'abc.NT_0011'>"": [], ""<class 'abc.NT_0011_P_00000'>"": [], ""<class 'abc.NT_0017_P_00001'>"": [], ""<class 'abc.NT_0012'>"": [0, 60158], ""<class 'abc.NT_0012_P_00000'>"": [], ""<class 'abc.NT_0010'>"": [], ""<class 'abc.NT_0010_P_00000'>"": [], ""<class 'abc.NT_0009'>"": [], ""<class 'abc.NT_0009_P_00000'>"": [], ""<class 'abc.NT_0008'>"": [], ""<class 'abc.NT_0008_P_00000'>"": [], ""<class 'abc.NT_0006'>"": [], ""<class 'abc.NT_0006_P_00000'>"": [], ""<class 'abc.NT_0008_P_00001'>"": [], ""<class 'abc.NT_0008_P_00002'>"": [], ""<class 'abc.NT_0008_P_00003'>"": [], ""<class 'abc.NT_0008_P_00004'>"": [], ""<class 'abc.NT_0007'>"": [], ""<class 'abc.NT_0007_P_00000'>"": [], ""<class 'abc.NT_0007_P_00001'>"": [], ""<class 'abc.NT_0007_P_00002'>"": [], ""<class 'abc.NT_0009_P_00001'>"": [], ""<class 'abc.NT_0010_P_00001'>"": [], ""<class 'abc.NT_0010_P_00002'>"": [], ""<class 'abc.NT_0012_P_00001'>"": [], ""<class 'abc.NT_0012_P_00002'>"": [], '$leftovers': [24110, 33409, 84800, 52930, 73355, 35471, 40030, 9296, 20749, 33075, 49628, 11537, 15, 90830, 51946, 20435, 67193, 37276, 25620, 25545, 23848, 32840, 79736, 6117, 22259, 57571, 60709, 16020, 90131, 83681, 49236, 19740, 96719, 28286, 96500, 25056, 2425, 4606, 76743, 50141, 80972, 89178, 58155, 60076, 20023, 49957, 78859, 71701, 63157, 51036, 27194, 57618, 41826, 72622, 26518, 13650, 37174, 65866, 51535, 26693, 46306, 18622, 78957, 96794, 12749, 98789, 43609, 19799, 33366, 8952, 34480, 94159, 44897, 75759, 82931, 16277, 14916, 72994, 49309, 70538, 2034, 42550, 91026, 7880, 3338, 60131, 98080, 28093, 32900, 15622, 26775, 29552, 32342, 14515, 36096, 41783, 62811, 37254, 75355, 63411, 75272, 23694, 84310, 71082, 79212, 33588, 90706, 48187, 31189, 88482, 9367, 56255, 79617, 1270, 55560, 26203, 26155, 40545, 15484, 55048, 21590, 6079, 95713, 42042, 7599, 11012, 10867, 6326, 4226, 36219, 64167, 95573, 17592, 32396, 33047, 42672, 14688, 56724, 34006, 26116, 19739, 92564, 32446, 49106, 86197, 89608, 29620, 89318, 4676, 30220, 92140, 82233, 42586, 84937, 67832, 88616, 54115, 36688, 72537, 89206, 19927, 60142, 31365, 9503, 17153, 77426, 27373, 71618, 24526, 11066, 35200, 85609, 149, 12686, 31762, 76331, 79662, 42034, 4753, 45093, 9160, 29879, 54031, 81574, 52405, 74338, 45103, 97062, 38418, 65500, 83214, 33515, 71498, 84236, 27012, 42946, 15648, 18758, 74221, 18239, 86131, 1230, 2760, 87805, 47794, 89910, 39873, 11161, 88967, 57997, 33988, 52998, 11574, 11690, 91965, 60505, 6728, 20304, 66663, 21797, 36314, 23383, 77728, 66566, 30573, 81589, 35200, 85889, 50823, 87892, 82732, 87939, 51151, 25364, 57741, 65481, 95697, 91763, 24126, 50698, 89794, 21082, 38556, 8845, 86758, 95312, 40982, 27576, 22409, 10764, 59686, 42374, 46705, 20305, 91930, 20443, 55812, 94550, 17871, 37347, 86111, 91872, 76531, 97561, 22247, 70828, 10031, 86871, 3457, 34403, 47195, 55824, 77269, 2312, 23015, 10509, 90685, 33220, 5095, 32669, 57665, 87461, 23705, 23892, 79569, 25099, 22463, 6825, 87678, 12700, 8086, 18347, 2080, 81725, 1743, 21695, 98864, 601, 27012, 26238, 83756, 20196, 9283, 37922, 9584, 31059, 69305, 33408, 87700, 5472, 17218, 94029, 30946, 42707, 26938, 23929, 42631, 58629, 82345, 34078, 27640, 26857, 52482, 1908, 53363, 57718, 53277, 60874, 47192, 65156, 64324, 98908, 18086, 34571, 80780, 21654, 13015, 54185, 65778, 82905, 54333, 16295, 29750, 10179, 8498, 41149, 76875, 75817, 52840, 36350, 67047, 80721, 50387, 89921, 76598, 79179, 69374, 34188, 84323, 90189, 80063, 75353, 58141, 98604, 61869, 50914, 95998, 60953, 31372, 32800, 20253, 10965, 57825, 30921, 72002, 23478, 52144, 74671, 49790, 35369, 96851, 96268, 91735, 26265, 71492, 35041, 22667, 85381, 87967, 56897, 37761, 44123, 52620, 81795, 86745, 6668, 71796, 22328, 50981, 1304, 65894, 39334, 28965, 37736, 33502, 94725, 98644, 29317, 28672, 49720, 92944, 79154, 30886, 83581, 56853, 86563, 45680, 29702, 43297, 89488, 55541, 95711, 64055, 55857, 75831, 20915, 33733, 41601, 40608, 13946, 42643, 60946, 78379, 66893, 47265, 47663, 96044, 31575, 23271, 29732, 18765, 73934, 86595, 19623, 58152, 23341, 42797, 82035, 84610, 84617, 26296, 48384, 7808, 85181, 83581, 85225, 34491, 3068, 83145, 63958, 59227, 71005, 79763, 19625, 78522, 84816, 70026, 30736, 71763, 20974, 85431, 42194, 51257, 95945, 87370, 84376, 7316, 96397, 73523, 45377, 38170, 929, 19455, 92318, 44476, 31469, 69802, 39812, 96151, 1351, 97970, 67167, 69990, 20536, 43930, 89552, 7692, 94070, 25734, 2163, 89653, 41361, 65843, 55026, 76161, 33606, 7726, 57770, 26583, 72401, 4290, 24460, 59579, 28419, 26896, 42516, 11149, 32412, 43883, 76759, 72953, 63003, 29642, 79399, 49163, 14266, 55493, 15592, 19124, 64343, 71700, 16518, 77843, 61244, 80217, 51694, 11787, 24162, 70922, 1802, 19601, 58039, 19725, 17982, 7030, 87818, 81146, 64592, 10711, 8313, 80311, 12180, 49490, 79809, 96851, 93114, 19741, 87950, 3665, 43498, 8117, 64, 90216, 51752, 43265, 1055, 25064, 4579, 20591, 64262, 8289, 34540, 9038, 32463, 95965, 3202, 36219, 54773, 36301, 21802, 67750, 14517, 59282, 15980, 432, 86613, 99020, 91465, 77787, 78248, 48946, 57777, 58757, 97167, 43438, 57904, 2014, 13213, 67388, 10589, 17904, 46813, 71128, 52635, 3372, 7022, 6285, 13222, 36250, 40728, 91163, 35142, 11502, 89851, 62932, 77460, 96657, 21864, 99883, 81995, 74277, 60986, 50282, 74931, 46950, 5360, 53700, 31843, 59827, 47670, 32934, 30419, 79491, 57514, 74807, 23996, 53538, 62864, 15792, 27971, 79999, 4588, 61344, 72986, 76402, 5098, 58305, 25903, 32899, 85790, 91428, 60548, 56234, 39548, 43974, 98619, 77439, 15993, 73803, 83604, 25519, 18459, 20066, 25903, 97967, 33677, 7371, 6, 36499, 11324, 1243, 39947, 55479, 70470, 34082, 56050, 29544, 54987, 62746, 66607, 80357, 49628, 67933, 33670, 28091, 66945, 50534, 26141, 53322, 91035, 77729, 27580, 46478, 28257, 47427, 93318, 56880, 30918, 94174, 58362, 78991, 44614, 79630, 30263, 11791, 42548, 14198, 37648, 38023, 21220, 21014, 7344, 63974, 96287, 17660, 60202, 79326, 52006, 11171, 66690, 12255, 20285, 10423, 55277, 57487, 11691, 54689, 5652, 76519, 3461, 69755, 64707, 16312, 16295, 40601, 70148, 36176, 16065, 40040, 14183, 24121, 47242, 22032, 11279, 3191, 76223, 38556, 49976, 63279, 28556, 9220, 29217, 76607, 75006, 23148, 76606, 47161, 35794, 52195, 48659, 92402, 6526, 92368, 4935, 12370, 31129, 9968, 86963, 31409, 47029, 77066, 80727, 15785, 15932, 83533, 62000, 17471, 96923, 65812, 20445, 91749, 85889, 26308, 19486, 21715, 34331, 93146, 59506, 57820, 30428, 93243, 92765, 52847, 89535, 66389, 58839, 4150, 25361, 82879, 61511, 68281, 78697, 78403, 87273, 13980, 42687, 23918, 63683, 41580, 73250, 59609, 11414, 2509, 70598, 74474, 19451, 16064, 20767, 90079, 93316, 16483, 26688, 1007, 58343, 58155, 21038, 71715, 57917, 41869, 25781, 18714, 67682, 93754, 85684, 10313, 1573, 45762, 94524, 35755, 32943, 71827, 71670, 16558, 24105, 60194, 63460, 52030, 70450, 68115, 37170, 74590, 45567, 54629, 5725, 85172, 61417, 54506, 78169, 92443, 94152, 97286, 90729, 98431, 21923, 91806, 91215, 9539, 25283, 88955, 21992, 43568, 39295, 10889, 20789, 56007, 943, 72855, 76942, 8942, 7759, 97777, 37307, 60206, 47127, 31059, 56075, 49075, 27392, 83476, 56280, 34162, 34476, 2995, 89626, 72491, 10343, 77379, 88390, 46151, 52405, 17849, 67616, 60968, 77448, 3012, 11905, 89855, 55382, 1710, 27710, 13838, 56579, 51865, 18942, 52511, 18314, 17423, 62667, 73550, 27356, 31707, 24937, 85986, 41982, 29792, 51747, 77050, 33505, 87200, 35919, 25026, 57877, 33854, 14431, 62602, 44937, 83542, 26581, 41702, 40546, 83724, 57348, 95648, 17217, 81032, 51333, 62479, 95232, 68193, 19337, 54406, 7241, 84508, 31853, 36337, 97444, 6715, 84142, 14143, 29646, 61418, 46691, 91055, 95261, 21607, 49389, 87440, 53345, 41371, 1669, 16850, 18440, 60983, 69600, 53625, 40097, 54633, 9055, 65860, 3054, 54468, 13994, 50399, 96381, 93456, 37386, 12374, 72359, 13808, 91360, 1863, 60158, 8379, 60424, 44909, 64466, 68566, 65812, 52188, 94818]})"
149.0,7,30,67,31.097827672958374,40003,"Genotype(dna={""<class 'abc.NT_0017'>"": [0, 1863], ""<class 'abc.NT_0017_P_00000'>"": [], ""<class 'abc.NT_0001'>"": [2, 2, 2, 30908, 0, 1, 68566], ""<class 'abc.NT_0001_P_00000'>"": [], ""<class 'bool'>"": [46023, 35570, 21927, 2927, 64826, 47769, 23648, 93816, 7134, 59416, 20134, 85082, 87339, 47436, 78194, 76892, 13022, 3649, 46405, 50242, 42523, 55047, 79213, 38241, 94818, 24110, 33409], ""<class 'abc.NT_0000'>"": [1, 2, 6, 0, 0, 0, 0, 37022, 5, 2, 0, 97444, 3, 1, 0, 2, 2, 0, 74373, 6, 1, 0, 2, 0, 0, 65812], ""<class 'abc.NT_0000_P_00000'>"": [], ""<class 'int'>"": [51614, 94798, 85886, 59354, 52526, 36031, 35242, 91268, 99322, 38473, 68614, 93746, 6702, 40963, 73390, 92372, 19142, 45498, 58460, 83038, 905, 28012, 78957, 84653, 49224, 91314, 22611, 93748, 26079, 62592, 24095, 74401, 80107, 79360, 89661, 93789, 24483, 14210, 58941, 10735, 60856, 12770, 53654, 52188], ""<class 'abc.NT_0000_P_00001'>"": [], ""<class 'abc.NT_0000_P_00002'>"": [], ""<class 'abc.NT_0000_P_00003'>"": [], ""<class 'abc.NT_0000_P_00004'>"": [], ""<class 'abc.NT_0000_P_00005'>"": [], ""<class 'abc.NT_0000_P_00006'>"": [], ""<class 'abc.NT_0001_P_00001'>"": [], ""<class 'abc.NT_0001_P_00002'>"": [], ""<class 'abc.NT_0001_P_00003'>"": [], ""<class 'abc.NT_0001_P_00004'>"": [], ""<class 'abc.NT_0005'>"": [2, 8379], ""<class 'abc.NT_0005_P_00000'>"": [], ""<class 'abc.NT_0003'>"": [0, 0, 2, 73361], ""<class 'abc.NT_0003_P_00000'>"": [], ""<class 'abc.NT_0002'>"": [3, 1, 2, 3, 2, 2993], ""<class 'abc.NT_0002_P_00000'>"": [], ""<class 'abc.NT_0002_P_00001'>"": [], ""<class 'abc.NT_0002_P_00002'>"": [], ""<class 'abc.NT_0002_P_00003'>"": [], ""<class 'abc.NT_0002_P_00004'>"": [], ""<class 'abc.NT_0003_P_00001'>"": [], ""<class 'abc.NT_0003_P_00002'>"": [], ""<class 'abc.NT_0004'>"": [0, 60424], ""<class 'abc.NT_0004_P_00000'>"": [], ""<class 'abc.NT_0004_P_00001'>"": [], ""<class 'abc.NT_0005_P_00001'>"": [], ""<class 'abc.NT_0005_P_00002'>"": [], ""<class 'abc.NT_0011'>"": [], ""<class 'abc.NT_0011_P_00000'>"": [], ""<class 'abc.NT_0017_P_00001'>"": [], ""<class 'abc.NT_0012'>"": [0, 60158], ""<class 'abc.NT_0012_P_00000'>"": [], ""<class 'abc.NT_0010'>"": [], ""<class 'abc.NT_0010_P_00000'>"": [], ""<class 'abc.NT_0009'>"": [], ""<class 'abc.NT_0009_P_00000'>"": [], ""<class 'abc.NT_0008'>"": [], ""<class 'abc.NT_0008_P_00000'>"": [], ""<class 'abc.NT_0006'>"": [], ""<class 'abc.NT_0006_P_00000'>"": [], ""<class 'abc.NT_0008_P_00001'>"": [], ""<class 'abc.NT_0008_P_00002'>"": [], ""<class 'abc.NT_0008_P_00003'>"": [], ""<class 'abc.NT_0008_P_00004'>"": [], ""<class 'abc.NT_0007'>"": [], ""<class 'abc.NT_0007_P_00000'>"": [], ""<class 'abc.NT_0007_P_00001'>"": [], ""<class 'abc.NT_0007_P_00002'>"": [], ""<class 'abc.NT_0009_P_00001'>"": [], ""<class 'abc.NT_0010_P_00001'>"": [], ""<class 'abc.NT_0010_P_00002'>"": [], ""<class 'abc.NT_0012_P_00001'>"": [], ""<class 'abc.NT_0012_P_00002'>"": [], '$leftovers': [24110, 33409, 84800, 52930, 73355, 35471, 40030, 9296, 20749, 33075, 49628, 11537, 15, 90830, 51946, 20435, 67193, 37276, 25620, 25545, 23848, 32840, 79736, 6117, 22259, 57571, 60709, 16020, 90131, 83681, 49236, 19740, 96719, 28286, 96500, 25056, 2425, 4606, 76743, 50141, 80972, 89178, 58155, 60076, 20023, 49957, 78859, 71701, 63157, 51036, 27194, 57618, 41826, 72622, 26518, 13650, 37174, 65866, 51535, 26693, 46306, 18622, 78957, 96794, 12749, 98789, 43609, 19799, 33366, 8952, 34480, 94159, 44897, 75759, 82931, 16277, 14916, 72994, 49309, 70538, 2034, 42550, 91026, 7880, 3338, 60131, 98080, 28093, 32900, 15622, 26775, 29552, 32342, 14515, 36096, 41783, 62811, 37254, 75355, 63411, 75272, 23694, 84310, 71082, 79212, 33588, 90706, 48187, 31189, 88482, 9367, 56255, 79617, 1270, 55560, 26203, 26155, 40545, 15484, 55048, 21590, 6079, 95713, 42042, 7599, 11012, 10867, 6326, 4226, 36219, 64167, 95573, 17592, 32396, 33047, 42672, 14688, 56724, 34006, 26116, 19739, 92564, 32446, 49106, 86197, 89608, 29620, 89318, 4676, 30220, 92140, 82233, 42586, 84937, 67832, 88616, 54115, 36688, 72537, 89206, 19927, 60142, 31365, 9503, 17153, 77426, 27373, 71618, 24526, 11066, 35200, 85609, 149, 12686, 31762, 76331, 79662, 42034, 4753, 45093, 9160, 29879, 54031, 81574, 52405, 74338, 45103, 97062, 38418, 65500, 83214, 33515, 71498, 84236, 27012, 42946, 15648, 18758, 74221, 18239, 86131, 1230, 2760, 87805, 47794, 89910, 39873, 11161, 88967, 57997, 33988, 52998, 11574, 11690, 91965, 60505, 6728, 20304, 66663, 21797, 36314, 23383, 77728, 66566, 30573, 81589, 35200, 85889, 50823, 87892, 82732, 87939, 51151, 25364, 57741, 65481, 95697, 91763, 24126, 50698, 89794, 21082, 38556, 8845, 86758, 95312, 40982, 27576, 22409, 10764, 59686, 42374, 46705, 20305, 91930, 20443, 55812, 94550, 17871, 37347, 86111, 91872, 76531, 97561, 22247, 70828, 10031, 86871, 3457, 34403, 47195, 55824, 77269, 2312, 23015, 10509, 90685, 33220, 5095, 32669, 57665, 87461, 23705, 23892, 79569, 25099, 22463, 6825, 87678, 12700, 8086, 18347, 2080, 81725, 1743, 21695, 98864, 601, 27012, 26238, 83756, 20196, 9283, 37922, 9584, 31059, 69305, 33408, 87700, 5472, 17218, 94029, 30946, 42707, 26938, 23929, 42631, 58629, 82345, 34078, 27640, 26857, 52482, 1908, 53363, 57718, 53277, 60874, 47192, 65156, 64324, 98908, 18086, 34571, 80780, 21654, 13015, 54185, 65778, 82905, 54333, 16295, 29750, 10179, 8498, 41149, 76875, 75817, 52840, 36350, 67047, 80721, 50387, 89921, 76598, 79179, 69374, 34188, 84323, 90189, 80063, 75353, 58141, 98604, 61869, 50914, 95998, 60953, 31372, 32800, 20253, 10965, 57825, 30921, 72002, 23478, 52144, 74671, 49790, 35369, 96851, 96268, 91735, 26265, 71492, 35041, 22667, 85381, 87967, 56897, 37761, 44123, 52620, 81795, 86745, 6668, 71796, 22328, 50981, 1304, 65894, 39334, 28965, 37736, 33502, 94725, 98644, 29317, 28672, 49720, 92944, 79154, 30886, 83581, 56853, 86563, 45680, 29702, 43297, 89488, 55541, 95711, 64055, 55857, 75831, 20915, 33733, 41601, 40608, 13946, 42643, 60946, 78379, 66893, 47265, 47663, 96044, 31575, 23271, 29732, 18765, 73934, 86595, 19623, 58152, 23341, 42797, 82035, 84610, 84617, 26296, 48384, 7808, 85181, 83581, 85225, 34491, 3068, 83145, 63958, 59227, 71005, 79763, 19625, 78522, 84816, 70026, 30736, 71763, 20974, 85431, 42194, 51257, 95945, 87370, 84376, 7316, 96397, 73523, 45377, 38170, 929, 19455, 92318, 44476, 31469, 69802, 39812, 96151, 1351, 97970, 67167, 69990, 20536, 43930, 89552, 7692, 94070, 25734, 2163, 89653, 41361, 65843, 55026, 76161, 33606, 7726, 57770, 26583, 72401, 4290, 24460, 59579, 28419, 26896, 42516, 11149, 32412, 43883, 76759, 72953, 63003, 29642, 79399, 49163, 14266, 55493, 15592, 19124, 64343, 71700, 16518, 77843, 61244, 80217, 51694, 11787, 24162, 70922, 1802, 19601, 58039, 19725, 17982, 7030, 87818, 81146, 64592, 10711, 8313, 80311, 12180, 49490, 79809, 96851, 93114, 19741, 87950, 3665, 43498, 8117, 64, 90216, 51752, 43265, 1055, 25064, 4579, 20591, 64262, 8289, 34540, 9038, 32463, 95965, 3202, 36219, 54773, 36301, 21802, 67750, 14517, 59282, 15980, 432, 86613, 99020, 91465, 77787, 78248, 48946, 57777, 58757, 97167, 43438, 57904, 2014, 13213, 67388, 10589, 17904, 46813, 71128, 52635, 3372, 7022, 6285, 13222, 36250, 40728, 91163, 35142, 11502, 89851, 62932, 77460, 96657, 21864, 99883, 81995, 74277, 60986, 50282, 74931, 46950, 5360, 53700, 31843, 59827, 47670, 32934, 30419, 79491, 57514, 74807, 23996, 53538, 62864, 15792, 27971, 79999, 4588, 61344, 72986, 76402, 5098, 58305, 25903, 32899, 85790, 91428, 60548, 56234, 39548, 43974, 98619, 77439, 15993, 73803, 83604, 25519, 18459, 20066, 25903, 97967, 33677, 7371, 6, 36499, 11324, 1243, 39947, 55479, 70470, 34082, 56050, 29544, 54987, 62746, 66607, 80357, 49628, 67933, 33670, 28091, 66945, 50534, 26141, 53322, 91035, 77729, 27580, 46478, 28257, 47427, 93318, 56880, 30918, 94174, 58362, 78991, 44614, 79630, 30263, 11791, 42548, 14198, 37648, 38023, 21220, 21014, 7344, 63974, 96287, 17660, 60202, 79326, 52006, 11171, 66690, 12255, 20285, 10423, 55277, 57487, 11691, 54689, 5652, 76519, 3461, 69755, 64707, 16312, 16295, 40601, 70148, 36176, 16065, 40040, 14183, 24121, 47242, 22032, 11279, 3191, 76223, 38556, 49976, 63279, 28556, 9220, 29217, 76607, 75006, 23148, 76606, 47161, 35794, 52195, 48659, 92402, 6526, 92368, 4935, 12370, 31129, 9968, 86963, 31409, 47029, 77066, 80727, 15785, 15932, 83533, 62000, 17471, 96923, 65812, 20445, 91749, 85889, 26308, 19486, 21715, 34331, 93146, 59506, 57820, 30428, 93243, 92765, 52847, 89535, 66389, 58839, 4150, 25361, 82879, 61511, 68281, 78697, 78403, 87273, 13980, 42687, 23918, 63683, 41580, 73250, 59609, 11414, 2509, 70598, 74474, 19451, 16064, 20767, 90079, 93316, 16483, 26688, 1007, 58343, 58155, 21038, 71715, 57917, 41869, 25781, 18714, 67682, 93754, 85684, 10313, 1573, 45762, 94524, 35755, 32943, 71827, 71670, 16558, 24105, 60194, 63460, 52030, 70450, 68115, 37170, 74590, 45567, 54629, 5725, 85172, 61417, 54506, 78169, 92443, 94152, 97286, 90729, 98431, 21923, 91806, 91215, 9539, 25283, 88955, 21992, 43568, 39295, 10889, 20789, 56007, 943, 72855, 76942, 8942, 7759, 97777, 37307, 60206, 47127, 31059, 56075, 49075, 27392, 83476, 56280, 34162, 34476, 2995, 89626, 72491, 10343, 77379, 88390, 46151, 52405, 17849, 67616, 60968, 77448, 3012, 11905, 89855, 55382, 1710, 27710, 13838, 56579, 51865, 18942, 52511, 18314, 17423, 62667, 73550, 27356, 31707, 24937, 85986, 41982, 29792, 51747, 77050, 33505, 87200, 35919, 25026, 57877, 33854, 14431, 62602, 44937, 83542, 26581, 41702, 40546, 83724, 57348, 95648, 17217, 81032, 51333, 62479, 95232, 68193, 19337, 54406, 7241, 84508, 31853, 36337, 97444, 6715, 84142, 14143, 29646, 61418, 46691, 91055, 95261, 21607, 49389, 87440, 53345, 41371, 1669, 16850, 18440, 60983, 69600, 53625, 40097, 54633, 9055, 65860, 3054, 54468, 13994, 50399, 96381, 93456, 37386, 12374, 72359, 13808, 91360, 1863, 60158, 8379, 60424, 44909, 64466, 68566, 65812, 52188, 94818]})"
149.0,7,30,68,31.351526260375977,40003,"Genotype(dna={""<class 'abc.NT_0017'>"": [0, 1863], ""<class 'abc.NT_0017_P_00000'>"": [], ""<class 'abc.NT_0001'>"": [2, 2, 2, 30908, 0, 1, 68566], ""<class 'abc.NT_0001_P_00000'>"": [], ""<class 'bool'>"": [46023, 35570, 21927, 2927, 64826, 47769, 23648, 93816, 7134, 59416, 20134, 85082, 87339, 47436, 78194, 76892, 13022, 3649, 46405, 50242, 42523, 55047, 79213, 38241, 94818, 24110, 33409], ""<class 'abc.NT_0000'>"": [1, 2, 6, 0, 0, 0, 0, 37022, 5, 2, 0, 97444, 3, 1, 0, 2, 2, 0, 74373, 6, 1, 0, 2, 0, 0, 65812], ""<class 'abc.NT_0000_P_00000'>"": [], ""<class 'int'>"": [51614, 94798, 85886, 59354, 52526, 36031, 35242, 91268, 99322, 38473, 68614, 93746, 6702, 40963, 73390, 92372, 19142, 45498, 58460, 83038, 905, 28012, 78957, 84653, 49224, 91314, 22611, 93748, 26079, 62592, 24095, 74401, 80107, 79360, 89661, 93789, 24483, 14210, 58941, 10735, 60856, 12770, 53654, 52188], ""<class 'abc.NT_0000_P_00001'>"": [], ""<class 'abc.NT_0000_P_00002'>"": [], ""<class 'abc.NT_0000_P_00003'>"": [], ""<class 'abc.NT_0000_P_00004'>"": [], ""<class 'abc.NT_0000_P_00005'>"": [], ""<class 'abc.NT_0000_P_00006'>"": [], ""<class 'abc.NT_0001_P_00001'>"": [], ""<class 'abc.NT_0001_P_00002'>"": [], ""<class 'abc.NT_0001_P_00003'>"": [], ""<class 'abc.NT_0001_P_00004'>"": [], ""<class 'abc.NT_0005'>"": [2, 8379], ""<class 'abc.NT_0005_P_00000'>"": [], ""<class 'abc.NT_0003'>"": [0, 0, 2, 73361], ""<class 'abc.NT_0003_P_00000'>"": [], ""<class 'abc.NT_0002'>"": [3, 1, 2, 3, 2, 2993], ""<class 'abc.NT_0002_P_00000'>"": [], ""<class 'abc.NT_0002_P_00001'>"": [], ""<class 'abc.NT_0002_P_00002'>"": [], ""<class 'abc.NT_0002_P_00003'>"": [], ""<class 'abc.NT_0002_P_00004'>"": [], ""<class 'abc.NT_0003_P_00001'>"": [], ""<class 'abc.NT_0003_P_00002'>"": [], ""<class 'abc.NT_0004'>"": [0, 60424], ""<class 'abc.NT_0004_P_00000'>"": [], ""<class 'abc.NT_0004_P_00001'>"": [], ""<class 'abc.NT_0005_P_00001'>"": [], ""<class 'abc.NT_0005_P_00002'>"": [], ""<class 'abc.NT_0011'>"": [], ""<class 'abc.NT_0011_P_00000'>"": [], ""<class 'abc.NT_0017_P_00001'>"": [], ""<class 'abc.NT_0012'>"": [0, 60158], ""<class 'abc.NT_0012_P_00000'>"": [], ""<class 'abc.NT_0010'>"": [], ""<class 'abc.NT_0010_P_00000'>"": [], ""<class 'abc.NT_0009'>"": [], ""<class 'abc.NT_0009_P_00000'>"": [], ""<class 'abc.NT_0008'>"": [], ""<class 'abc.NT_0008_P_00000'>"": [], ""<class 'abc.NT_0006'>"": [], ""<class 'abc.NT_0006_P_00000'>"": [], ""<class 'abc.NT_0008_P_00001'>"": [], ""<class 'abc.NT_0008_P_00002'>"": [], ""<class 'abc.NT_0008_P_00003'>"": [], ""<class 'abc.NT_0008_P_00004'>"": [], ""<class 'abc.NT_0007'>"": [], ""<class 'abc.NT_0007_P_00000'>"": [], ""<class 'abc.NT_0007_P_00001'>"": [], ""<class 'abc.NT_0007_P_00002'>"": [], ""<class 'abc.NT_0009_P_00001'>"": [], ""<class 'abc.NT_0010_P_00001'>"": [], ""<class 'abc.NT_0010_P_00002'>"": [], ""<class 'abc.NT_0012_P_00001'>"": [], ""<class 'abc.NT_0012_P_00002'>"": [], '$leftovers': [24110, 33409, 84800, 52930, 73355, 35471, 40030, 9296, 20749, 33075, 49628, 11537, 15, 90830, 51946, 20435, 67193, 37276, 25620, 25545, 23848, 32840, 79736, 6117, 22259, 57571, 60709, 16020, 90131, 83681, 49236, 19740, 96719, 28286, 96500, 25056, 2425, 4606, 76743, 50141, 80972, 89178, 58155, 60076, 20023, 49957, 78859, 71701, 63157, 51036, 27194, 57618, 41826, 72622, 26518, 13650, 37174, 65866, 51535, 26693, 46306, 18622, 78957, 96794, 12749, 98789, 43609, 19799, 33366, 8952, 34480, 94159, 44897, 75759, 82931, 16277, 14916, 72994, 49309, 70538, 2034, 42550, 91026, 7880, 3338, 60131, 98080, 28093, 32900, 15622, 26775, 29552, 32342, 14515, 36096, 41783, 62811, 37254, 75355, 63411, 75272, 23694, 84310, 71082, 79212, 33588, 90706, 48187, 31189, 88482, 9367, 56255, 79617, 1270, 55560, 26203, 26155, 40545, 15484, 55048, 21590, 6079, 95713, 42042, 7599, 11012, 10867, 6326, 4226, 36219, 64167, 95573, 17592, 32396, 33047, 42672, 14688, 56724, 34006, 26116, 19739, 92564, 32446, 49106, 86197, 89608, 29620, 89318, 4676, 30220, 92140, 82233, 42586, 84937, 67832, 88616, 54115, 36688, 72537, 89206, 19927, 60142, 31365, 9503, 17153, 77426, 27373, 71618, 24526, 11066, 35200, 85609, 149, 12686, 31762, 76331, 79662, 42034, 4753, 45093, 9160, 29879, 54031, 81574, 52405, 74338, 45103, 97062, 38418, 65500, 83214, 33515, 71498, 84236, 27012, 42946, 15648, 18758, 74221, 18239, 86131, 1230, 2760, 87805, 47794, 89910, 39873, 11161, 88967, 57997, 33988, 52998, 11574, 11690, 91965, 60505, 6728, 20304, 66663, 21797, 36314, 23383, 77728, 66566, 30573, 81589, 35200, 85889, 50823, 87892, 82732, 87939, 51151, 25364, 57741, 65481, 95697, 91763, 24126, 50698, 89794, 21082, 38556, 8845, 86758, 95312, 40982, 27576, 22409, 10764, 59686, 42374, 46705, 20305, 91930, 20443, 55812, 94550, 17871, 37347, 86111, 91872, 76531, 97561, 22247, 70828, 10031, 86871, 3457, 34403, 47195, 55824, 77269, 2312, 23015, 10509, 90685, 33220, 5095, 32669, 57665, 87461, 23705, 23892, 79569, 25099, 22463, 6825, 87678, 12700, 8086, 18347, 2080, 81725, 1743, 21695, 98864, 601, 27012, 26238, 83756, 20196, 9283, 37922, 9584, 31059, 69305, 33408, 87700, 5472, 17218, 94029, 30946, 42707, 26938, 23929, 42631, 58629, 82345, 34078, 27640, 26857, 52482, 1908, 53363, 57718, 53277, 60874, 47192, 65156, 64324, 98908, 18086, 34571, 80780, 21654, 13015, 54185, 65778, 82905, 54333, 16295, 29750, 10179, 8498, 41149, 76875, 75817, 52840, 36350, 67047, 80721, 50387, 89921, 76598, 79179, 69374, 34188, 84323, 90189, 80063, 75353, 58141, 98604, 61869, 50914, 95998, 60953, 31372, 32800, 20253, 10965, 57825, 30921, 72002, 23478, 52144, 74671, 49790, 35369, 96851, 96268, 91735, 26265, 71492, 35041, 22667, 85381, 87967, 56897, 37761, 44123, 52620, 81795, 86745, 6668, 71796, 22328, 50981, 1304, 65894, 39334, 28965, 37736, 33502, 94725, 98644, 29317, 28672, 49720, 92944, 79154, 30886, 83581, 56853, 86563, 45680, 29702, 43297, 89488, 55541, 95711, 64055, 55857, 75831, 20915, 33733, 41601, 40608, 13946, 42643, 60946, 78379, 66893, 47265, 47663, 96044, 31575, 23271, 29732, 18765, 73934, 86595, 19623, 58152, 23341, 42797, 82035, 84610, 84617, 26296, 48384, 7808, 85181, 83581, 85225, 34491, 3068, 83145, 63958, 59227, 71005, 79763, 19625, 78522, 84816, 70026, 30736, 71763, 20974, 85431, 42194, 51257, 95945, 87370, 84376, 7316, 96397, 73523, 45377, 38170, 929, 19455, 92318, 44476, 31469, 69802, 39812, 96151, 1351, 97970, 67167, 69990, 20536, 43930, 89552, 7692, 94070, 25734, 2163, 89653, 41361, 65843, 55026, 76161, 33606, 7726, 57770, 26583, 72401, 4290, 24460, 59579, 28419, 26896, 42516, 11149, 32412, 43883, 76759, 72953, 63003, 29642, 79399, 49163, 14266, 55493, 15592, 19124, 64343, 71700, 16518, 77843, 61244, 80217, 51694, 11787, 24162, 70922, 1802, 19601, 58039, 19725, 17982, 7030, 87818, 81146, 64592, 10711, 8313, 80311, 12180, 49490, 79809, 96851, 93114, 19741, 87950, 3665, 43498, 8117, 64, 90216, 51752, 43265, 1055, 25064, 4579, 20591, 64262, 8289, 34540, 9038, 32463, 95965, 3202, 36219, 54773, 36301, 21802, 67750, 14517, 59282, 15980, 432, 86613, 99020, 91465, 77787, 78248, 48946, 57777, 58757, 97167, 43438, 57904, 2014, 13213, 67388, 10589, 17904, 46813, 71128, 52635, 3372, 7022, 6285, 13222, 36250, 40728, 91163, 35142, 11502, 89851, 62932, 77460, 96657, 21864, 99883, 81995, 74277, 60986, 50282, 74931, 46950, 5360, 53700, 31843, 59827, 47670, 32934, 30419, 79491, 57514, 74807, 23996, 53538, 62864, 15792, 27971, 79999, 4588, 61344, 72986, 76402, 5098, 58305, 25903, 32899, 85790, 91428, 60548, 56234, 39548, 43974, 98619, 77439, 15993, 73803, 83604, 25519, 18459, 20066, 25903, 97967, 33677, 7371, 6, 36499, 11324, 1243, 39947, 55479, 70470, 34082, 56050, 29544, 54987, 62746, 66607, 80357, 49628, 67933, 33670, 28091, 66945, 50534, 26141, 53322, 91035, 77729, 27580, 46478, 28257, 47427, 93318, 56880, 30918, 94174, 58362, 78991, 44614, 79630, 30263, 11791, 42548, 14198, 37648, 38023, 21220, 21014, 7344, 63974, 96287, 17660, 60202, 79326, 52006, 11171, 66690, 12255, 20285, 10423, 55277, 57487, 11691, 54689, 5652, 76519, 3461, 69755, 64707, 16312, 16295, 40601, 70148, 36176, 16065, 40040, 14183, 24121, 47242, 22032, 11279, 3191, 76223, 38556, 49976, 63279, 28556, 9220, 29217, 76607, 75006, 23148, 76606, 47161, 35794, 52195, 48659, 92402, 6526, 92368, 4935, 12370, 31129, 9968, 86963, 31409, 47029, 77066, 80727, 15785, 15932, 83533, 62000, 17471, 96923, 65812, 20445, 91749, 85889, 26308, 19486, 21715, 34331, 93146, 59506, 57820, 30428, 93243, 92765, 52847, 89535, 66389, 58839, 4150, 25361, 82879, 61511, 68281, 78697, 78403, 87273, 13980, 42687, 23918, 63683, 41580, 73250, 59609, 11414, 2509, 70598, 74474, 19451, 16064, 20767, 90079, 93316, 16483, 26688, 1007, 58343, 58155, 21038, 71715, 57917, 41869, 25781, 18714, 67682, 93754, 85684, 10313, 1573, 45762, 94524, 35755, 32943, 71827, 71670, 16558, 24105, 60194, 63460, 52030, 70450, 68115, 37170, 74590, 45567, 54629, 5725, 85172, 61417, 54506, 78169, 92443, 94152, 97286, 90729, 98431, 21923, 91806, 91215, 9539, 25283, 88955, 21992, 43568, 39295, 10889, 20789, 56007, 943, 72855, 76942, 8942, 7759, 97777, 37307, 60206, 47127, 31059, 56075, 49075, 27392, 83476, 56280, 34162, 34476, 2995, 89626, 72491, 10343, 77379, 88390, 46151, 52405, 17849, 67616, 60968, 77448, 3012, 11905, 89855, 55382, 1710, 27710, 13838, 56579, 51865, 18942, 52511, 18314, 17423, 62667, 73550, 27356, 31707, 24937, 85986, 41982, 29792, 51747, 77050, 33505, 87200, 35919, 25026, 57877, 33854, 14431, 62602, 44937, 83542, 26581, 41702, 40546, 83724, 57348, 95648, 17217, 81032, 51333, 62479, 95232, 68193, 19337, 54406, 7241, 84508, 31853, 36337, 97444, 6715, 84142, 14143, 29646, 61418, 46691, 91055, 95261, 21607, 49389, 87440, 53345, 41371, 1669, 16850, 18440, 60983, 69600, 53625, 40097, 54633, 9055, 65860, 3054, 54468, 13994, 50399, 96381, 93456, 37386, 12374, 72359, 13808, 91360, 1863, 60158, 8379, 60424, 44909, 64466, 68566, 65812, 52188, 94818]})"
149.0,7,30,69,31.60722541809082,40003,"Genotype(dna={""<class 'abc.NT_0017'>"": [0, 1863], ""<class 'abc.NT_0017_P_00000'>"": [], ""<class 'abc.NT_0001'>"": [2, 2, 2, 30908, 0, 1, 68566], ""<class 'abc.NT_0001_P_00000'>"": [], ""<class 'bool'>"": [46023, 35570, 21927, 2927, 64826, 47769, 23648, 93816, 7134, 59416, 20134, 85082, 87339, 47436, 78194, 76892, 13022, 3649, 46405, 50242, 42523, 55047, 79213, 38241, 94818, 24110, 33409], ""<class 'abc.NT_0000'>"": [1, 2, 6, 0, 0, 0, 0, 37022, 5, 2, 0, 97444, 3, 1, 0, 2, 2, 0, 74373, 6, 1, 0, 2, 0, 0, 65812], ""<class 'abc.NT_0000_P_00000'>"": [], ""<class 'int'>"": [51614, 94798, 85886, 59354, 52526, 36031, 35242, 91268, 99322, 38473, 68614, 93746, 6702, 40963, 73390, 92372, 19142, 45498, 58460, 83038, 905, 28012, 78957, 84653, 49224, 91314, 22611, 93748, 26079, 62592, 24095, 74401, 80107, 79360, 89661, 93789, 24483, 14210, 58941, 10735, 60856, 12770, 53654, 52188], ""<class 'abc.NT_0000_P_00001'>"": [], ""<class 'abc.NT_0000_P_00002'>"": [], ""<class 'abc.NT_0000_P_00003'>"": [], ""<class 'abc.NT_0000_P_00004'>"": [], ""<class 'abc.NT_0000_P_00005'>"": [], ""<class 'abc.NT_0000_P_00006'>"": [], ""<class 'abc.NT_0001_P_00001'>"": [], ""<class 'abc.NT_0001_P_00002'>"": [], ""<class 'abc.NT_0001_P_00003'>"": [], ""<class 'abc.NT_0001_P_00004'>"": [], ""<class 'abc.NT_0005'>"": [2, 8379], ""<class 'abc.NT_0005_P_00000'>"": [], ""<class 'abc.NT_0003'>"": [0, 0, 2, 73361], ""<class 'abc.NT_0003_P_00000'>"": [], ""<class 'abc.NT_0002'>"": [3, 1, 2, 3, 2, 2993], ""<class 'abc.NT_0002_P_00000'>"": [], ""<class 'abc.NT_0002_P_00001'>"": [], ""<class 'abc.NT_0002_P_00002'>"": [], ""<class 'abc.NT_0002_P_00003'>"": [], ""<class 'abc.NT_0002_P_00004'>"": [], ""<class 'abc.NT_0003_P_00001'>"": [], ""<class 'abc.NT_0003_P_00002'>"": [], ""<class 'abc.NT_0004'>"": [0, 60424], ""<class 'abc.NT_0004_P_00000'>"": [], ""<class 'abc.NT_0004_P_00001'>"": [], ""<class 'abc.NT_0005_P_00001'>"": [], ""<class 'abc.NT_0005_P_00002'>"": [], ""<class 'abc.NT_0011'>"": [], ""<class 'abc.NT_0011_P_00000'>"": [], ""<class 'abc.NT_0017_P_00001'>"": [], ""<class 'abc.NT_0012'>"": [0, 60158], ""<class 'abc.NT_0012_P_00000'>"": [], ""<class 'abc.NT_0010'>"": [], ""<class 'abc.NT_0010_P_00000'>"": [], ""<class 'abc.NT_0009'>"": [], ""<class 'abc.NT_0009_P_00000'>"": [], ""<class 'abc.NT_0008'>"": [], ""<class 'abc.NT_0008_P_00000'>"": [], ""<class 'abc.NT_0006'>"": [], ""<class 'abc.NT_0006_P_00000'>"": [], ""<class 'abc.NT_0008_P_00001'>"": [], ""<class 'abc.NT_0008_P_00002'>"": [], ""<class 'abc.NT_0008_P_00003'>"": [], ""<class 'abc.NT_0008_P_00004'>"": [], ""<class 'abc.NT_0007'>"": [], ""<class 'abc.NT_0007_P_00000'>"": [], ""<class 'abc.NT_0007_P_00001'>"": [], ""<class 'abc.NT_0007_P_00002'>"": [], ""<class 'abc.NT_0009_P_00001'>"": [], ""<class 'abc.NT_0010_P_00001'>"": [], ""<class 'abc.NT_0010_P_00002'>"": [], ""<class 'abc.NT_0012_P_00001'>"": [], ""<class 'abc.NT_0012_P_00002'>"": [], '$leftovers': [24110, 33409, 84800, 52930, 73355, 35471, 40030, 9296, 20749, 33075, 49628, 11537, 15, 90830, 51946, 20435, 67193, 37276, 25620, 25545, 23848, 32840, 79736, 6117, 22259, 57571, 60709, 16020, 90131, 83681, 49236, 19740, 96719, 28286, 96500, 25056, 2425, 4606, 76743, 50141, 80972, 89178, 58155, 60076, 20023, 49957, 78859, 71701, 63157, 51036, 27194, 57618, 41826, 72622, 26518, 13650, 37174, 65866, 51535, 26693, 46306, 18622, 78957, 96794, 12749, 98789, 43609, 19799, 33366, 8952, 34480, 94159, 44897, 75759, 82931, 16277, 14916, 72994, 49309, 70538, 2034, 42550, 91026, 7880, 3338, 60131, 98080, 28093, 32900, 15622, 26775, 29552, 32342, 14515, 36096, 41783, 62811, 37254, 75355, 63411, 75272, 23694, 84310, 71082, 79212, 33588, 90706, 48187, 31189, 88482, 9367, 56255, 79617, 1270, 55560, 26203, 26155, 40545, 15484, 55048, 21590, 6079, 95713, 42042, 7599, 11012, 10867, 6326, 4226, 36219, 64167, 95573, 17592, 32396, 33047, 42672, 14688, 56724, 34006, 26116, 19739, 92564, 32446, 49106, 86197, 89608, 29620, 89318, 4676, 30220, 92140, 82233, 42586, 84937, 67832, 88616, 54115, 36688, 72537, 89206, 19927, 60142, 31365, 9503, 17153, 77426, 27373, 71618, 24526, 11066, 35200, 85609, 149, 12686, 31762, 76331, 79662, 42034, 4753, 45093, 9160, 29879, 54031, 81574, 52405, 74338, 45103, 97062, 38418, 65500, 83214, 33515, 71498, 84236, 27012, 42946, 15648, 18758, 74221, 18239, 86131, 1230, 2760, 87805, 47794, 89910, 39873, 11161, 88967, 57997, 33988, 52998, 11574, 11690, 91965, 60505, 6728, 20304, 66663, 21797, 36314, 23383, 77728, 66566, 30573, 81589, 35200, 85889, 50823, 87892, 82732, 87939, 51151, 25364, 57741, 65481, 95697, 91763, 24126, 50698, 89794, 21082, 38556, 8845, 86758, 95312, 40982, 27576, 22409, 10764, 59686, 42374, 46705, 20305, 91930, 20443, 55812, 94550, 17871, 37347, 86111, 91872, 76531, 97561, 22247, 70828, 10031, 86871, 3457, 34403, 47195, 55824, 77269, 2312, 23015, 10509, 90685, 33220, 5095, 32669, 57665, 87461, 23705, 23892, 79569, 25099, 22463, 6825, 87678, 12700, 8086, 18347, 2080, 81725, 1743, 21695, 98864, 601, 27012, 26238, 83756, 20196, 9283, 37922, 9584, 31059, 69305, 33408, 87700, 5472, 17218, 94029, 30946, 42707, 26938, 23929, 42631, 58629, 82345, 34078, 27640, 26857, 52482, 1908, 53363, 57718, 53277, 60874, 47192, 65156, 64324, 98908, 18086, 34571, 80780, 21654, 13015, 54185, 65778, 82905, 54333, 16295, 29750, 10179, 8498, 41149, 76875, 75817, 52840, 36350, 67047, 80721, 50387, 89921, 76598, 79179, 69374, 34188, 84323, 90189, 80063, 75353, 58141, 98604, 61869, 50914, 95998, 60953, 31372, 32800, 20253, 10965, 57825, 30921, 72002, 23478, 52144, 74671, 49790, 35369, 96851, 96268, 91735, 26265, 71492, 35041, 22667, 85381, 87967, 56897, 37761, 44123, 52620, 81795, 86745, 6668, 71796, 22328, 50981, 1304, 65894, 39334, 28965, 37736, 33502, 94725, 98644, 29317, 28672, 49720, 92944, 79154, 30886, 83581, 56853, 86563, 45680, 29702, 43297, 89488, 55541, 95711, 64055, 55857, 75831, 20915, 33733, 41601, 40608, 13946, 42643, 60946, 78379, 66893, 47265, 47663, 96044, 31575, 23271, 29732, 18765, 73934, 86595, 19623, 58152, 23341, 42797, 82035, 84610, 84617, 26296, 48384, 7808, 85181, 83581, 85225, 34491, 3068, 83145, 63958, 59227, 71005, 79763, 19625, 78522, 84816, 70026, 30736, 71763, 20974, 85431, 42194, 51257, 95945, 87370, 84376, 7316, 96397, 73523, 45377, 38170, 929, 19455, 92318, 44476, 31469, 69802, 39812, 96151, 1351, 97970, 67167, 69990, 20536, 43930, 89552, 7692, 94070, 25734, 2163, 89653, 41361, 65843, 55026, 76161, 33606, 7726, 57770, 26583, 72401, 4290, 24460, 59579, 28419, 26896, 42516, 11149, 32412, 43883, 76759, 72953, 63003, 29642, 79399, 49163, 14266, 55493, 15592, 19124, 64343, 71700, 16518, 77843, 61244, 80217, 51694, 11787, 24162, 70922, 1802, 19601, 58039, 19725, 17982, 7030, 87818, 81146, 64592, 10711, 8313, 80311, 12180, 49490, 79809, 96851, 93114, 19741, 87950, 3665, 43498, 8117, 64, 90216, 51752, 43265, 1055, 25064, 4579, 20591, 64262, 8289, 34540, 9038, 32463, 95965, 3202, 36219, 54773, 36301, 21802, 67750, 14517, 59282, 15980, 432, 86613, 99020, 91465, 77787, 78248, 48946, 57777, 58757, 97167, 43438, 57904, 2014, 13213, 67388, 10589, 17904, 46813, 71128, 52635, 3372, 7022, 6285, 13222, 36250, 40728, 91163, 35142, 11502, 89851, 62932, 77460, 96657, 21864, 99883, 81995, 74277, 60986, 50282, 74931, 46950, 5360, 53700, 31843, 59827, 47670, 32934, 30419, 79491, 57514, 74807, 23996, 53538, 62864, 15792, 27971, 79999, 4588, 61344, 72986, 76402, 5098, 58305, 25903, 32899, 85790, 91428, 60548, 56234, 39548, 43974, 98619, 77439, 15993, 73803, 83604, 25519, 18459, 20066, 25903, 97967, 33677, 7371, 6, 36499, 11324, 1243, 39947, 55479, 70470, 34082, 56050, 29544, 54987, 62746, 66607, 80357, 49628, 67933, 33670, 28091, 66945, 50534, 26141, 53322, 91035, 77729, 27580, 46478, 28257, 47427, 93318, 56880, 30918, 94174, 58362, 78991, 44614, 79630, 30263, 11791, 42548, 14198, 37648, 38023, 21220, 21014, 7344, 63974, 96287, 17660, 60202, 79326, 52006, 11171, 66690, 12255, 20285, 10423, 55277, 57487, 11691, 54689, 5652, 76519, 3461, 69755, 64707, 16312, 16295, 40601, 70148, 36176, 16065, 40040, 14183, 24121, 47242, 22032, 11279, 3191, 76223, 38556, 49976, 63279, 28556, 9220, 29217, 76607, 75006, 23148, 76606, 47161, 35794, 52195, 48659, 92402, 6526, 92368, 4935, 12370, 31129, 9968, 86963, 31409, 47029, 77066, 80727, 15785, 15932, 83533, 62000, 17471, 96923, 65812, 20445, 91749, 85889, 26308, 19486, 21715, 34331, 93146, 59506, 57820, 30428, 93243, 92765, 52847, 89535, 66389, 58839, 4150, 25361, 82879, 61511, 68281, 78697, 78403, 87273, 13980, 42687, 23918, 63683, 41580, 73250, 59609, 11414, 2509, 70598, 74474, 19451, 16064, 20767, 90079, 93316, 16483, 26688, 1007, 58343, 58155, 21038, 71715, 57917, 41869, 25781, 18714, 67682, 93754, 85684, 10313, 1573, 45762, 94524, 35755, 32943, 71827, 71670, 16558, 24105, 60194, 63460, 52030, 70450, 68115, 37170, 74590, 45567, 54629, 5725, 85172, 61417, 54506, 78169, 92443, 94152, 97286, 90729, 98431, 21923, 91806, 91215, 9539, 25283, 88955, 21992, 43568, 39295, 10889, 20789, 56007, 943, 72855, 76942, 8942, 7759, 97777, 37307, 60206, 47127, 31059, 56075, 49075, 27392, 83476, 56280, 34162, 34476, 2995, 89626, 72491, 10343, 77379, 88390, 46151, 52405, 17849, 67616, 60968, 77448, 3012, 11905, 89855, 55382, 1710, 27710, 13838, 56579, 51865, 18942, 52511, 18314, 17423, 62667, 73550, 27356, 31707, 24937, 85986, 41982, 29792, 51747, 77050, 33505, 87200, 35919, 25026, 57877, 33854, 14431, 62602, 44937, 83542, 26581, 41702, 40546, 83724, 57348, 95648, 17217, 81032, 51333, 62479, 95232, 68193, 19337, 54406, 7241, 84508, 31853, 36337, 97444, 6715, 84142, 14143, 29646, 61418, 46691, 91055, 95261, 21607, 49389, 87440, 53345, 41371, 1669, 16850, 18440, 60983, 69600, 53625, 40097, 54633, 9055, 65860, 3054, 54468, 13994, 50399, 96381, 93456, 37386, 12374, 72359, 13808, 91360, 1863, 60158, 8379, 60424, 44909, 64466, 68566, 65812, 52188, 94818]})"
149.0,7,30,70,31.8887460231781,40003,"Genotype(dna={""<class 'abc.NT_0017'>"": [0, 1863], ""<class 'abc.NT_0017_P_00000'>"": [], ""<class 'abc.NT_0001'>"": [2, 2, 2, 30908, 0, 1, 68566], ""<class 'abc.NT_0001_P_00000'>"": [], ""<class 'bool'>"": [46023, 35570, 21927, 2927, 64826, 47769, 23648, 93816, 7134, 59416, 20134, 85082, 87339, 47436, 78194, 76892, 13022, 3649, 46405, 50242, 42523, 55047, 79213, 38241, 94818, 24110, 33409], ""<class 'abc.NT_0000'>"": [1, 2, 6, 0, 0, 0, 0, 37022, 5, 2, 0, 97444, 3, 1, 0, 2, 2, 0, 74373, 6, 1, 0, 2, 0, 0, 65812], ""<class 'abc.NT_0000_P_00000'>"": [], ""<class 'int'>"": [51614, 94798, 85886, 59354, 52526, 36031, 35242, 91268, 99322, 38473, 68614, 93746, 6702, 40963, 73390, 92372, 19142, 45498, 58460, 83038, 905, 28012, 78957, 84653, 49224, 91314, 22611, 93748, 26079, 62592, 24095, 74401, 80107, 79360, 89661, 93789, 24483, 14210, 58941, 10735, 60856, 12770, 53654, 52188], ""<class 'abc.NT_0000_P_00001'>"": [], ""<class 'abc.NT_0000_P_00002'>"": [], ""<class 'abc.NT_0000_P_00003'>"": [], ""<class 'abc.NT_0000_P_00004'>"": [], ""<class 'abc.NT_0000_P_00005'>"": [], ""<class 'abc.NT_0000_P_00006'>"": [], ""<class 'abc.NT_0001_P_00001'>"": [], ""<class 'abc.NT_0001_P_00002'>"": [], ""<class 'abc.NT_0001_P_00003'>"": [], ""<class 'abc.NT_0001_P_00004'>"": [], ""<class 'abc.NT_0005'>"": [2, 8379], ""<class 'abc.NT_0005_P_00000'>"": [], ""<class 'abc.NT_0003'>"": [0, 0, 2, 73361], ""<class 'abc.NT_0003_P_00000'>"": [], ""<class 'abc.NT_0002'>"": [3, 1, 2, 3, 2, 2993], ""<class 'abc.NT_0002_P_00000'>"": [], ""<class 'abc.NT_0002_P_00001'>"": [], ""<class 'abc.NT_0002_P_00002'>"": [], ""<class 'abc.NT_0002_P_00003'>"": [], ""<class 'abc.NT_0002_P_00004'>"": [], ""<class 'abc.NT_0003_P_00001'>"": [], ""<class 'abc.NT_0003_P_00002'>"": [], ""<class 'abc.NT_0004'>"": [0, 60424], ""<class 'abc.NT_0004_P_00000'>"": [], ""<class 'abc.NT_0004_P_00001'>"": [], ""<class 'abc.NT_0005_P_00001'>"": [], ""<class 'abc.NT_0005_P_00002'>"": [], ""<class 'abc.NT_0011'>"": [], ""<class 'abc.NT_0011_P_00000'>"": [], ""<class 'abc.NT_0017_P_00001'>"": [], ""<class 'abc.NT_0012'>"": [0, 60158], ""<class 'abc.NT_0012_P_00000'>"": [], ""<class 'abc.NT_0010'>"": [], ""<class 'abc.NT_0010_P_00000'>"": [], ""<class 'abc.NT_0009'>"": [], ""<class 'abc.NT_0009_P_00000'>"": [], ""<class 'abc.NT_0008'>"": [], ""<class 'abc.NT_0008_P_00000'>"": [], ""<class 'abc.NT_0006'>"": [], ""<class 'abc.NT_0006_P_00000'>"": [], ""<class 'abc.NT_0008_P_00001'>"": [], ""<class 'abc.NT_0008_P_00002'>"": [], ""<class 'abc.NT_0008_P_00003'>"": [], ""<class 'abc.NT_0008_P_00004'>"": [], ""<class 'abc.NT_0007'>"": [], ""<class 'abc.NT_0007_P_00000'>"": [], ""<class 'abc.NT_0007_P_00001'>"": [], ""<class 'abc.NT_0007_P_00002'>"": [], ""<class 'abc.NT_0009_P_00001'>"": [], ""<class 'abc.NT_0010_P_00001'>"": [], ""<class 'abc.NT_0010_P_00002'>"": [], ""<class 'abc.NT_0012_P_00001'>"": [], ""<class 'abc.NT_0012_P_00002'>"": [], '$leftovers': [24110, 33409, 84800, 52930, 73355, 35471, 40030, 9296, 20749, 33075, 49628, 11537, 15, 90830, 51946, 20435, 67193, 37276, 25620, 25545, 23848, 32840, 79736, 6117, 22259, 57571, 60709, 16020, 90131, 83681, 49236, 19740, 96719, 28286, 96500, 25056, 2425, 4606, 76743, 50141, 80972, 89178, 58155, 60076, 20023, 49957, 78859, 71701, 63157, 51036, 27194, 57618, 41826, 72622, 26518, 13650, 37174, 65866, 51535, 26693, 46306, 18622, 78957, 96794, 12749, 98789, 43609, 19799, 33366, 8952, 34480, 94159, 44897, 75759, 82931, 16277, 14916, 72994, 49309, 70538, 2034, 42550, 91026, 7880, 3338, 60131, 98080, 28093, 32900, 15622, 26775, 29552, 32342, 14515, 36096, 41783, 62811, 37254, 75355, 63411, 75272, 23694, 84310, 71082, 79212, 33588, 90706, 48187, 31189, 88482, 9367, 56255, 79617, 1270, 55560, 26203, 26155, 40545, 15484, 55048, 21590, 6079, 95713, 42042, 7599, 11012, 10867, 6326, 4226, 36219, 64167, 95573, 17592, 32396, 33047, 42672, 14688, 56724, 34006, 26116, 19739, 92564, 32446, 49106, 86197, 89608, 29620, 89318, 4676, 30220, 92140, 82233, 42586, 84937, 67832, 88616, 54115, 36688, 72537, 89206, 19927, 60142, 31365, 9503, 17153, 77426, 27373, 71618, 24526, 11066, 35200, 85609, 149, 12686, 31762, 76331, 79662, 42034, 4753, 45093, 9160, 29879, 54031, 81574, 52405, 74338, 45103, 97062, 38418, 65500, 83214, 33515, 71498, 84236, 27012, 42946, 15648, 18758, 74221, 18239, 86131, 1230, 2760, 87805, 47794, 89910, 39873, 11161, 88967, 57997, 33988, 52998, 11574, 11690, 91965, 60505, 6728, 20304, 66663, 21797, 36314, 23383, 77728, 66566, 30573, 81589, 35200, 85889, 50823, 87892, 82732, 87939, 51151, 25364, 57741, 65481, 95697, 91763, 24126, 50698, 89794, 21082, 38556, 8845, 86758, 95312, 40982, 27576, 22409, 10764, 59686, 42374, 46705, 20305, 91930, 20443, 55812, 94550, 17871, 37347, 86111, 91872, 76531, 97561, 22247, 70828, 10031, 86871, 3457, 34403, 47195, 55824, 77269, 2312, 23015, 10509, 90685, 33220, 5095, 32669, 57665, 87461, 23705, 23892, 79569, 25099, 22463, 6825, 87678, 12700, 8086, 18347, 2080, 81725, 1743, 21695, 98864, 601, 27012, 26238, 83756, 20196, 9283, 37922, 9584, 31059, 69305, 33408, 87700, 5472, 17218, 94029, 30946, 42707, 26938, 23929, 42631, 58629, 82345, 34078, 27640, 26857, 52482, 1908, 53363, 57718, 53277, 60874, 47192, 65156, 64324, 98908, 18086, 34571, 80780, 21654, 13015, 54185, 65778, 82905, 54333, 16295, 29750, 10179, 8498, 41149, 76875, 75817, 52840, 36350, 67047, 80721, 50387, 89921, 76598, 79179, 69374, 34188, 84323, 90189, 80063, 75353, 58141, 98604, 61869, 50914, 95998, 60953, 31372, 32800, 20253, 10965, 57825, 30921, 72002, 23478, 52144, 74671, 49790, 35369, 96851, 96268, 91735, 26265, 71492, 35041, 22667, 85381, 87967, 56897, 37761, 44123, 52620, 81795, 86745, 6668, 71796, 22328, 50981, 1304, 65894, 39334, 28965, 37736, 33502, 94725, 98644, 29317, 28672, 49720, 92944, 79154, 30886, 83581, 56853, 86563, 45680, 29702, 43297, 89488, 55541, 95711, 64055, 55857, 75831, 20915, 33733, 41601, 40608, 13946, 42643, 60946, 78379, 66893, 47265, 47663, 96044, 31575, 23271, 29732, 18765, 73934, 86595, 19623, 58152, 23341, 42797, 82035, 84610, 84617, 26296, 48384, 7808, 85181, 83581, 85225, 34491, 3068, 83145, 63958, 59227, 71005, 79763, 19625, 78522, 84816, 70026, 30736, 71763, 20974, 85431, 42194, 51257, 95945, 87370, 84376, 7316, 96397, 73523, 45377, 38170, 929, 19455, 92318, 44476, 31469, 69802, 39812, 96151, 1351, 97970, 67167, 69990, 20536, 43930, 89552, 7692, 94070, 25734, 2163, 89653, 41361, 65843, 55026, 76161, 33606, 7726, 57770, 26583, 72401, 4290, 24460, 59579, 28419, 26896, 42516, 11149, 32412, 43883, 76759, 72953, 63003, 29642, 79399, 49163, 14266, 55493, 15592, 19124, 64343, 71700, 16518, 77843, 61244, 80217, 51694, 11787, 24162, 70922, 1802, 19601, 58039, 19725, 17982, 7030, 87818, 81146, 64592, 10711, 8313, 80311, 12180, 49490, 79809, 96851, 93114, 19741, 87950, 3665, 43498, 8117, 64, 90216, 51752, 43265, 1055, 25064, 4579, 20591, 64262, 8289, 34540, 9038, 32463, 95965, 3202, 36219, 54773, 36301, 21802, 67750, 14517, 59282, 15980, 432, 86613, 99020, 91465, 77787, 78248, 48946, 57777, 58757, 97167, 43438, 57904, 2014, 13213, 67388, 10589, 17904, 46813, 71128, 52635, 3372, 7022, 6285, 13222, 36250, 40728, 91163, 35142, 11502, 89851, 62932, 77460, 96657, 21864, 99883, 81995, 74277, 60986, 50282, 74931, 46950, 5360, 53700, 31843, 59827, 47670, 32934, 30419, 79491, 57514, 74807, 23996, 53538, 62864, 15792, 27971, 79999, 4588, 61344, 72986, 76402, 5098, 58305, 25903, 32899, 85790, 91428, 60548, 56234, 39548, 43974, 98619, 77439, 15993, 73803, 83604, 25519, 18459, 20066, 25903, 97967, 33677, 7371, 6, 36499, 11324, 1243, 39947, 55479, 70470, 34082, 56050, 29544, 54987, 62746, 66607, 80357, 49628, 67933, 33670, 28091, 66945, 50534, 26141, 53322, 91035, 77729, 27580, 46478, 28257, 47427, 93318, 56880, 30918, 94174, 58362, 78991, 44614, 79630, 30263, 11791, 42548, 14198, 37648, 38023, 21220, 21014, 7344, 63974, 96287, 17660, 60202, 79326, 52006, 11171, 66690, 12255, 20285, 10423, 55277, 57487, 11691, 54689, 5652, 76519, 3461, 69755, 64707, 16312, 16295, 40601, 70148, 36176, 16065, 40040, 14183, 24121, 47242, 22032, 11279, 3191, 76223, 38556, 49976, 63279, 28556, 9220, 29217, 76607, 75006, 23148, 76606, 47161, 35794, 52195, 48659, 92402, 6526, 92368, 4935, 12370, 31129, 9968, 86963, 31409, 47029, 77066, 80727, 15785, 15932, 83533, 62000, 17471, 96923, 65812, 20445, 91749, 85889, 26308, 19486, 21715, 34331, 93146, 59506, 57820, 30428, 93243, 92765, 52847, 89535, 66389, 58839, 4150, 25361, 82879, 61511, 68281, 78697, 78403, 87273, 13980, 42687, 23918, 63683, 41580, 73250, 59609, 11414, 2509, 70598, 74474, 19451, 16064, 20767, 90079, 93316, 16483, 26688, 1007, 58343, 58155, 21038, 71715, 57917, 41869, 25781, 18714, 67682, 93754, 85684, 10313, 1573, 45762, 94524, 35755, 32943, 71827, 71670, 16558, 24105, 60194, 63460, 52030, 70450, 68115, 37170, 74590, 45567, 54629, 5725, 85172, 61417, 54506, 78169, 92443, 94152, 97286, 90729, 98431, 21923, 91806, 91215, 9539, 25283, 88955, 21992, 43568, 39295, 10889, 20789, 56007, 943, 72855, 76942, 8942, 7759, 97777, 37307, 60206, 47127, 31059, 56075, 49075, 27392, 83476, 56280, 34162, 34476, 2995, 89626, 72491, 10343, 77379, 88390, 46151, 52405, 17849, 67616, 60968, 77448, 3012, 11905, 89855, 55382, 1710, 27710, 13838, 56579, 51865, 18942, 52511, 18314, 17423, 62667, 73550, 27356, 31707, 24937, 85986, 41982, 29792, 51747, 77050, 33505, 87200, 35919, 25026, 57877, 33854, 14431, 62602, 44937, 83542, 26581, 41702, 40546, 83724, 57348, 95648, 17217, 81032, 51333, 62479, 95232, 68193, 19337, 54406, 7241, 84508, 31853, 36337, 97444, 6715, 84142, 14143, 29646, 61418, 46691, 91055, 95261, 21607, 49389, 87440, 53345, 41371, 1669, 16850, 18440, 60983, 69600, 53625, 40097, 54633, 9055, 65860, 3054, 54468, 13994, 50399, 96381, 93456, 37386, 12374, 72359, 13808, 91360, 1863, 60158, 8379, 60424, 44909, 64466, 68566, 65812, 52188, 94818]})"
149.0,7,30,71,32.25192070007324,40003,"Genotype(dna={""<class 'abc.NT_0017'>"": [0, 1863], ""<class 'abc.NT_0017_P_00000'>"": [], ""<class 'abc.NT_0001'>"": [2, 2, 2, 30908, 0, 1, 68566], ""<class 'abc.NT_0001_P_00000'>"": [], ""<class 'bool'>"": [46023, 35570, 21927, 2927, 64826, 47769, 23648, 93816, 7134, 59416, 20134, 85082, 87339, 47436, 78194, 76892, 13022, 3649, 46405, 50242, 42523, 55047, 79213, 38241, 94818, 24110, 33409], ""<class 'abc.NT_0000'>"": [1, 2, 6, 0, 0, 0, 0, 37022, 5, 2, 0, 97444, 3, 1, 0, 2, 2, 0, 74373, 6, 1, 0, 2, 0, 0, 65812], ""<class 'abc.NT_0000_P_00000'>"": [], ""<class 'int'>"": [51614, 94798, 85886, 59354, 52526, 36031, 35242, 91268, 99322, 38473, 68614, 93746, 6702, 40963, 73390, 92372, 19142, 45498, 58460, 83038, 905, 28012, 78957, 84653, 49224, 91314, 22611, 93748, 26079, 62592, 24095, 74401, 80107, 79360, 89661, 93789, 24483, 14210, 58941, 10735, 60856, 12770, 53654, 52188], ""<class 'abc.NT_0000_P_00001'>"": [], ""<class 'abc.NT_0000_P_00002'>"": [], ""<class 'abc.NT_0000_P_00003'>"": [], ""<class 'abc.NT_0000_P_00004'>"": [], ""<class 'abc.NT_0000_P_00005'>"": [], ""<class 'abc.NT_0000_P_00006'>"": [], ""<class 'abc.NT_0001_P_00001'>"": [], ""<class 'abc.NT_0001_P_00002'>"": [], ""<class 'abc.NT_0001_P_00003'>"": [], ""<class 'abc.NT_0001_P_00004'>"": [], ""<class 'abc.NT_0005'>"": [2, 8379], ""<class 'abc.NT_0005_P_00000'>"": [], ""<class 'abc.NT_0003'>"": [0, 0, 2, 73361], ""<class 'abc.NT_0003_P_00000'>"": [], ""<class 'abc.NT_0002'>"": [3, 1, 2, 3, 2, 2993], ""<class 'abc.NT_0002_P_00000'>"": [], ""<class 'abc.NT_0002_P_00001'>"": [], ""<class 'abc.NT_0002_P_00002'>"": [], ""<class 'abc.NT_0002_P_00003'>"": [], ""<class 'abc.NT_0002_P_00004'>"": [], ""<class 'abc.NT_0003_P_00001'>"": [], ""<class 'abc.NT_0003_P_00002'>"": [], ""<class 'abc.NT_0004'>"": [0, 60424], ""<class 'abc.NT_0004_P_00000'>"": [], ""<class 'abc.NT_0004_P_00001'>"": [], ""<class 'abc.NT_0005_P_00001'>"": [], ""<class 'abc.NT_0005_P_00002'>"": [], ""<class 'abc.NT_0011'>"": [], ""<class 'abc.NT_0011_P_00000'>"": [], ""<class 'abc.NT_0017_P_00001'>"": [], ""<class 'abc.NT_0012'>"": [0, 60158], ""<class 'abc.NT_0012_P_00000'>"": [], ""<class 'abc.NT_0010'>"": [], ""<class 'abc.NT_0010_P_00000'>"": [], ""<class 'abc.NT_0009'>"": [], ""<class 'abc.NT_0009_P_00000'>"": [], ""<class 'abc.NT_0008'>"": [], ""<class 'abc.NT_0008_P_00000'>"": [], ""<class 'abc.NT_0006'>"": [], ""<class 'abc.NT_0006_P_00000'>"": [], ""<class 'abc.NT_0008_P_00001'>"": [], ""<class 'abc.NT_0008_P_00002'>"": [], ""<class 'abc.NT_0008_P_00003'>"": [], ""<class 'abc.NT_0008_P_00004'>"": [], ""<class 'abc.NT_0007'>"": [], ""<class 'abc.NT_0007_P_00000'>"": [], ""<class 'abc.NT_0007_P_00001'>"": [], ""<class 'abc.NT_0007_P_00002'>"": [], ""<class 'abc.NT_0009_P_00001'>"": [], ""<class 'abc.NT_0010_P_00001'>"": [], ""<class 'abc.NT_0010_P_00002'>"": [], ""<class 'abc.NT_0012_P_00001'>"": [], ""<class 'abc.NT_0012_P_00002'>"": [], '$leftovers': [24110, 33409, 84800, 52930, 73355, 35471, 40030, 9296, 20749, 33075, 49628, 11537, 15, 90830, 51946, 20435, 67193, 37276, 25620, 25545, 23848, 32840, 79736, 6117, 22259, 57571, 60709, 16020, 90131, 83681, 49236, 19740, 96719, 28286, 96500, 25056, 2425, 4606, 76743, 50141, 80972, 89178, 58155, 60076, 20023, 49957, 78859, 71701, 63157, 51036, 27194, 57618, 41826, 72622, 26518, 13650, 37174, 65866, 51535, 26693, 46306, 18622, 78957, 96794, 12749, 98789, 43609, 19799, 33366, 8952, 34480, 94159, 44897, 75759, 82931, 16277, 14916, 72994, 49309, 70538, 2034, 42550, 91026, 7880, 3338, 60131, 98080, 28093, 32900, 15622, 26775, 29552, 32342, 14515, 36096, 41783, 62811, 37254, 75355, 63411, 75272, 23694, 84310, 71082, 79212, 33588, 90706, 48187, 31189, 88482, 9367, 56255, 79617, 1270, 55560, 26203, 26155, 40545, 15484, 55048, 21590, 6079, 95713, 42042, 7599, 11012, 10867, 6326, 4226, 36219, 64167, 95573, 17592, 32396, 33047, 42672, 14688, 56724, 34006, 26116, 19739, 92564, 32446, 49106, 86197, 89608, 29620, 89318, 4676, 30220, 92140, 82233, 42586, 84937, 67832, 88616, 54115, 36688, 72537, 89206, 19927, 60142, 31365, 9503, 17153, 77426, 27373, 71618, 24526, 11066, 35200, 85609, 149, 12686, 31762, 76331, 79662, 42034, 4753, 45093, 9160, 29879, 54031, 81574, 52405, 74338, 45103, 97062, 38418, 65500, 83214, 33515, 71498, 84236, 27012, 42946, 15648, 18758, 74221, 18239, 86131, 1230, 2760, 87805, 47794, 89910, 39873, 11161, 88967, 57997, 33988, 52998, 11574, 11690, 91965, 60505, 6728, 20304, 66663, 21797, 36314, 23383, 77728, 66566, 30573, 81589, 35200, 85889, 50823, 87892, 82732, 87939, 51151, 25364, 57741, 65481, 95697, 91763, 24126, 50698, 89794, 21082, 38556, 8845, 86758, 95312, 40982, 27576, 22409, 10764, 59686, 42374, 46705, 20305, 91930, 20443, 55812, 94550, 17871, 37347, 86111, 91872, 76531, 97561, 22247, 70828, 10031, 86871, 3457, 34403, 47195, 55824, 77269, 2312, 23015, 10509, 90685, 33220, 5095, 32669, 57665, 87461, 23705, 23892, 79569, 25099, 22463, 6825, 87678, 12700, 8086, 18347, 2080, 81725, 1743, 21695, 98864, 601, 27012, 26238, 83756, 20196, 9283, 37922, 9584, 31059, 69305, 33408, 87700, 5472, 17218, 94029, 30946, 42707, 26938, 23929, 42631, 58629, 82345, 34078, 27640, 26857, 52482, 1908, 53363, 57718, 53277, 60874, 47192, 65156, 64324, 98908, 18086, 34571, 80780, 21654, 13015, 54185, 65778, 82905, 54333, 16295, 29750, 10179, 8498, 41149, 76875, 75817, 52840, 36350, 67047, 80721, 50387, 89921, 76598, 79179, 69374, 34188, 84323, 90189, 80063, 75353, 58141, 98604, 61869, 50914, 95998, 60953, 31372, 32800, 20253, 10965, 57825, 30921, 72002, 23478, 52144, 74671, 49790, 35369, 96851, 96268, 91735, 26265, 71492, 35041, 22667, 85381, 87967, 56897, 37761, 44123, 52620, 81795, 86745, 6668, 71796, 22328, 50981, 1304, 65894, 39334, 28965, 37736, 33502, 94725, 98644, 29317, 28672, 49720, 92944, 79154, 30886, 83581, 56853, 86563, 45680, 29702, 43297, 89488, 55541, 95711, 64055, 55857, 75831, 20915, 33733, 41601, 40608, 13946, 42643, 60946, 78379, 66893, 47265, 47663, 96044, 31575, 23271, 29732, 18765, 73934, 86595, 19623, 58152, 23341, 42797, 82035, 84610, 84617, 26296, 48384, 7808, 85181, 83581, 85225, 34491, 3068, 83145, 63958, 59227, 71005, 79763, 19625, 78522, 84816, 70026, 30736, 71763, 20974, 85431, 42194, 51257, 95945, 87370, 84376, 7316, 96397, 73523, 45377, 38170, 929, 19455, 92318, 44476, 31469, 69802, 39812, 96151, 1351, 97970, 67167, 69990, 20536, 43930, 89552, 7692, 94070, 25734, 2163, 89653, 41361, 65843, 55026, 76161, 33606, 7726, 57770, 26583, 72401, 4290, 24460, 59579, 28419, 26896, 42516, 11149, 32412, 43883, 76759, 72953, 63003, 29642, 79399, 49163, 14266, 55493, 15592, 19124, 64343, 71700, 16518, 77843, 61244, 80217, 51694, 11787, 24162, 70922, 1802, 19601, 58039, 19725, 17982, 7030, 87818, 81146, 64592, 10711, 8313, 80311, 12180, 49490, 79809, 96851, 93114, 19741, 87950, 3665, 43498, 8117, 64, 90216, 51752, 43265, 1055, 25064, 4579, 20591, 64262, 8289, 34540, 9038, 32463, 95965, 3202, 36219, 54773, 36301, 21802, 67750, 14517, 59282, 15980, 432, 86613, 99020, 91465, 77787, 78248, 48946, 57777, 58757, 97167, 43438, 57904, 2014, 13213, 67388, 10589, 17904, 46813, 71128, 52635, 3372, 7022, 6285, 13222, 36250, 40728, 91163, 35142, 11502, 89851, 62932, 77460, 96657, 21864, 99883, 81995, 74277, 60986, 50282, 74931, 46950, 5360, 53700, 31843, 59827, 47670, 32934, 30419, 79491, 57514, 74807, 23996, 53538, 62864, 15792, 27971, 79999, 4588, 61344, 72986, 76402, 5098, 58305, 25903, 32899, 85790, 91428, 60548, 56234, 39548, 43974, 98619, 77439, 15993, 73803, 83604, 25519, 18459, 20066, 25903, 97967, 33677, 7371, 6, 36499, 11324, 1243, 39947, 55479, 70470, 34082, 56050, 29544, 54987, 62746, 66607, 80357, 49628, 67933, 33670, 28091, 66945, 50534, 26141, 53322, 91035, 77729, 27580, 46478, 28257, 47427, 93318, 56880, 30918, 94174, 58362, 78991, 44614, 79630, 30263, 11791, 42548, 14198, 37648, 38023, 21220, 21014, 7344, 63974, 96287, 17660, 60202, 79326, 52006, 11171, 66690, 12255, 20285, 10423, 55277, 57487, 11691, 54689, 5652, 76519, 3461, 69755, 64707, 16312, 16295, 40601, 70148, 36176, 16065, 40040, 14183, 24121, 47242, 22032, 11279, 3191, 76223, 38556, 49976, 63279, 28556, 9220, 29217, 76607, 75006, 23148, 76606, 47161, 35794, 52195, 48659, 92402, 6526, 92368, 4935, 12370, 31129, 9968, 86963, 31409, 47029, 77066, 80727, 15785, 15932, 83533, 62000, 17471, 96923, 65812, 20445, 91749, 85889, 26308, 19486, 21715, 34331, 93146, 59506, 57820, 30428, 93243, 92765, 52847, 89535, 66389, 58839, 4150, 25361, 82879, 61511, 68281, 78697, 78403, 87273, 13980, 42687, 23918, 63683, 41580, 73250, 59609, 11414, 2509, 70598, 74474, 19451, 16064, 20767, 90079, 93316, 16483, 26688, 1007, 58343, 58155, 21038, 71715, 57917, 41869, 25781, 18714, 67682, 93754, 85684, 10313, 1573, 45762, 94524, 35755, 32943, 71827, 71670, 16558, 24105, 60194, 63460, 52030, 70450, 68115, 37170, 74590, 45567, 54629, 5725, 85172, 61417, 54506, 78169, 92443, 94152, 97286, 90729, 98431, 21923, 91806, 91215, 9539, 25283, 88955, 21992, 43568, 39295, 10889, 20789, 56007, 943, 72855, 76942, 8942, 7759, 97777, 37307, 60206, 47127, 31059, 56075, 49075, 27392, 83476, 56280, 34162, 34476, 2995, 89626, 72491, 10343, 77379, 88390, 46151, 52405, 17849, 67616, 60968, 77448, 3012, 11905, 89855, 55382, 1710, 27710, 13838, 56579, 51865, 18942, 52511, 18314, 17423, 62667, 73550, 27356, 31707, 24937, 85986, 41982, 29792, 51747, 77050, 33505, 87200, 35919, 25026, 57877, 33854, 14431, 62602, 44937, 83542, 26581, 41702, 40546, 83724, 57348, 95648, 17217, 81032, 51333, 62479, 95232, 68193, 19337, 54406, 7241, 84508, 31853, 36337, 97444, 6715, 84142, 14143, 29646, 61418, 46691, 91055, 95261, 21607, 49389, 87440, 53345, 41371, 1669, 16850, 18440, 60983, 69600, 53625, 40097, 54633, 9055, 65860, 3054, 54468, 13994, 50399, 96381, 93456, 37386, 12374, 72359, 13808, 91360, 1863, 60158, 8379, 60424, 44909, 64466, 68566, 65812, 52188, 94818]})"
149.0,7,30,72,32.68836712837219,40003,"Genotype(dna={""<class 'abc.NT_0017'>"": [0, 1863], ""<class 'abc.NT_0017_P_00000'>"": [], ""<class 'abc.NT_0001'>"": [2, 2, 2, 30908, 0, 1, 68566], ""<class 'abc.NT_0001_P_00000'>"": [], ""<class 'bool'>"": [46023, 35570, 21927, 2927, 64826, 47769, 23648, 93816, 7134, 59416, 20134, 85082, 87339, 47436, 78194, 76892, 13022, 3649, 46405, 50242, 42523, 55047, 79213, 38241, 94818, 24110, 33409], ""<class 'abc.NT_0000'>"": [1, 2, 6, 0, 0, 0, 0, 37022, 5, 2, 0, 97444, 3, 1, 0, 2, 2, 0, 74373, 6, 1, 0, 2, 0, 0, 65812], ""<class 'abc.NT_0000_P_00000'>"": [], ""<class 'int'>"": [51614, 94798, 85886, 59354, 52526, 36031, 35242, 91268, 99322, 38473, 68614, 93746, 6702, 40963, 73390, 92372, 19142, 45498, 58460, 83038, 905, 28012, 78957, 84653, 49224, 91314, 22611, 93748, 26079, 62592, 24095, 74401, 80107, 79360, 89661, 93789, 24483, 14210, 58941, 10735, 60856, 12770, 53654, 52188], ""<class 'abc.NT_0000_P_00001'>"": [], ""<class 'abc.NT_0000_P_00002'>"": [], ""<class 'abc.NT_0000_P_00003'>"": [], ""<class 'abc.NT_0000_P_00004'>"": [], ""<class 'abc.NT_0000_P_00005'>"": [], ""<class 'abc.NT_0000_P_00006'>"": [], ""<class 'abc.NT_0001_P_00001'>"": [], ""<class 'abc.NT_0001_P_00002'>"": [], ""<class 'abc.NT_0001_P_00003'>"": [], ""<class 'abc.NT_0001_P_00004'>"": [], ""<class 'abc.NT_0005'>"": [2, 8379], ""<class 'abc.NT_0005_P_00000'>"": [], ""<class 'abc.NT_0003'>"": [0, 0, 2, 73361], ""<class 'abc.NT_0003_P_00000'>"": [], ""<class 'abc.NT_0002'>"": [3, 1, 2, 3, 2, 2993], ""<class 'abc.NT_0002_P_00000'>"": [], ""<class 'abc.NT_0002_P_00001'>"": [], ""<class 'abc.NT_0002_P_00002'>"": [], ""<class 'abc.NT_0002_P_00003'>"": [], ""<class 'abc.NT_0002_P_00004'>"": [], ""<class 'abc.NT_0003_P_00001'>"": [], ""<class 'abc.NT_0003_P_00002'>"": [], ""<class 'abc.NT_0004'>"": [0, 60424], ""<class 'abc.NT_0004_P_00000'>"": [], ""<class 'abc.NT_0004_P_00001'>"": [], ""<class 'abc.NT_0005_P_00001'>"": [], ""<class 'abc.NT_0005_P_00002'>"": [], ""<class 'abc.NT_0011'>"": [], ""<class 'abc.NT_0011_P_00000'>"": [], ""<class 'abc.NT_0017_P_00001'>"": [], ""<class 'abc.NT_0012'>"": [0, 60158], ""<class 'abc.NT_0012_P_00000'>"": [], ""<class 'abc.NT_0010'>"": [], ""<class 'abc.NT_0010_P_00000'>"": [], ""<class 'abc.NT_0009'>"": [], ""<class 'abc.NT_0009_P_00000'>"": [], ""<class 'abc.NT_0008'>"": [], ""<class 'abc.NT_0008_P_00000'>"": [], ""<class 'abc.NT_0006'>"": [], ""<class 'abc.NT_0006_P_00000'>"": [], ""<class 'abc.NT_0008_P_00001'>"": [], ""<class 'abc.NT_0008_P_00002'>"": [], ""<class 'abc.NT_0008_P_00003'>"": [], ""<class 'abc.NT_0008_P_00004'>"": [], ""<class 'abc.NT_0007'>"": [], ""<class 'abc.NT_0007_P_00000'>"": [], ""<class 'abc.NT_0007_P_00001'>"": [], ""<class 'abc.NT_0007_P_00002'>"": [], ""<class 'abc.NT_0009_P_00001'>"": [], ""<class 'abc.NT_0010_P_00001'>"": [], ""<class 'abc.NT_0010_P_00002'>"": [], ""<class 'abc.NT_0012_P_00001'>"": [], ""<class 'abc.NT_0012_P_00002'>"": [], '$leftovers': [24110, 33409, 84800, 52930, 73355, 35471, 40030, 9296, 20749, 33075, 49628, 11537, 15, 90830, 51946, 20435, 67193, 37276, 25620, 25545, 23848, 32840, 79736, 6117, 22259, 57571, 60709, 16020, 90131, 83681, 49236, 19740, 96719, 28286, 96500, 25056, 2425, 4606, 76743, 50141, 80972, 89178, 58155, 60076, 20023, 49957, 78859, 71701, 63157, 51036, 27194, 57618, 41826, 72622, 26518, 13650, 37174, 65866, 51535, 26693, 46306, 18622, 78957, 96794, 12749, 98789, 43609, 19799, 33366, 8952, 34480, 94159, 44897, 75759, 82931, 16277, 14916, 72994, 49309, 70538, 2034, 42550, 91026, 7880, 3338, 60131, 98080, 28093, 32900, 15622, 26775, 29552, 32342, 14515, 36096, 41783, 62811, 37254, 75355, 63411, 75272, 23694, 84310, 71082, 79212, 33588, 90706, 48187, 31189, 88482, 9367, 56255, 79617, 1270, 55560, 26203, 26155, 40545, 15484, 55048, 21590, 6079, 95713, 42042, 7599, 11012, 10867, 6326, 4226, 36219, 64167, 95573, 17592, 32396, 33047, 42672, 14688, 56724, 34006, 26116, 19739, 92564, 32446, 49106, 86197, 89608, 29620, 89318, 4676, 30220, 92140, 82233, 42586, 84937, 67832, 88616, 54115, 36688, 72537, 89206, 19927, 60142, 31365, 9503, 17153, 77426, 27373, 71618, 24526, 11066, 35200, 85609, 149, 12686, 31762, 76331, 79662, 42034, 4753, 45093, 9160, 29879, 54031, 81574, 52405, 74338, 45103, 97062, 38418, 65500, 83214, 33515, 71498, 84236, 27012, 42946, 15648, 18758, 74221, 18239, 86131, 1230, 2760, 87805, 47794, 89910, 39873, 11161, 88967, 57997, 33988, 52998, 11574, 11690, 91965, 60505, 6728, 20304, 66663, 21797, 36314, 23383, 77728, 66566, 30573, 81589, 35200, 85889, 50823, 87892, 82732, 87939, 51151, 25364, 57741, 65481, 95697, 91763, 24126, 50698, 89794, 21082, 38556, 8845, 86758, 95312, 40982, 27576, 22409, 10764, 59686, 42374, 46705, 20305, 91930, 20443, 55812, 94550, 17871, 37347, 86111, 91872, 76531, 97561, 22247, 70828, 10031, 86871, 3457, 34403, 47195, 55824, 77269, 2312, 23015, 10509, 90685, 33220, 5095, 32669, 57665, 87461, 23705, 23892, 79569, 25099, 22463, 6825, 87678, 12700, 8086, 18347, 2080, 81725, 1743, 21695, 98864, 601, 27012, 26238, 83756, 20196, 9283, 37922, 9584, 31059, 69305, 33408, 87700, 5472, 17218, 94029, 30946, 42707, 26938, 23929, 42631, 58629, 82345, 34078, 27640, 26857, 52482, 1908, 53363, 57718, 53277, 60874, 47192, 65156, 64324, 98908, 18086, 34571, 80780, 21654, 13015, 54185, 65778, 82905, 54333, 16295, 29750, 10179, 8498, 41149, 76875, 75817, 52840, 36350, 67047, 80721, 50387, 89921, 76598, 79179, 69374, 34188, 84323, 90189, 80063, 75353, 58141, 98604, 61869, 50914, 95998, 60953, 31372, 32800, 20253, 10965, 57825, 30921, 72002, 23478, 52144, 74671, 49790, 35369, 96851, 96268, 91735, 26265, 71492, 35041, 22667, 85381, 87967, 56897, 37761, 44123, 52620, 81795, 86745, 6668, 71796, 22328, 50981, 1304, 65894, 39334, 28965, 37736, 33502, 94725, 98644, 29317, 28672, 49720, 92944, 79154, 30886, 83581, 56853, 86563, 45680, 29702, 43297, 89488, 55541, 95711, 64055, 55857, 75831, 20915, 33733, 41601, 40608, 13946, 42643, 60946, 78379, 66893, 47265, 47663, 96044, 31575, 23271, 29732, 18765, 73934, 86595, 19623, 58152, 23341, 42797, 82035, 84610, 84617, 26296, 48384, 7808, 85181, 83581, 85225, 34491, 3068, 83145, 63958, 59227, 71005, 79763, 19625, 78522, 84816, 70026, 30736, 71763, 20974, 85431, 42194, 51257, 95945, 87370, 84376, 7316, 96397, 73523, 45377, 38170, 929, 19455, 92318, 44476, 31469, 69802, 39812, 96151, 1351, 97970, 67167, 69990, 20536, 43930, 89552, 7692, 94070, 25734, 2163, 89653, 41361, 65843, 55026, 76161, 33606, 7726, 57770, 26583, 72401, 4290, 24460, 59579, 28419, 26896, 42516, 11149, 32412, 43883, 76759, 72953, 63003, 29642, 79399, 49163, 14266, 55493, 15592, 19124, 64343, 71700, 16518, 77843, 61244, 80217, 51694, 11787, 24162, 70922, 1802, 19601, 58039, 19725, 17982, 7030, 87818, 81146, 64592, 10711, 8313, 80311, 12180, 49490, 79809, 96851, 93114, 19741, 87950, 3665, 43498, 8117, 64, 90216, 51752, 43265, 1055, 25064, 4579, 20591, 64262, 8289, 34540, 9038, 32463, 95965, 3202, 36219, 54773, 36301, 21802, 67750, 14517, 59282, 15980, 432, 86613, 99020, 91465, 77787, 78248, 48946, 57777, 58757, 97167, 43438, 57904, 2014, 13213, 67388, 10589, 17904, 46813, 71128, 52635, 3372, 7022, 6285, 13222, 36250, 40728, 91163, 35142, 11502, 89851, 62932, 77460, 96657, 21864, 99883, 81995, 74277, 60986, 50282, 74931, 46950, 5360, 53700, 31843, 59827, 47670, 32934, 30419, 79491, 57514, 74807, 23996, 53538, 62864, 15792, 27971, 79999, 4588, 61344, 72986, 76402, 5098, 58305, 25903, 32899, 85790, 91428, 60548, 56234, 39548, 43974, 98619, 77439, 15993, 73803, 83604, 25519, 18459, 20066, 25903, 97967, 33677, 7371, 6, 36499, 11324, 1243, 39947, 55479, 70470, 34082, 56050, 29544, 54987, 62746, 66607, 80357, 49628, 67933, 33670, 28091, 66945, 50534, 26141, 53322, 91035, 77729, 27580, 46478, 28257, 47427, 93318, 56880, 30918, 94174, 58362, 78991, 44614, 79630, 30263, 11791, 42548, 14198, 37648, 38023, 21220, 21014, 7344, 63974, 96287, 17660, 60202, 79326, 52006, 11171, 66690, 12255, 20285, 10423, 55277, 57487, 11691, 54689, 5652, 76519, 3461, 69755, 64707, 16312, 16295, 40601, 70148, 36176, 16065, 40040, 14183, 24121, 47242, 22032, 11279, 3191, 76223, 38556, 49976, 63279, 28556, 9220, 29217, 76607, 75006, 23148, 76606, 47161, 35794, 52195, 48659, 92402, 6526, 92368, 4935, 12370, 31129, 9968, 86963, 31409, 47029, 77066, 80727, 15785, 15932, 83533, 62000, 17471, 96923, 65812, 20445, 91749, 85889, 26308, 19486, 21715, 34331, 93146, 59506, 57820, 30428, 93243, 92765, 52847, 89535, 66389, 58839, 4150, 25361, 82879, 61511, 68281, 78697, 78403, 87273, 13980, 42687, 23918, 63683, 41580, 73250, 59609, 11414, 2509, 70598, 74474, 19451, 16064, 20767, 90079, 93316, 16483, 26688, 1007, 58343, 58155, 21038, 71715, 57917, 41869, 25781, 18714, 67682, 93754, 85684, 10313, 1573, 45762, 94524, 35755, 32943, 71827, 71670, 16558, 24105, 60194, 63460, 52030, 70450, 68115, 37170, 74590, 45567, 54629, 5725, 85172, 61417, 54506, 78169, 92443, 94152, 97286, 90729, 98431, 21923, 91806, 91215, 9539, 25283, 88955, 21992, 43568, 39295, 10889, 20789, 56007, 943, 72855, 76942, 8942, 7759, 97777, 37307, 60206, 47127, 31059, 56075, 49075, 27392, 83476, 56280, 34162, 34476, 2995, 89626, 72491, 10343, 77379, 88390, 46151, 52405, 17849, 67616, 60968, 77448, 3012, 11905, 89855, 55382, 1710, 27710, 13838, 56579, 51865, 18942, 52511, 18314, 17423, 62667, 73550, 27356, 31707, 24937, 85986, 41982, 29792, 51747, 77050, 33505, 87200, 35919, 25026, 57877, 33854, 14431, 62602, 44937, 83542, 26581, 41702, 40546, 83724, 57348, 95648, 17217, 81032, 51333, 62479, 95232, 68193, 19337, 54406, 7241, 84508, 31853, 36337, 97444, 6715, 84142, 14143, 29646, 61418, 46691, 91055, 95261, 21607, 49389, 87440, 53345, 41371, 1669, 16850, 18440, 60983, 69600, 53625, 40097, 54633, 9055, 65860, 3054, 54468, 13994, 50399, 96381, 93456, 37386, 12374, 72359, 13808, 91360, 1863, 60158, 8379, 60424, 44909, 64466, 68566, 65812, 52188, 94818]})"
149.0,7,30,73,33.100892543792725,40003,"Genotype(dna={""<class 'abc.NT_0017'>"": [0, 1863], ""<class 'abc.NT_0017_P_00000'>"": [], ""<class 'abc.NT_0001'>"": [2, 2, 2, 30908, 0, 1, 68566], ""<class 'abc.NT_0001_P_00000'>"": [], ""<class 'bool'>"": [46023, 35570, 21927, 2927, 64826, 47769, 23648, 93816, 7134, 59416, 20134, 85082, 87339, 47436, 78194, 76892, 13022, 3649, 46405, 50242, 42523, 55047, 79213, 38241, 94818, 24110, 33409], ""<class 'abc.NT_0000'>"": [1, 2, 6, 0, 0, 0, 0, 37022, 5, 2, 0, 97444, 3, 1, 0, 2, 2, 0, 74373, 6, 1, 0, 2, 0, 0, 65812], ""<class 'abc.NT_0000_P_00000'>"": [], ""<class 'int'>"": [51614, 94798, 85886, 59354, 52526, 36031, 35242, 91268, 99322, 38473, 68614, 93746, 6702, 40963, 73390, 92372, 19142, 45498, 58460, 83038, 905, 28012, 78957, 84653, 49224, 91314, 22611, 93748, 26079, 62592, 24095, 74401, 80107, 79360, 89661, 93789, 24483, 14210, 58941, 10735, 60856, 12770, 53654, 52188], ""<class 'abc.NT_0000_P_00001'>"": [], ""<class 'abc.NT_0000_P_00002'>"": [], ""<class 'abc.NT_0000_P_00003'>"": [], ""<class 'abc.NT_0000_P_00004'>"": [], ""<class 'abc.NT_0000_P_00005'>"": [], ""<class 'abc.NT_0000_P_00006'>"": [], ""<class 'abc.NT_0001_P_00001'>"": [], ""<class 'abc.NT_0001_P_00002'>"": [], ""<class 'abc.NT_0001_P_00003'>"": [], ""<class 'abc.NT_0001_P_00004'>"": [], ""<class 'abc.NT_0005'>"": [2, 8379], ""<class 'abc.NT_0005_P_00000'>"": [], ""<class 'abc.NT_0003'>"": [0, 0, 2, 73361], ""<class 'abc.NT_0003_P_00000'>"": [], ""<class 'abc.NT_0002'>"": [3, 1, 2, 3, 2, 2993], ""<class 'abc.NT_0002_P_00000'>"": [], ""<class 'abc.NT_0002_P_00001'>"": [], ""<class 'abc.NT_0002_P_00002'>"": [], ""<class 'abc.NT_0002_P_00003'>"": [], ""<class 'abc.NT_0002_P_00004'>"": [], ""<class 'abc.NT_0003_P_00001'>"": [], ""<class 'abc.NT_0003_P_00002'>"": [], ""<class 'abc.NT_0004'>"": [0, 60424], ""<class 'abc.NT_0004_P_00000'>"": [], ""<class 'abc.NT_0004_P_00001'>"": [], ""<class 'abc.NT_0005_P_00001'>"": [], ""<class 'abc.NT_0005_P_00002'>"": [], ""<class 'abc.NT_0011'>"": [], ""<class 'abc.NT_0011_P_00000'>"": [], ""<class 'abc.NT_0017_P_00001'>"": [], ""<class 'abc.NT_0012'>"": [0, 60158], ""<class 'abc.NT_0012_P_00000'>"": [], ""<class 'abc.NT_0010'>"": [], ""<class 'abc.NT_0010_P_00000'>"": [], ""<class 'abc.NT_0009'>"": [], ""<class 'abc.NT_0009_P_00000'>"": [], ""<class 'abc.NT_0008'>"": [], ""<class 'abc.NT_0008_P_00000'>"": [], ""<class 'abc.NT_0006'>"": [], ""<class 'abc.NT_0006_P_00000'>"": [], ""<class 'abc.NT_0008_P_00001'>"": [], ""<class 'abc.NT_0008_P_00002'>"": [], ""<class 'abc.NT_0008_P_00003'>"": [], ""<class 'abc.NT_0008_P_00004'>"": [], ""<class 'abc.NT_0007'>"": [], ""<class 'abc.NT_0007_P_00000'>"": [], ""<class 'abc.NT_0007_P_00001'>"": [], ""<class 'abc.NT_0007_P_00002'>"": [], ""<class 'abc.NT_0009_P_00001'>"": [], ""<class 'abc.NT_0010_P_00001'>"": [], ""<class 'abc.NT_0010_P_00002'>"": [], ""<class 'abc.NT_0012_P_00001'>"": [], ""<class 'abc.NT_0012_P_00002'>"": [], '$leftovers': [24110, 33409, 84800, 52930, 73355, 35471, 40030, 9296, 20749, 33075, 49628, 11537, 15, 90830, 51946, 20435, 67193, 37276, 25620, 25545, 23848, 32840, 79736, 6117, 22259, 57571, 60709, 16020, 90131, 83681, 49236, 19740, 96719, 28286, 96500, 25056, 2425, 4606, 76743, 50141, 80972, 89178, 58155, 60076, 20023, 49957, 78859, 71701, 63157, 51036, 27194, 57618, 41826, 72622, 26518, 13650, 37174, 65866, 51535, 26693, 46306, 18622, 78957, 96794, 12749, 98789, 43609, 19799, 33366, 8952, 34480, 94159, 44897, 75759, 82931, 16277, 14916, 72994, 49309, 70538, 2034, 42550, 91026, 7880, 3338, 60131, 98080, 28093, 32900, 15622, 26775, 29552, 32342, 14515, 36096, 41783, 62811, 37254, 75355, 63411, 75272, 23694, 84310, 71082, 79212, 33588, 90706, 48187, 31189, 88482, 9367, 56255, 79617, 1270, 55560, 26203, 26155, 40545, 15484, 55048, 21590, 6079, 95713, 42042, 7599, 11012, 10867, 6326, 4226, 36219, 64167, 95573, 17592, 32396, 33047, 42672, 14688, 56724, 34006, 26116, 19739, 92564, 32446, 49106, 86197, 89608, 29620, 89318, 4676, 30220, 92140, 82233, 42586, 84937, 67832, 88616, 54115, 36688, 72537, 89206, 19927, 60142, 31365, 9503, 17153, 77426, 27373, 71618, 24526, 11066, 35200, 85609, 149, 12686, 31762, 76331, 79662, 42034, 4753, 45093, 9160, 29879, 54031, 81574, 52405, 74338, 45103, 97062, 38418, 65500, 83214, 33515, 71498, 84236, 27012, 42946, 15648, 18758, 74221, 18239, 86131, 1230, 2760, 87805, 47794, 89910, 39873, 11161, 88967, 57997, 33988, 52998, 11574, 11690, 91965, 60505, 6728, 20304, 66663, 21797, 36314, 23383, 77728, 66566, 30573, 81589, 35200, 85889, 50823, 87892, 82732, 87939, 51151, 25364, 57741, 65481, 95697, 91763, 24126, 50698, 89794, 21082, 38556, 8845, 86758, 95312, 40982, 27576, 22409, 10764, 59686, 42374, 46705, 20305, 91930, 20443, 55812, 94550, 17871, 37347, 86111, 91872, 76531, 97561, 22247, 70828, 10031, 86871, 3457, 34403, 47195, 55824, 77269, 2312, 23015, 10509, 90685, 33220, 5095, 32669, 57665, 87461, 23705, 23892, 79569, 25099, 22463, 6825, 87678, 12700, 8086, 18347, 2080, 81725, 1743, 21695, 98864, 601, 27012, 26238, 83756, 20196, 9283, 37922, 9584, 31059, 69305, 33408, 87700, 5472, 17218, 94029, 30946, 42707, 26938, 23929, 42631, 58629, 82345, 34078, 27640, 26857, 52482, 1908, 53363, 57718, 53277, 60874, 47192, 65156, 64324, 98908, 18086, 34571, 80780, 21654, 13015, 54185, 65778, 82905, 54333, 16295, 29750, 10179, 8498, 41149, 76875, 75817, 52840, 36350, 67047, 80721, 50387, 89921, 76598, 79179, 69374, 34188, 84323, 90189, 80063, 75353, 58141, 98604, 61869, 50914, 95998, 60953, 31372, 32800, 20253, 10965, 57825, 30921, 72002, 23478, 52144, 74671, 49790, 35369, 96851, 96268, 91735, 26265, 71492, 35041, 22667, 85381, 87967, 56897, 37761, 44123, 52620, 81795, 86745, 6668, 71796, 22328, 50981, 1304, 65894, 39334, 28965, 37736, 33502, 94725, 98644, 29317, 28672, 49720, 92944, 79154, 30886, 83581, 56853, 86563, 45680, 29702, 43297, 89488, 55541, 95711, 64055, 55857, 75831, 20915, 33733, 41601, 40608, 13946, 42643, 60946, 78379, 66893, 47265, 47663, 96044, 31575, 23271, 29732, 18765, 73934, 86595, 19623, 58152, 23341, 42797, 82035, 84610, 84617, 26296, 48384, 7808, 85181, 83581, 85225, 34491, 3068, 83145, 63958, 59227, 71005, 79763, 19625, 78522, 84816, 70026, 30736, 71763, 20974, 85431, 42194, 51257, 95945, 87370, 84376, 7316, 96397, 73523, 45377, 38170, 929, 19455, 92318, 44476, 31469, 69802, 39812, 96151, 1351, 97970, 67167, 69990, 20536, 43930, 89552, 7692, 94070, 25734, 2163, 89653, 41361, 65843, 55026, 76161, 33606, 7726, 57770, 26583, 72401, 4290, 24460, 59579, 28419, 26896, 42516, 11149, 32412, 43883, 76759, 72953, 63003, 29642, 79399, 49163, 14266, 55493, 15592, 19124, 64343, 71700, 16518, 77843, 61244, 80217, 51694, 11787, 24162, 70922, 1802, 19601, 58039, 19725, 17982, 7030, 87818, 81146, 64592, 10711, 8313, 80311, 12180, 49490, 79809, 96851, 93114, 19741, 87950, 3665, 43498, 8117, 64, 90216, 51752, 43265, 1055, 25064, 4579, 20591, 64262, 8289, 34540, 9038, 32463, 95965, 3202, 36219, 54773, 36301, 21802, 67750, 14517, 59282, 15980, 432, 86613, 99020, 91465, 77787, 78248, 48946, 57777, 58757, 97167, 43438, 57904, 2014, 13213, 67388, 10589, 17904, 46813, 71128, 52635, 3372, 7022, 6285, 13222, 36250, 40728, 91163, 35142, 11502, 89851, 62932, 77460, 96657, 21864, 99883, 81995, 74277, 60986, 50282, 74931, 46950, 5360, 53700, 31843, 59827, 47670, 32934, 30419, 79491, 57514, 74807, 23996, 53538, 62864, 15792, 27971, 79999, 4588, 61344, 72986, 76402, 5098, 58305, 25903, 32899, 85790, 91428, 60548, 56234, 39548, 43974, 98619, 77439, 15993, 73803, 83604, 25519, 18459, 20066, 25903, 97967, 33677, 7371, 6, 36499, 11324, 1243, 39947, 55479, 70470, 34082, 56050, 29544, 54987, 62746, 66607, 80357, 49628, 67933, 33670, 28091, 66945, 50534, 26141, 53322, 91035, 77729, 27580, 46478, 28257, 47427, 93318, 56880, 30918, 94174, 58362, 78991, 44614, 79630, 30263, 11791, 42548, 14198, 37648, 38023, 21220, 21014, 7344, 63974, 96287, 17660, 60202, 79326, 52006, 11171, 66690, 12255, 20285, 10423, 55277, 57487, 11691, 54689, 5652, 76519, 3461, 69755, 64707, 16312, 16295, 40601, 70148, 36176, 16065, 40040, 14183, 24121, 47242, 22032, 11279, 3191, 76223, 38556, 49976, 63279, 28556, 9220, 29217, 76607, 75006, 23148, 76606, 47161, 35794, 52195, 48659, 92402, 6526, 92368, 4935, 12370, 31129, 9968, 86963, 31409, 47029, 77066, 80727, 15785, 15932, 83533, 62000, 17471, 96923, 65812, 20445, 91749, 85889, 26308, 19486, 21715, 34331, 93146, 59506, 57820, 30428, 93243, 92765, 52847, 89535, 66389, 58839, 4150, 25361, 82879, 61511, 68281, 78697, 78403, 87273, 13980, 42687, 23918, 63683, 41580, 73250, 59609, 11414, 2509, 70598, 74474, 19451, 16064, 20767, 90079, 93316, 16483, 26688, 1007, 58343, 58155, 21038, 71715, 57917, 41869, 25781, 18714, 67682, 93754, 85684, 10313, 1573, 45762, 94524, 35755, 32943, 71827, 71670, 16558, 24105, 60194, 63460, 52030, 70450, 68115, 37170, 74590, 45567, 54629, 5725, 85172, 61417, 54506, 78169, 92443, 94152, 97286, 90729, 98431, 21923, 91806, 91215, 9539, 25283, 88955, 21992, 43568, 39295, 10889, 20789, 56007, 943, 72855, 76942, 8942, 7759, 97777, 37307, 60206, 47127, 31059, 56075, 49075, 27392, 83476, 56280, 34162, 34476, 2995, 89626, 72491, 10343, 77379, 88390, 46151, 52405, 17849, 67616, 60968, 77448, 3012, 11905, 89855, 55382, 1710, 27710, 13838, 56579, 51865, 18942, 52511, 18314, 17423, 62667, 73550, 27356, 31707, 24937, 85986, 41982, 29792, 51747, 77050, 33505, 87200, 35919, 25026, 57877, 33854, 14431, 62602, 44937, 83542, 26581, 41702, 40546, 83724, 57348, 95648, 17217, 81032, 51333, 62479, 95232, 68193, 19337, 54406, 7241, 84508, 31853, 36337, 97444, 6715, 84142, 14143, 29646, 61418, 46691, 91055, 95261, 21607, 49389, 87440, 53345, 41371, 1669, 16850, 18440, 60983, 69600, 53625, 40097, 54633, 9055, 65860, 3054, 54468, 13994, 50399, 96381, 93456, 37386, 12374, 72359, 13808, 91360, 1863, 60158, 8379, 60424, 44909, 64466, 68566, 65812, 52188, 94818]})"
149.0,7,30,74,33.39161658287048,40003,"Genotype(dna={""<class 'abc.NT_0017'>"": [0, 1863], ""<class 'abc.NT_0017_P_00000'>"": [], ""<class 'abc.NT_0001'>"": [2, 2, 2, 30908, 0, 1, 68566], ""<class 'abc.NT_0001_P_00000'>"": [], ""<class 'bool'>"": [46023, 35570, 21927, 2927, 64826, 47769, 23648, 93816, 7134, 59416, 20134, 85082, 87339, 47436, 78194, 76892, 13022, 3649, 46405, 50242, 42523, 55047, 79213, 38241, 94818, 24110, 33409], ""<class 'abc.NT_0000'>"": [1, 2, 6, 0, 0, 0, 0, 37022, 5, 2, 0, 97444, 3, 1, 0, 2, 2, 0, 74373, 6, 1, 0, 2, 0, 0, 65812], ""<class 'abc.NT_0000_P_00000'>"": [], ""<class 'int'>"": [51614, 94798, 85886, 59354, 52526, 36031, 35242, 91268, 99322, 38473, 68614, 93746, 6702, 40963, 73390, 92372, 19142, 45498, 58460, 83038, 905, 28012, 78957, 84653, 49224, 91314, 22611, 93748, 26079, 62592, 24095, 74401, 80107, 79360, 89661, 93789, 24483, 14210, 58941, 10735, 60856, 12770, 53654, 52188], ""<class 'abc.NT_0000_P_00001'>"": [], ""<class 'abc.NT_0000_P_00002'>"": [], ""<class 'abc.NT_0000_P_00003'>"": [], ""<class 'abc.NT_0000_P_00004'>"": [], ""<class 'abc.NT_0000_P_00005'>"": [], ""<class 'abc.NT_0000_P_00006'>"": [], ""<class 'abc.NT_0001_P_00001'>"": [], ""<class 'abc.NT_0001_P_00002'>"": [], ""<class 'abc.NT_0001_P_00003'>"": [], ""<class 'abc.NT_0001_P_00004'>"": [], ""<class 'abc.NT_0005'>"": [2, 8379], ""<class 'abc.NT_0005_P_00000'>"": [], ""<class 'abc.NT_0003'>"": [0, 0, 2, 73361], ""<class 'abc.NT_0003_P_00000'>"": [], ""<class 'abc.NT_0002'>"": [3, 1, 2, 3, 2, 2993], ""<class 'abc.NT_0002_P_00000'>"": [], ""<class 'abc.NT_0002_P_00001'>"": [], ""<class 'abc.NT_0002_P_00002'>"": [], ""<class 'abc.NT_0002_P_00003'>"": [], ""<class 'abc.NT_0002_P_00004'>"": [], ""<class 'abc.NT_0003_P_00001'>"": [], ""<class 'abc.NT_0003_P_00002'>"": [], ""<class 'abc.NT_0004'>"": [0, 60424], ""<class 'abc.NT_0004_P_00000'>"": [], ""<class 'abc.NT_0004_P_00001'>"": [], ""<class 'abc.NT_0005_P_00001'>"": [], ""<class 'abc.NT_0005_P_00002'>"": [], ""<class 'abc.NT_0011'>"": [], ""<class 'abc.NT_0011_P_00000'>"": [], ""<class 'abc.NT_0017_P_00001'>"": [], ""<class 'abc.NT_0012'>"": [0, 60158], ""<class 'abc.NT_0012_P_00000'>"": [], ""<class 'abc.NT_0010'>"": [], ""<class 'abc.NT_0010_P_00000'>"": [], ""<class 'abc.NT_0009'>"": [], ""<class 'abc.NT_0009_P_00000'>"": [], ""<class 'abc.NT_0008'>"": [], ""<class 'abc.NT_0008_P_00000'>"": [], ""<class 'abc.NT_0006'>"": [], ""<class 'abc.NT_0006_P_00000'>"": [], ""<class 'abc.NT_0008_P_00001'>"": [], ""<class 'abc.NT_0008_P_00002'>"": [], ""<class 'abc.NT_0008_P_00003'>"": [], ""<class 'abc.NT_0008_P_00004'>"": [], ""<class 'abc.NT_0007'>"": [], ""<class 'abc.NT_0007_P_00000'>"": [], ""<class 'abc.NT_0007_P_00001'>"": [], ""<class 'abc.NT_0007_P_00002'>"": [], ""<class 'abc.NT_0009_P_00001'>"": [], ""<class 'abc.NT_0010_P_00001'>"": [], ""<class 'abc.NT_0010_P_00002'>"": [], ""<class 'abc.NT_0012_P_00001'>"": [], ""<class 'abc.NT_0012_P_00002'>"": [], '$leftovers': [24110, 33409, 84800, 52930, 73355, 35471, 40030, 9296, 20749, 33075, 49628, 11537, 15, 90830, 51946, 20435, 67193, 37276, 25620, 25545, 23848, 32840, 79736, 6117, 22259, 57571, 60709, 16020, 90131, 83681, 49236, 19740, 96719, 28286, 96500, 25056, 2425, 4606, 76743, 50141, 80972, 89178, 58155, 60076, 20023, 49957, 78859, 71701, 63157, 51036, 27194, 57618, 41826, 72622, 26518, 13650, 37174, 65866, 51535, 26693, 46306, 18622, 78957, 96794, 12749, 98789, 43609, 19799, 33366, 8952, 34480, 94159, 44897, 75759, 82931, 16277, 14916, 72994, 49309, 70538, 2034, 42550, 91026, 7880, 3338, 60131, 98080, 28093, 32900, 15622, 26775, 29552, 32342, 14515, 36096, 41783, 62811, 37254, 75355, 63411, 75272, 23694, 84310, 71082, 79212, 33588, 90706, 48187, 31189, 88482, 9367, 56255, 79617, 1270, 55560, 26203, 26155, 40545, 15484, 55048, 21590, 6079, 95713, 42042, 7599, 11012, 10867, 6326, 4226, 36219, 64167, 95573, 17592, 32396, 33047, 42672, 14688, 56724, 34006, 26116, 19739, 92564, 32446, 49106, 86197, 89608, 29620, 89318, 4676, 30220, 92140, 82233, 42586, 84937, 67832, 88616, 54115, 36688, 72537, 89206, 19927, 60142, 31365, 9503, 17153, 77426, 27373, 71618, 24526, 11066, 35200, 85609, 149, 12686, 31762, 76331, 79662, 42034, 4753, 45093, 9160, 29879, 54031, 81574, 52405, 74338, 45103, 97062, 38418, 65500, 83214, 33515, 71498, 84236, 27012, 42946, 15648, 18758, 74221, 18239, 86131, 1230, 2760, 87805, 47794, 89910, 39873, 11161, 88967, 57997, 33988, 52998, 11574, 11690, 91965, 60505, 6728, 20304, 66663, 21797, 36314, 23383, 77728, 66566, 30573, 81589, 35200, 85889, 50823, 87892, 82732, 87939, 51151, 25364, 57741, 65481, 95697, 91763, 24126, 50698, 89794, 21082, 38556, 8845, 86758, 95312, 40982, 27576, 22409, 10764, 59686, 42374, 46705, 20305, 91930, 20443, 55812, 94550, 17871, 37347, 86111, 91872, 76531, 97561, 22247, 70828, 10031, 86871, 3457, 34403, 47195, 55824, 77269, 2312, 23015, 10509, 90685, 33220, 5095, 32669, 57665, 87461, 23705, 23892, 79569, 25099, 22463, 6825, 87678, 12700, 8086, 18347, 2080, 81725, 1743, 21695, 98864, 601, 27012, 26238, 83756, 20196, 9283, 37922, 9584, 31059, 69305, 33408, 87700, 5472, 17218, 94029, 30946, 42707, 26938, 23929, 42631, 58629, 82345, 34078, 27640, 26857, 52482, 1908, 53363, 57718, 53277, 60874, 47192, 65156, 64324, 98908, 18086, 34571, 80780, 21654, 13015, 54185, 65778, 82905, 54333, 16295, 29750, 10179, 8498, 41149, 76875, 75817, 52840, 36350, 67047, 80721, 50387, 89921, 76598, 79179, 69374, 34188, 84323, 90189, 80063, 75353, 58141, 98604, 61869, 50914, 95998, 60953, 31372, 32800, 20253, 10965, 57825, 30921, 72002, 23478, 52144, 74671, 49790, 35369, 96851, 96268, 91735, 26265, 71492, 35041, 22667, 85381, 87967, 56897, 37761, 44123, 52620, 81795, 86745, 6668, 71796, 22328, 50981, 1304, 65894, 39334, 28965, 37736, 33502, 94725, 98644, 29317, 28672, 49720, 92944, 79154, 30886, 83581, 56853, 86563, 45680, 29702, 43297, 89488, 55541, 95711, 64055, 55857, 75831, 20915, 33733, 41601, 40608, 13946, 42643, 60946, 78379, 66893, 47265, 47663, 96044, 31575, 23271, 29732, 18765, 73934, 86595, 19623, 58152, 23341, 42797, 82035, 84610, 84617, 26296, 48384, 7808, 85181, 83581, 85225, 34491, 3068, 83145, 63958, 59227, 71005, 79763, 19625, 78522, 84816, 70026, 30736, 71763, 20974, 85431, 42194, 51257, 95945, 87370, 84376, 7316, 96397, 73523, 45377, 38170, 929, 19455, 92318, 44476, 31469, 69802, 39812, 96151, 1351, 97970, 67167, 69990, 20536, 43930, 89552, 7692, 94070, 25734, 2163, 89653, 41361, 65843, 55026, 76161, 33606, 7726, 57770, 26583, 72401, 4290, 24460, 59579, 28419, 26896, 42516, 11149, 32412, 43883, 76759, 72953, 63003, 29642, 79399, 49163, 14266, 55493, 15592, 19124, 64343, 71700, 16518, 77843, 61244, 80217, 51694, 11787, 24162, 70922, 1802, 19601, 58039, 19725, 17982, 7030, 87818, 81146, 64592, 10711, 8313, 80311, 12180, 49490, 79809, 96851, 93114, 19741, 87950, 3665, 43498, 8117, 64, 90216, 51752, 43265, 1055, 25064, 4579, 20591, 64262, 8289, 34540, 9038, 32463, 95965, 3202, 36219, 54773, 36301, 21802, 67750, 14517, 59282, 15980, 432, 86613, 99020, 91465, 77787, 78248, 48946, 57777, 58757, 97167, 43438, 57904, 2014, 13213, 67388, 10589, 17904, 46813, 71128, 52635, 3372, 7022, 6285, 13222, 36250, 40728, 91163, 35142, 11502, 89851, 62932, 77460, 96657, 21864, 99883, 81995, 74277, 60986, 50282, 74931, 46950, 5360, 53700, 31843, 59827, 47670, 32934, 30419, 79491, 57514, 74807, 23996, 53538, 62864, 15792, 27971, 79999, 4588, 61344, 72986, 76402, 5098, 58305, 25903, 32899, 85790, 91428, 60548, 56234, 39548, 43974, 98619, 77439, 15993, 73803, 83604, 25519, 18459, 20066, 25903, 97967, 33677, 7371, 6, 36499, 11324, 1243, 39947, 55479, 70470, 34082, 56050, 29544, 54987, 62746, 66607, 80357, 49628, 67933, 33670, 28091, 66945, 50534, 26141, 53322, 91035, 77729, 27580, 46478, 28257, 47427, 93318, 56880, 30918, 94174, 58362, 78991, 44614, 79630, 30263, 11791, 42548, 14198, 37648, 38023, 21220, 21014, 7344, 63974, 96287, 17660, 60202, 79326, 52006, 11171, 66690, 12255, 20285, 10423, 55277, 57487, 11691, 54689, 5652, 76519, 3461, 69755, 64707, 16312, 16295, 40601, 70148, 36176, 16065, 40040, 14183, 24121, 47242, 22032, 11279, 3191, 76223, 38556, 49976, 63279, 28556, 9220, 29217, 76607, 75006, 23148, 76606, 47161, 35794, 52195, 48659, 92402, 6526, 92368, 4935, 12370, 31129, 9968, 86963, 31409, 47029, 77066, 80727, 15785, 15932, 83533, 62000, 17471, 96923, 65812, 20445, 91749, 85889, 26308, 19486, 21715, 34331, 93146, 59506, 57820, 30428, 93243, 92765, 52847, 89535, 66389, 58839, 4150, 25361, 82879, 61511, 68281, 78697, 78403, 87273, 13980, 42687, 23918, 63683, 41580, 73250, 59609, 11414, 2509, 70598, 74474, 19451, 16064, 20767, 90079, 93316, 16483, 26688, 1007, 58343, 58155, 21038, 71715, 57917, 41869, 25781, 18714, 67682, 93754, 85684, 10313, 1573, 45762, 94524, 35755, 32943, 71827, 71670, 16558, 24105, 60194, 63460, 52030, 70450, 68115, 37170, 74590, 45567, 54629, 5725, 85172, 61417, 54506, 78169, 92443, 94152, 97286, 90729, 98431, 21923, 91806, 91215, 9539, 25283, 88955, 21992, 43568, 39295, 10889, 20789, 56007, 943, 72855, 76942, 8942, 7759, 97777, 37307, 60206, 47127, 31059, 56075, 49075, 27392, 83476, 56280, 34162, 34476, 2995, 89626, 72491, 10343, 77379, 88390, 46151, 52405, 17849, 67616, 60968, 77448, 3012, 11905, 89855, 55382, 1710, 27710, 13838, 56579, 51865, 18942, 52511, 18314, 17423, 62667, 73550, 27356, 31707, 24937, 85986, 41982, 29792, 51747, 77050, 33505, 87200, 35919, 25026, 57877, 33854, 14431, 62602, 44937, 83542, 26581, 41702, 40546, 83724, 57348, 95648, 17217, 81032, 51333, 62479, 95232, 68193, 19337, 54406, 7241, 84508, 31853, 36337, 97444, 6715, 84142, 14143, 29646, 61418, 46691, 91055, 95261, 21607, 49389, 87440, 53345, 41371, 1669, 16850, 18440, 60983, 69600, 53625, 40097, 54633, 9055, 65860, 3054, 54468, 13994, 50399, 96381, 93456, 37386, 12374, 72359, 13808, 91360, 1863, 60158, 8379, 60424, 44909, 64466, 68566, 65812, 52188, 94818]})"
149.0,7,30,75,33.688039779663086,40003,"Genotype(dna={""<class 'abc.NT_0017'>"": [0, 1863], ""<class 'abc.NT_0017_P_00000'>"": [], ""<class 'abc.NT_0001'>"": [2, 2, 2, 30908, 0, 1, 68566], ""<class 'abc.NT_0001_P_00000'>"": [], ""<class 'bool'>"": [46023, 35570, 21927, 2927, 64826, 47769, 23648, 93816, 7134, 59416, 20134, 85082, 87339, 47436, 78194, 76892, 13022, 3649, 46405, 50242, 42523, 55047, 79213, 38241, 94818, 24110, 33409], ""<class 'abc.NT_0000'>"": [1, 2, 6, 0, 0, 0, 0, 37022, 5, 2, 0, 97444, 3, 1, 0, 2, 2, 0, 74373, 6, 1, 0, 2, 0, 0, 65812], ""<class 'abc.NT_0000_P_00000'>"": [], ""<class 'int'>"": [51614, 94798, 85886, 59354, 52526, 36031, 35242, 91268, 99322, 38473, 68614, 93746, 6702, 40963, 73390, 92372, 19142, 45498, 58460, 83038, 905, 28012, 78957, 84653, 49224, 91314, 22611, 93748, 26079, 62592, 24095, 74401, 80107, 79360, 89661, 93789, 24483, 14210, 58941, 10735, 60856, 12770, 53654, 52188], ""<class 'abc.NT_0000_P_00001'>"": [], ""<class 'abc.NT_0000_P_00002'>"": [], ""<class 'abc.NT_0000_P_00003'>"": [], ""<class 'abc.NT_0000_P_00004'>"": [], ""<class 'abc.NT_0000_P_00005'>"": [], ""<class 'abc.NT_0000_P_00006'>"": [], ""<class 'abc.NT_0001_P_00001'>"": [], ""<class 'abc.NT_0001_P_00002'>"": [], ""<class 'abc.NT_0001_P_00003'>"": [], ""<class 'abc.NT_0001_P_00004'>"": [], ""<class 'abc.NT_0005'>"": [2, 8379], ""<class 'abc.NT_0005_P_00000'>"": [], ""<class 'abc.NT_0003'>"": [0, 0, 2, 73361], ""<class 'abc.NT_0003_P_00000'>"": [], ""<class 'abc.NT_0002'>"": [3, 1, 2, 3, 2, 2993], ""<class 'abc.NT_0002_P_00000'>"": [], ""<class 'abc.NT_0002_P_00001'>"": [], ""<class 'abc.NT_0002_P_00002'>"": [], ""<class 'abc.NT_0002_P_00003'>"": [], ""<class 'abc.NT_0002_P_00004'>"": [], ""<class 'abc.NT_0003_P_00001'>"": [], ""<class 'abc.NT_0003_P_00002'>"": [], ""<class 'abc.NT_0004'>"": [0, 60424], ""<class 'abc.NT_0004_P_00000'>"": [], ""<class 'abc.NT_0004_P_00001'>"": [], ""<class 'abc.NT_0005_P_00001'>"": [], ""<class 'abc.NT_0005_P_00002'>"": [], ""<class 'abc.NT_0011'>"": [], ""<class 'abc.NT_0011_P_00000'>"": [], ""<class 'abc.NT_0017_P_00001'>"": [], ""<class 'abc.NT_0012'>"": [0, 60158], ""<class 'abc.NT_0012_P_00000'>"": [], ""<class 'abc.NT_0010'>"": [], ""<class 'abc.NT_0010_P_00000'>"": [], ""<class 'abc.NT_0009'>"": [], ""<class 'abc.NT_0009_P_00000'>"": [], ""<class 'abc.NT_0008'>"": [], ""<class 'abc.NT_0008_P_00000'>"": [], ""<class 'abc.NT_0006'>"": [], ""<class 'abc.NT_0006_P_00000'>"": [], ""<class 'abc.NT_0008_P_00001'>"": [], ""<class 'abc.NT_0008_P_00002'>"": [], ""<class 'abc.NT_0008_P_00003'>"": [], ""<class 'abc.NT_0008_P_00004'>"": [], ""<class 'abc.NT_0007'>"": [], ""<class 'abc.NT_0007_P_00000'>"": [], ""<class 'abc.NT_0007_P_00001'>"": [], ""<class 'abc.NT_0007_P_00002'>"": [], ""<class 'abc.NT_0009_P_00001'>"": [], ""<class 'abc.NT_0010_P_00001'>"": [], ""<class 'abc.NT_0010_P_00002'>"": [], ""<class 'abc.NT_0012_P_00001'>"": [], ""<class 'abc.NT_0012_P_00002'>"": [], '$leftovers': [24110, 33409, 84800, 52930, 73355, 35471, 40030, 9296, 20749, 33075, 49628, 11537, 15, 90830, 51946, 20435, 67193, 37276, 25620, 25545, 23848, 32840, 79736, 6117, 22259, 57571, 60709, 16020, 90131, 83681, 49236, 19740, 96719, 28286, 96500, 25056, 2425, 4606, 76743, 50141, 80972, 89178, 58155, 60076, 20023, 49957, 78859, 71701, 63157, 51036, 27194, 57618, 41826, 72622, 26518, 13650, 37174, 65866, 51535, 26693, 46306, 18622, 78957, 96794, 12749, 98789, 43609, 19799, 33366, 8952, 34480, 94159, 44897, 75759, 82931, 16277, 14916, 72994, 49309, 70538, 2034, 42550, 91026, 7880, 3338, 60131, 98080, 28093, 32900, 15622, 26775, 29552, 32342, 14515, 36096, 41783, 62811, 37254, 75355, 63411, 75272, 23694, 84310, 71082, 79212, 33588, 90706, 48187, 31189, 88482, 9367, 56255, 79617, 1270, 55560, 26203, 26155, 40545, 15484, 55048, 21590, 6079, 95713, 42042, 7599, 11012, 10867, 6326, 4226, 36219, 64167, 95573, 17592, 32396, 33047, 42672, 14688, 56724, 34006, 26116, 19739, 92564, 32446, 49106, 86197, 89608, 29620, 89318, 4676, 30220, 92140, 82233, 42586, 84937, 67832, 88616, 54115, 36688, 72537, 89206, 19927, 60142, 31365, 9503, 17153, 77426, 27373, 71618, 24526, 11066, 35200, 85609, 149, 12686, 31762, 76331, 79662, 42034, 4753, 45093, 9160, 29879, 54031, 81574, 52405, 74338, 45103, 97062, 38418, 65500, 83214, 33515, 71498, 84236, 27012, 42946, 15648, 18758, 74221, 18239, 86131, 1230, 2760, 87805, 47794, 89910, 39873, 11161, 88967, 57997, 33988, 52998, 11574, 11690, 91965, 60505, 6728, 20304, 66663, 21797, 36314, 23383, 77728, 66566, 30573, 81589, 35200, 85889, 50823, 87892, 82732, 87939, 51151, 25364, 57741, 65481, 95697, 91763, 24126, 50698, 89794, 21082, 38556, 8845, 86758, 95312, 40982, 27576, 22409, 10764, 59686, 42374, 46705, 20305, 91930, 20443, 55812, 94550, 17871, 37347, 86111, 91872, 76531, 97561, 22247, 70828, 10031, 86871, 3457, 34403, 47195, 55824, 77269, 2312, 23015, 10509, 90685, 33220, 5095, 32669, 57665, 87461, 23705, 23892, 79569, 25099, 22463, 6825, 87678, 12700, 8086, 18347, 2080, 81725, 1743, 21695, 98864, 601, 27012, 26238, 83756, 20196, 9283, 37922, 9584, 31059, 69305, 33408, 87700, 5472, 17218, 94029, 30946, 42707, 26938, 23929, 42631, 58629, 82345, 34078, 27640, 26857, 52482, 1908, 53363, 57718, 53277, 60874, 47192, 65156, 64324, 98908, 18086, 34571, 80780, 21654, 13015, 54185, 65778, 82905, 54333, 16295, 29750, 10179, 8498, 41149, 76875, 75817, 52840, 36350, 67047, 80721, 50387, 89921, 76598, 79179, 69374, 34188, 84323, 90189, 80063, 75353, 58141, 98604, 61869, 50914, 95998, 60953, 31372, 32800, 20253, 10965, 57825, 30921, 72002, 23478, 52144, 74671, 49790, 35369, 96851, 96268, 91735, 26265, 71492, 35041, 22667, 85381, 87967, 56897, 37761, 44123, 52620, 81795, 86745, 6668, 71796, 22328, 50981, 1304, 65894, 39334, 28965, 37736, 33502, 94725, 98644, 29317, 28672, 49720, 92944, 79154, 30886, 83581, 56853, 86563, 45680, 29702, 43297, 89488, 55541, 95711, 64055, 55857, 75831, 20915, 33733, 41601, 40608, 13946, 42643, 60946, 78379, 66893, 47265, 47663, 96044, 31575, 23271, 29732, 18765, 73934, 86595, 19623, 58152, 23341, 42797, 82035, 84610, 84617, 26296, 48384, 7808, 85181, 83581, 85225, 34491, 3068, 83145, 63958, 59227, 71005, 79763, 19625, 78522, 84816, 70026, 30736, 71763, 20974, 85431, 42194, 51257, 95945, 87370, 84376, 7316, 96397, 73523, 45377, 38170, 929, 19455, 92318, 44476, 31469, 69802, 39812, 96151, 1351, 97970, 67167, 69990, 20536, 43930, 89552, 7692, 94070, 25734, 2163, 89653, 41361, 65843, 55026, 76161, 33606, 7726, 57770, 26583, 72401, 4290, 24460, 59579, 28419, 26896, 42516, 11149, 32412, 43883, 76759, 72953, 63003, 29642, 79399, 49163, 14266, 55493, 15592, 19124, 64343, 71700, 16518, 77843, 61244, 80217, 51694, 11787, 24162, 70922, 1802, 19601, 58039, 19725, 17982, 7030, 87818, 81146, 64592, 10711, 8313, 80311, 12180, 49490, 79809, 96851, 93114, 19741, 87950, 3665, 43498, 8117, 64, 90216, 51752, 43265, 1055, 25064, 4579, 20591, 64262, 8289, 34540, 9038, 32463, 95965, 3202, 36219, 54773, 36301, 21802, 67750, 14517, 59282, 15980, 432, 86613, 99020, 91465, 77787, 78248, 48946, 57777, 58757, 97167, 43438, 57904, 2014, 13213, 67388, 10589, 17904, 46813, 71128, 52635, 3372, 7022, 6285, 13222, 36250, 40728, 91163, 35142, 11502, 89851, 62932, 77460, 96657, 21864, 99883, 81995, 74277, 60986, 50282, 74931, 46950, 5360, 53700, 31843, 59827, 47670, 32934, 30419, 79491, 57514, 74807, 23996, 53538, 62864, 15792, 27971, 79999, 4588, 61344, 72986, 76402, 5098, 58305, 25903, 32899, 85790, 91428, 60548, 56234, 39548, 43974, 98619, 77439, 15993, 73803, 83604, 25519, 18459, 20066, 25903, 97967, 33677, 7371, 6, 36499, 11324, 1243, 39947, 55479, 70470, 34082, 56050, 29544, 54987, 62746, 66607, 80357, 49628, 67933, 33670, 28091, 66945, 50534, 26141, 53322, 91035, 77729, 27580, 46478, 28257, 47427, 93318, 56880, 30918, 94174, 58362, 78991, 44614, 79630, 30263, 11791, 42548, 14198, 37648, 38023, 21220, 21014, 7344, 63974, 96287, 17660, 60202, 79326, 52006, 11171, 66690, 12255, 20285, 10423, 55277, 57487, 11691, 54689, 5652, 76519, 3461, 69755, 64707, 16312, 16295, 40601, 70148, 36176, 16065, 40040, 14183, 24121, 47242, 22032, 11279, 3191, 76223, 38556, 49976, 63279, 28556, 9220, 29217, 76607, 75006, 23148, 76606, 47161, 35794, 52195, 48659, 92402, 6526, 92368, 4935, 12370, 31129, 9968, 86963, 31409, 47029, 77066, 80727, 15785, 15932, 83533, 62000, 17471, 96923, 65812, 20445, 91749, 85889, 26308, 19486, 21715, 34331, 93146, 59506, 57820, 30428, 93243, 92765, 52847, 89535, 66389, 58839, 4150, 25361, 82879, 61511, 68281, 78697, 78403, 87273, 13980, 42687, 23918, 63683, 41580, 73250, 59609, 11414, 2509, 70598, 74474, 19451, 16064, 20767, 90079, 93316, 16483, 26688, 1007, 58343, 58155, 21038, 71715, 57917, 41869, 25781, 18714, 67682, 93754, 85684, 10313, 1573, 45762, 94524, 35755, 32943, 71827, 71670, 16558, 24105, 60194, 63460, 52030, 70450, 68115, 37170, 74590, 45567, 54629, 5725, 85172, 61417, 54506, 78169, 92443, 94152, 97286, 90729, 98431, 21923, 91806, 91215, 9539, 25283, 88955, 21992, 43568, 39295, 10889, 20789, 56007, 943, 72855, 76942, 8942, 7759, 97777, 37307, 60206, 47127, 31059, 56075, 49075, 27392, 83476, 56280, 34162, 34476, 2995, 89626, 72491, 10343, 77379, 88390, 46151, 52405, 17849, 67616, 60968, 77448, 3012, 11905, 89855, 55382, 1710, 27710, 13838, 56579, 51865, 18942, 52511, 18314, 17423, 62667, 73550, 27356, 31707, 24937, 85986, 41982, 29792, 51747, 77050, 33505, 87200, 35919, 25026, 57877, 33854, 14431, 62602, 44937, 83542, 26581, 41702, 40546, 83724, 57348, 95648, 17217, 81032, 51333, 62479, 95232, 68193, 19337, 54406, 7241, 84508, 31853, 36337, 97444, 6715, 84142, 14143, 29646, 61418, 46691, 91055, 95261, 21607, 49389, 87440, 53345, 41371, 1669, 16850, 18440, 60983, 69600, 53625, 40097, 54633, 9055, 65860, 3054, 54468, 13994, 50399, 96381, 93456, 37386, 12374, 72359, 13808, 91360, 1863, 60158, 8379, 60424, 44909, 64466, 68566, 65812, 52188, 94818]})"
149.0,7,30,76,34.21348023414612,40003,"Genotype(dna={""<class 'abc.NT_0017'>"": [0, 1863], ""<class 'abc.NT_0017_P_00000'>"": [], ""<class 'abc.NT_0001'>"": [2, 2, 2, 30908, 0, 1, 68566], ""<class 'abc.NT_0001_P_00000'>"": [], ""<class 'bool'>"": [46023, 35570, 21927, 2927, 64826, 47769, 23648, 93816, 7134, 59416, 20134, 85082, 87339, 47436, 78194, 76892, 13022, 3649, 46405, 50242, 42523, 55047, 79213, 38241, 94818, 24110, 33409], ""<class 'abc.NT_0000'>"": [1, 2, 6, 0, 0, 0, 0, 37022, 5, 2, 0, 97444, 3, 1, 0, 2, 2, 0, 74373, 6, 1, 0, 2, 0, 0, 65812], ""<class 'abc.NT_0000_P_00000'>"": [], ""<class 'int'>"": [51614, 94798, 85886, 59354, 52526, 36031, 35242, 91268, 99322, 38473, 68614, 93746, 6702, 40963, 73390, 92372, 19142, 45498, 58460, 83038, 905, 28012, 78957, 84653, 49224, 91314, 22611, 93748, 26079, 62592, 24095, 74401, 80107, 79360, 89661, 93789, 24483, 14210, 58941, 10735, 60856, 12770, 53654, 52188], ""<class 'abc.NT_0000_P_00001'>"": [], ""<class 'abc.NT_0000_P_00002'>"": [], ""<class 'abc.NT_0000_P_00003'>"": [], ""<class 'abc.NT_0000_P_00004'>"": [], ""<class 'abc.NT_0000_P_00005'>"": [], ""<class 'abc.NT_0000_P_00006'>"": [], ""<class 'abc.NT_0001_P_00001'>"": [], ""<class 'abc.NT_0001_P_00002'>"": [], ""<class 'abc.NT_0001_P_00003'>"": [], ""<class 'abc.NT_0001_P_00004'>"": [], ""<class 'abc.NT_0005'>"": [2, 8379], ""<class 'abc.NT_0005_P_00000'>"": [], ""<class 'abc.NT_0003'>"": [0, 0, 2, 73361], ""<class 'abc.NT_0003_P_00000'>"": [], ""<class 'abc.NT_0002'>"": [3, 1, 2, 3, 2, 2993], ""<class 'abc.NT_0002_P_00000'>"": [], ""<class 'abc.NT_0002_P_00001'>"": [], ""<class 'abc.NT_0002_P_00002'>"": [], ""<class 'abc.NT_0002_P_00003'>"": [], ""<class 'abc.NT_0002_P_00004'>"": [], ""<class 'abc.NT_0003_P_00001'>"": [], ""<class 'abc.NT_0003_P_00002'>"": [], ""<class 'abc.NT_0004'>"": [0, 60424], ""<class 'abc.NT_0004_P_00000'>"": [], ""<class 'abc.NT_0004_P_00001'>"": [], ""<class 'abc.NT_0005_P_00001'>"": [], ""<class 'abc.NT_0005_P_00002'>"": [], ""<class 'abc.NT_0011'>"": [], ""<class 'abc.NT_0011_P_00000'>"": [], ""<class 'abc.NT_0017_P_00001'>"": [], ""<class 'abc.NT_0012'>"": [0, 60158], ""<class 'abc.NT_0012_P_00000'>"": [], ""<class 'abc.NT_0010'>"": [], ""<class 'abc.NT_0010_P_00000'>"": [], ""<class 'abc.NT_0009'>"": [], ""<class 'abc.NT_0009_P_00000'>"": [], ""<class 'abc.NT_0008'>"": [], ""<class 'abc.NT_0008_P_00000'>"": [], ""<class 'abc.NT_0006'>"": [], ""<class 'abc.NT_0006_P_00000'>"": [], ""<class 'abc.NT_0008_P_00001'>"": [], ""<class 'abc.NT_0008_P_00002'>"": [], ""<class 'abc.NT_0008_P_00003'>"": [], ""<class 'abc.NT_0008_P_00004'>"": [], ""<class 'abc.NT_0007'>"": [], ""<class 'abc.NT_0007_P_00000'>"": [], ""<class 'abc.NT_0007_P_00001'>"": [], ""<class 'abc.NT_0007_P_00002'>"": [], ""<class 'abc.NT_0009_P_00001'>"": [], ""<class 'abc.NT_0010_P_00001'>"": [], ""<class 'abc.NT_0010_P_00002'>"": [], ""<class 'abc.NT_0012_P_00001'>"": [], ""<class 'abc.NT_0012_P_00002'>"": [], '$leftovers': [24110, 33409, 84800, 52930, 73355, 35471, 40030, 9296, 20749, 33075, 49628, 11537, 15, 90830, 51946, 20435, 67193, 37276, 25620, 25545, 23848, 32840, 79736, 6117, 22259, 57571, 60709, 16020, 90131, 83681, 49236, 19740, 96719, 28286, 96500, 25056, 2425, 4606, 76743, 50141, 80972, 89178, 58155, 60076, 20023, 49957, 78859, 71701, 63157, 51036, 27194, 57618, 41826, 72622, 26518, 13650, 37174, 65866, 51535, 26693, 46306, 18622, 78957, 96794, 12749, 98789, 43609, 19799, 33366, 8952, 34480, 94159, 44897, 75759, 82931, 16277, 14916, 72994, 49309, 70538, 2034, 42550, 91026, 7880, 3338, 60131, 98080, 28093, 32900, 15622, 26775, 29552, 32342, 14515, 36096, 41783, 62811, 37254, 75355, 63411, 75272, 23694, 84310, 71082, 79212, 33588, 90706, 48187, 31189, 88482, 9367, 56255, 79617, 1270, 55560, 26203, 26155, 40545, 15484, 55048, 21590, 6079, 95713, 42042, 7599, 11012, 10867, 6326, 4226, 36219, 64167, 95573, 17592, 32396, 33047, 42672, 14688, 56724, 34006, 26116, 19739, 92564, 32446, 49106, 86197, 89608, 29620, 89318, 4676, 30220, 92140, 82233, 42586, 84937, 67832, 88616, 54115, 36688, 72537, 89206, 19927, 60142, 31365, 9503, 17153, 77426, 27373, 71618, 24526, 11066, 35200, 85609, 149, 12686, 31762, 76331, 79662, 42034, 4753, 45093, 9160, 29879, 54031, 81574, 52405, 74338, 45103, 97062, 38418, 65500, 83214, 33515, 71498, 84236, 27012, 42946, 15648, 18758, 74221, 18239, 86131, 1230, 2760, 87805, 47794, 89910, 39873, 11161, 88967, 57997, 33988, 52998, 11574, 11690, 91965, 60505, 6728, 20304, 66663, 21797, 36314, 23383, 77728, 66566, 30573, 81589, 35200, 85889, 50823, 87892, 82732, 87939, 51151, 25364, 57741, 65481, 95697, 91763, 24126, 50698, 89794, 21082, 38556, 8845, 86758, 95312, 40982, 27576, 22409, 10764, 59686, 42374, 46705, 20305, 91930, 20443, 55812, 94550, 17871, 37347, 86111, 91872, 76531, 97561, 22247, 70828, 10031, 86871, 3457, 34403, 47195, 55824, 77269, 2312, 23015, 10509, 90685, 33220, 5095, 32669, 57665, 87461, 23705, 23892, 79569, 25099, 22463, 6825, 87678, 12700, 8086, 18347, 2080, 81725, 1743, 21695, 98864, 601, 27012, 26238, 83756, 20196, 9283, 37922, 9584, 31059, 69305, 33408, 87700, 5472, 17218, 94029, 30946, 42707, 26938, 23929, 42631, 58629, 82345, 34078, 27640, 26857, 52482, 1908, 53363, 57718, 53277, 60874, 47192, 65156, 64324, 98908, 18086, 34571, 80780, 21654, 13015, 54185, 65778, 82905, 54333, 16295, 29750, 10179, 8498, 41149, 76875, 75817, 52840, 36350, 67047, 80721, 50387, 89921, 76598, 79179, 69374, 34188, 84323, 90189, 80063, 75353, 58141, 98604, 61869, 50914, 95998, 60953, 31372, 32800, 20253, 10965, 57825, 30921, 72002, 23478, 52144, 74671, 49790, 35369, 96851, 96268, 91735, 26265, 71492, 35041, 22667, 85381, 87967, 56897, 37761, 44123, 52620, 81795, 86745, 6668, 71796, 22328, 50981, 1304, 65894, 39334, 28965, 37736, 33502, 94725, 98644, 29317, 28672, 49720, 92944, 79154, 30886, 83581, 56853, 86563, 45680, 29702, 43297, 89488, 55541, 95711, 64055, 55857, 75831, 20915, 33733, 41601, 40608, 13946, 42643, 60946, 78379, 66893, 47265, 47663, 96044, 31575, 23271, 29732, 18765, 73934, 86595, 19623, 58152, 23341, 42797, 82035, 84610, 84617, 26296, 48384, 7808, 85181, 83581, 85225, 34491, 3068, 83145, 63958, 59227, 71005, 79763, 19625, 78522, 84816, 70026, 30736, 71763, 20974, 85431, 42194, 51257, 95945, 87370, 84376, 7316, 96397, 73523, 45377, 38170, 929, 19455, 92318, 44476, 31469, 69802, 39812, 96151, 1351, 97970, 67167, 69990, 20536, 43930, 89552, 7692, 94070, 25734, 2163, 89653, 41361, 65843, 55026, 76161, 33606, 7726, 57770, 26583, 72401, 4290, 24460, 59579, 28419, 26896, 42516, 11149, 32412, 43883, 76759, 72953, 63003, 29642, 79399, 49163, 14266, 55493, 15592, 19124, 64343, 71700, 16518, 77843, 61244, 80217, 51694, 11787, 24162, 70922, 1802, 19601, 58039, 19725, 17982, 7030, 87818, 81146, 64592, 10711, 8313, 80311, 12180, 49490, 79809, 96851, 93114, 19741, 87950, 3665, 43498, 8117, 64, 90216, 51752, 43265, 1055, 25064, 4579, 20591, 64262, 8289, 34540, 9038, 32463, 95965, 3202, 36219, 54773, 36301, 21802, 67750, 14517, 59282, 15980, 432, 86613, 99020, 91465, 77787, 78248, 48946, 57777, 58757, 97167, 43438, 57904, 2014, 13213, 67388, 10589, 17904, 46813, 71128, 52635, 3372, 7022, 6285, 13222, 36250, 40728, 91163, 35142, 11502, 89851, 62932, 77460, 96657, 21864, 99883, 81995, 74277, 60986, 50282, 74931, 46950, 5360, 53700, 31843, 59827, 47670, 32934, 30419, 79491, 57514, 74807, 23996, 53538, 62864, 15792, 27971, 79999, 4588, 61344, 72986, 76402, 5098, 58305, 25903, 32899, 85790, 91428, 60548, 56234, 39548, 43974, 98619, 77439, 15993, 73803, 83604, 25519, 18459, 20066, 25903, 97967, 33677, 7371, 6, 36499, 11324, 1243, 39947, 55479, 70470, 34082, 56050, 29544, 54987, 62746, 66607, 80357, 49628, 67933, 33670, 28091, 66945, 50534, 26141, 53322, 91035, 77729, 27580, 46478, 28257, 47427, 93318, 56880, 30918, 94174, 58362, 78991, 44614, 79630, 30263, 11791, 42548, 14198, 37648, 38023, 21220, 21014, 7344, 63974, 96287, 17660, 60202, 79326, 52006, 11171, 66690, 12255, 20285, 10423, 55277, 57487, 11691, 54689, 5652, 76519, 3461, 69755, 64707, 16312, 16295, 40601, 70148, 36176, 16065, 40040, 14183, 24121, 47242, 22032, 11279, 3191, 76223, 38556, 49976, 63279, 28556, 9220, 29217, 76607, 75006, 23148, 76606, 47161, 35794, 52195, 48659, 92402, 6526, 92368, 4935, 12370, 31129, 9968, 86963, 31409, 47029, 77066, 80727, 15785, 15932, 83533, 62000, 17471, 96923, 65812, 20445, 91749, 85889, 26308, 19486, 21715, 34331, 93146, 59506, 57820, 30428, 93243, 92765, 52847, 89535, 66389, 58839, 4150, 25361, 82879, 61511, 68281, 78697, 78403, 87273, 13980, 42687, 23918, 63683, 41580, 73250, 59609, 11414, 2509, 70598, 74474, 19451, 16064, 20767, 90079, 93316, 16483, 26688, 1007, 58343, 58155, 21038, 71715, 57917, 41869, 25781, 18714, 67682, 93754, 85684, 10313, 1573, 45762, 94524, 35755, 32943, 71827, 71670, 16558, 24105, 60194, 63460, 52030, 70450, 68115, 37170, 74590, 45567, 54629, 5725, 85172, 61417, 54506, 78169, 92443, 94152, 97286, 90729, 98431, 21923, 91806, 91215, 9539, 25283, 88955, 21992, 43568, 39295, 10889, 20789, 56007, 943, 72855, 76942, 8942, 7759, 97777, 37307, 60206, 47127, 31059, 56075, 49075, 27392, 83476, 56280, 34162, 34476, 2995, 89626, 72491, 10343, 77379, 88390, 46151, 52405, 17849, 67616, 60968, 77448, 3012, 11905, 89855, 55382, 1710, 27710, 13838, 56579, 51865, 18942, 52511, 18314, 17423, 62667, 73550, 27356, 31707, 24937, 85986, 41982, 29792, 51747, 77050, 33505, 87200, 35919, 25026, 57877, 33854, 14431, 62602, 44937, 83542, 26581, 41702, 40546, 83724, 57348, 95648, 17217, 81032, 51333, 62479, 95232, 68193, 19337, 54406, 7241, 84508, 31853, 36337, 97444, 6715, 84142, 14143, 29646, 61418, 46691, 91055, 95261, 21607, 49389, 87440, 53345, 41371, 1669, 16850, 18440, 60983, 69600, 53625, 40097, 54633, 9055, 65860, 3054, 54468, 13994, 50399, 96381, 93456, 37386, 12374, 72359, 13808, 91360, 1863, 60158, 8379, 60424, 44909, 64466, 68566, 65812, 52188, 94818]})"
149.0,7,30,77,34.5432562828064,40003,"Genotype(dna={""<class 'abc.NT_0017'>"": [0, 1863], ""<class 'abc.NT_0017_P_00000'>"": [], ""<class 'abc.NT_0001'>"": [2, 2, 2, 30908, 0, 1, 68566], ""<class 'abc.NT_0001_P_00000'>"": [], ""<class 'bool'>"": [46023, 35570, 21927, 2927, 64826, 47769, 23648, 93816, 7134, 59416, 20134, 85082, 87339, 47436, 78194, 76892, 13022, 3649, 46405, 50242, 42523, 55047, 79213, 38241, 94818, 24110, 33409], ""<class 'abc.NT_0000'>"": [1, 2, 6, 0, 0, 0, 0, 37022, 5, 2, 0, 97444, 3, 1, 0, 2, 2, 0, 74373, 6, 1, 0, 2, 0, 0, 65812], ""<class 'abc.NT_0000_P_00000'>"": [], ""<class 'int'>"": [51614, 94798, 85886, 59354, 52526, 36031, 35242, 91268, 99322, 38473, 68614, 93746, 6702, 40963, 73390, 92372, 19142, 45498, 58460, 83038, 905, 28012, 78957, 84653, 49224, 91314, 22611, 93748, 26079, 62592, 24095, 74401, 80107, 79360, 89661, 93789, 24483, 14210, 58941, 10735, 60856, 12770, 53654, 52188], ""<class 'abc.NT_0000_P_00001'>"": [], ""<class 'abc.NT_0000_P_00002'>"": [], ""<class 'abc.NT_0000_P_00003'>"": [], ""<class 'abc.NT_0000_P_00004'>"": [], ""<class 'abc.NT_0000_P_00005'>"": [], ""<class 'abc.NT_0000_P_00006'>"": [], ""<class 'abc.NT_0001_P_00001'>"": [], ""<class 'abc.NT_0001_P_00002'>"": [], ""<class 'abc.NT_0001_P_00003'>"": [], ""<class 'abc.NT_0001_P_00004'>"": [], ""<class 'abc.NT_0005'>"": [2, 8379], ""<class 'abc.NT_0005_P_00000'>"": [], ""<class 'abc.NT_0003'>"": [0, 0, 2, 73361], ""<class 'abc.NT_0003_P_00000'>"": [], ""<class 'abc.NT_0002'>"": [3, 1, 2, 3, 2, 2993], ""<class 'abc.NT_0002_P_00000'>"": [], ""<class 'abc.NT_0002_P_00001'>"": [], ""<class 'abc.NT_0002_P_00002'>"": [], ""<class 'abc.NT_0002_P_00003'>"": [], ""<class 'abc.NT_0002_P_00004'>"": [], ""<class 'abc.NT_0003_P_00001'>"": [], ""<class 'abc.NT_0003_P_00002'>"": [], ""<class 'abc.NT_0004'>"": [0, 60424], ""<class 'abc.NT_0004_P_00000'>"": [], ""<class 'abc.NT_0004_P_00001'>"": [], ""<class 'abc.NT_0005_P_00001'>"": [], ""<class 'abc.NT_0005_P_00002'>"": [], ""<class 'abc.NT_0011'>"": [], ""<class 'abc.NT_0011_P_00000'>"": [], ""<class 'abc.NT_0017_P_00001'>"": [], ""<class 'abc.NT_0012'>"": [0, 60158], ""<class 'abc.NT_0012_P_00000'>"": [], ""<class 'abc.NT_0010'>"": [], ""<class 'abc.NT_0010_P_00000'>"": [], ""<class 'abc.NT_0009'>"": [], ""<class 'abc.NT_0009_P_00000'>"": [], ""<class 'abc.NT_0008'>"": [], ""<class 'abc.NT_0008_P_00000'>"": [], ""<class 'abc.NT_0006'>"": [], ""<class 'abc.NT_0006_P_00000'>"": [], ""<class 'abc.NT_0008_P_00001'>"": [], ""<class 'abc.NT_0008_P_00002'>"": [], ""<class 'abc.NT_0008_P_00003'>"": [], ""<class 'abc.NT_0008_P_00004'>"": [], ""<class 'abc.NT_0007'>"": [], ""<class 'abc.NT_0007_P_00000'>"": [], ""<class 'abc.NT_0007_P_00001'>"": [], ""<class 'abc.NT_0007_P_00002'>"": [], ""<class 'abc.NT_0009_P_00001'>"": [], ""<class 'abc.NT_0010_P_00001'>"": [], ""<class 'abc.NT_0010_P_00002'>"": [], ""<class 'abc.NT_0012_P_00001'>"": [], ""<class 'abc.NT_0012_P_00002'>"": [], '$leftovers': [24110, 33409, 84800, 52930, 73355, 35471, 40030, 9296, 20749, 33075, 49628, 11537, 15, 90830, 51946, 20435, 67193, 37276, 25620, 25545, 23848, 32840, 79736, 6117, 22259, 57571, 60709, 16020, 90131, 83681, 49236, 19740, 96719, 28286, 96500, 25056, 2425, 4606, 76743, 50141, 80972, 89178, 58155, 60076, 20023, 49957, 78859, 71701, 63157, 51036, 27194, 57618, 41826, 72622, 26518, 13650, 37174, 65866, 51535, 26693, 46306, 18622, 78957, 96794, 12749, 98789, 43609, 19799, 33366, 8952, 34480, 94159, 44897, 75759, 82931, 16277, 14916, 72994, 49309, 70538, 2034, 42550, 91026, 7880, 3338, 60131, 98080, 28093, 32900, 15622, 26775, 29552, 32342, 14515, 36096, 41783, 62811, 37254, 75355, 63411, 75272, 23694, 84310, 71082, 79212, 33588, 90706, 48187, 31189, 88482, 9367, 56255, 79617, 1270, 55560, 26203, 26155, 40545, 15484, 55048, 21590, 6079, 95713, 42042, 7599, 11012, 10867, 6326, 4226, 36219, 64167, 95573, 17592, 32396, 33047, 42672, 14688, 56724, 34006, 26116, 19739, 92564, 32446, 49106, 86197, 89608, 29620, 89318, 4676, 30220, 92140, 82233, 42586, 84937, 67832, 88616, 54115, 36688, 72537, 89206, 19927, 60142, 31365, 9503, 17153, 77426, 27373, 71618, 24526, 11066, 35200, 85609, 149, 12686, 31762, 76331, 79662, 42034, 4753, 45093, 9160, 29879, 54031, 81574, 52405, 74338, 45103, 97062, 38418, 65500, 83214, 33515, 71498, 84236, 27012, 42946, 15648, 18758, 74221, 18239, 86131, 1230, 2760, 87805, 47794, 89910, 39873, 11161, 88967, 57997, 33988, 52998, 11574, 11690, 91965, 60505, 6728, 20304, 66663, 21797, 36314, 23383, 77728, 66566, 30573, 81589, 35200, 85889, 50823, 87892, 82732, 87939, 51151, 25364, 57741, 65481, 95697, 91763, 24126, 50698, 89794, 21082, 38556, 8845, 86758, 95312, 40982, 27576, 22409, 10764, 59686, 42374, 46705, 20305, 91930, 20443, 55812, 94550, 17871, 37347, 86111, 91872, 76531, 97561, 22247, 70828, 10031, 86871, 3457, 34403, 47195, 55824, 77269, 2312, 23015, 10509, 90685, 33220, 5095, 32669, 57665, 87461, 23705, 23892, 79569, 25099, 22463, 6825, 87678, 12700, 8086, 18347, 2080, 81725, 1743, 21695, 98864, 601, 27012, 26238, 83756, 20196, 9283, 37922, 9584, 31059, 69305, 33408, 87700, 5472, 17218, 94029, 30946, 42707, 26938, 23929, 42631, 58629, 82345, 34078, 27640, 26857, 52482, 1908, 53363, 57718, 53277, 60874, 47192, 65156, 64324, 98908, 18086, 34571, 80780, 21654, 13015, 54185, 65778, 82905, 54333, 16295, 29750, 10179, 8498, 41149, 76875, 75817, 52840, 36350, 67047, 80721, 50387, 89921, 76598, 79179, 69374, 34188, 84323, 90189, 80063, 75353, 58141, 98604, 61869, 50914, 95998, 60953, 31372, 32800, 20253, 10965, 57825, 30921, 72002, 23478, 52144, 74671, 49790, 35369, 96851, 96268, 91735, 26265, 71492, 35041, 22667, 85381, 87967, 56897, 37761, 44123, 52620, 81795, 86745, 6668, 71796, 22328, 50981, 1304, 65894, 39334, 28965, 37736, 33502, 94725, 98644, 29317, 28672, 49720, 92944, 79154, 30886, 83581, 56853, 86563, 45680, 29702, 43297, 89488, 55541, 95711, 64055, 55857, 75831, 20915, 33733, 41601, 40608, 13946, 42643, 60946, 78379, 66893, 47265, 47663, 96044, 31575, 23271, 29732, 18765, 73934, 86595, 19623, 58152, 23341, 42797, 82035, 84610, 84617, 26296, 48384, 7808, 85181, 83581, 85225, 34491, 3068, 83145, 63958, 59227, 71005, 79763, 19625, 78522, 84816, 70026, 30736, 71763, 20974, 85431, 42194, 51257, 95945, 87370, 84376, 7316, 96397, 73523, 45377, 38170, 929, 19455, 92318, 44476, 31469, 69802, 39812, 96151, 1351, 97970, 67167, 69990, 20536, 43930, 89552, 7692, 94070, 25734, 2163, 89653, 41361, 65843, 55026, 76161, 33606, 7726, 57770, 26583, 72401, 4290, 24460, 59579, 28419, 26896, 42516, 11149, 32412, 43883, 76759, 72953, 63003, 29642, 79399, 49163, 14266, 55493, 15592, 19124, 64343, 71700, 16518, 77843, 61244, 80217, 51694, 11787, 24162, 70922, 1802, 19601, 58039, 19725, 17982, 7030, 87818, 81146, 64592, 10711, 8313, 80311, 12180, 49490, 79809, 96851, 93114, 19741, 87950, 3665, 43498, 8117, 64, 90216, 51752, 43265, 1055, 25064, 4579, 20591, 64262, 8289, 34540, 9038, 32463, 95965, 3202, 36219, 54773, 36301, 21802, 67750, 14517, 59282, 15980, 432, 86613, 99020, 91465, 77787, 78248, 48946, 57777, 58757, 97167, 43438, 57904, 2014, 13213, 67388, 10589, 17904, 46813, 71128, 52635, 3372, 7022, 6285, 13222, 36250, 40728, 91163, 35142, 11502, 89851, 62932, 77460, 96657, 21864, 99883, 81995, 74277, 60986, 50282, 74931, 46950, 5360, 53700, 31843, 59827, 47670, 32934, 30419, 79491, 57514, 74807, 23996, 53538, 62864, 15792, 27971, 79999, 4588, 61344, 72986, 76402, 5098, 58305, 25903, 32899, 85790, 91428, 60548, 56234, 39548, 43974, 98619, 77439, 15993, 73803, 83604, 25519, 18459, 20066, 25903, 97967, 33677, 7371, 6, 36499, 11324, 1243, 39947, 55479, 70470, 34082, 56050, 29544, 54987, 62746, 66607, 80357, 49628, 67933, 33670, 28091, 66945, 50534, 26141, 53322, 91035, 77729, 27580, 46478, 28257, 47427, 93318, 56880, 30918, 94174, 58362, 78991, 44614, 79630, 30263, 11791, 42548, 14198, 37648, 38023, 21220, 21014, 7344, 63974, 96287, 17660, 60202, 79326, 52006, 11171, 66690, 12255, 20285, 10423, 55277, 57487, 11691, 54689, 5652, 76519, 3461, 69755, 64707, 16312, 16295, 40601, 70148, 36176, 16065, 40040, 14183, 24121, 47242, 22032, 11279, 3191, 76223, 38556, 49976, 63279, 28556, 9220, 29217, 76607, 75006, 23148, 76606, 47161, 35794, 52195, 48659, 92402, 6526, 92368, 4935, 12370, 31129, 9968, 86963, 31409, 47029, 77066, 80727, 15785, 15932, 83533, 62000, 17471, 96923, 65812, 20445, 91749, 85889, 26308, 19486, 21715, 34331, 93146, 59506, 57820, 30428, 93243, 92765, 52847, 89535, 66389, 58839, 4150, 25361, 82879, 61511, 68281, 78697, 78403, 87273, 13980, 42687, 23918, 63683, 41580, 73250, 59609, 11414, 2509, 70598, 74474, 19451, 16064, 20767, 90079, 93316, 16483, 26688, 1007, 58343, 58155, 21038, 71715, 57917, 41869, 25781, 18714, 67682, 93754, 85684, 10313, 1573, 45762, 94524, 35755, 32943, 71827, 71670, 16558, 24105, 60194, 63460, 52030, 70450, 68115, 37170, 74590, 45567, 54629, 5725, 85172, 61417, 54506, 78169, 92443, 94152, 97286, 90729, 98431, 21923, 91806, 91215, 9539, 25283, 88955, 21992, 43568, 39295, 10889, 20789, 56007, 943, 72855, 76942, 8942, 7759, 97777, 37307, 60206, 47127, 31059, 56075, 49075, 27392, 83476, 56280, 34162, 34476, 2995, 89626, 72491, 10343, 77379, 88390, 46151, 52405, 17849, 67616, 60968, 77448, 3012, 11905, 89855, 55382, 1710, 27710, 13838, 56579, 51865, 18942, 52511, 18314, 17423, 62667, 73550, 27356, 31707, 24937, 85986, 41982, 29792, 51747, 77050, 33505, 87200, 35919, 25026, 57877, 33854, 14431, 62602, 44937, 83542, 26581, 41702, 40546, 83724, 57348, 95648, 17217, 81032, 51333, 62479, 95232, 68193, 19337, 54406, 7241, 84508, 31853, 36337, 97444, 6715, 84142, 14143, 29646, 61418, 46691, 91055, 95261, 21607, 49389, 87440, 53345, 41371, 1669, 16850, 18440, 60983, 69600, 53625, 40097, 54633, 9055, 65860, 3054, 54468, 13994, 50399, 96381, 93456, 37386, 12374, 72359, 13808, 91360, 1863, 60158, 8379, 60424, 44909, 64466, 68566, 65812, 52188, 94818]})"
148.0,7,31,78,34.8180456161499,40003,"Genotype(dna={""<class 'abc.NT_0017'>"": [0, 1863], ""<class 'abc.NT_0017_P_00000'>"": [], ""<class 'abc.NT_0001'>"": [26948, 2, 2, 30908, 0, 1, 75632], ""<class 'abc.NT_0001_P_00000'>"": [], ""<class 'bool'>"": [46023, 35570, 21927, 2927, 64826, 47769, 23648, 93816, 7134, 25648, 20134, 85082, 87339, 47436, 78194, 76892, 90332, 3649, 34428, 50242, 42523, 55047, 79213, 38241, 94818, 24110, 33409], ""<class 'abc.NT_0000'>"": [1, 2, 6, 0, 0, 0, 52590, 37022, 5, 2, 0, 34708, 3, 1, 0, 2, 2, 58484, 74373, 76729, 1, 0, 2, 0, 0, 65812], ""<class 'abc.NT_0000_P_00000'>"": [], ""<class 'int'>"": [51614, 94798, 85886, 59354, 52526, 36031, 69880, 91268, 99322, 53598, 68614, 93746, 6702, 40963, 73390, 92372, 19142, 84521, 58460, 83038, 905, 28012, 78957, 84653, 71744, 91314, 22611, 93748, 26079, 62592, 15802, 74401, 80107, 53270, 89661, 97478, 24483, 14210, 58941, 10735, 60856, 12770, 53654, 52188], ""<class 'abc.NT_0000_P_00001'>"": [], ""<class 'abc.NT_0000_P_00002'>"": [], ""<class 'abc.NT_0000_P_00003'>"": [], ""<class 'abc.NT_0000_P_00004'>"": [], ""<class 'abc.NT_0000_P_00005'>"": [], ""<class 'abc.NT_0000_P_00006'>"": [], ""<class 'abc.NT_0001_P_00001'>"": [], ""<class 'abc.NT_0001_P_00002'>"": [], ""<class 'abc.NT_0001_P_00003'>"": [], ""<class 'abc.NT_0001_P_00004'>"": [], ""<class 'abc.NT_0005'>"": [2, 8379], ""<class 'abc.NT_0005_P_00000'>"": [], ""<class 'abc.NT_0003'>"": [0, 0, 2, 73361], ""<class 'abc.NT_0003_P_00000'>"": [], ""<class 'abc.NT_0002'>"": [3, 1, 2, 3, 2, 2993], ""<class 'abc.NT_0002_P_00000'>"": [], ""<class 'abc.NT_0002_P_00001'>"": [], ""<class 'abc.NT_0002_P_00002'>"": [], ""<class 'abc.NT_0002_P_00003'>"": [], ""<class 'abc.NT_0002_P_00004'>"": [], ""<class 'abc.NT_0003_P_00001'>"": [], ""<class 'abc.NT_0003_P_00002'>"": [], ""<class 'abc.NT_0004'>"": [0, 60424], ""<class 'abc.NT_0004_P_00000'>"": [], ""<class 'abc.NT_0004_P_00001'>"": [], ""<class 'abc.NT_0005_P_00001'>"": [], ""<class 'abc.NT_0005_P_00002'>"": [], ""<class 'abc.NT_0011'>"": [], ""<class 'abc.NT_0011_P_00000'>"": [], ""<class 'abc.NT_0017_P_00001'>"": [], ""<class 'abc.NT_0012'>"": [0, 60158], ""<class 'abc.NT_0012_P_00000'>"": [], ""<class 'abc.NT_0010'>"": [], ""<class 'abc.NT_0010_P_00000'>"": [], ""<class 'abc.NT_0009'>"": [], ""<class 'abc.NT_0009_P_00000'>"": [], ""<class 'abc.NT_0008'>"": [], ""<class 'abc.NT_0008_P_00000'>"": [], ""<class 'abc.NT_0006'>"": [], ""<class 'abc.NT_0006_P_00000'>"": [], ""<class 'abc.NT_0008_P_00001'>"": [], ""<class 'abc.NT_0008_P_00002'>"": [], ""<class 'abc.NT_0008_P_00003'>"": [], ""<class 'abc.NT_0008_P_00004'>"": [], ""<class 'abc.NT_0007'>"": [], ""<class 'abc.NT_0007_P_00000'>"": [], ""<class 'abc.NT_0007_P_00001'>"": [], ""<class 'abc.NT_0007_P_00002'>"": [], ""<class 'abc.NT_0009_P_00001'>"": [], ""<class 'abc.NT_0010_P_00001'>"": [], ""<class 'abc.NT_0010_P_00002'>"": [], ""<class 'abc.NT_0012_P_00001'>"": [], ""<class 'abc.NT_0012_P_00002'>"": [], '$leftovers': [24110, 33409, 84800, 52930, 73355, 35471, 40030, 9296, 20749, 33075, 49628, 11537, 15, 90830, 51946, 20435, 67193, 37276, 25620, 25545, 23848, 32840, 79736, 6117, 22259, 57571, 60709, 16020, 90131, 83681, 49236, 19740, 96719, 28286, 96500, 25056, 2425, 4606, 76743, 50141, 80972, 89178, 58155, 60076, 20023, 49957, 78859, 71701, 63157, 51036, 27194, 57618, 41826, 72622, 26518, 13650, 37174, 65866, 51535, 26693, 46306, 18622, 78957, 96794, 12749, 98789, 43609, 19799, 33366, 8952, 34480, 94159, 44897, 75759, 82931, 16277, 14916, 72994, 49309, 70538, 2034, 42550, 91026, 7880, 3338, 60131, 98080, 28093, 32900, 15622, 26775, 29552, 32342, 14515, 36096, 41783, 62811, 37254, 75355, 63411, 75272, 23694, 84310, 71082, 79212, 33588, 90706, 48187, 31189, 88482, 9367, 56255, 79617, 1270, 55560, 26203, 26155, 40545, 15484, 55048, 21590, 6079, 95713, 42042, 7599, 11012, 10867, 6326, 4226, 36219, 64167, 95573, 17592, 32396, 33047, 42672, 14688, 56724, 34006, 26116, 19739, 92564, 32446, 49106, 86197, 89608, 29620, 89318, 4676, 30220, 92140, 82233, 42586, 84937, 67832, 88616, 54115, 36688, 72537, 89206, 19927, 60142, 31365, 9503, 17153, 77426, 27373, 71618, 24526, 11066, 35200, 85609, 149, 12686, 31762, 76331, 79662, 42034, 4753, 45093, 9160, 29879, 54031, 81574, 52405, 74338, 45103, 97062, 38418, 65500, 83214, 33515, 71498, 84236, 27012, 42946, 15648, 18758, 74221, 18239, 86131, 1230, 2760, 87805, 47794, 89910, 39873, 11161, 88967, 57997, 33988, 52998, 11574, 11690, 91965, 60505, 6728, 20304, 66663, 21797, 36314, 23383, 77728, 66566, 30573, 81589, 35200, 85889, 50823, 87892, 82732, 87939, 51151, 25364, 57741, 65481, 95697, 91763, 24126, 50698, 89794, 21082, 38556, 8845, 86758, 95312, 40982, 27576, 22409, 10764, 59686, 42374, 46705, 20305, 91930, 20443, 55812, 94550, 17871, 37347, 86111, 91872, 76531, 97561, 22247, 70828, 10031, 86871, 3457, 34403, 47195, 55824, 77269, 2312, 23015, 10509, 90685, 33220, 5095, 32669, 57665, 87461, 23705, 23892, 79569, 25099, 22463, 6825, 87678, 12700, 8086, 18347, 2080, 81725, 1743, 21695, 98864, 601, 27012, 26238, 83756, 20196, 9283, 37922, 9584, 31059, 69305, 33408, 87700, 5472, 17218, 94029, 30946, 42707, 26938, 23929, 42631, 58629, 82345, 34078, 27640, 26857, 52482, 1908, 53363, 57718, 53277, 60874, 47192, 65156, 64324, 98908, 18086, 34571, 80780, 21654, 13015, 54185, 65778, 82905, 54333, 16295, 29750, 10179, 8498, 41149, 76875, 75817, 52840, 36350, 67047, 80721, 50387, 89921, 76598, 79179, 69374, 34188, 84323, 90189, 80063, 75353, 58141, 98604, 61869, 50914, 95998, 60953, 31372, 32800, 20253, 10965, 57825, 30921, 72002, 23478, 52144, 74671, 49790, 35369, 96851, 96268, 91735, 26265, 71492, 35041, 22667, 85381, 87967, 56897, 37761, 44123, 52620, 81795, 86745, 6668, 71796, 22328, 50981, 1304, 65894, 39334, 28965, 37736, 33502, 94725, 98644, 29317, 28672, 49720, 92944, 79154, 30886, 83581, 56853, 86563, 45680, 29702, 43297, 89488, 55541, 95711, 64055, 55857, 75831, 20915, 33733, 41601, 40608, 13946, 42643, 60946, 78379, 66893, 47265, 47663, 96044, 31575, 23271, 29732, 18765, 73934, 86595, 19623, 58152, 23341, 42797, 82035, 84610, 84617, 26296, 48384, 7808, 85181, 83581, 85225, 34491, 3068, 83145, 63958, 59227, 71005, 79763, 19625, 78522, 84816, 70026, 30736, 71763, 20974, 85431, 42194, 51257, 95945, 87370, 84376, 7316, 96397, 73523, 45377, 38170, 929, 19455, 92318, 44476, 31469, 69802, 39812, 96151, 1351, 97970, 67167, 69990, 20536, 43930, 89552, 7692, 94070, 25734, 2163, 89653, 41361, 65843, 55026, 76161, 33606, 7726, 57770, 26583, 72401, 4290, 24460, 59579, 28419, 26896, 42516, 11149, 32412, 43883, 76759, 72953, 63003, 29642, 79399, 49163, 14266, 55493, 15592, 19124, 64343, 71700, 16518, 77843, 61244, 80217, 51694, 11787, 24162, 70922, 1802, 19601, 58039, 19725, 17982, 7030, 87818, 81146, 64592, 10711, 8313, 80311, 12180, 49490, 79809, 96851, 93114, 19741, 87950, 3665, 43498, 8117, 64, 90216, 51752, 43265, 1055, 25064, 4579, 20591, 64262, 8289, 34540, 9038, 32463, 95965, 3202, 36219, 54773, 36301, 21802, 67750, 14517, 59282, 15980, 432, 86613, 99020, 91465, 77787, 78248, 48946, 57777, 58757, 97167, 43438, 57904, 2014, 13213, 67388, 10589, 17904, 46813, 71128, 52635, 3372, 7022, 6285, 13222, 36250, 40728, 91163, 35142, 11502, 89851, 62932, 77460, 96657, 21864, 99883, 81995, 74277, 60986, 50282, 74931, 46950, 5360, 53700, 31843, 59827, 47670, 32934, 30419, 79491, 57514, 74807, 23996, 53538, 62864, 15792, 27971, 79999, 4588, 61344, 72986, 76402, 5098, 58305, 25903, 32899, 85790, 91428, 60548, 56234, 39548, 43974, 98619, 77439, 15993, 73803, 83604, 25519, 18459, 20066, 25903, 97967, 33677, 7371, 6, 36499, 11324, 1243, 39947, 55479, 70470, 34082, 56050, 29544, 54987, 62746, 66607, 80357, 49628, 67933, 33670, 28091, 66945, 50534, 26141, 53322, 91035, 77729, 27580, 46478, 28257, 47427, 93318, 56880, 30918, 94174, 58362, 78991, 44614, 79630, 30263, 11791, 42548, 14198, 37648, 38023, 21220, 21014, 7344, 63974, 96287, 17660, 60202, 79326, 52006, 11171, 66690, 12255, 20285, 10423, 55277, 57487, 11691, 54689, 5652, 76519, 3461, 69755, 64707, 16312, 16295, 40601, 70148, 36176, 16065, 40040, 14183, 24121, 47242, 22032, 11279, 3191, 76223, 38556, 49976, 63279, 28556, 9220, 29217, 76607, 75006, 23148, 76606, 47161, 35794, 52195, 48659, 92402, 6526, 92368, 4935, 12370, 31129, 9968, 86963, 31409, 47029, 77066, 80727, 15785, 15932, 83533, 62000, 17471, 96923, 65812, 20445, 91749, 85889, 26308, 19486, 21715, 34331, 93146, 59506, 57820, 30428, 93243, 92765, 52847, 89535, 66389, 58839, 4150, 25361, 82879, 61511, 68281, 78697, 78403, 87273, 13980, 42687, 23918, 63683, 41580, 73250, 59609, 11414, 2509, 70598, 74474, 19451, 16064, 20767, 90079, 93316, 16483, 26688, 1007, 58343, 58155, 21038, 71715, 57917, 41869, 25781, 18714, 67682, 93754, 85684, 10313, 1573, 45762, 94524, 35755, 32943, 71827, 71670, 16558, 24105, 60194, 63460, 52030, 70450, 68115, 37170, 74590, 45567, 54629, 5725, 85172, 61417, 54506, 78169, 92443, 94152, 97286, 90729, 98431, 21923, 91806, 91215, 9539, 25283, 88955, 21992, 43568, 39295, 10889, 20789, 56007, 943, 72855, 76942, 8942, 7759, 97777, 37307, 60206, 47127, 31059, 56075, 49075, 27392, 83476, 56280, 34162, 34476, 2995, 89626, 72491, 10343, 77379, 88390, 46151, 52405, 17849, 67616, 60968, 77448, 3012, 11905, 89855, 55382, 1710, 27710, 13838, 56579, 51865, 18942, 52511, 18314, 17423, 62667, 73550, 27356, 31707, 24937, 85986, 41982, 29792, 51747, 77050, 33505, 87200, 35919, 25026, 57877, 33854, 14431, 62602, 44937, 83542, 26581, 41702, 40546, 83724, 57348, 95648, 17217, 81032, 51333, 62479, 95232, 68193, 19337, 54406, 7241, 84508, 31853, 36337, 97444, 6715, 84142, 14143, 29646, 61418, 46691, 91055, 95261, 21607, 49389, 87440, 53345, 41371, 1669, 16850, 18440, 60983, 69600, 53625, 40097, 54633, 9055, 65860, 3054, 54468, 13994, 50399, 96381, 93456, 37386, 12374, 72359, 13808, 91360, 1863, 60158, 8379, 60424, 44909, 64466, 68566, 65812, 52188, 94818]})"
148.0,7,31,79,35.063809871673584,40003,"Genotype(dna={""<class 'abc.NT_0017'>"": [0, 1863], ""<class 'abc.NT_0017_P_00000'>"": [], ""<class 'abc.NT_0001'>"": [26948, 2, 2, 30908, 0, 1, 75632], ""<class 'abc.NT_0001_P_00000'>"": [], ""<class 'bool'>"": [46023, 35570, 21927, 2927, 64826, 47769, 23648, 93816, 7134, 25648, 20134, 85082, 87339, 47436, 78194, 76892, 90332, 3649, 34428, 50242, 42523, 55047, 79213, 38241, 94818, 24110, 33409], ""<class 'abc.NT_0000'>"": [1, 2, 6, 0, 0, 0, 52590, 37022, 5, 2, 0, 34708, 3, 1, 0, 2, 2, 58484, 74373, 76729, 1, 0, 2, 0, 0, 65812], ""<class 'abc.NT_0000_P_00000'>"": [], ""<class 'int'>"": [51614, 94798, 85886, 59354, 52526, 36031, 69880, 91268, 99322, 53598, 68614, 93746, 6702, 40963, 73390, 92372, 19142, 84521, 58460, 83038, 905, 28012, 78957, 84653, 71744, 91314, 22611, 93748, 26079, 62592, 15802, 74401, 80107, 53270, 89661, 97478, 24483, 14210, 58941, 10735, 60856, 12770, 53654, 52188], ""<class 'abc.NT_0000_P_00001'>"": [], ""<class 'abc.NT_0000_P_00002'>"": [], ""<class 'abc.NT_0000_P_00003'>"": [], ""<class 'abc.NT_0000_P_00004'>"": [], ""<class 'abc.NT_0000_P_00005'>"": [], ""<class 'abc.NT_0000_P_00006'>"": [], ""<class 'abc.NT_0001_P_00001'>"": [], ""<class 'abc.NT_0001_P_00002'>"": [], ""<class 'abc.NT_0001_P_00003'>"": [], ""<class 'abc.NT_0001_P_00004'>"": [], ""<class 'abc.NT_0005'>"": [2, 8379], ""<class 'abc.NT_0005_P_00000'>"": [], ""<class 'abc.NT_0003'>"": [0, 0, 2, 73361], ""<class 'abc.NT_0003_P_00000'>"": [], ""<class 'abc.NT_0002'>"": [3, 1, 2, 3, 2, 2993], ""<class 'abc.NT_0002_P_00000'>"": [], ""<class 'abc.NT_0002_P_00001'>"": [], ""<class 'abc.NT_0002_P_00002'>"": [], ""<class 'abc.NT_0002_P_00003'>"": [], ""<class 'abc.NT_0002_P_00004'>"": [], ""<class 'abc.NT_0003_P_00001'>"": [], ""<class 'abc.NT_0003_P_00002'>"": [], ""<class 'abc.NT_0004'>"": [0, 60424], ""<class 'abc.NT_0004_P_00000'>"": [], ""<class 'abc.NT_0004_P_00001'>"": [], ""<class 'abc.NT_0005_P_00001'>"": [], ""<class 'abc.NT_0005_P_00002'>"": [], ""<class 'abc.NT_0011'>"": [], ""<class 'abc.NT_0011_P_00000'>"": [], ""<class 'abc.NT_0017_P_00001'>"": [], ""<class 'abc.NT_0012'>"": [0, 60158], ""<class 'abc.NT_0012_P_00000'>"": [], ""<class 'abc.NT_0010'>"": [], ""<class 'abc.NT_0010_P_00000'>"": [], ""<class 'abc.NT_0009'>"": [], ""<class 'abc.NT_0009_P_00000'>"": [], ""<class 'abc.NT_0008'>"": [], ""<class 'abc.NT_0008_P_00000'>"": [], ""<class 'abc.NT_0006'>"": [], ""<class 'abc.NT_0006_P_00000'>"": [], ""<class 'abc.NT_0008_P_00001'>"": [], ""<class 'abc.NT_0008_P_00002'>"": [], ""<class 'abc.NT_0008_P_00003'>"": [], ""<class 'abc.NT_0008_P_00004'>"": [], ""<class 'abc.NT_0007'>"": [], ""<class 'abc.NT_0007_P_00000'>"": [], ""<class 'abc.NT_0007_P_00001'>"": [], ""<class 'abc.NT_0007_P_00002'>"": [], ""<class 'abc.NT_0009_P_00001'>"": [], ""<class 'abc.NT_0010_P_00001'>"": [], ""<class 'abc.NT_0010_P_00002'>"": [], ""<class 'abc.NT_0012_P_00001'>"": [], ""<class 'abc.NT_0012_P_00002'>"": [], '$leftovers': [24110, 33409, 84800, 52930, 73355, 35471, 40030, 9296, 20749, 33075, 49628, 11537, 15, 90830, 51946, 20435, 67193, 37276, 25620, 25545, 23848, 32840, 79736, 6117, 22259, 57571, 60709, 16020, 90131, 83681, 49236, 19740, 96719, 28286, 96500, 25056, 2425, 4606, 76743, 50141, 80972, 89178, 58155, 60076, 20023, 49957, 78859, 71701, 63157, 51036, 27194, 57618, 41826, 72622, 26518, 13650, 37174, 65866, 51535, 26693, 46306, 18622, 78957, 96794, 12749, 98789, 43609, 19799, 33366, 8952, 34480, 94159, 44897, 75759, 82931, 16277, 14916, 72994, 49309, 70538, 2034, 42550, 91026, 7880, 3338, 60131, 98080, 28093, 32900, 15622, 26775, 29552, 32342, 14515, 36096, 41783, 62811, 37254, 75355, 63411, 75272, 23694, 84310, 71082, 79212, 33588, 90706, 48187, 31189, 88482, 9367, 56255, 79617, 1270, 55560, 26203, 26155, 40545, 15484, 55048, 21590, 6079, 95713, 42042, 7599, 11012, 10867, 6326, 4226, 36219, 64167, 95573, 17592, 32396, 33047, 42672, 14688, 56724, 34006, 26116, 19739, 92564, 32446, 49106, 86197, 89608, 29620, 89318, 4676, 30220, 92140, 82233, 42586, 84937, 67832, 88616, 54115, 36688, 72537, 89206, 19927, 60142, 31365, 9503, 17153, 77426, 27373, 71618, 24526, 11066, 35200, 85609, 149, 12686, 31762, 76331, 79662, 42034, 4753, 45093, 9160, 29879, 54031, 81574, 52405, 74338, 45103, 97062, 38418, 65500, 83214, 33515, 71498, 84236, 27012, 42946, 15648, 18758, 74221, 18239, 86131, 1230, 2760, 87805, 47794, 89910, 39873, 11161, 88967, 57997, 33988, 52998, 11574, 11690, 91965, 60505, 6728, 20304, 66663, 21797, 36314, 23383, 77728, 66566, 30573, 81589, 35200, 85889, 50823, 87892, 82732, 87939, 51151, 25364, 57741, 65481, 95697, 91763, 24126, 50698, 89794, 21082, 38556, 8845, 86758, 95312, 40982, 27576, 22409, 10764, 59686, 42374, 46705, 20305, 91930, 20443, 55812, 94550, 17871, 37347, 86111, 91872, 76531, 97561, 22247, 70828, 10031, 86871, 3457, 34403, 47195, 55824, 77269, 2312, 23015, 10509, 90685, 33220, 5095, 32669, 57665, 87461, 23705, 23892, 79569, 25099, 22463, 6825, 87678, 12700, 8086, 18347, 2080, 81725, 1743, 21695, 98864, 601, 27012, 26238, 83756, 20196, 9283, 37922, 9584, 31059, 69305, 33408, 87700, 5472, 17218, 94029, 30946, 42707, 26938, 23929, 42631, 58629, 82345, 34078, 27640, 26857, 52482, 1908, 53363, 57718, 53277, 60874, 47192, 65156, 64324, 98908, 18086, 34571, 80780, 21654, 13015, 54185, 65778, 82905, 54333, 16295, 29750, 10179, 8498, 41149, 76875, 75817, 52840, 36350, 67047, 80721, 50387, 89921, 76598, 79179, 69374, 34188, 84323, 90189, 80063, 75353, 58141, 98604, 61869, 50914, 95998, 60953, 31372, 32800, 20253, 10965, 57825, 30921, 72002, 23478, 52144, 74671, 49790, 35369, 96851, 96268, 91735, 26265, 71492, 35041, 22667, 85381, 87967, 56897, 37761, 44123, 52620, 81795, 86745, 6668, 71796, 22328, 50981, 1304, 65894, 39334, 28965, 37736, 33502, 94725, 98644, 29317, 28672, 49720, 92944, 79154, 30886, 83581, 56853, 86563, 45680, 29702, 43297, 89488, 55541, 95711, 64055, 55857, 75831, 20915, 33733, 41601, 40608, 13946, 42643, 60946, 78379, 66893, 47265, 47663, 96044, 31575, 23271, 29732, 18765, 73934, 86595, 19623, 58152, 23341, 42797, 82035, 84610, 84617, 26296, 48384, 7808, 85181, 83581, 85225, 34491, 3068, 83145, 63958, 59227, 71005, 79763, 19625, 78522, 84816, 70026, 30736, 71763, 20974, 85431, 42194, 51257, 95945, 87370, 84376, 7316, 96397, 73523, 45377, 38170, 929, 19455, 92318, 44476, 31469, 69802, 39812, 96151, 1351, 97970, 67167, 69990, 20536, 43930, 89552, 7692, 94070, 25734, 2163, 89653, 41361, 65843, 55026, 76161, 33606, 7726, 57770, 26583, 72401, 4290, 24460, 59579, 28419, 26896, 42516, 11149, 32412, 43883, 76759, 72953, 63003, 29642, 79399, 49163, 14266, 55493, 15592, 19124, 64343, 71700, 16518, 77843, 61244, 80217, 51694, 11787, 24162, 70922, 1802, 19601, 58039, 19725, 17982, 7030, 87818, 81146, 64592, 10711, 8313, 80311, 12180, 49490, 79809, 96851, 93114, 19741, 87950, 3665, 43498, 8117, 64, 90216, 51752, 43265, 1055, 25064, 4579, 20591, 64262, 8289, 34540, 9038, 32463, 95965, 3202, 36219, 54773, 36301, 21802, 67750, 14517, 59282, 15980, 432, 86613, 99020, 91465, 77787, 78248, 48946, 57777, 58757, 97167, 43438, 57904, 2014, 13213, 67388, 10589, 17904, 46813, 71128, 52635, 3372, 7022, 6285, 13222, 36250, 40728, 91163, 35142, 11502, 89851, 62932, 77460, 96657, 21864, 99883, 81995, 74277, 60986, 50282, 74931, 46950, 5360, 53700, 31843, 59827, 47670, 32934, 30419, 79491, 57514, 74807, 23996, 53538, 62864, 15792, 27971, 79999, 4588, 61344, 72986, 76402, 5098, 58305, 25903, 32899, 85790, 91428, 60548, 56234, 39548, 43974, 98619, 77439, 15993, 73803, 83604, 25519, 18459, 20066, 25903, 97967, 33677, 7371, 6, 36499, 11324, 1243, 39947, 55479, 70470, 34082, 56050, 29544, 54987, 62746, 66607, 80357, 49628, 67933, 33670, 28091, 66945, 50534, 26141, 53322, 91035, 77729, 27580, 46478, 28257, 47427, 93318, 56880, 30918, 94174, 58362, 78991, 44614, 79630, 30263, 11791, 42548, 14198, 37648, 38023, 21220, 21014, 7344, 63974, 96287, 17660, 60202, 79326, 52006, 11171, 66690, 12255, 20285, 10423, 55277, 57487, 11691, 54689, 5652, 76519, 3461, 69755, 64707, 16312, 16295, 40601, 70148, 36176, 16065, 40040, 14183, 24121, 47242, 22032, 11279, 3191, 76223, 38556, 49976, 63279, 28556, 9220, 29217, 76607, 75006, 23148, 76606, 47161, 35794, 52195, 48659, 92402, 6526, 92368, 4935, 12370, 31129, 9968, 86963, 31409, 47029, 77066, 80727, 15785, 15932, 83533, 62000, 17471, 96923, 65812, 20445, 91749, 85889, 26308, 19486, 21715, 34331, 93146, 59506, 57820, 30428, 93243, 92765, 52847, 89535, 66389, 58839, 4150, 25361, 82879, 61511, 68281, 78697, 78403, 87273, 13980, 42687, 23918, 63683, 41580, 73250, 59609, 11414, 2509, 70598, 74474, 19451, 16064, 20767, 90079, 93316, 16483, 26688, 1007, 58343, 58155, 21038, 71715, 57917, 41869, 25781, 18714, 67682, 93754, 85684, 10313, 1573, 45762, 94524, 35755, 32943, 71827, 71670, 16558, 24105, 60194, 63460, 52030, 70450, 68115, 37170, 74590, 45567, 54629, 5725, 85172, 61417, 54506, 78169, 92443, 94152, 97286, 90729, 98431, 21923, 91806, 91215, 9539, 25283, 88955, 21992, 43568, 39295, 10889, 20789, 56007, 943, 72855, 76942, 8942, 7759, 97777, 37307, 60206, 47127, 31059, 56075, 49075, 27392, 83476, 56280, 34162, 34476, 2995, 89626, 72491, 10343, 77379, 88390, 46151, 52405, 17849, 67616, 60968, 77448, 3012, 11905, 89855, 55382, 1710, 27710, 13838, 56579, 51865, 18942, 52511, 18314, 17423, 62667, 73550, 27356, 31707, 24937, 85986, 41982, 29792, 51747, 77050, 33505, 87200, 35919, 25026, 57877, 33854, 14431, 62602, 44937, 83542, 26581, 41702, 40546, 83724, 57348, 95648, 17217, 81032, 51333, 62479, 95232, 68193, 19337, 54406, 7241, 84508, 31853, 36337, 97444, 6715, 84142, 14143, 29646, 61418, 46691, 91055, 95261, 21607, 49389, 87440, 53345, 41371, 1669, 16850, 18440, 60983, 69600, 53625, 40097, 54633, 9055, 65860, 3054, 54468, 13994, 50399, 96381, 93456, 37386, 12374, 72359, 13808, 91360, 1863, 60158, 8379, 60424, 44909, 64466, 68566, 65812, 52188, 94818]})"
148.0,7,31,80,35.43479633331299,40003,"Genotype(dna={""<class 'abc.NT_0017'>"": [0, 1863], ""<class 'abc.NT_0017_P_00000'>"": [], ""<class 'abc.NT_0001'>"": [26948, 2, 2, 30908, 0, 1, 75632], ""<class 'abc.NT_0001_P_00000'>"": [], ""<class 'bool'>"": [46023, 35570, 21927, 2927, 64826, 47769, 23648, 93816, 7134, 25648, 20134, 85082, 87339, 47436, 78194, 76892, 90332, 3649, 34428, 50242, 42523, 55047, 79213, 38241, 94818, 24110, 33409], ""<class 'abc.NT_0000'>"": [1, 2, 6, 0, 0, 0, 52590, 37022, 5, 2, 0, 34708, 3, 1, 0, 2, 2, 58484, 74373, 76729, 1, 0, 2, 0, 0, 65812], ""<class 'abc.NT_0000_P_00000'>"": [], ""<class 'int'>"": [51614, 94798, 85886, 59354, 52526, 36031, 69880, 91268, 99322, 53598, 68614, 93746, 6702, 40963, 73390, 92372, 19142, 84521, 58460, 83038, 905, 28012, 78957, 84653, 71744, 91314, 22611, 93748, 26079, 62592, 15802, 74401, 80107, 53270, 89661, 97478, 24483, 14210, 58941, 10735, 60856, 12770, 53654, 52188], ""<class 'abc.NT_0000_P_00001'>"": [], ""<class 'abc.NT_0000_P_00002'>"": [], ""<class 'abc.NT_0000_P_00003'>"": [], ""<class 'abc.NT_0000_P_00004'>"": [], ""<class 'abc.NT_0000_P_00005'>"": [], ""<class 'abc.NT_0000_P_00006'>"": [], ""<class 'abc.NT_0001_P_00001'>"": [], ""<class 'abc.NT_0001_P_00002'>"": [], ""<class 'abc.NT_0001_P_00003'>"": [], ""<class 'abc.NT_0001_P_00004'>"": [], ""<class 'abc.NT_0005'>"": [2, 8379], ""<class 'abc.NT_0005_P_00000'>"": [], ""<class 'abc.NT_0003'>"": [0, 0, 2, 73361], ""<class 'abc.NT_0003_P_00000'>"": [], ""<class 'abc.NT_0002'>"": [3, 1, 2, 3, 2, 2993], ""<class 'abc.NT_0002_P_00000'>"": [], ""<class 'abc.NT_0002_P_00001'>"": [], ""<class 'abc.NT_0002_P_00002'>"": [], ""<class 'abc.NT_0002_P_00003'>"": [], ""<class 'abc.NT_0002_P_00004'>"": [], ""<class 'abc.NT_0003_P_00001'>"": [], ""<class 'abc.NT_0003_P_00002'>"": [], ""<class 'abc.NT_0004'>"": [0, 60424], ""<class 'abc.NT_0004_P_00000'>"": [], ""<class 'abc.NT_0004_P_00001'>"": [], ""<class 'abc.NT_0005_P_00001'>"": [], ""<class 'abc.NT_0005_P_00002'>"": [], ""<class 'abc.NT_0011'>"": [], ""<class 'abc.NT_0011_P_00000'>"": [], ""<class 'abc.NT_0017_P_00001'>"": [], ""<class 'abc.NT_0012'>"": [0, 60158], ""<class 'abc.NT_0012_P_00000'>"": [], ""<class 'abc.NT_0010'>"": [], ""<class 'abc.NT_0010_P_00000'>"": [], ""<class 'abc.NT_0009'>"": [], ""<class 'abc.NT_0009_P_00000'>"": [], ""<class 'abc.NT_0008'>"": [], ""<class 'abc.NT_0008_P_00000'>"": [], ""<class 'abc.NT_0006'>"": [], ""<class 'abc.NT_0006_P_00000'>"": [], ""<class 'abc.NT_0008_P_00001'>"": [], ""<class 'abc.NT_0008_P_00002'>"": [], ""<class 'abc.NT_0008_P_00003'>"": [], ""<class 'abc.NT_0008_P_00004'>"": [], ""<class 'abc.NT_0007'>"": [], ""<class 'abc.NT_0007_P_00000'>"": [], ""<class 'abc.NT_0007_P_00001'>"": [], ""<class 'abc.NT_0007_P_00002'>"": [], ""<class 'abc.NT_0009_P_00001'>"": [], ""<class 'abc.NT_0010_P_00001'>"": [], ""<class 'abc.NT_0010_P_00002'>"": [], ""<class 'abc.NT_0012_P_00001'>"": [], ""<class 'abc.NT_0012_P_00002'>"": [], '$leftovers': [24110, 33409, 84800, 52930, 73355, 35471, 40030, 9296, 20749, 33075, 49628, 11537, 15, 90830, 51946, 20435, 67193, 37276, 25620, 25545, 23848, 32840, 79736, 6117, 22259, 57571, 60709, 16020, 90131, 83681, 49236, 19740, 96719, 28286, 96500, 25056, 2425, 4606, 76743, 50141, 80972, 89178, 58155, 60076, 20023, 49957, 78859, 71701, 63157, 51036, 27194, 57618, 41826, 72622, 26518, 13650, 37174, 65866, 51535, 26693, 46306, 18622, 78957, 96794, 12749, 98789, 43609, 19799, 33366, 8952, 34480, 94159, 44897, 75759, 82931, 16277, 14916, 72994, 49309, 70538, 2034, 42550, 91026, 7880, 3338, 60131, 98080, 28093, 32900, 15622, 26775, 29552, 32342, 14515, 36096, 41783, 62811, 37254, 75355, 63411, 75272, 23694, 84310, 71082, 79212, 33588, 90706, 48187, 31189, 88482, 9367, 56255, 79617, 1270, 55560, 26203, 26155, 40545, 15484, 55048, 21590, 6079, 95713, 42042, 7599, 11012, 10867, 6326, 4226, 36219, 64167, 95573, 17592, 32396, 33047, 42672, 14688, 56724, 34006, 26116, 19739, 92564, 32446, 49106, 86197, 89608, 29620, 89318, 4676, 30220, 92140, 82233, 42586, 84937, 67832, 88616, 54115, 36688, 72537, 89206, 19927, 60142, 31365, 9503, 17153, 77426, 27373, 71618, 24526, 11066, 35200, 85609, 149, 12686, 31762, 76331, 79662, 42034, 4753, 45093, 9160, 29879, 54031, 81574, 52405, 74338, 45103, 97062, 38418, 65500, 83214, 33515, 71498, 84236, 27012, 42946, 15648, 18758, 74221, 18239, 86131, 1230, 2760, 87805, 47794, 89910, 39873, 11161, 88967, 57997, 33988, 52998, 11574, 11690, 91965, 60505, 6728, 20304, 66663, 21797, 36314, 23383, 77728, 66566, 30573, 81589, 35200, 85889, 50823, 87892, 82732, 87939, 51151, 25364, 57741, 65481, 95697, 91763, 24126, 50698, 89794, 21082, 38556, 8845, 86758, 95312, 40982, 27576, 22409, 10764, 59686, 42374, 46705, 20305, 91930, 20443, 55812, 94550, 17871, 37347, 86111, 91872, 76531, 97561, 22247, 70828, 10031, 86871, 3457, 34403, 47195, 55824, 77269, 2312, 23015, 10509, 90685, 33220, 5095, 32669, 57665, 87461, 23705, 23892, 79569, 25099, 22463, 6825, 87678, 12700, 8086, 18347, 2080, 81725, 1743, 21695, 98864, 601, 27012, 26238, 83756, 20196, 9283, 37922, 9584, 31059, 69305, 33408, 87700, 5472, 17218, 94029, 30946, 42707, 26938, 23929, 42631, 58629, 82345, 34078, 27640, 26857, 52482, 1908, 53363, 57718, 53277, 60874, 47192, 65156, 64324, 98908, 18086, 34571, 80780, 21654, 13015, 54185, 65778, 82905, 54333, 16295, 29750, 10179, 8498, 41149, 76875, 75817, 52840, 36350, 67047, 80721, 50387, 89921, 76598, 79179, 69374, 34188, 84323, 90189, 80063, 75353, 58141, 98604, 61869, 50914, 95998, 60953, 31372, 32800, 20253, 10965, 57825, 30921, 72002, 23478, 52144, 74671, 49790, 35369, 96851, 96268, 91735, 26265, 71492, 35041, 22667, 85381, 87967, 56897, 37761, 44123, 52620, 81795, 86745, 6668, 71796, 22328, 50981, 1304, 65894, 39334, 28965, 37736, 33502, 94725, 98644, 29317, 28672, 49720, 92944, 79154, 30886, 83581, 56853, 86563, 45680, 29702, 43297, 89488, 55541, 95711, 64055, 55857, 75831, 20915, 33733, 41601, 40608, 13946, 42643, 60946, 78379, 66893, 47265, 47663, 96044, 31575, 23271, 29732, 18765, 73934, 86595, 19623, 58152, 23341, 42797, 82035, 84610, 84617, 26296, 48384, 7808, 85181, 83581, 85225, 34491, 3068, 83145, 63958, 59227, 71005, 79763, 19625, 78522, 84816, 70026, 30736, 71763, 20974, 85431, 42194, 51257, 95945, 87370, 84376, 7316, 96397, 73523, 45377, 38170, 929, 19455, 92318, 44476, 31469, 69802, 39812, 96151, 1351, 97970, 67167, 69990, 20536, 43930, 89552, 7692, 94070, 25734, 2163, 89653, 41361, 65843, 55026, 76161, 33606, 7726, 57770, 26583, 72401, 4290, 24460, 59579, 28419, 26896, 42516, 11149, 32412, 43883, 76759, 72953, 63003, 29642, 79399, 49163, 14266, 55493, 15592, 19124, 64343, 71700, 16518, 77843, 61244, 80217, 51694, 11787, 24162, 70922, 1802, 19601, 58039, 19725, 17982, 7030, 87818, 81146, 64592, 10711, 8313, 80311, 12180, 49490, 79809, 96851, 93114, 19741, 87950, 3665, 43498, 8117, 64, 90216, 51752, 43265, 1055, 25064, 4579, 20591, 64262, 8289, 34540, 9038, 32463, 95965, 3202, 36219, 54773, 36301, 21802, 67750, 14517, 59282, 15980, 432, 86613, 99020, 91465, 77787, 78248, 48946, 57777, 58757, 97167, 43438, 57904, 2014, 13213, 67388, 10589, 17904, 46813, 71128, 52635, 3372, 7022, 6285, 13222, 36250, 40728, 91163, 35142, 11502, 89851, 62932, 77460, 96657, 21864, 99883, 81995, 74277, 60986, 50282, 74931, 46950, 5360, 53700, 31843, 59827, 47670, 32934, 30419, 79491, 57514, 74807, 23996, 53538, 62864, 15792, 27971, 79999, 4588, 61344, 72986, 76402, 5098, 58305, 25903, 32899, 85790, 91428, 60548, 56234, 39548, 43974, 98619, 77439, 15993, 73803, 83604, 25519, 18459, 20066, 25903, 97967, 33677, 7371, 6, 36499, 11324, 1243, 39947, 55479, 70470, 34082, 56050, 29544, 54987, 62746, 66607, 80357, 49628, 67933, 33670, 28091, 66945, 50534, 26141, 53322, 91035, 77729, 27580, 46478, 28257, 47427, 93318, 56880, 30918, 94174, 58362, 78991, 44614, 79630, 30263, 11791, 42548, 14198, 37648, 38023, 21220, 21014, 7344, 63974, 96287, 17660, 60202, 79326, 52006, 11171, 66690, 12255, 20285, 10423, 55277, 57487, 11691, 54689, 5652, 76519, 3461, 69755, 64707, 16312, 16295, 40601, 70148, 36176, 16065, 40040, 14183, 24121, 47242, 22032, 11279, 3191, 76223, 38556, 49976, 63279, 28556, 9220, 29217, 76607, 75006, 23148, 76606, 47161, 35794, 52195, 48659, 92402, 6526, 92368, 4935, 12370, 31129, 9968, 86963, 31409, 47029, 77066, 80727, 15785, 15932, 83533, 62000, 17471, 96923, 65812, 20445, 91749, 85889, 26308, 19486, 21715, 34331, 93146, 59506, 57820, 30428, 93243, 92765, 52847, 89535, 66389, 58839, 4150, 25361, 82879, 61511, 68281, 78697, 78403, 87273, 13980, 42687, 23918, 63683, 41580, 73250, 59609, 11414, 2509, 70598, 74474, 19451, 16064, 20767, 90079, 93316, 16483, 26688, 1007, 58343, 58155, 21038, 71715, 57917, 41869, 25781, 18714, 67682, 93754, 85684, 10313, 1573, 45762, 94524, 35755, 32943, 71827, 71670, 16558, 24105, 60194, 63460, 52030, 70450, 68115, 37170, 74590, 45567, 54629, 5725, 85172, 61417, 54506, 78169, 92443, 94152, 97286, 90729, 98431, 21923, 91806, 91215, 9539, 25283, 88955, 21992, 43568, 39295, 10889, 20789, 56007, 943, 72855, 76942, 8942, 7759, 97777, 37307, 60206, 47127, 31059, 56075, 49075, 27392, 83476, 56280, 34162, 34476, 2995, 89626, 72491, 10343, 77379, 88390, 46151, 52405, 17849, 67616, 60968, 77448, 3012, 11905, 89855, 55382, 1710, 27710, 13838, 56579, 51865, 18942, 52511, 18314, 17423, 62667, 73550, 27356, 31707, 24937, 85986, 41982, 29792, 51747, 77050, 33505, 87200, 35919, 25026, 57877, 33854, 14431, 62602, 44937, 83542, 26581, 41702, 40546, 83724, 57348, 95648, 17217, 81032, 51333, 62479, 95232, 68193, 19337, 54406, 7241, 84508, 31853, 36337, 97444, 6715, 84142, 14143, 29646, 61418, 46691, 91055, 95261, 21607, 49389, 87440, 53345, 41371, 1669, 16850, 18440, 60983, 69600, 53625, 40097, 54633, 9055, 65860, 3054, 54468, 13994, 50399, 96381, 93456, 37386, 12374, 72359, 13808, 91360, 1863, 60158, 8379, 60424, 44909, 64466, 68566, 65812, 52188, 94818]})"
148.0,7,31,81,35.763638734817505,40003,"Genotype(dna={""<class 'abc.NT_0017'>"": [0, 1863], ""<class 'abc.NT_0017_P_00000'>"": [], ""<class 'abc.NT_0001'>"": [26948, 2, 2, 30908, 0, 1, 75632], ""<class 'abc.NT_0001_P_00000'>"": [], ""<class 'bool'>"": [46023, 35570, 21927, 2927, 64826, 47769, 23648, 93816, 7134, 25648, 20134, 85082, 87339, 47436, 78194, 76892, 90332, 3649, 34428, 50242, 42523, 55047, 79213, 38241, 94818, 24110, 33409], ""<class 'abc.NT_0000'>"": [1, 2, 6, 0, 0, 0, 52590, 37022, 5, 2, 0, 34708, 3, 1, 0, 2, 2, 58484, 74373, 76729, 1, 0, 2, 0, 0, 65812], ""<class 'abc.NT_0000_P_00000'>"": [], ""<class 'int'>"": [51614, 94798, 85886, 59354, 52526, 36031, 69880, 91268, 99322, 53598, 68614, 93746, 6702, 40963, 73390, 92372, 19142, 84521, 58460, 83038, 905, 28012, 78957, 84653, 71744, 91314, 22611, 93748, 26079, 62592, 15802, 74401, 80107, 53270, 89661, 97478, 24483, 14210, 58941, 10735, 60856, 12770, 53654, 52188], ""<class 'abc.NT_0000_P_00001'>"": [], ""<class 'abc.NT_0000_P_00002'>"": [], ""<class 'abc.NT_0000_P_00003'>"": [], ""<class 'abc.NT_0000_P_00004'>"": [], ""<class 'abc.NT_0000_P_00005'>"": [], ""<class 'abc.NT_0000_P_00006'>"": [], ""<class 'abc.NT_0001_P_00001'>"": [], ""<class 'abc.NT_0001_P_00002'>"": [], ""<class 'abc.NT_0001_P_00003'>"": [], ""<class 'abc.NT_0001_P_00004'>"": [], ""<class 'abc.NT_0005'>"": [2, 8379], ""<class 'abc.NT_0005_P_00000'>"": [], ""<class 'abc.NT_0003'>"": [0, 0, 2, 73361], ""<class 'abc.NT_0003_P_00000'>"": [], ""<class 'abc.NT_0002'>"": [3, 1, 2, 3, 2, 2993], ""<class 'abc.NT_0002_P_00000'>"": [], ""<class 'abc.NT_0002_P_00001'>"": [], ""<class 'abc.NT_0002_P_00002'>"": [], ""<class 'abc.NT_0002_P_00003'>"": [], ""<class 'abc.NT_0002_P_00004'>"": [], ""<class 'abc.NT_0003_P_00001'>"": [], ""<class 'abc.NT_0003_P_00002'>"": [], ""<class 'abc.NT_0004'>"": [0, 60424], ""<class 'abc.NT_0004_P_00000'>"": [], ""<class 'abc.NT_0004_P_00001'>"": [], ""<class 'abc.NT_0005_P_00001'>"": [], ""<class 'abc.NT_0005_P_00002'>"": [], ""<class 'abc.NT_0011'>"": [], ""<class 'abc.NT_0011_P_00000'>"": [], ""<class 'abc.NT_0017_P_00001'>"": [], ""<class 'abc.NT_0012'>"": [0, 60158], ""<class 'abc.NT_0012_P_00000'>"": [], ""<class 'abc.NT_0010'>"": [], ""<class 'abc.NT_0010_P_00000'>"": [], ""<class 'abc.NT_0009'>"": [], ""<class 'abc.NT_0009_P_00000'>"": [], ""<class 'abc.NT_0008'>"": [], ""<class 'abc.NT_0008_P_00000'>"": [], ""<class 'abc.NT_0006'>"": [], ""<class 'abc.NT_0006_P_00000'>"": [], ""<class 'abc.NT_0008_P_00001'>"": [], ""<class 'abc.NT_0008_P_00002'>"": [], ""<class 'abc.NT_0008_P_00003'>"": [], ""<class 'abc.NT_0008_P_00004'>"": [], ""<class 'abc.NT_0007'>"": [], ""<class 'abc.NT_0007_P_00000'>"": [], ""<class 'abc.NT_0007_P_00001'>"": [], ""<class 'abc.NT_0007_P_00002'>"": [], ""<class 'abc.NT_0009_P_00001'>"": [], ""<class 'abc.NT_0010_P_00001'>"": [], ""<class 'abc.NT_0010_P_00002'>"": [], ""<class 'abc.NT_0012_P_00001'>"": [], ""<class 'abc.NT_0012_P_00002'>"": [], '$leftovers': [24110, 33409, 84800, 52930, 73355, 35471, 40030, 9296, 20749, 33075, 49628, 11537, 15, 90830, 51946, 20435, 67193, 37276, 25620, 25545, 23848, 32840, 79736, 6117, 22259, 57571, 60709, 16020, 90131, 83681, 49236, 19740, 96719, 28286, 96500, 25056, 2425, 4606, 76743, 50141, 80972, 89178, 58155, 60076, 20023, 49957, 78859, 71701, 63157, 51036, 27194, 57618, 41826, 72622, 26518, 13650, 37174, 65866, 51535, 26693, 46306, 18622, 78957, 96794, 12749, 98789, 43609, 19799, 33366, 8952, 34480, 94159, 44897, 75759, 82931, 16277, 14916, 72994, 49309, 70538, 2034, 42550, 91026, 7880, 3338, 60131, 98080, 28093, 32900, 15622, 26775, 29552, 32342, 14515, 36096, 41783, 62811, 37254, 75355, 63411, 75272, 23694, 84310, 71082, 79212, 33588, 90706, 48187, 31189, 88482, 9367, 56255, 79617, 1270, 55560, 26203, 26155, 40545, 15484, 55048, 21590, 6079, 95713, 42042, 7599, 11012, 10867, 6326, 4226, 36219, 64167, 95573, 17592, 32396, 33047, 42672, 14688, 56724, 34006, 26116, 19739, 92564, 32446, 49106, 86197, 89608, 29620, 89318, 4676, 30220, 92140, 82233, 42586, 84937, 67832, 88616, 54115, 36688, 72537, 89206, 19927, 60142, 31365, 9503, 17153, 77426, 27373, 71618, 24526, 11066, 35200, 85609, 149, 12686, 31762, 76331, 79662, 42034, 4753, 45093, 9160, 29879, 54031, 81574, 52405, 74338, 45103, 97062, 38418, 65500, 83214, 33515, 71498, 84236, 27012, 42946, 15648, 18758, 74221, 18239, 86131, 1230, 2760, 87805, 47794, 89910, 39873, 11161, 88967, 57997, 33988, 52998, 11574, 11690, 91965, 60505, 6728, 20304, 66663, 21797, 36314, 23383, 77728, 66566, 30573, 81589, 35200, 85889, 50823, 87892, 82732, 87939, 51151, 25364, 57741, 65481, 95697, 91763, 24126, 50698, 89794, 21082, 38556, 8845, 86758, 95312, 40982, 27576, 22409, 10764, 59686, 42374, 46705, 20305, 91930, 20443, 55812, 94550, 17871, 37347, 86111, 91872, 76531, 97561, 22247, 70828, 10031, 86871, 3457, 34403, 47195, 55824, 77269, 2312, 23015, 10509, 90685, 33220, 5095, 32669, 57665, 87461, 23705, 23892, 79569, 25099, 22463, 6825, 87678, 12700, 8086, 18347, 2080, 81725, 1743, 21695, 98864, 601, 27012, 26238, 83756, 20196, 9283, 37922, 9584, 31059, 69305, 33408, 87700, 5472, 17218, 94029, 30946, 42707, 26938, 23929, 42631, 58629, 82345, 34078, 27640, 26857, 52482, 1908, 53363, 57718, 53277, 60874, 47192, 65156, 64324, 98908, 18086, 34571, 80780, 21654, 13015, 54185, 65778, 82905, 54333, 16295, 29750, 10179, 8498, 41149, 76875, 75817, 52840, 36350, 67047, 80721, 50387, 89921, 76598, 79179, 69374, 34188, 84323, 90189, 80063, 75353, 58141, 98604, 61869, 50914, 95998, 60953, 31372, 32800, 20253, 10965, 57825, 30921, 72002, 23478, 52144, 74671, 49790, 35369, 96851, 96268, 91735, 26265, 71492, 35041, 22667, 85381, 87967, 56897, 37761, 44123, 52620, 81795, 86745, 6668, 71796, 22328, 50981, 1304, 65894, 39334, 28965, 37736, 33502, 94725, 98644, 29317, 28672, 49720, 92944, 79154, 30886, 83581, 56853, 86563, 45680, 29702, 43297, 89488, 55541, 95711, 64055, 55857, 75831, 20915, 33733, 41601, 40608, 13946, 42643, 60946, 78379, 66893, 47265, 47663, 96044, 31575, 23271, 29732, 18765, 73934, 86595, 19623, 58152, 23341, 42797, 82035, 84610, 84617, 26296, 48384, 7808, 85181, 83581, 85225, 34491, 3068, 83145, 63958, 59227, 71005, 79763, 19625, 78522, 84816, 70026, 30736, 71763, 20974, 85431, 42194, 51257, 95945, 87370, 84376, 7316, 96397, 73523, 45377, 38170, 929, 19455, 92318, 44476, 31469, 69802, 39812, 96151, 1351, 97970, 67167, 69990, 20536, 43930, 89552, 7692, 94070, 25734, 2163, 89653, 41361, 65843, 55026, 76161, 33606, 7726, 57770, 26583, 72401, 4290, 24460, 59579, 28419, 26896, 42516, 11149, 32412, 43883, 76759, 72953, 63003, 29642, 79399, 49163, 14266, 55493, 15592, 19124, 64343, 71700, 16518, 77843, 61244, 80217, 51694, 11787, 24162, 70922, 1802, 19601, 58039, 19725, 17982, 7030, 87818, 81146, 64592, 10711, 8313, 80311, 12180, 49490, 79809, 96851, 93114, 19741, 87950, 3665, 43498, 8117, 64, 90216, 51752, 43265, 1055, 25064, 4579, 20591, 64262, 8289, 34540, 9038, 32463, 95965, 3202, 36219, 54773, 36301, 21802, 67750, 14517, 59282, 15980, 432, 86613, 99020, 91465, 77787, 78248, 48946, 57777, 58757, 97167, 43438, 57904, 2014, 13213, 67388, 10589, 17904, 46813, 71128, 52635, 3372, 7022, 6285, 13222, 36250, 40728, 91163, 35142, 11502, 89851, 62932, 77460, 96657, 21864, 99883, 81995, 74277, 60986, 50282, 74931, 46950, 5360, 53700, 31843, 59827, 47670, 32934, 30419, 79491, 57514, 74807, 23996, 53538, 62864, 15792, 27971, 79999, 4588, 61344, 72986, 76402, 5098, 58305, 25903, 32899, 85790, 91428, 60548, 56234, 39548, 43974, 98619, 77439, 15993, 73803, 83604, 25519, 18459, 20066, 25903, 97967, 33677, 7371, 6, 36499, 11324, 1243, 39947, 55479, 70470, 34082, 56050, 29544, 54987, 62746, 66607, 80357, 49628, 67933, 33670, 28091, 66945, 50534, 26141, 53322, 91035, 77729, 27580, 46478, 28257, 47427, 93318, 56880, 30918, 94174, 58362, 78991, 44614, 79630, 30263, 11791, 42548, 14198, 37648, 38023, 21220, 21014, 7344, 63974, 96287, 17660, 60202, 79326, 52006, 11171, 66690, 12255, 20285, 10423, 55277, 57487, 11691, 54689, 5652, 76519, 3461, 69755, 64707, 16312, 16295, 40601, 70148, 36176, 16065, 40040, 14183, 24121, 47242, 22032, 11279, 3191, 76223, 38556, 49976, 63279, 28556, 9220, 29217, 76607, 75006, 23148, 76606, 47161, 35794, 52195, 48659, 92402, 6526, 92368, 4935, 12370, 31129, 9968, 86963, 31409, 47029, 77066, 80727, 15785, 15932, 83533, 62000, 17471, 96923, 65812, 20445, 91749, 85889, 26308, 19486, 21715, 34331, 93146, 59506, 57820, 30428, 93243, 92765, 52847, 89535, 66389, 58839, 4150, 25361, 82879, 61511, 68281, 78697, 78403, 87273, 13980, 42687, 23918, 63683, 41580, 73250, 59609, 11414, 2509, 70598, 74474, 19451, 16064, 20767, 90079, 93316, 16483, 26688, 1007, 58343, 58155, 21038, 71715, 57917, 41869, 25781, 18714, 67682, 93754, 85684, 10313, 1573, 45762, 94524, 35755, 32943, 71827, 71670, 16558, 24105, 60194, 63460, 52030, 70450, 68115, 37170, 74590, 45567, 54629, 5725, 85172, 61417, 54506, 78169, 92443, 94152, 97286, 90729, 98431, 21923, 91806, 91215, 9539, 25283, 88955, 21992, 43568, 39295, 10889, 20789, 56007, 943, 72855, 76942, 8942, 7759, 97777, 37307, 60206, 47127, 31059, 56075, 49075, 27392, 83476, 56280, 34162, 34476, 2995, 89626, 72491, 10343, 77379, 88390, 46151, 52405, 17849, 67616, 60968, 77448, 3012, 11905, 89855, 55382, 1710, 27710, 13838, 56579, 51865, 18942, 52511, 18314, 17423, 62667, 73550, 27356, 31707, 24937, 85986, 41982, 29792, 51747, 77050, 33505, 87200, 35919, 25026, 57877, 33854, 14431, 62602, 44937, 83542, 26581, 41702, 40546, 83724, 57348, 95648, 17217, 81032, 51333, 62479, 95232, 68193, 19337, 54406, 7241, 84508, 31853, 36337, 97444, 6715, 84142, 14143, 29646, 61418, 46691, 91055, 95261, 21607, 49389, 87440, 53345, 41371, 1669, 16850, 18440, 60983, 69600, 53625, 40097, 54633, 9055, 65860, 3054, 54468, 13994, 50399, 96381, 93456, 37386, 12374, 72359, 13808, 91360, 1863, 60158, 8379, 60424, 44909, 64466, 68566, 65812, 52188, 94818]})"
148.0,7,31,82,36.018799781799316,40003,"Genotype(dna={""<class 'abc.NT_0017'>"": [0, 1863], ""<class 'abc.NT_0017_P_00000'>"": [], ""<class 'abc.NT_0001'>"": [26948, 2, 2, 30908, 0, 1, 75632], ""<class 'abc.NT_0001_P_00000'>"": [], ""<class 'bool'>"": [46023, 35570, 21927, 2927, 64826, 47769, 23648, 93816, 7134, 25648, 20134, 85082, 87339, 47436, 78194, 76892, 90332, 3649, 34428, 50242, 42523, 55047, 79213, 38241, 94818, 24110, 33409], ""<class 'abc.NT_0000'>"": [1, 2, 6, 0, 0, 0, 52590, 37022, 5, 2, 0, 34708, 3, 1, 0, 2, 2, 58484, 74373, 76729, 1, 0, 2, 0, 0, 65812], ""<class 'abc.NT_0000_P_00000'>"": [], ""<class 'int'>"": [51614, 94798, 85886, 59354, 52526, 36031, 69880, 91268, 99322, 53598, 68614, 93746, 6702, 40963, 73390, 92372, 19142, 84521, 58460, 83038, 905, 28012, 78957, 84653, 71744, 91314, 22611, 93748, 26079, 62592, 15802, 74401, 80107, 53270, 89661, 97478, 24483, 14210, 58941, 10735, 60856, 12770, 53654, 52188], ""<class 'abc.NT_0000_P_00001'>"": [], ""<class 'abc.NT_0000_P_00002'>"": [], ""<class 'abc.NT_0000_P_00003'>"": [], ""<class 'abc.NT_0000_P_00004'>"": [], ""<class 'abc.NT_0000_P_00005'>"": [], ""<class 'abc.NT_0000_P_00006'>"": [], ""<class 'abc.NT_0001_P_00001'>"": [], ""<class 'abc.NT_0001_P_00002'>"": [], ""<class 'abc.NT_0001_P_00003'>"": [], ""<class 'abc.NT_0001_P_00004'>"": [], ""<class 'abc.NT_0005'>"": [2, 8379], ""<class 'abc.NT_0005_P_00000'>"": [], ""<class 'abc.NT_0003'>"": [0, 0, 2, 73361], ""<class 'abc.NT_0003_P_00000'>"": [], ""<class 'abc.NT_0002'>"": [3, 1, 2, 3, 2, 2993], ""<class 'abc.NT_0002_P_00000'>"": [], ""<class 'abc.NT_0002_P_00001'>"": [], ""<class 'abc.NT_0002_P_00002'>"": [], ""<class 'abc.NT_0002_P_00003'>"": [], ""<class 'abc.NT_0002_P_00004'>"": [], ""<class 'abc.NT_0003_P_00001'>"": [], ""<class 'abc.NT_0003_P_00002'>"": [], ""<class 'abc.NT_0004'>"": [0, 60424], ""<class 'abc.NT_0004_P_00000'>"": [], ""<class 'abc.NT_0004_P_00001'>"": [], ""<class 'abc.NT_0005_P_00001'>"": [], ""<class 'abc.NT_0005_P_00002'>"": [], ""<class 'abc.NT_0011'>"": [], ""<class 'abc.NT_0011_P_00000'>"": [], ""<class 'abc.NT_0017_P_00001'>"": [], ""<class 'abc.NT_0012'>"": [0, 60158], ""<class 'abc.NT_0012_P_00000'>"": [], ""<class 'abc.NT_0010'>"": [], ""<class 'abc.NT_0010_P_00000'>"": [], ""<class 'abc.NT_0009'>"": [], ""<class 'abc.NT_0009_P_00000'>"": [], ""<class 'abc.NT_0008'>"": [], ""<class 'abc.NT_0008_P_00000'>"": [], ""<class 'abc.NT_0006'>"": [], ""<class 'abc.NT_0006_P_00000'>"": [], ""<class 'abc.NT_0008_P_00001'>"": [], ""<class 'abc.NT_0008_P_00002'>"": [], ""<class 'abc.NT_0008_P_00003'>"": [], ""<class 'abc.NT_0008_P_00004'>"": [], ""<class 'abc.NT_0007'>"": [], ""<class 'abc.NT_0007_P_00000'>"": [], ""<class 'abc.NT_0007_P_00001'>"": [], ""<class 'abc.NT_0007_P_00002'>"": [], ""<class 'abc.NT_0009_P_00001'>"": [], ""<class 'abc.NT_0010_P_00001'>"": [], ""<class 'abc.NT_0010_P_00002'>"": [], ""<class 'abc.NT_0012_P_00001'>"": [], ""<class 'abc.NT_0012_P_00002'>"": [], '$leftovers': [24110, 33409, 84800, 52930, 73355, 35471, 40030, 9296, 20749, 33075, 49628, 11537, 15, 90830, 51946, 20435, 67193, 37276, 25620, 25545, 23848, 32840, 79736, 6117, 22259, 57571, 60709, 16020, 90131, 83681, 49236, 19740, 96719, 28286, 96500, 25056, 2425, 4606, 76743, 50141, 80972, 89178, 58155, 60076, 20023, 49957, 78859, 71701, 63157, 51036, 27194, 57618, 41826, 72622, 26518, 13650, 37174, 65866, 51535, 26693, 46306, 18622, 78957, 96794, 12749, 98789, 43609, 19799, 33366, 8952, 34480, 94159, 44897, 75759, 82931, 16277, 14916, 72994, 49309, 70538, 2034, 42550, 91026, 7880, 3338, 60131, 98080, 28093, 32900, 15622, 26775, 29552, 32342, 14515, 36096, 41783, 62811, 37254, 75355, 63411, 75272, 23694, 84310, 71082, 79212, 33588, 90706, 48187, 31189, 88482, 9367, 56255, 79617, 1270, 55560, 26203, 26155, 40545, 15484, 55048, 21590, 6079, 95713, 42042, 7599, 11012, 10867, 6326, 4226, 36219, 64167, 95573, 17592, 32396, 33047, 42672, 14688, 56724, 34006, 26116, 19739, 92564, 32446, 49106, 86197, 89608, 29620, 89318, 4676, 30220, 92140, 82233, 42586, 84937, 67832, 88616, 54115, 36688, 72537, 89206, 19927, 60142, 31365, 9503, 17153, 77426, 27373, 71618, 24526, 11066, 35200, 85609, 149, 12686, 31762, 76331, 79662, 42034, 4753, 45093, 9160, 29879, 54031, 81574, 52405, 74338, 45103, 97062, 38418, 65500, 83214, 33515, 71498, 84236, 27012, 42946, 15648, 18758, 74221, 18239, 86131, 1230, 2760, 87805, 47794, 89910, 39873, 11161, 88967, 57997, 33988, 52998, 11574, 11690, 91965, 60505, 6728, 20304, 66663, 21797, 36314, 23383, 77728, 66566, 30573, 81589, 35200, 85889, 50823, 87892, 82732, 87939, 51151, 25364, 57741, 65481, 95697, 91763, 24126, 50698, 89794, 21082, 38556, 8845, 86758, 95312, 40982, 27576, 22409, 10764, 59686, 42374, 46705, 20305, 91930, 20443, 55812, 94550, 17871, 37347, 86111, 91872, 76531, 97561, 22247, 70828, 10031, 86871, 3457, 34403, 47195, 55824, 77269, 2312, 23015, 10509, 90685, 33220, 5095, 32669, 57665, 87461, 23705, 23892, 79569, 25099, 22463, 6825, 87678, 12700, 8086, 18347, 2080, 81725, 1743, 21695, 98864, 601, 27012, 26238, 83756, 20196, 9283, 37922, 9584, 31059, 69305, 33408, 87700, 5472, 17218, 94029, 30946, 42707, 26938, 23929, 42631, 58629, 82345, 34078, 27640, 26857, 52482, 1908, 53363, 57718, 53277, 60874, 47192, 65156, 64324, 98908, 18086, 34571, 80780, 21654, 13015, 54185, 65778, 82905, 54333, 16295, 29750, 10179, 8498, 41149, 76875, 75817, 52840, 36350, 67047, 80721, 50387, 89921, 76598, 79179, 69374, 34188, 84323, 90189, 80063, 75353, 58141, 98604, 61869, 50914, 95998, 60953, 31372, 32800, 20253, 10965, 57825, 30921, 72002, 23478, 52144, 74671, 49790, 35369, 96851, 96268, 91735, 26265, 71492, 35041, 22667, 85381, 87967, 56897, 37761, 44123, 52620, 81795, 86745, 6668, 71796, 22328, 50981, 1304, 65894, 39334, 28965, 37736, 33502, 94725, 98644, 29317, 28672, 49720, 92944, 79154, 30886, 83581, 56853, 86563, 45680, 29702, 43297, 89488, 55541, 95711, 64055, 55857, 75831, 20915, 33733, 41601, 40608, 13946, 42643, 60946, 78379, 66893, 47265, 47663, 96044, 31575, 23271, 29732, 18765, 73934, 86595, 19623, 58152, 23341, 42797, 82035, 84610, 84617, 26296, 48384, 7808, 85181, 83581, 85225, 34491, 3068, 83145, 63958, 59227, 71005, 79763, 19625, 78522, 84816, 70026, 30736, 71763, 20974, 85431, 42194, 51257, 95945, 87370, 84376, 7316, 96397, 73523, 45377, 38170, 929, 19455, 92318, 44476, 31469, 69802, 39812, 96151, 1351, 97970, 67167, 69990, 20536, 43930, 89552, 7692, 94070, 25734, 2163, 89653, 41361, 65843, 55026, 76161, 33606, 7726, 57770, 26583, 72401, 4290, 24460, 59579, 28419, 26896, 42516, 11149, 32412, 43883, 76759, 72953, 63003, 29642, 79399, 49163, 14266, 55493, 15592, 19124, 64343, 71700, 16518, 77843, 61244, 80217, 51694, 11787, 24162, 70922, 1802, 19601, 58039, 19725, 17982, 7030, 87818, 81146, 64592, 10711, 8313, 80311, 12180, 49490, 79809, 96851, 93114, 19741, 87950, 3665, 43498, 8117, 64, 90216, 51752, 43265, 1055, 25064, 4579, 20591, 64262, 8289, 34540, 9038, 32463, 95965, 3202, 36219, 54773, 36301, 21802, 67750, 14517, 59282, 15980, 432, 86613, 99020, 91465, 77787, 78248, 48946, 57777, 58757, 97167, 43438, 57904, 2014, 13213, 67388, 10589, 17904, 46813, 71128, 52635, 3372, 7022, 6285, 13222, 36250, 40728, 91163, 35142, 11502, 89851, 62932, 77460, 96657, 21864, 99883, 81995, 74277, 60986, 50282, 74931, 46950, 5360, 53700, 31843, 59827, 47670, 32934, 30419, 79491, 57514, 74807, 23996, 53538, 62864, 15792, 27971, 79999, 4588, 61344, 72986, 76402, 5098, 58305, 25903, 32899, 85790, 91428, 60548, 56234, 39548, 43974, 98619, 77439, 15993, 73803, 83604, 25519, 18459, 20066, 25903, 97967, 33677, 7371, 6, 36499, 11324, 1243, 39947, 55479, 70470, 34082, 56050, 29544, 54987, 62746, 66607, 80357, 49628, 67933, 33670, 28091, 66945, 50534, 26141, 53322, 91035, 77729, 27580, 46478, 28257, 47427, 93318, 56880, 30918, 94174, 58362, 78991, 44614, 79630, 30263, 11791, 42548, 14198, 37648, 38023, 21220, 21014, 7344, 63974, 96287, 17660, 60202, 79326, 52006, 11171, 66690, 12255, 20285, 10423, 55277, 57487, 11691, 54689, 5652, 76519, 3461, 69755, 64707, 16312, 16295, 40601, 70148, 36176, 16065, 40040, 14183, 24121, 47242, 22032, 11279, 3191, 76223, 38556, 49976, 63279, 28556, 9220, 29217, 76607, 75006, 23148, 76606, 47161, 35794, 52195, 48659, 92402, 6526, 92368, 4935, 12370, 31129, 9968, 86963, 31409, 47029, 77066, 80727, 15785, 15932, 83533, 62000, 17471, 96923, 65812, 20445, 91749, 85889, 26308, 19486, 21715, 34331, 93146, 59506, 57820, 30428, 93243, 92765, 52847, 89535, 66389, 58839, 4150, 25361, 82879, 61511, 68281, 78697, 78403, 87273, 13980, 42687, 23918, 63683, 41580, 73250, 59609, 11414, 2509, 70598, 74474, 19451, 16064, 20767, 90079, 93316, 16483, 26688, 1007, 58343, 58155, 21038, 71715, 57917, 41869, 25781, 18714, 67682, 93754, 85684, 10313, 1573, 45762, 94524, 35755, 32943, 71827, 71670, 16558, 24105, 60194, 63460, 52030, 70450, 68115, 37170, 74590, 45567, 54629, 5725, 85172, 61417, 54506, 78169, 92443, 94152, 97286, 90729, 98431, 21923, 91806, 91215, 9539, 25283, 88955, 21992, 43568, 39295, 10889, 20789, 56007, 943, 72855, 76942, 8942, 7759, 97777, 37307, 60206, 47127, 31059, 56075, 49075, 27392, 83476, 56280, 34162, 34476, 2995, 89626, 72491, 10343, 77379, 88390, 46151, 52405, 17849, 67616, 60968, 77448, 3012, 11905, 89855, 55382, 1710, 27710, 13838, 56579, 51865, 18942, 52511, 18314, 17423, 62667, 73550, 27356, 31707, 24937, 85986, 41982, 29792, 51747, 77050, 33505, 87200, 35919, 25026, 57877, 33854, 14431, 62602, 44937, 83542, 26581, 41702, 40546, 83724, 57348, 95648, 17217, 81032, 51333, 62479, 95232, 68193, 19337, 54406, 7241, 84508, 31853, 36337, 97444, 6715, 84142, 14143, 29646, 61418, 46691, 91055, 95261, 21607, 49389, 87440, 53345, 41371, 1669, 16850, 18440, 60983, 69600, 53625, 40097, 54633, 9055, 65860, 3054, 54468, 13994, 50399, 96381, 93456, 37386, 12374, 72359, 13808, 91360, 1863, 60158, 8379, 60424, 44909, 64466, 68566, 65812, 52188, 94818]})"
148.0,7,31,83,36.21802020072937,40003,"Genotype(dna={""<class 'abc.NT_0017'>"": [0, 1863], ""<class 'abc.NT_0017_P_00000'>"": [], ""<class 'abc.NT_0001'>"": [26948, 2, 2, 30908, 0, 1, 75632], ""<class 'abc.NT_0001_P_00000'>"": [], ""<class 'bool'>"": [46023, 35570, 21927, 2927, 64826, 47769, 23648, 93816, 7134, 25648, 20134, 85082, 87339, 47436, 78194, 76892, 90332, 3649, 34428, 50242, 42523, 55047, 79213, 38241, 94818, 24110, 33409], ""<class 'abc.NT_0000'>"": [1, 2, 6, 0, 0, 0, 52590, 37022, 5, 2, 0, 34708, 3, 1, 0, 2, 2, 58484, 74373, 76729, 1, 0, 2, 0, 0, 65812], ""<class 'abc.NT_0000_P_00000'>"": [], ""<class 'int'>"": [51614, 94798, 85886, 59354, 52526, 36031, 69880, 91268, 99322, 53598, 68614, 93746, 6702, 40963, 73390, 92372, 19142, 84521, 58460, 83038, 905, 28012, 78957, 84653, 71744, 91314, 22611, 93748, 26079, 62592, 15802, 74401, 80107, 53270, 89661, 97478, 24483, 14210, 58941, 10735, 60856, 12770, 53654, 52188], ""<class 'abc.NT_0000_P_00001'>"": [], ""<class 'abc.NT_0000_P_00002'>"": [], ""<class 'abc.NT_0000_P_00003'>"": [], ""<class 'abc.NT_0000_P_00004'>"": [], ""<class 'abc.NT_0000_P_00005'>"": [], ""<class 'abc.NT_0000_P_00006'>"": [], ""<class 'abc.NT_0001_P_00001'>"": [], ""<class 'abc.NT_0001_P_00002'>"": [], ""<class 'abc.NT_0001_P_00003'>"": [], ""<class 'abc.NT_0001_P_00004'>"": [], ""<class 'abc.NT_0005'>"": [2, 8379], ""<class 'abc.NT_0005_P_00000'>"": [], ""<class 'abc.NT_0003'>"": [0, 0, 2, 73361], ""<class 'abc.NT_0003_P_00000'>"": [], ""<class 'abc.NT_0002'>"": [3, 1, 2, 3, 2, 2993], ""<class 'abc.NT_0002_P_00000'>"": [], ""<class 'abc.NT_0002_P_00001'>"": [], ""<class 'abc.NT_0002_P_00002'>"": [], ""<class 'abc.NT_0002_P_00003'>"": [], ""<class 'abc.NT_0002_P_00004'>"": [], ""<class 'abc.NT_0003_P_00001'>"": [], ""<class 'abc.NT_0003_P_00002'>"": [], ""<class 'abc.NT_0004'>"": [0, 60424], ""<class 'abc.NT_0004_P_00000'>"": [], ""<class 'abc.NT_0004_P_00001'>"": [], ""<class 'abc.NT_0005_P_00001'>"": [], ""<class 'abc.NT_0005_P_00002'>"": [], ""<class 'abc.NT_0011'>"": [], ""<class 'abc.NT_0011_P_00000'>"": [], ""<class 'abc.NT_0017_P_00001'>"": [], ""<class 'abc.NT_0012'>"": [0, 60158], ""<class 'abc.NT_0012_P_00000'>"": [], ""<class 'abc.NT_0010'>"": [], ""<class 'abc.NT_0010_P_00000'>"": [], ""<class 'abc.NT_0009'>"": [], ""<class 'abc.NT_0009_P_00000'>"": [], ""<class 'abc.NT_0008'>"": [], ""<class 'abc.NT_0008_P_00000'>"": [], ""<class 'abc.NT_0006'>"": [], ""<class 'abc.NT_0006_P_00000'>"": [], ""<class 'abc.NT_0008_P_00001'>"": [], ""<class 'abc.NT_0008_P_00002'>"": [], ""<class 'abc.NT_0008_P_00003'>"": [], ""<class 'abc.NT_0008_P_00004'>"": [], ""<class 'abc.NT_0007'>"": [], ""<class 'abc.NT_0007_P_00000'>"": [], ""<class 'abc.NT_0007_P_00001'>"": [], ""<class 'abc.NT_0007_P_00002'>"": [], ""<class 'abc.NT_0009_P_00001'>"": [], ""<class 'abc.NT_0010_P_00001'>"": [], ""<class 'abc.NT_0010_P_00002'>"": [], ""<class 'abc.NT_0012_P_00001'>"": [], ""<class 'abc.NT_0012_P_00002'>"": [], '$leftovers': [24110, 33409, 84800, 52930, 73355, 35471, 40030, 9296, 20749, 33075, 49628, 11537, 15, 90830, 51946, 20435, 67193, 37276, 25620, 25545, 23848, 32840, 79736, 6117, 22259, 57571, 60709, 16020, 90131, 83681, 49236, 19740, 96719, 28286, 96500, 25056, 2425, 4606, 76743, 50141, 80972, 89178, 58155, 60076, 20023, 49957, 78859, 71701, 63157, 51036, 27194, 57618, 41826, 72622, 26518, 13650, 37174, 65866, 51535, 26693, 46306, 18622, 78957, 96794, 12749, 98789, 43609, 19799, 33366, 8952, 34480, 94159, 44897, 75759, 82931, 16277, 14916, 72994, 49309, 70538, 2034, 42550, 91026, 7880, 3338, 60131, 98080, 28093, 32900, 15622, 26775, 29552, 32342, 14515, 36096, 41783, 62811, 37254, 75355, 63411, 75272, 23694, 84310, 71082, 79212, 33588, 90706, 48187, 31189, 88482, 9367, 56255, 79617, 1270, 55560, 26203, 26155, 40545, 15484, 55048, 21590, 6079, 95713, 42042, 7599, 11012, 10867, 6326, 4226, 36219, 64167, 95573, 17592, 32396, 33047, 42672, 14688, 56724, 34006, 26116, 19739, 92564, 32446, 49106, 86197, 89608, 29620, 89318, 4676, 30220, 92140, 82233, 42586, 84937, 67832, 88616, 54115, 36688, 72537, 89206, 19927, 60142, 31365, 9503, 17153, 77426, 27373, 71618, 24526, 11066, 35200, 85609, 149, 12686, 31762, 76331, 79662, 42034, 4753, 45093, 9160, 29879, 54031, 81574, 52405, 74338, 45103, 97062, 38418, 65500, 83214, 33515, 71498, 84236, 27012, 42946, 15648, 18758, 74221, 18239, 86131, 1230, 2760, 87805, 47794, 89910, 39873, 11161, 88967, 57997, 33988, 52998, 11574, 11690, 91965, 60505, 6728, 20304, 66663, 21797, 36314, 23383, 77728, 66566, 30573, 81589, 35200, 85889, 50823, 87892, 82732, 87939, 51151, 25364, 57741, 65481, 95697, 91763, 24126, 50698, 89794, 21082, 38556, 8845, 86758, 95312, 40982, 27576, 22409, 10764, 59686, 42374, 46705, 20305, 91930, 20443, 55812, 94550, 17871, 37347, 86111, 91872, 76531, 97561, 22247, 70828, 10031, 86871, 3457, 34403, 47195, 55824, 77269, 2312, 23015, 10509, 90685, 33220, 5095, 32669, 57665, 87461, 23705, 23892, 79569, 25099, 22463, 6825, 87678, 12700, 8086, 18347, 2080, 81725, 1743, 21695, 98864, 601, 27012, 26238, 83756, 20196, 9283, 37922, 9584, 31059, 69305, 33408, 87700, 5472, 17218, 94029, 30946, 42707, 26938, 23929, 42631, 58629, 82345, 34078, 27640, 26857, 52482, 1908, 53363, 57718, 53277, 60874, 47192, 65156, 64324, 98908, 18086, 34571, 80780, 21654, 13015, 54185, 65778, 82905, 54333, 16295, 29750, 10179, 8498, 41149, 76875, 75817, 52840, 36350, 67047, 80721, 50387, 89921, 76598, 79179, 69374, 34188, 84323, 90189, 80063, 75353, 58141, 98604, 61869, 50914, 95998, 60953, 31372, 32800, 20253, 10965, 57825, 30921, 72002, 23478, 52144, 74671, 49790, 35369, 96851, 96268, 91735, 26265, 71492, 35041, 22667, 85381, 87967, 56897, 37761, 44123, 52620, 81795, 86745, 6668, 71796, 22328, 50981, 1304, 65894, 39334, 28965, 37736, 33502, 94725, 98644, 29317, 28672, 49720, 92944, 79154, 30886, 83581, 56853, 86563, 45680, 29702, 43297, 89488, 55541, 95711, 64055, 55857, 75831, 20915, 33733, 41601, 40608, 13946, 42643, 60946, 78379, 66893, 47265, 47663, 96044, 31575, 23271, 29732, 18765, 73934, 86595, 19623, 58152, 23341, 42797, 82035, 84610, 84617, 26296, 48384, 7808, 85181, 83581, 85225, 34491, 3068, 83145, 63958, 59227, 71005, 79763, 19625, 78522, 84816, 70026, 30736, 71763, 20974, 85431, 42194, 51257, 95945, 87370, 84376, 7316, 96397, 73523, 45377, 38170, 929, 19455, 92318, 44476, 31469, 69802, 39812, 96151, 1351, 97970, 67167, 69990, 20536, 43930, 89552, 7692, 94070, 25734, 2163, 89653, 41361, 65843, 55026, 76161, 33606, 7726, 57770, 26583, 72401, 4290, 24460, 59579, 28419, 26896, 42516, 11149, 32412, 43883, 76759, 72953, 63003, 29642, 79399, 49163, 14266, 55493, 15592, 19124, 64343, 71700, 16518, 77843, 61244, 80217, 51694, 11787, 24162, 70922, 1802, 19601, 58039, 19725, 17982, 7030, 87818, 81146, 64592, 10711, 8313, 80311, 12180, 49490, 79809, 96851, 93114, 19741, 87950, 3665, 43498, 8117, 64, 90216, 51752, 43265, 1055, 25064, 4579, 20591, 64262, 8289, 34540, 9038, 32463, 95965, 3202, 36219, 54773, 36301, 21802, 67750, 14517, 59282, 15980, 432, 86613, 99020, 91465, 77787, 78248, 48946, 57777, 58757, 97167, 43438, 57904, 2014, 13213, 67388, 10589, 17904, 46813, 71128, 52635, 3372, 7022, 6285, 13222, 36250, 40728, 91163, 35142, 11502, 89851, 62932, 77460, 96657, 21864, 99883, 81995, 74277, 60986, 50282, 74931, 46950, 5360, 53700, 31843, 59827, 47670, 32934, 30419, 79491, 57514, 74807, 23996, 53538, 62864, 15792, 27971, 79999, 4588, 61344, 72986, 76402, 5098, 58305, 25903, 32899, 85790, 91428, 60548, 56234, 39548, 43974, 98619, 77439, 15993, 73803, 83604, 25519, 18459, 20066, 25903, 97967, 33677, 7371, 6, 36499, 11324, 1243, 39947, 55479, 70470, 34082, 56050, 29544, 54987, 62746, 66607, 80357, 49628, 67933, 33670, 28091, 66945, 50534, 26141, 53322, 91035, 77729, 27580, 46478, 28257, 47427, 93318, 56880, 30918, 94174, 58362, 78991, 44614, 79630, 30263, 11791, 42548, 14198, 37648, 38023, 21220, 21014, 7344, 63974, 96287, 17660, 60202, 79326, 52006, 11171, 66690, 12255, 20285, 10423, 55277, 57487, 11691, 54689, 5652, 76519, 3461, 69755, 64707, 16312, 16295, 40601, 70148, 36176, 16065, 40040, 14183, 24121, 47242, 22032, 11279, 3191, 76223, 38556, 49976, 63279, 28556, 9220, 29217, 76607, 75006, 23148, 76606, 47161, 35794, 52195, 48659, 92402, 6526, 92368, 4935, 12370, 31129, 9968, 86963, 31409, 47029, 77066, 80727, 15785, 15932, 83533, 62000, 17471, 96923, 65812, 20445, 91749, 85889, 26308, 19486, 21715, 34331, 93146, 59506, 57820, 30428, 93243, 92765, 52847, 89535, 66389, 58839, 4150, 25361, 82879, 61511, 68281, 78697, 78403, 87273, 13980, 42687, 23918, 63683, 41580, 73250, 59609, 11414, 2509, 70598, 74474, 19451, 16064, 20767, 90079, 93316, 16483, 26688, 1007, 58343, 58155, 21038, 71715, 57917, 41869, 25781, 18714, 67682, 93754, 85684, 10313, 1573, 45762, 94524, 35755, 32943, 71827, 71670, 16558, 24105, 60194, 63460, 52030, 70450, 68115, 37170, 74590, 45567, 54629, 5725, 85172, 61417, 54506, 78169, 92443, 94152, 97286, 90729, 98431, 21923, 91806, 91215, 9539, 25283, 88955, 21992, 43568, 39295, 10889, 20789, 56007, 943, 72855, 76942, 8942, 7759, 97777, 37307, 60206, 47127, 31059, 56075, 49075, 27392, 83476, 56280, 34162, 34476, 2995, 89626, 72491, 10343, 77379, 88390, 46151, 52405, 17849, 67616, 60968, 77448, 3012, 11905, 89855, 55382, 1710, 27710, 13838, 56579, 51865, 18942, 52511, 18314, 17423, 62667, 73550, 27356, 31707, 24937, 85986, 41982, 29792, 51747, 77050, 33505, 87200, 35919, 25026, 57877, 33854, 14431, 62602, 44937, 83542, 26581, 41702, 40546, 83724, 57348, 95648, 17217, 81032, 51333, 62479, 95232, 68193, 19337, 54406, 7241, 84508, 31853, 36337, 97444, 6715, 84142, 14143, 29646, 61418, 46691, 91055, 95261, 21607, 49389, 87440, 53345, 41371, 1669, 16850, 18440, 60983, 69600, 53625, 40097, 54633, 9055, 65860, 3054, 54468, 13994, 50399, 96381, 93456, 37386, 12374, 72359, 13808, 91360, 1863, 60158, 8379, 60424, 44909, 64466, 68566, 65812, 52188, 94818]})"
148.0,7,31,84,36.486210346221924,40003,"Genotype(dna={""<class 'abc.NT_0017'>"": [0, 1863], ""<class 'abc.NT_0017_P_00000'>"": [], ""<class 'abc.NT_0001'>"": [26948, 2, 2, 30908, 0, 1, 75632], ""<class 'abc.NT_0001_P_00000'>"": [], ""<class 'bool'>"": [46023, 35570, 21927, 2927, 64826, 47769, 23648, 93816, 7134, 25648, 20134, 85082, 87339, 47436, 78194, 76892, 90332, 3649, 34428, 50242, 42523, 55047, 79213, 38241, 94818, 24110, 33409], ""<class 'abc.NT_0000'>"": [1, 2, 6, 0, 0, 0, 52590, 37022, 5, 2, 0, 34708, 3, 1, 0, 2, 2, 58484, 74373, 76729, 1, 0, 2, 0, 0, 65812], ""<class 'abc.NT_0000_P_00000'>"": [], ""<class 'int'>"": [51614, 94798, 85886, 59354, 52526, 36031, 69880, 91268, 99322, 53598, 68614, 93746, 6702, 40963, 73390, 92372, 19142, 84521, 58460, 83038, 905, 28012, 78957, 84653, 71744, 91314, 22611, 93748, 26079, 62592, 15802, 74401, 80107, 53270, 89661, 97478, 24483, 14210, 58941, 10735, 60856, 12770, 53654, 52188], ""<class 'abc.NT_0000_P_00001'>"": [], ""<class 'abc.NT_0000_P_00002'>"": [], ""<class 'abc.NT_0000_P_00003'>"": [], ""<class 'abc.NT_0000_P_00004'>"": [], ""<class 'abc.NT_0000_P_00005'>"": [], ""<class 'abc.NT_0000_P_00006'>"": [], ""<class 'abc.NT_0001_P_00001'>"": [], ""<class 'abc.NT_0001_P_00002'>"": [], ""<class 'abc.NT_0001_P_00003'>"": [], ""<class 'abc.NT_0001_P_00004'>"": [], ""<class 'abc.NT_0005'>"": [2, 8379], ""<class 'abc.NT_0005_P_00000'>"": [], ""<class 'abc.NT_0003'>"": [0, 0, 2, 73361], ""<class 'abc.NT_0003_P_00000'>"": [], ""<class 'abc.NT_0002'>"": [3, 1, 2, 3, 2, 2993], ""<class 'abc.NT_0002_P_00000'>"": [], ""<class 'abc.NT_0002_P_00001'>"": [], ""<class 'abc.NT_0002_P_00002'>"": [], ""<class 'abc.NT_0002_P_00003'>"": [], ""<class 'abc.NT_0002_P_00004'>"": [], ""<class 'abc.NT_0003_P_00001'>"": [], ""<class 'abc.NT_0003_P_00002'>"": [], ""<class 'abc.NT_0004'>"": [0, 60424], ""<class 'abc.NT_0004_P_00000'>"": [], ""<class 'abc.NT_0004_P_00001'>"": [], ""<class 'abc.NT_0005_P_00001'>"": [], ""<class 'abc.NT_0005_P_00002'>"": [], ""<class 'abc.NT_0011'>"": [], ""<class 'abc.NT_0011_P_00000'>"": [], ""<class 'abc.NT_0017_P_00001'>"": [], ""<class 'abc.NT_0012'>"": [0, 60158], ""<class 'abc.NT_0012_P_00000'>"": [], ""<class 'abc.NT_0010'>"": [], ""<class 'abc.NT_0010_P_00000'>"": [], ""<class 'abc.NT_0009'>"": [], ""<class 'abc.NT_0009_P_00000'>"": [], ""<class 'abc.NT_0008'>"": [], ""<class 'abc.NT_0008_P_00000'>"": [], ""<class 'abc.NT_0006'>"": [], ""<class 'abc.NT_0006_P_00000'>"": [], ""<class 'abc.NT_0008_P_00001'>"": [], ""<class 'abc.NT_0008_P_00002'>"": [], ""<class 'abc.NT_0008_P_00003'>"": [], ""<class 'abc.NT_0008_P_00004'>"": [], ""<class 'abc.NT_0007'>"": [], ""<class 'abc.NT_0007_P_00000'>"": [], ""<class 'abc.NT_0007_P_00001'>"": [], ""<class 'abc.NT_0007_P_00002'>"": [], ""<class 'abc.NT_0009_P_00001'>"": [], ""<class 'abc.NT_0010_P_00001'>"": [], ""<class 'abc.NT_0010_P_00002'>"": [], ""<class 'abc.NT_0012_P_00001'>"": [], ""<class 'abc.NT_0012_P_00002'>"": [], '$leftovers': [24110, 33409, 84800, 52930, 73355, 35471, 40030, 9296, 20749, 33075, 49628, 11537, 15, 90830, 51946, 20435, 67193, 37276, 25620, 25545, 23848, 32840, 79736, 6117, 22259, 57571, 60709, 16020, 90131, 83681, 49236, 19740, 96719, 28286, 96500, 25056, 2425, 4606, 76743, 50141, 80972, 89178, 58155, 60076, 20023, 49957, 78859, 71701, 63157, 51036, 27194, 57618, 41826, 72622, 26518, 13650, 37174, 65866, 51535, 26693, 46306, 18622, 78957, 96794, 12749, 98789, 43609, 19799, 33366, 8952, 34480, 94159, 44897, 75759, 82931, 16277, 14916, 72994, 49309, 70538, 2034, 42550, 91026, 7880, 3338, 60131, 98080, 28093, 32900, 15622, 26775, 29552, 32342, 14515, 36096, 41783, 62811, 37254, 75355, 63411, 75272, 23694, 84310, 71082, 79212, 33588, 90706, 48187, 31189, 88482, 9367, 56255, 79617, 1270, 55560, 26203, 26155, 40545, 15484, 55048, 21590, 6079, 95713, 42042, 7599, 11012, 10867, 6326, 4226, 36219, 64167, 95573, 17592, 32396, 33047, 42672, 14688, 56724, 34006, 26116, 19739, 92564, 32446, 49106, 86197, 89608, 29620, 89318, 4676, 30220, 92140, 82233, 42586, 84937, 67832, 88616, 54115, 36688, 72537, 89206, 19927, 60142, 31365, 9503, 17153, 77426, 27373, 71618, 24526, 11066, 35200, 85609, 149, 12686, 31762, 76331, 79662, 42034, 4753, 45093, 9160, 29879, 54031, 81574, 52405, 74338, 45103, 97062, 38418, 65500, 83214, 33515, 71498, 84236, 27012, 42946, 15648, 18758, 74221, 18239, 86131, 1230, 2760, 87805, 47794, 89910, 39873, 11161, 88967, 57997, 33988, 52998, 11574, 11690, 91965, 60505, 6728, 20304, 66663, 21797, 36314, 23383, 77728, 66566, 30573, 81589, 35200, 85889, 50823, 87892, 82732, 87939, 51151, 25364, 57741, 65481, 95697, 91763, 24126, 50698, 89794, 21082, 38556, 8845, 86758, 95312, 40982, 27576, 22409, 10764, 59686, 42374, 46705, 20305, 91930, 20443, 55812, 94550, 17871, 37347, 86111, 91872, 76531, 97561, 22247, 70828, 10031, 86871, 3457, 34403, 47195, 55824, 77269, 2312, 23015, 10509, 90685, 33220, 5095, 32669, 57665, 87461, 23705, 23892, 79569, 25099, 22463, 6825, 87678, 12700, 8086, 18347, 2080, 81725, 1743, 21695, 98864, 601, 27012, 26238, 83756, 20196, 9283, 37922, 9584, 31059, 69305, 33408, 87700, 5472, 17218, 94029, 30946, 42707, 26938, 23929, 42631, 58629, 82345, 34078, 27640, 26857, 52482, 1908, 53363, 57718, 53277, 60874, 47192, 65156, 64324, 98908, 18086, 34571, 80780, 21654, 13015, 54185, 65778, 82905, 54333, 16295, 29750, 10179, 8498, 41149, 76875, 75817, 52840, 36350, 67047, 80721, 50387, 89921, 76598, 79179, 69374, 34188, 84323, 90189, 80063, 75353, 58141, 98604, 61869, 50914, 95998, 60953, 31372, 32800, 20253, 10965, 57825, 30921, 72002, 23478, 52144, 74671, 49790, 35369, 96851, 96268, 91735, 26265, 71492, 35041, 22667, 85381, 87967, 56897, 37761, 44123, 52620, 81795, 86745, 6668, 71796, 22328, 50981, 1304, 65894, 39334, 28965, 37736, 33502, 94725, 98644, 29317, 28672, 49720, 92944, 79154, 30886, 83581, 56853, 86563, 45680, 29702, 43297, 89488, 55541, 95711, 64055, 55857, 75831, 20915, 33733, 41601, 40608, 13946, 42643, 60946, 78379, 66893, 47265, 47663, 96044, 31575, 23271, 29732, 18765, 73934, 86595, 19623, 58152, 23341, 42797, 82035, 84610, 84617, 26296, 48384, 7808, 85181, 83581, 85225, 34491, 3068, 83145, 63958, 59227, 71005, 79763, 19625, 78522, 84816, 70026, 30736, 71763, 20974, 85431, 42194, 51257, 95945, 87370, 84376, 7316, 96397, 73523, 45377, 38170, 929, 19455, 92318, 44476, 31469, 69802, 39812, 96151, 1351, 97970, 67167, 69990, 20536, 43930, 89552, 7692, 94070, 25734, 2163, 89653, 41361, 65843, 55026, 76161, 33606, 7726, 57770, 26583, 72401, 4290, 24460, 59579, 28419, 26896, 42516, 11149, 32412, 43883, 76759, 72953, 63003, 29642, 79399, 49163, 14266, 55493, 15592, 19124, 64343, 71700, 16518, 77843, 61244, 80217, 51694, 11787, 24162, 70922, 1802, 19601, 58039, 19725, 17982, 7030, 87818, 81146, 64592, 10711, 8313, 80311, 12180, 49490, 79809, 96851, 93114, 19741, 87950, 3665, 43498, 8117, 64, 90216, 51752, 43265, 1055, 25064, 4579, 20591, 64262, 8289, 34540, 9038, 32463, 95965, 3202, 36219, 54773, 36301, 21802, 67750, 14517, 59282, 15980, 432, 86613, 99020, 91465, 77787, 78248, 48946, 57777, 58757, 97167, 43438, 57904, 2014, 13213, 67388, 10589, 17904, 46813, 71128, 52635, 3372, 7022, 6285, 13222, 36250, 40728, 91163, 35142, 11502, 89851, 62932, 77460, 96657, 21864, 99883, 81995, 74277, 60986, 50282, 74931, 46950, 5360, 53700, 31843, 59827, 47670, 32934, 30419, 79491, 57514, 74807, 23996, 53538, 62864, 15792, 27971, 79999, 4588, 61344, 72986, 76402, 5098, 58305, 25903, 32899, 85790, 91428, 60548, 56234, 39548, 43974, 98619, 77439, 15993, 73803, 83604, 25519, 18459, 20066, 25903, 97967, 33677, 7371, 6, 36499, 11324, 1243, 39947, 55479, 70470, 34082, 56050, 29544, 54987, 62746, 66607, 80357, 49628, 67933, 33670, 28091, 66945, 50534, 26141, 53322, 91035, 77729, 27580, 46478, 28257, 47427, 93318, 56880, 30918, 94174, 58362, 78991, 44614, 79630, 30263, 11791, 42548, 14198, 37648, 38023, 21220, 21014, 7344, 63974, 96287, 17660, 60202, 79326, 52006, 11171, 66690, 12255, 20285, 10423, 55277, 57487, 11691, 54689, 5652, 76519, 3461, 69755, 64707, 16312, 16295, 40601, 70148, 36176, 16065, 40040, 14183, 24121, 47242, 22032, 11279, 3191, 76223, 38556, 49976, 63279, 28556, 9220, 29217, 76607, 75006, 23148, 76606, 47161, 35794, 52195, 48659, 92402, 6526, 92368, 4935, 12370, 31129, 9968, 86963, 31409, 47029, 77066, 80727, 15785, 15932, 83533, 62000, 17471, 96923, 65812, 20445, 91749, 85889, 26308, 19486, 21715, 34331, 93146, 59506, 57820, 30428, 93243, 92765, 52847, 89535, 66389, 58839, 4150, 25361, 82879, 61511, 68281, 78697, 78403, 87273, 13980, 42687, 23918, 63683, 41580, 73250, 59609, 11414, 2509, 70598, 74474, 19451, 16064, 20767, 90079, 93316, 16483, 26688, 1007, 58343, 58155, 21038, 71715, 57917, 41869, 25781, 18714, 67682, 93754, 85684, 10313, 1573, 45762, 94524, 35755, 32943, 71827, 71670, 16558, 24105, 60194, 63460, 52030, 70450, 68115, 37170, 74590, 45567, 54629, 5725, 85172, 61417, 54506, 78169, 92443, 94152, 97286, 90729, 98431, 21923, 91806, 91215, 9539, 25283, 88955, 21992, 43568, 39295, 10889, 20789, 56007, 943, 72855, 76942, 8942, 7759, 97777, 37307, 60206, 47127, 31059, 56075, 49075, 27392, 83476, 56280, 34162, 34476, 2995, 89626, 72491, 10343, 77379, 88390, 46151, 52405, 17849, 67616, 60968, 77448, 3012, 11905, 89855, 55382, 1710, 27710, 13838, 56579, 51865, 18942, 52511, 18314, 17423, 62667, 73550, 27356, 31707, 24937, 85986, 41982, 29792, 51747, 77050, 33505, 87200, 35919, 25026, 57877, 33854, 14431, 62602, 44937, 83542, 26581, 41702, 40546, 83724, 57348, 95648, 17217, 81032, 51333, 62479, 95232, 68193, 19337, 54406, 7241, 84508, 31853, 36337, 97444, 6715, 84142, 14143, 29646, 61418, 46691, 91055, 95261, 21607, 49389, 87440, 53345, 41371, 1669, 16850, 18440, 60983, 69600, 53625, 40097, 54633, 9055, 65860, 3054, 54468, 13994, 50399, 96381, 93456, 37386, 12374, 72359, 13808, 91360, 1863, 60158, 8379, 60424, 44909, 64466, 68566, 65812, 52188, 94818]})"
148.0,7,31,85,36.82142949104309,40003,"Genotype(dna={""<class 'abc.NT_0017'>"": [0, 1863], ""<class 'abc.NT_0017_P_00000'>"": [], ""<class 'abc.NT_0001'>"": [26948, 2, 2, 30908, 0, 1, 75632], ""<class 'abc.NT_0001_P_00000'>"": [], ""<class 'bool'>"": [46023, 35570, 21927, 2927, 64826, 47769, 23648, 93816, 7134, 25648, 20134, 85082, 87339, 47436, 78194, 76892, 90332, 3649, 34428, 50242, 42523, 55047, 79213, 38241, 94818, 24110, 33409], ""<class 'abc.NT_0000'>"": [1, 2, 6, 0, 0, 0, 52590, 37022, 5, 2, 0, 34708, 3, 1, 0, 2, 2, 58484, 74373, 76729, 1, 0, 2, 0, 0, 65812], ""<class 'abc.NT_0000_P_00000'>"": [], ""<class 'int'>"": [51614, 94798, 85886, 59354, 52526, 36031, 69880, 91268, 99322, 53598, 68614, 93746, 6702, 40963, 73390, 92372, 19142, 84521, 58460, 83038, 905, 28012, 78957, 84653, 71744, 91314, 22611, 93748, 26079, 62592, 15802, 74401, 80107, 53270, 89661, 97478, 24483, 14210, 58941, 10735, 60856, 12770, 53654, 52188], ""<class 'abc.NT_0000_P_00001'>"": [], ""<class 'abc.NT_0000_P_00002'>"": [], ""<class 'abc.NT_0000_P_00003'>"": [], ""<class 'abc.NT_0000_P_00004'>"": [], ""<class 'abc.NT_0000_P_00005'>"": [], ""<class 'abc.NT_0000_P_00006'>"": [], ""<class 'abc.NT_0001_P_00001'>"": [], ""<class 'abc.NT_0001_P_00002'>"": [], ""<class 'abc.NT_0001_P_00003'>"": [], ""<class 'abc.NT_0001_P_00004'>"": [], ""<class 'abc.NT_0005'>"": [2, 8379], ""<class 'abc.NT_0005_P_00000'>"": [], ""<class 'abc.NT_0003'>"": [0, 0, 2, 73361], ""<class 'abc.NT_0003_P_00000'>"": [], ""<class 'abc.NT_0002'>"": [3, 1, 2, 3, 2, 2993], ""<class 'abc.NT_0002_P_00000'>"": [], ""<class 'abc.NT_0002_P_00001'>"": [], ""<class 'abc.NT_0002_P_00002'>"": [], ""<class 'abc.NT_0002_P_00003'>"": [], ""<class 'abc.NT_0002_P_00004'>"": [], ""<class 'abc.NT_0003_P_00001'>"": [], ""<class 'abc.NT_0003_P_00002'>"": [], ""<class 'abc.NT_0004'>"": [0, 60424], ""<class 'abc.NT_0004_P_00000'>"": [], ""<class 'abc.NT_0004_P_00001'>"": [], ""<class 'abc.NT_0005_P_00001'>"": [], ""<class 'abc.NT_0005_P_00002'>"": [], ""<class 'abc.NT_0011'>"": [], ""<class 'abc.NT_0011_P_00000'>"": [], ""<class 'abc.NT_0017_P_00001'>"": [], ""<class 'abc.NT_0012'>"": [0, 60158], ""<class 'abc.NT_0012_P_00000'>"": [], ""<class 'abc.NT_0010'>"": [], ""<class 'abc.NT_0010_P_00000'>"": [], ""<class 'abc.NT_0009'>"": [], ""<class 'abc.NT_0009_P_00000'>"": [], ""<class 'abc.NT_0008'>"": [], ""<class 'abc.NT_0008_P_00000'>"": [], ""<class 'abc.NT_0006'>"": [], ""<class 'abc.NT_0006_P_00000'>"": [], ""<class 'abc.NT_0008_P_00001'>"": [], ""<class 'abc.NT_0008_P_00002'>"": [], ""<class 'abc.NT_0008_P_00003'>"": [], ""<class 'abc.NT_0008_P_00004'>"": [], ""<class 'abc.NT_0007'>"": [], ""<class 'abc.NT_0007_P_00000'>"": [], ""<class 'abc.NT_0007_P_00001'>"": [], ""<class 'abc.NT_0007_P_00002'>"": [], ""<class 'abc.NT_0009_P_00001'>"": [], ""<class 'abc.NT_0010_P_00001'>"": [], ""<class 'abc.NT_0010_P_00002'>"": [], ""<class 'abc.NT_0012_P_00001'>"": [], ""<class 'abc.NT_0012_P_00002'>"": [], '$leftovers': [24110, 33409, 84800, 52930, 73355, 35471, 40030, 9296, 20749, 33075, 49628, 11537, 15, 90830, 51946, 20435, 67193, 37276, 25620, 25545, 23848, 32840, 79736, 6117, 22259, 57571, 60709, 16020, 90131, 83681, 49236, 19740, 96719, 28286, 96500, 25056, 2425, 4606, 76743, 50141, 80972, 89178, 58155, 60076, 20023, 49957, 78859, 71701, 63157, 51036, 27194, 57618, 41826, 72622, 26518, 13650, 37174, 65866, 51535, 26693, 46306, 18622, 78957, 96794, 12749, 98789, 43609, 19799, 33366, 8952, 34480, 94159, 44897, 75759, 82931, 16277, 14916, 72994, 49309, 70538, 2034, 42550, 91026, 7880, 3338, 60131, 98080, 28093, 32900, 15622, 26775, 29552, 32342, 14515, 36096, 41783, 62811, 37254, 75355, 63411, 75272, 23694, 84310, 71082, 79212, 33588, 90706, 48187, 31189, 88482, 9367, 56255, 79617, 1270, 55560, 26203, 26155, 40545, 15484, 55048, 21590, 6079, 95713, 42042, 7599, 11012, 10867, 6326, 4226, 36219, 64167, 95573, 17592, 32396, 33047, 42672, 14688, 56724, 34006, 26116, 19739, 92564, 32446, 49106, 86197, 89608, 29620, 89318, 4676, 30220, 92140, 82233, 42586, 84937, 67832, 88616, 54115, 36688, 72537, 89206, 19927, 60142, 31365, 9503, 17153, 77426, 27373, 71618, 24526, 11066, 35200, 85609, 149, 12686, 31762, 76331, 79662, 42034, 4753, 45093, 9160, 29879, 54031, 81574, 52405, 74338, 45103, 97062, 38418, 65500, 83214, 33515, 71498, 84236, 27012, 42946, 15648, 18758, 74221, 18239, 86131, 1230, 2760, 87805, 47794, 89910, 39873, 11161, 88967, 57997, 33988, 52998, 11574, 11690, 91965, 60505, 6728, 20304, 66663, 21797, 36314, 23383, 77728, 66566, 30573, 81589, 35200, 85889, 50823, 87892, 82732, 87939, 51151, 25364, 57741, 65481, 95697, 91763, 24126, 50698, 89794, 21082, 38556, 8845, 86758, 95312, 40982, 27576, 22409, 10764, 59686, 42374, 46705, 20305, 91930, 20443, 55812, 94550, 17871, 37347, 86111, 91872, 76531, 97561, 22247, 70828, 10031, 86871, 3457, 34403, 47195, 55824, 77269, 2312, 23015, 10509, 90685, 33220, 5095, 32669, 57665, 87461, 23705, 23892, 79569, 25099, 22463, 6825, 87678, 12700, 8086, 18347, 2080, 81725, 1743, 21695, 98864, 601, 27012, 26238, 83756, 20196, 9283, 37922, 9584, 31059, 69305, 33408, 87700, 5472, 17218, 94029, 30946, 42707, 26938, 23929, 42631, 58629, 82345, 34078, 27640, 26857, 52482, 1908, 53363, 57718, 53277, 60874, 47192, 65156, 64324, 98908, 18086, 34571, 80780, 21654, 13015, 54185, 65778, 82905, 54333, 16295, 29750, 10179, 8498, 41149, 76875, 75817, 52840, 36350, 67047, 80721, 50387, 89921, 76598, 79179, 69374, 34188, 84323, 90189, 80063, 75353, 58141, 98604, 61869, 50914, 95998, 60953, 31372, 32800, 20253, 10965, 57825, 30921, 72002, 23478, 52144, 74671, 49790, 35369, 96851, 96268, 91735, 26265, 71492, 35041, 22667, 85381, 87967, 56897, 37761, 44123, 52620, 81795, 86745, 6668, 71796, 22328, 50981, 1304, 65894, 39334, 28965, 37736, 33502, 94725, 98644, 29317, 28672, 49720, 92944, 79154, 30886, 83581, 56853, 86563, 45680, 29702, 43297, 89488, 55541, 95711, 64055, 55857, 75831, 20915, 33733, 41601, 40608, 13946, 42643, 60946, 78379, 66893, 47265, 47663, 96044, 31575, 23271, 29732, 18765, 73934, 86595, 19623, 58152, 23341, 42797, 82035, 84610, 84617, 26296, 48384, 7808, 85181, 83581, 85225, 34491, 3068, 83145, 63958, 59227, 71005, 79763, 19625, 78522, 84816, 70026, 30736, 71763, 20974, 85431, 42194, 51257, 95945, 87370, 84376, 7316, 96397, 73523, 45377, 38170, 929, 19455, 92318, 44476, 31469, 69802, 39812, 96151, 1351, 97970, 67167, 69990, 20536, 43930, 89552, 7692, 94070, 25734, 2163, 89653, 41361, 65843, 55026, 76161, 33606, 7726, 57770, 26583, 72401, 4290, 24460, 59579, 28419, 26896, 42516, 11149, 32412, 43883, 76759, 72953, 63003, 29642, 79399, 49163, 14266, 55493, 15592, 19124, 64343, 71700, 16518, 77843, 61244, 80217, 51694, 11787, 24162, 70922, 1802, 19601, 58039, 19725, 17982, 7030, 87818, 81146, 64592, 10711, 8313, 80311, 12180, 49490, 79809, 96851, 93114, 19741, 87950, 3665, 43498, 8117, 64, 90216, 51752, 43265, 1055, 25064, 4579, 20591, 64262, 8289, 34540, 9038, 32463, 95965, 3202, 36219, 54773, 36301, 21802, 67750, 14517, 59282, 15980, 432, 86613, 99020, 91465, 77787, 78248, 48946, 57777, 58757, 97167, 43438, 57904, 2014, 13213, 67388, 10589, 17904, 46813, 71128, 52635, 3372, 7022, 6285, 13222, 36250, 40728, 91163, 35142, 11502, 89851, 62932, 77460, 96657, 21864, 99883, 81995, 74277, 60986, 50282, 74931, 46950, 5360, 53700, 31843, 59827, 47670, 32934, 30419, 79491, 57514, 74807, 23996, 53538, 62864, 15792, 27971, 79999, 4588, 61344, 72986, 76402, 5098, 58305, 25903, 32899, 85790, 91428, 60548, 56234, 39548, 43974, 98619, 77439, 15993, 73803, 83604, 25519, 18459, 20066, 25903, 97967, 33677, 7371, 6, 36499, 11324, 1243, 39947, 55479, 70470, 34082, 56050, 29544, 54987, 62746, 66607, 80357, 49628, 67933, 33670, 28091, 66945, 50534, 26141, 53322, 91035, 77729, 27580, 46478, 28257, 47427, 93318, 56880, 30918, 94174, 58362, 78991, 44614, 79630, 30263, 11791, 42548, 14198, 37648, 38023, 21220, 21014, 7344, 63974, 96287, 17660, 60202, 79326, 52006, 11171, 66690, 12255, 20285, 10423, 55277, 57487, 11691, 54689, 5652, 76519, 3461, 69755, 64707, 16312, 16295, 40601, 70148, 36176, 16065, 40040, 14183, 24121, 47242, 22032, 11279, 3191, 76223, 38556, 49976, 63279, 28556, 9220, 29217, 76607, 75006, 23148, 76606, 47161, 35794, 52195, 48659, 92402, 6526, 92368, 4935, 12370, 31129, 9968, 86963, 31409, 47029, 77066, 80727, 15785, 15932, 83533, 62000, 17471, 96923, 65812, 20445, 91749, 85889, 26308, 19486, 21715, 34331, 93146, 59506, 57820, 30428, 93243, 92765, 52847, 89535, 66389, 58839, 4150, 25361, 82879, 61511, 68281, 78697, 78403, 87273, 13980, 42687, 23918, 63683, 41580, 73250, 59609, 11414, 2509, 70598, 74474, 19451, 16064, 20767, 90079, 93316, 16483, 26688, 1007, 58343, 58155, 21038, 71715, 57917, 41869, 25781, 18714, 67682, 93754, 85684, 10313, 1573, 45762, 94524, 35755, 32943, 71827, 71670, 16558, 24105, 60194, 63460, 52030, 70450, 68115, 37170, 74590, 45567, 54629, 5725, 85172, 61417, 54506, 78169, 92443, 94152, 97286, 90729, 98431, 21923, 91806, 91215, 9539, 25283, 88955, 21992, 43568, 39295, 10889, 20789, 56007, 943, 72855, 76942, 8942, 7759, 97777, 37307, 60206, 47127, 31059, 56075, 49075, 27392, 83476, 56280, 34162, 34476, 2995, 89626, 72491, 10343, 77379, 88390, 46151, 52405, 17849, 67616, 60968, 77448, 3012, 11905, 89855, 55382, 1710, 27710, 13838, 56579, 51865, 18942, 52511, 18314, 17423, 62667, 73550, 27356, 31707, 24937, 85986, 41982, 29792, 51747, 77050, 33505, 87200, 35919, 25026, 57877, 33854, 14431, 62602, 44937, 83542, 26581, 41702, 40546, 83724, 57348, 95648, 17217, 81032, 51333, 62479, 95232, 68193, 19337, 54406, 7241, 84508, 31853, 36337, 97444, 6715, 84142, 14143, 29646, 61418, 46691, 91055, 95261, 21607, 49389, 87440, 53345, 41371, 1669, 16850, 18440, 60983, 69600, 53625, 40097, 54633, 9055, 65860, 3054, 54468, 13994, 50399, 96381, 93456, 37386, 12374, 72359, 13808, 91360, 1863, 60158, 8379, 60424, 44909, 64466, 68566, 65812, 52188, 94818]})"
148.0,7,31,86,37.03310418128967,40003,"Genotype(dna={""<class 'abc.NT_0017'>"": [0, 1863], ""<class 'abc.NT_0017_P_00000'>"": [], ""<class 'abc.NT_0001'>"": [26948, 2, 2, 30908, 0, 1, 75632], ""<class 'abc.NT_0001_P_00000'>"": [], ""<class 'bool'>"": [46023, 35570, 21927, 2927, 64826, 47769, 23648, 93816, 7134, 25648, 20134, 85082, 87339, 47436, 78194, 76892, 90332, 3649, 34428, 50242, 42523, 55047, 79213, 38241, 94818, 24110, 33409], ""<class 'abc.NT_0000'>"": [1, 2, 6, 0, 0, 0, 52590, 37022, 5, 2, 0, 34708, 3, 1, 0, 2, 2, 58484, 74373, 76729, 1, 0, 2, 0, 0, 65812], ""<class 'abc.NT_0000_P_00000'>"": [], ""<class 'int'>"": [51614, 94798, 85886, 59354, 52526, 36031, 69880, 91268, 99322, 53598, 68614, 93746, 6702, 40963, 73390, 92372, 19142, 84521, 58460, 83038, 905, 28012, 78957, 84653, 71744, 91314, 22611, 93748, 26079, 62592, 15802, 74401, 80107, 53270, 89661, 97478, 24483, 14210, 58941, 10735, 60856, 12770, 53654, 52188], ""<class 'abc.NT_0000_P_00001'>"": [], ""<class 'abc.NT_0000_P_00002'>"": [], ""<class 'abc.NT_0000_P_00003'>"": [], ""<class 'abc.NT_0000_P_00004'>"": [], ""<class 'abc.NT_0000_P_00005'>"": [], ""<class 'abc.NT_0000_P_00006'>"": [], ""<class 'abc.NT_0001_P_00001'>"": [], ""<class 'abc.NT_0001_P_00002'>"": [], ""<class 'abc.NT_0001_P_00003'>"": [], ""<class 'abc.NT_0001_P_00004'>"": [], ""<class 'abc.NT_0005'>"": [2, 8379], ""<class 'abc.NT_0005_P_00000'>"": [], ""<class 'abc.NT_0003'>"": [0, 0, 2, 73361], ""<class 'abc.NT_0003_P_00000'>"": [], ""<class 'abc.NT_0002'>"": [3, 1, 2, 3, 2, 2993], ""<class 'abc.NT_0002_P_00000'>"": [], ""<class 'abc.NT_0002_P_00001'>"": [], ""<class 'abc.NT_0002_P_00002'>"": [], ""<class 'abc.NT_0002_P_00003'>"": [], ""<class 'abc.NT_0002_P_00004'>"": [], ""<class 'abc.NT_0003_P_00001'>"": [], ""<class 'abc.NT_0003_P_00002'>"": [], ""<class 'abc.NT_0004'>"": [0, 60424], ""<class 'abc.NT_0004_P_00000'>"": [], ""<class 'abc.NT_0004_P_00001'>"": [], ""<class 'abc.NT_0005_P_00001'>"": [], ""<class 'abc.NT_0005_P_00002'>"": [], ""<class 'abc.NT_0011'>"": [], ""<class 'abc.NT_0011_P_00000'>"": [], ""<class 'abc.NT_0017_P_00001'>"": [], ""<class 'abc.NT_0012'>"": [0, 60158], ""<class 'abc.NT_0012_P_00000'>"": [], ""<class 'abc.NT_0010'>"": [], ""<class 'abc.NT_0010_P_00000'>"": [], ""<class 'abc.NT_0009'>"": [], ""<class 'abc.NT_0009_P_00000'>"": [], ""<class 'abc.NT_0008'>"": [], ""<class 'abc.NT_0008_P_00000'>"": [], ""<class 'abc.NT_0006'>"": [], ""<class 'abc.NT_0006_P_00000'>"": [], ""<class 'abc.NT_0008_P_00001'>"": [], ""<class 'abc.NT_0008_P_00002'>"": [], ""<class 'abc.NT_0008_P_00003'>"": [], ""<class 'abc.NT_0008_P_00004'>"": [], ""<class 'abc.NT_0007'>"": [], ""<class 'abc.NT_0007_P_00000'>"": [], ""<class 'abc.NT_0007_P_00001'>"": [], ""<class 'abc.NT_0007_P_00002'>"": [], ""<class 'abc.NT_0009_P_00001'>"": [], ""<class 'abc.NT_0010_P_00001'>"": [], ""<class 'abc.NT_0010_P_00002'>"": [], ""<class 'abc.NT_0012_P_00001'>"": [], ""<class 'abc.NT_0012_P_00002'>"": [], '$leftovers': [24110, 33409, 84800, 52930, 73355, 35471, 40030, 9296, 20749, 33075, 49628, 11537, 15, 90830, 51946, 20435, 67193, 37276, 25620, 25545, 23848, 32840, 79736, 6117, 22259, 57571, 60709, 16020, 90131, 83681, 49236, 19740, 96719, 28286, 96500, 25056, 2425, 4606, 76743, 50141, 80972, 89178, 58155, 60076, 20023, 49957, 78859, 71701, 63157, 51036, 27194, 57618, 41826, 72622, 26518, 13650, 37174, 65866, 51535, 26693, 46306, 18622, 78957, 96794, 12749, 98789, 43609, 19799, 33366, 8952, 34480, 94159, 44897, 75759, 82931, 16277, 14916, 72994, 49309, 70538, 2034, 42550, 91026, 7880, 3338, 60131, 98080, 28093, 32900, 15622, 26775, 29552, 32342, 14515, 36096, 41783, 62811, 37254, 75355, 63411, 75272, 23694, 84310, 71082, 79212, 33588, 90706, 48187, 31189, 88482, 9367, 56255, 79617, 1270, 55560, 26203, 26155, 40545, 15484, 55048, 21590, 6079, 95713, 42042, 7599, 11012, 10867, 6326, 4226, 36219, 64167, 95573, 17592, 32396, 33047, 42672, 14688, 56724, 34006, 26116, 19739, 92564, 32446, 49106, 86197, 89608, 29620, 89318, 4676, 30220, 92140, 82233, 42586, 84937, 67832, 88616, 54115, 36688, 72537, 89206, 19927, 60142, 31365, 9503, 17153, 77426, 27373, 71618, 24526, 11066, 35200, 85609, 149, 12686, 31762, 76331, 79662, 42034, 4753, 45093, 9160, 29879, 54031, 81574, 52405, 74338, 45103, 97062, 38418, 65500, 83214, 33515, 71498, 84236, 27012, 42946, 15648, 18758, 74221, 18239, 86131, 1230, 2760, 87805, 47794, 89910, 39873, 11161, 88967, 57997, 33988, 52998, 11574, 11690, 91965, 60505, 6728, 20304, 66663, 21797, 36314, 23383, 77728, 66566, 30573, 81589, 35200, 85889, 50823, 87892, 82732, 87939, 51151, 25364, 57741, 65481, 95697, 91763, 24126, 50698, 89794, 21082, 38556, 8845, 86758, 95312, 40982, 27576, 22409, 10764, 59686, 42374, 46705, 20305, 91930, 20443, 55812, 94550, 17871, 37347, 86111, 91872, 76531, 97561, 22247, 70828, 10031, 86871, 3457, 34403, 47195, 55824, 77269, 2312, 23015, 10509, 90685, 33220, 5095, 32669, 57665, 87461, 23705, 23892, 79569, 25099, 22463, 6825, 87678, 12700, 8086, 18347, 2080, 81725, 1743, 21695, 98864, 601, 27012, 26238, 83756, 20196, 9283, 37922, 9584, 31059, 69305, 33408, 87700, 5472, 17218, 94029, 30946, 42707, 26938, 23929, 42631, 58629, 82345, 34078, 27640, 26857, 52482, 1908, 53363, 57718, 53277, 60874, 47192, 65156, 64324, 98908, 18086, 34571, 80780, 21654, 13015, 54185, 65778, 82905, 54333, 16295, 29750, 10179, 8498, 41149, 76875, 75817, 52840, 36350, 67047, 80721, 50387, 89921, 76598, 79179, 69374, 34188, 84323, 90189, 80063, 75353, 58141, 98604, 61869, 50914, 95998, 60953, 31372, 32800, 20253, 10965, 57825, 30921, 72002, 23478, 52144, 74671, 49790, 35369, 96851, 96268, 91735, 26265, 71492, 35041, 22667, 85381, 87967, 56897, 37761, 44123, 52620, 81795, 86745, 6668, 71796, 22328, 50981, 1304, 65894, 39334, 28965, 37736, 33502, 94725, 98644, 29317, 28672, 49720, 92944, 79154, 30886, 83581, 56853, 86563, 45680, 29702, 43297, 89488, 55541, 95711, 64055, 55857, 75831, 20915, 33733, 41601, 40608, 13946, 42643, 60946, 78379, 66893, 47265, 47663, 96044, 31575, 23271, 29732, 18765, 73934, 86595, 19623, 58152, 23341, 42797, 82035, 84610, 84617, 26296, 48384, 7808, 85181, 83581, 85225, 34491, 3068, 83145, 63958, 59227, 71005, 79763, 19625, 78522, 84816, 70026, 30736, 71763, 20974, 85431, 42194, 51257, 95945, 87370, 84376, 7316, 96397, 73523, 45377, 38170, 929, 19455, 92318, 44476, 31469, 69802, 39812, 96151, 1351, 97970, 67167, 69990, 20536, 43930, 89552, 7692, 94070, 25734, 2163, 89653, 41361, 65843, 55026, 76161, 33606, 7726, 57770, 26583, 72401, 4290, 24460, 59579, 28419, 26896, 42516, 11149, 32412, 43883, 76759, 72953, 63003, 29642, 79399, 49163, 14266, 55493, 15592, 19124, 64343, 71700, 16518, 77843, 61244, 80217, 51694, 11787, 24162, 70922, 1802, 19601, 58039, 19725, 17982, 7030, 87818, 81146, 64592, 10711, 8313, 80311, 12180, 49490, 79809, 96851, 93114, 19741, 87950, 3665, 43498, 8117, 64, 90216, 51752, 43265, 1055, 25064, 4579, 20591, 64262, 8289, 34540, 9038, 32463, 95965, 3202, 36219, 54773, 36301, 21802, 67750, 14517, 59282, 15980, 432, 86613, 99020, 91465, 77787, 78248, 48946, 57777, 58757, 97167, 43438, 57904, 2014, 13213, 67388, 10589, 17904, 46813, 71128, 52635, 3372, 7022, 6285, 13222, 36250, 40728, 91163, 35142, 11502, 89851, 62932, 77460, 96657, 21864, 99883, 81995, 74277, 60986, 50282, 74931, 46950, 5360, 53700, 31843, 59827, 47670, 32934, 30419, 79491, 57514, 74807, 23996, 53538, 62864, 15792, 27971, 79999, 4588, 61344, 72986, 76402, 5098, 58305, 25903, 32899, 85790, 91428, 60548, 56234, 39548, 43974, 98619, 77439, 15993, 73803, 83604, 25519, 18459, 20066, 25903, 97967, 33677, 7371, 6, 36499, 11324, 1243, 39947, 55479, 70470, 34082, 56050, 29544, 54987, 62746, 66607, 80357, 49628, 67933, 33670, 28091, 66945, 50534, 26141, 53322, 91035, 77729, 27580, 46478, 28257, 47427, 93318, 56880, 30918, 94174, 58362, 78991, 44614, 79630, 30263, 11791, 42548, 14198, 37648, 38023, 21220, 21014, 7344, 63974, 96287, 17660, 60202, 79326, 52006, 11171, 66690, 12255, 20285, 10423, 55277, 57487, 11691, 54689, 5652, 76519, 3461, 69755, 64707, 16312, 16295, 40601, 70148, 36176, 16065, 40040, 14183, 24121, 47242, 22032, 11279, 3191, 76223, 38556, 49976, 63279, 28556, 9220, 29217, 76607, 75006, 23148, 76606, 47161, 35794, 52195, 48659, 92402, 6526, 92368, 4935, 12370, 31129, 9968, 86963, 31409, 47029, 77066, 80727, 15785, 15932, 83533, 62000, 17471, 96923, 65812, 20445, 91749, 85889, 26308, 19486, 21715, 34331, 93146, 59506, 57820, 30428, 93243, 92765, 52847, 89535, 66389, 58839, 4150, 25361, 82879, 61511, 68281, 78697, 78403, 87273, 13980, 42687, 23918, 63683, 41580, 73250, 59609, 11414, 2509, 70598, 74474, 19451, 16064, 20767, 90079, 93316, 16483, 26688, 1007, 58343, 58155, 21038, 71715, 57917, 41869, 25781, 18714, 67682, 93754, 85684, 10313, 1573, 45762, 94524, 35755, 32943, 71827, 71670, 16558, 24105, 60194, 63460, 52030, 70450, 68115, 37170, 74590, 45567, 54629, 5725, 85172, 61417, 54506, 78169, 92443, 94152, 97286, 90729, 98431, 21923, 91806, 91215, 9539, 25283, 88955, 21992, 43568, 39295, 10889, 20789, 56007, 943, 72855, 76942, 8942, 7759, 97777, 37307, 60206, 47127, 31059, 56075, 49075, 27392, 83476, 56280, 34162, 34476, 2995, 89626, 72491, 10343, 77379, 88390, 46151, 52405, 17849, 67616, 60968, 77448, 3012, 11905, 89855, 55382, 1710, 27710, 13838, 56579, 51865, 18942, 52511, 18314, 17423, 62667, 73550, 27356, 31707, 24937, 85986, 41982, 29792, 51747, 77050, 33505, 87200, 35919, 25026, 57877, 33854, 14431, 62602, 44937, 83542, 26581, 41702, 40546, 83724, 57348, 95648, 17217, 81032, 51333, 62479, 95232, 68193, 19337, 54406, 7241, 84508, 31853, 36337, 97444, 6715, 84142, 14143, 29646, 61418, 46691, 91055, 95261, 21607, 49389, 87440, 53345, 41371, 1669, 16850, 18440, 60983, 69600, 53625, 40097, 54633, 9055, 65860, 3054, 54468, 13994, 50399, 96381, 93456, 37386, 12374, 72359, 13808, 91360, 1863, 60158, 8379, 60424, 44909, 64466, 68566, 65812, 52188, 94818]})"
148.0,7,31,87,37.36333131790161,40003,"Genotype(dna={""<class 'abc.NT_0017'>"": [0, 1863], ""<class 'abc.NT_0017_P_00000'>"": [], ""<class 'abc.NT_0001'>"": [26948, 2, 2, 30908, 0, 1, 75632], ""<class 'abc.NT_0001_P_00000'>"": [], ""<class 'bool'>"": [46023, 35570, 21927, 2927, 64826, 47769, 23648, 93816, 7134, 25648, 20134, 85082, 87339, 47436, 78194, 76892, 90332, 3649, 34428, 50242, 42523, 55047, 79213, 38241, 94818, 24110, 33409], ""<class 'abc.NT_0000'>"": [1, 2, 6, 0, 0, 0, 52590, 37022, 5, 2, 0, 34708, 3, 1, 0, 2, 2, 58484, 74373, 76729, 1, 0, 2, 0, 0, 65812], ""<class 'abc.NT_0000_P_00000'>"": [], ""<class 'int'>"": [51614, 94798, 85886, 59354, 52526, 36031, 69880, 91268, 99322, 53598, 68614, 93746, 6702, 40963, 73390, 92372, 19142, 84521, 58460, 83038, 905, 28012, 78957, 84653, 71744, 91314, 22611, 93748, 26079, 62592, 15802, 74401, 80107, 53270, 89661, 97478, 24483, 14210, 58941, 10735, 60856, 12770, 53654, 52188], ""<class 'abc.NT_0000_P_00001'>"": [], ""<class 'abc.NT_0000_P_00002'>"": [], ""<class 'abc.NT_0000_P_00003'>"": [], ""<class 'abc.NT_0000_P_00004'>"": [], ""<class 'abc.NT_0000_P_00005'>"": [], ""<class 'abc.NT_0000_P_00006'>"": [], ""<class 'abc.NT_0001_P_00001'>"": [], ""<class 'abc.NT_0001_P_00002'>"": [], ""<class 'abc.NT_0001_P_00003'>"": [], ""<class 'abc.NT_0001_P_00004'>"": [], ""<class 'abc.NT_0005'>"": [2, 8379], ""<class 'abc.NT_0005_P_00000'>"": [], ""<class 'abc.NT_0003'>"": [0, 0, 2, 73361], ""<class 'abc.NT_0003_P_00000'>"": [], ""<class 'abc.NT_0002'>"": [3, 1, 2, 3, 2, 2993], ""<class 'abc.NT_0002_P_00000'>"": [], ""<class 'abc.NT_0002_P_00001'>"": [], ""<class 'abc.NT_0002_P_00002'>"": [], ""<class 'abc.NT_0002_P_00003'>"": [], ""<class 'abc.NT_0002_P_00004'>"": [], ""<class 'abc.NT_0003_P_00001'>"": [], ""<class 'abc.NT_0003_P_00002'>"": [], ""<class 'abc.NT_0004'>"": [0, 60424], ""<class 'abc.NT_0004_P_00000'>"": [], ""<class 'abc.NT_0004_P_00001'>"": [], ""<class 'abc.NT_0005_P_00001'>"": [], ""<class 'abc.NT_0005_P_00002'>"": [], ""<class 'abc.NT_0011'>"": [], ""<class 'abc.NT_0011_P_00000'>"": [], ""<class 'abc.NT_0017_P_00001'>"": [], ""<class 'abc.NT_0012'>"": [0, 60158], ""<class 'abc.NT_0012_P_00000'>"": [], ""<class 'abc.NT_0010'>"": [], ""<class 'abc.NT_0010_P_00000'>"": [], ""<class 'abc.NT_0009'>"": [], ""<class 'abc.NT_0009_P_00000'>"": [], ""<class 'abc.NT_0008'>"": [], ""<class 'abc.NT_0008_P_00000'>"": [], ""<class 'abc.NT_0006'>"": [], ""<class 'abc.NT_0006_P_00000'>"": [], ""<class 'abc.NT_0008_P_00001'>"": [], ""<class 'abc.NT_0008_P_00002'>"": [], ""<class 'abc.NT_0008_P_00003'>"": [], ""<class 'abc.NT_0008_P_00004'>"": [], ""<class 'abc.NT_0007'>"": [], ""<class 'abc.NT_0007_P_00000'>"": [], ""<class 'abc.NT_0007_P_00001'>"": [], ""<class 'abc.NT_0007_P_00002'>"": [], ""<class 'abc.NT_0009_P_00001'>"": [], ""<class 'abc.NT_0010_P_00001'>"": [], ""<class 'abc.NT_0010_P_00002'>"": [], ""<class 'abc.NT_0012_P_00001'>"": [], ""<class 'abc.NT_0012_P_00002'>"": [], '$leftovers': [24110, 33409, 84800, 52930, 73355, 35471, 40030, 9296, 20749, 33075, 49628, 11537, 15, 90830, 51946, 20435, 67193, 37276, 25620, 25545, 23848, 32840, 79736, 6117, 22259, 57571, 60709, 16020, 90131, 83681, 49236, 19740, 96719, 28286, 96500, 25056, 2425, 4606, 76743, 50141, 80972, 89178, 58155, 60076, 20023, 49957, 78859, 71701, 63157, 51036, 27194, 57618, 41826, 72622, 26518, 13650, 37174, 65866, 51535, 26693, 46306, 18622, 78957, 96794, 12749, 98789, 43609, 19799, 33366, 8952, 34480, 94159, 44897, 75759, 82931, 16277, 14916, 72994, 49309, 70538, 2034, 42550, 91026, 7880, 3338, 60131, 98080, 28093, 32900, 15622, 26775, 29552, 32342, 14515, 36096, 41783, 62811, 37254, 75355, 63411, 75272, 23694, 84310, 71082, 79212, 33588, 90706, 48187, 31189, 88482, 9367, 56255, 79617, 1270, 55560, 26203, 26155, 40545, 15484, 55048, 21590, 6079, 95713, 42042, 7599, 11012, 10867, 6326, 4226, 36219, 64167, 95573, 17592, 32396, 33047, 42672, 14688, 56724, 34006, 26116, 19739, 92564, 32446, 49106, 86197, 89608, 29620, 89318, 4676, 30220, 92140, 82233, 42586, 84937, 67832, 88616, 54115, 36688, 72537, 89206, 19927, 60142, 31365, 9503, 17153, 77426, 27373, 71618, 24526, 11066, 35200, 85609, 149, 12686, 31762, 76331, 79662, 42034, 4753, 45093, 9160, 29879, 54031, 81574, 52405, 74338, 45103, 97062, 38418, 65500, 83214, 33515, 71498, 84236, 27012, 42946, 15648, 18758, 74221, 18239, 86131, 1230, 2760, 87805, 47794, 89910, 39873, 11161, 88967, 57997, 33988, 52998, 11574, 11690, 91965, 60505, 6728, 20304, 66663, 21797, 36314, 23383, 77728, 66566, 30573, 81589, 35200, 85889, 50823, 87892, 82732, 87939, 51151, 25364, 57741, 65481, 95697, 91763, 24126, 50698, 89794, 21082, 38556, 8845, 86758, 95312, 40982, 27576, 22409, 10764, 59686, 42374, 46705, 20305, 91930, 20443, 55812, 94550, 17871, 37347, 86111, 91872, 76531, 97561, 22247, 70828, 10031, 86871, 3457, 34403, 47195, 55824, 77269, 2312, 23015, 10509, 90685, 33220, 5095, 32669, 57665, 87461, 23705, 23892, 79569, 25099, 22463, 6825, 87678, 12700, 8086, 18347, 2080, 81725, 1743, 21695, 98864, 601, 27012, 26238, 83756, 20196, 9283, 37922, 9584, 31059, 69305, 33408, 87700, 5472, 17218, 94029, 30946, 42707, 26938, 23929, 42631, 58629, 82345, 34078, 27640, 26857, 52482, 1908, 53363, 57718, 53277, 60874, 47192, 65156, 64324, 98908, 18086, 34571, 80780, 21654, 13015, 54185, 65778, 82905, 54333, 16295, 29750, 10179, 8498, 41149, 76875, 75817, 52840, 36350, 67047, 80721, 50387, 89921, 76598, 79179, 69374, 34188, 84323, 90189, 80063, 75353, 58141, 98604, 61869, 50914, 95998, 60953, 31372, 32800, 20253, 10965, 57825, 30921, 72002, 23478, 52144, 74671, 49790, 35369, 96851, 96268, 91735, 26265, 71492, 35041, 22667, 85381, 87967, 56897, 37761, 44123, 52620, 81795, 86745, 6668, 71796, 22328, 50981, 1304, 65894, 39334, 28965, 37736, 33502, 94725, 98644, 29317, 28672, 49720, 92944, 79154, 30886, 83581, 56853, 86563, 45680, 29702, 43297, 89488, 55541, 95711, 64055, 55857, 75831, 20915, 33733, 41601, 40608, 13946, 42643, 60946, 78379, 66893, 47265, 47663, 96044, 31575, 23271, 29732, 18765, 73934, 86595, 19623, 58152, 23341, 42797, 82035, 84610, 84617, 26296, 48384, 7808, 85181, 83581, 85225, 34491, 3068, 83145, 63958, 59227, 71005, 79763, 19625, 78522, 84816, 70026, 30736, 71763, 20974, 85431, 42194, 51257, 95945, 87370, 84376, 7316, 96397, 73523, 45377, 38170, 929, 19455, 92318, 44476, 31469, 69802, 39812, 96151, 1351, 97970, 67167, 69990, 20536, 43930, 89552, 7692, 94070, 25734, 2163, 89653, 41361, 65843, 55026, 76161, 33606, 7726, 57770, 26583, 72401, 4290, 24460, 59579, 28419, 26896, 42516, 11149, 32412, 43883, 76759, 72953, 63003, 29642, 79399, 49163, 14266, 55493, 15592, 19124, 64343, 71700, 16518, 77843, 61244, 80217, 51694, 11787, 24162, 70922, 1802, 19601, 58039, 19725, 17982, 7030, 87818, 81146, 64592, 10711, 8313, 80311, 12180, 49490, 79809, 96851, 93114, 19741, 87950, 3665, 43498, 8117, 64, 90216, 51752, 43265, 1055, 25064, 4579, 20591, 64262, 8289, 34540, 9038, 32463, 95965, 3202, 36219, 54773, 36301, 21802, 67750, 14517, 59282, 15980, 432, 86613, 99020, 91465, 77787, 78248, 48946, 57777, 58757, 97167, 43438, 57904, 2014, 13213, 67388, 10589, 17904, 46813, 71128, 52635, 3372, 7022, 6285, 13222, 36250, 40728, 91163, 35142, 11502, 89851, 62932, 77460, 96657, 21864, 99883, 81995, 74277, 60986, 50282, 74931, 46950, 5360, 53700, 31843, 59827, 47670, 32934, 30419, 79491, 57514, 74807, 23996, 53538, 62864, 15792, 27971, 79999, 4588, 61344, 72986, 76402, 5098, 58305, 25903, 32899, 85790, 91428, 60548, 56234, 39548, 43974, 98619, 77439, 15993, 73803, 83604, 25519, 18459, 20066, 25903, 97967, 33677, 7371, 6, 36499, 11324, 1243, 39947, 55479, 70470, 34082, 56050, 29544, 54987, 62746, 66607, 80357, 49628, 67933, 33670, 28091, 66945, 50534, 26141, 53322, 91035, 77729, 27580, 46478, 28257, 47427, 93318, 56880, 30918, 94174, 58362, 78991, 44614, 79630, 30263, 11791, 42548, 14198, 37648, 38023, 21220, 21014, 7344, 63974, 96287, 17660, 60202, 79326, 52006, 11171, 66690, 12255, 20285, 10423, 55277, 57487, 11691, 54689, 5652, 76519, 3461, 69755, 64707, 16312, 16295, 40601, 70148, 36176, 16065, 40040, 14183, 24121, 47242, 22032, 11279, 3191, 76223, 38556, 49976, 63279, 28556, 9220, 29217, 76607, 75006, 23148, 76606, 47161, 35794, 52195, 48659, 92402, 6526, 92368, 4935, 12370, 31129, 9968, 86963, 31409, 47029, 77066, 80727, 15785, 15932, 83533, 62000, 17471, 96923, 65812, 20445, 91749, 85889, 26308, 19486, 21715, 34331, 93146, 59506, 57820, 30428, 93243, 92765, 52847, 89535, 66389, 58839, 4150, 25361, 82879, 61511, 68281, 78697, 78403, 87273, 13980, 42687, 23918, 63683, 41580, 73250, 59609, 11414, 2509, 70598, 74474, 19451, 16064, 20767, 90079, 93316, 16483, 26688, 1007, 58343, 58155, 21038, 71715, 57917, 41869, 25781, 18714, 67682, 93754, 85684, 10313, 1573, 45762, 94524, 35755, 32943, 71827, 71670, 16558, 24105, 60194, 63460, 52030, 70450, 68115, 37170, 74590, 45567, 54629, 5725, 85172, 61417, 54506, 78169, 92443, 94152, 97286, 90729, 98431, 21923, 91806, 91215, 9539, 25283, 88955, 21992, 43568, 39295, 10889, 20789, 56007, 943, 72855, 76942, 8942, 7759, 97777, 37307, 60206, 47127, 31059, 56075, 49075, 27392, 83476, 56280, 34162, 34476, 2995, 89626, 72491, 10343, 77379, 88390, 46151, 52405, 17849, 67616, 60968, 77448, 3012, 11905, 89855, 55382, 1710, 27710, 13838, 56579, 51865, 18942, 52511, 18314, 17423, 62667, 73550, 27356, 31707, 24937, 85986, 41982, 29792, 51747, 77050, 33505, 87200, 35919, 25026, 57877, 33854, 14431, 62602, 44937, 83542, 26581, 41702, 40546, 83724, 57348, 95648, 17217, 81032, 51333, 62479, 95232, 68193, 19337, 54406, 7241, 84508, 31853, 36337, 97444, 6715, 84142, 14143, 29646, 61418, 46691, 91055, 95261, 21607, 49389, 87440, 53345, 41371, 1669, 16850, 18440, 60983, 69600, 53625, 40097, 54633, 9055, 65860, 3054, 54468, 13994, 50399, 96381, 93456, 37386, 12374, 72359, 13808, 91360, 1863, 60158, 8379, 60424, 44909, 64466, 68566, 65812, 52188, 94818]})"
148.0,7,31,88,37.76535606384277,40003,"Genotype(dna={""<class 'abc.NT_0017'>"": [0, 1863], ""<class 'abc.NT_0017_P_00000'>"": [], ""<class 'abc.NT_0001'>"": [26948, 2, 2, 30908, 0, 1, 75632], ""<class 'abc.NT_0001_P_00000'>"": [], ""<class 'bool'>"": [46023, 35570, 21927, 2927, 64826, 47769, 23648, 93816, 7134, 25648, 20134, 85082, 87339, 47436, 78194, 76892, 90332, 3649, 34428, 50242, 42523, 55047, 79213, 38241, 94818, 24110, 33409], ""<class 'abc.NT_0000'>"": [1, 2, 6, 0, 0, 0, 52590, 37022, 5, 2, 0, 34708, 3, 1, 0, 2, 2, 58484, 74373, 76729, 1, 0, 2, 0, 0, 65812], ""<class 'abc.NT_0000_P_00000'>"": [], ""<class 'int'>"": [51614, 94798, 85886, 59354, 52526, 36031, 69880, 91268, 99322, 53598, 68614, 93746, 6702, 40963, 73390, 92372, 19142, 84521, 58460, 83038, 905, 28012, 78957, 84653, 71744, 91314, 22611, 93748, 26079, 62592, 15802, 74401, 80107, 53270, 89661, 97478, 24483, 14210, 58941, 10735, 60856, 12770, 53654, 52188], ""<class 'abc.NT_0000_P_00001'>"": [], ""<class 'abc.NT_0000_P_00002'>"": [], ""<class 'abc.NT_0000_P_00003'>"": [], ""<class 'abc.NT_0000_P_00004'>"": [], ""<class 'abc.NT_0000_P_00005'>"": [], ""<class 'abc.NT_0000_P_00006'>"": [], ""<class 'abc.NT_0001_P_00001'>"": [], ""<class 'abc.NT_0001_P_00002'>"": [], ""<class 'abc.NT_0001_P_00003'>"": [], ""<class 'abc.NT_0001_P_00004'>"": [], ""<class 'abc.NT_0005'>"": [2, 8379], ""<class 'abc.NT_0005_P_00000'>"": [], ""<class 'abc.NT_0003'>"": [0, 0, 2, 73361], ""<class 'abc.NT_0003_P_00000'>"": [], ""<class 'abc.NT_0002'>"": [3, 1, 2, 3, 2, 2993], ""<class 'abc.NT_0002_P_00000'>"": [], ""<class 'abc.NT_0002_P_00001'>"": [], ""<class 'abc.NT_0002_P_00002'>"": [], ""<class 'abc.NT_0002_P_00003'>"": [], ""<class 'abc.NT_0002_P_00004'>"": [], ""<class 'abc.NT_0003_P_00001'>"": [], ""<class 'abc.NT_0003_P_00002'>"": [], ""<class 'abc.NT_0004'>"": [0, 60424], ""<class 'abc.NT_0004_P_00000'>"": [], ""<class 'abc.NT_0004_P_00001'>"": [], ""<class 'abc.NT_0005_P_00001'>"": [], ""<class 'abc.NT_0005_P_00002'>"": [], ""<class 'abc.NT_0011'>"": [], ""<class 'abc.NT_0011_P_00000'>"": [], ""<class 'abc.NT_0017_P_00001'>"": [], ""<class 'abc.NT_0012'>"": [0, 60158], ""<class 'abc.NT_0012_P_00000'>"": [], ""<class 'abc.NT_0010'>"": [], ""<class 'abc.NT_0010_P_00000'>"": [], ""<class 'abc.NT_0009'>"": [], ""<class 'abc.NT_0009_P_00000'>"": [], ""<class 'abc.NT_0008'>"": [], ""<class 'abc.NT_0008_P_00000'>"": [], ""<class 'abc.NT_0006'>"": [], ""<class 'abc.NT_0006_P_00000'>"": [], ""<class 'abc.NT_0008_P_00001'>"": [], ""<class 'abc.NT_0008_P_00002'>"": [], ""<class 'abc.NT_0008_P_00003'>"": [], ""<class 'abc.NT_0008_P_00004'>"": [], ""<class 'abc.NT_0007'>"": [], ""<class 'abc.NT_0007_P_00000'>"": [], ""<class 'abc.NT_0007_P_00001'>"": [], ""<class 'abc.NT_0007_P_00002'>"": [], ""<class 'abc.NT_0009_P_00001'>"": [], ""<class 'abc.NT_0010_P_00001'>"": [], ""<class 'abc.NT_0010_P_00002'>"": [], ""<class 'abc.NT_0012_P_00001'>"": [], ""<class 'abc.NT_0012_P_00002'>"": [], '$leftovers': [24110, 33409, 84800, 52930, 73355, 35471, 40030, 9296, 20749, 33075, 49628, 11537, 15, 90830, 51946, 20435, 67193, 37276, 25620, 25545, 23848, 32840, 79736, 6117, 22259, 57571, 60709, 16020, 90131, 83681, 49236, 19740, 96719, 28286, 96500, 25056, 2425, 4606, 76743, 50141, 80972, 89178, 58155, 60076, 20023, 49957, 78859, 71701, 63157, 51036, 27194, 57618, 41826, 72622, 26518, 13650, 37174, 65866, 51535, 26693, 46306, 18622, 78957, 96794, 12749, 98789, 43609, 19799, 33366, 8952, 34480, 94159, 44897, 75759, 82931, 16277, 14916, 72994, 49309, 70538, 2034, 42550, 91026, 7880, 3338, 60131, 98080, 28093, 32900, 15622, 26775, 29552, 32342, 14515, 36096, 41783, 62811, 37254, 75355, 63411, 75272, 23694, 84310, 71082, 79212, 33588, 90706, 48187, 31189, 88482, 9367, 56255, 79617, 1270, 55560, 26203, 26155, 40545, 15484, 55048, 21590, 6079, 95713, 42042, 7599, 11012, 10867, 6326, 4226, 36219, 64167, 95573, 17592, 32396, 33047, 42672, 14688, 56724, 34006, 26116, 19739, 92564, 32446, 49106, 86197, 89608, 29620, 89318, 4676, 30220, 92140, 82233, 42586, 84937, 67832, 88616, 54115, 36688, 72537, 89206, 19927, 60142, 31365, 9503, 17153, 77426, 27373, 71618, 24526, 11066, 35200, 85609, 149, 12686, 31762, 76331, 79662, 42034, 4753, 45093, 9160, 29879, 54031, 81574, 52405, 74338, 45103, 97062, 38418, 65500, 83214, 33515, 71498, 84236, 27012, 42946, 15648, 18758, 74221, 18239, 86131, 1230, 2760, 87805, 47794, 89910, 39873, 11161, 88967, 57997, 33988, 52998, 11574, 11690, 91965, 60505, 6728, 20304, 66663, 21797, 36314, 23383, 77728, 66566, 30573, 81589, 35200, 85889, 50823, 87892, 82732, 87939, 51151, 25364, 57741, 65481, 95697, 91763, 24126, 50698, 89794, 21082, 38556, 8845, 86758, 95312, 40982, 27576, 22409, 10764, 59686, 42374, 46705, 20305, 91930, 20443, 55812, 94550, 17871, 37347, 86111, 91872, 76531, 97561, 22247, 70828, 10031, 86871, 3457, 34403, 47195, 55824, 77269, 2312, 23015, 10509, 90685, 33220, 5095, 32669, 57665, 87461, 23705, 23892, 79569, 25099, 22463, 6825, 87678, 12700, 8086, 18347, 2080, 81725, 1743, 21695, 98864, 601, 27012, 26238, 83756, 20196, 9283, 37922, 9584, 31059, 69305, 33408, 87700, 5472, 17218, 94029, 30946, 42707, 26938, 23929, 42631, 58629, 82345, 34078, 27640, 26857, 52482, 1908, 53363, 57718, 53277, 60874, 47192, 65156, 64324, 98908, 18086, 34571, 80780, 21654, 13015, 54185, 65778, 82905, 54333, 16295, 29750, 10179, 8498, 41149, 76875, 75817, 52840, 36350, 67047, 80721, 50387, 89921, 76598, 79179, 69374, 34188, 84323, 90189, 80063, 75353, 58141, 98604, 61869, 50914, 95998, 60953, 31372, 32800, 20253, 10965, 57825, 30921, 72002, 23478, 52144, 74671, 49790, 35369, 96851, 96268, 91735, 26265, 71492, 35041, 22667, 85381, 87967, 56897, 37761, 44123, 52620, 81795, 86745, 6668, 71796, 22328, 50981, 1304, 65894, 39334, 28965, 37736, 33502, 94725, 98644, 29317, 28672, 49720, 92944, 79154, 30886, 83581, 56853, 86563, 45680, 29702, 43297, 89488, 55541, 95711, 64055, 55857, 75831, 20915, 33733, 41601, 40608, 13946, 42643, 60946, 78379, 66893, 47265, 47663, 96044, 31575, 23271, 29732, 18765, 73934, 86595, 19623, 58152, 23341, 42797, 82035, 84610, 84617, 26296, 48384, 7808, 85181, 83581, 85225, 34491, 3068, 83145, 63958, 59227, 71005, 79763, 19625, 78522, 84816, 70026, 30736, 71763, 20974, 85431, 42194, 51257, 95945, 87370, 84376, 7316, 96397, 73523, 45377, 38170, 929, 19455, 92318, 44476, 31469, 69802, 39812, 96151, 1351, 97970, 67167, 69990, 20536, 43930, 89552, 7692, 94070, 25734, 2163, 89653, 41361, 65843, 55026, 76161, 33606, 7726, 57770, 26583, 72401, 4290, 24460, 59579, 28419, 26896, 42516, 11149, 32412, 43883, 76759, 72953, 63003, 29642, 79399, 49163, 14266, 55493, 15592, 19124, 64343, 71700, 16518, 77843, 61244, 80217, 51694, 11787, 24162, 70922, 1802, 19601, 58039, 19725, 17982, 7030, 87818, 81146, 64592, 10711, 8313, 80311, 12180, 49490, 79809, 96851, 93114, 19741, 87950, 3665, 43498, 8117, 64, 90216, 51752, 43265, 1055, 25064, 4579, 20591, 64262, 8289, 34540, 9038, 32463, 95965, 3202, 36219, 54773, 36301, 21802, 67750, 14517, 59282, 15980, 432, 86613, 99020, 91465, 77787, 78248, 48946, 57777, 58757, 97167, 43438, 57904, 2014, 13213, 67388, 10589, 17904, 46813, 71128, 52635, 3372, 7022, 6285, 13222, 36250, 40728, 91163, 35142, 11502, 89851, 62932, 77460, 96657, 21864, 99883, 81995, 74277, 60986, 50282, 74931, 46950, 5360, 53700, 31843, 59827, 47670, 32934, 30419, 79491, 57514, 74807, 23996, 53538, 62864, 15792, 27971, 79999, 4588, 61344, 72986, 76402, 5098, 58305, 25903, 32899, 85790, 91428, 60548, 56234, 39548, 43974, 98619, 77439, 15993, 73803, 83604, 25519, 18459, 20066, 25903, 97967, 33677, 7371, 6, 36499, 11324, 1243, 39947, 55479, 70470, 34082, 56050, 29544, 54987, 62746, 66607, 80357, 49628, 67933, 33670, 28091, 66945, 50534, 26141, 53322, 91035, 77729, 27580, 46478, 28257, 47427, 93318, 56880, 30918, 94174, 58362, 78991, 44614, 79630, 30263, 11791, 42548, 14198, 37648, 38023, 21220, 21014, 7344, 63974, 96287, 17660, 60202, 79326, 52006, 11171, 66690, 12255, 20285, 10423, 55277, 57487, 11691, 54689, 5652, 76519, 3461, 69755, 64707, 16312, 16295, 40601, 70148, 36176, 16065, 40040, 14183, 24121, 47242, 22032, 11279, 3191, 76223, 38556, 49976, 63279, 28556, 9220, 29217, 76607, 75006, 23148, 76606, 47161, 35794, 52195, 48659, 92402, 6526, 92368, 4935, 12370, 31129, 9968, 86963, 31409, 47029, 77066, 80727, 15785, 15932, 83533, 62000, 17471, 96923, 65812, 20445, 91749, 85889, 26308, 19486, 21715, 34331, 93146, 59506, 57820, 30428, 93243, 92765, 52847, 89535, 66389, 58839, 4150, 25361, 82879, 61511, 68281, 78697, 78403, 87273, 13980, 42687, 23918, 63683, 41580, 73250, 59609, 11414, 2509, 70598, 74474, 19451, 16064, 20767, 90079, 93316, 16483, 26688, 1007, 58343, 58155, 21038, 71715, 57917, 41869, 25781, 18714, 67682, 93754, 85684, 10313, 1573, 45762, 94524, 35755, 32943, 71827, 71670, 16558, 24105, 60194, 63460, 52030, 70450, 68115, 37170, 74590, 45567, 54629, 5725, 85172, 61417, 54506, 78169, 92443, 94152, 97286, 90729, 98431, 21923, 91806, 91215, 9539, 25283, 88955, 21992, 43568, 39295, 10889, 20789, 56007, 943, 72855, 76942, 8942, 7759, 97777, 37307, 60206, 47127, 31059, 56075, 49075, 27392, 83476, 56280, 34162, 34476, 2995, 89626, 72491, 10343, 77379, 88390, 46151, 52405, 17849, 67616, 60968, 77448, 3012, 11905, 89855, 55382, 1710, 27710, 13838, 56579, 51865, 18942, 52511, 18314, 17423, 62667, 73550, 27356, 31707, 24937, 85986, 41982, 29792, 51747, 77050, 33505, 87200, 35919, 25026, 57877, 33854, 14431, 62602, 44937, 83542, 26581, 41702, 40546, 83724, 57348, 95648, 17217, 81032, 51333, 62479, 95232, 68193, 19337, 54406, 7241, 84508, 31853, 36337, 97444, 6715, 84142, 14143, 29646, 61418, 46691, 91055, 95261, 21607, 49389, 87440, 53345, 41371, 1669, 16850, 18440, 60983, 69600, 53625, 40097, 54633, 9055, 65860, 3054, 54468, 13994, 50399, 96381, 93456, 37386, 12374, 72359, 13808, 91360, 1863, 60158, 8379, 60424, 44909, 64466, 68566, 65812, 52188, 94818]})"
141.0,7,31,89,38.101420164108276,40003,"Genotype(dna={""<class 'abc.NT_0017'>"": [0, 1863], ""<class 'abc.NT_0017_P_00000'>"": [], ""<class 'abc.NT_0001'>"": [26948, 2, 2, 30908, 0, 1, 75632], ""<class 'abc.NT_0001_P_00000'>"": [], ""<class 'bool'>"": [78447, 35570, 21927, 2927, 64826, 47769, 23648, 93816, 7134, 25648, 20134, 85082, 87339, 47436, 78194, 76892, 90332, 3649, 34428, 50242, 42523, 55047, 79213, 38241, 94818, 24110, 33409], ""<class 'abc.NT_0000'>"": [1, 2, 6, 0, 70097, 0, 52590, 37022, 5, 2, 0, 34708, 3, 1, 0, 2, 2, 58484, 74373, 76729, 1, 0, 2, 0, 82071, 65812], ""<class 'abc.NT_0000_P_00000'>"": [], ""<class 'int'>"": [51614, 94798, 85886, 59354, 52526, 36031, 69880, 91268, 99322, 53598, 68614, 93746, 6702, 40963, 73390, 92372, 19142, 84521, 58460, 83038, 905, 28012, 78957, 84653, 71744, 91314, 22611, 11549, 26079, 62592, 15802, 74401, 73532, 53270, 89661, 97478, 24483, 14210, 58941, 10735, 60856, 12770, 53654, 52188], ""<class 'abc.NT_0000_P_00001'>"": [], ""<class 'abc.NT_0000_P_00002'>"": [], ""<class 'abc.NT_0000_P_00003'>"": [], ""<class 'abc.NT_0000_P_00004'>"": [], ""<class 'abc.NT_0000_P_00005'>"": [], ""<class 'abc.NT_0000_P_00006'>"": [], ""<class 'abc.NT_0001_P_00001'>"": [], ""<class 'abc.NT_0001_P_00002'>"": [], ""<class 'abc.NT_0001_P_00003'>"": [], ""<class 'abc.NT_0001_P_00004'>"": [], ""<class 'abc.NT_0005'>"": [2, 8379], ""<class 'abc.NT_0005_P_00000'>"": [], ""<class 'abc.NT_0003'>"": [0, 0, 2, 73361], ""<class 'abc.NT_0003_P_00000'>"": [], ""<class 'abc.NT_0002'>"": [3, 1, 2, 3, 2, 90644], ""<class 'abc.NT_0002_P_00000'>"": [], ""<class 'abc.NT_0002_P_00001'>"": [], ""<class 'abc.NT_0002_P_00002'>"": [], ""<class 'abc.NT_0002_P_00003'>"": [], ""<class 'abc.NT_0002_P_00004'>"": [], ""<class 'abc.NT_0003_P_00001'>"": [], ""<class 'abc.NT_0003_P_00002'>"": [], ""<class 'abc.NT_0004'>"": [0, 60424], ""<class 'abc.NT_0004_P_00000'>"": [], ""<class 'abc.NT_0004_P_00001'>"": [], ""<class 'abc.NT_0005_P_00001'>"": [], ""<class 'abc.NT_0005_P_00002'>"": [], ""<class 'abc.NT_0011'>"": [], ""<class 'abc.NT_0011_P_00000'>"": [], ""<class 'abc.NT_0017_P_00001'>"": [], ""<class 'abc.NT_0012'>"": [0, 60158], ""<class 'abc.NT_0012_P_00000'>"": [], ""<class 'abc.NT_0010'>"": [], ""<class 'abc.NT_0010_P_00000'>"": [], ""<class 'abc.NT_0009'>"": [], ""<class 'abc.NT_0009_P_00000'>"": [], ""<class 'abc.NT_0008'>"": [], ""<class 'abc.NT_0008_P_00000'>"": [], ""<class 'abc.NT_0006'>"": [], ""<class 'abc.NT_0006_P_00000'>"": [], ""<class 'abc.NT_0008_P_00001'>"": [], ""<class 'abc.NT_0008_P_00002'>"": [], ""<class 'abc.NT_0008_P_00003'>"": [], ""<class 'abc.NT_0008_P_00004'>"": [], ""<class 'abc.NT_0007'>"": [], ""<class 'abc.NT_0007_P_00000'>"": [], ""<class 'abc.NT_0007_P_00001'>"": [], ""<class 'abc.NT_0007_P_00002'>"": [], ""<class 'abc.NT_0009_P_00001'>"": [], ""<class 'abc.NT_0010_P_00001'>"": [], ""<class 'abc.NT_0010_P_00002'>"": [], ""<class 'abc.NT_0012_P_00001'>"": [], ""<class 'abc.NT_0012_P_00002'>"": [], '$leftovers': [24110, 33409, 84800, 52930, 73355, 35471, 40030, 9296, 20749, 33075, 49628, 11537, 15, 90830, 51946, 20435, 67193, 37276, 25620, 25545, 23848, 32840, 79736, 6117, 22259, 57571, 60709, 16020, 90131, 83681, 49236, 19740, 96719, 28286, 96500, 25056, 2425, 4606, 76743, 50141, 80972, 89178, 58155, 60076, 20023, 49957, 78859, 71701, 63157, 51036, 27194, 57618, 41826, 72622, 26518, 13650, 37174, 65866, 51535, 26693, 46306, 18622, 78957, 96794, 12749, 98789, 43609, 19799, 33366, 8952, 34480, 94159, 44897, 75759, 82931, 16277, 14916, 72994, 49309, 70538, 2034, 42550, 91026, 7880, 3338, 60131, 98080, 28093, 32900, 15622, 26775, 29552, 32342, 14515, 36096, 41783, 62811, 37254, 75355, 63411, 75272, 23694, 84310, 71082, 79212, 33588, 90706, 48187, 31189, 88482, 9367, 56255, 79617, 1270, 55560, 26203, 26155, 40545, 15484, 55048, 21590, 6079, 95713, 42042, 7599, 11012, 10867, 6326, 4226, 36219, 64167, 95573, 17592, 32396, 33047, 42672, 14688, 56724, 34006, 26116, 19739, 92564, 32446, 49106, 86197, 89608, 29620, 89318, 4676, 30220, 92140, 82233, 42586, 84937, 67832, 88616, 54115, 36688, 72537, 89206, 19927, 60142, 31365, 9503, 17153, 77426, 27373, 71618, 24526, 11066, 35200, 85609, 149, 12686, 31762, 76331, 79662, 42034, 4753, 45093, 9160, 29879, 54031, 81574, 52405, 74338, 45103, 97062, 38418, 65500, 83214, 33515, 71498, 84236, 27012, 42946, 15648, 18758, 74221, 18239, 86131, 1230, 2760, 87805, 47794, 89910, 39873, 11161, 88967, 57997, 33988, 52998, 11574, 11690, 91965, 60505, 6728, 20304, 66663, 21797, 36314, 23383, 77728, 66566, 30573, 81589, 35200, 85889, 50823, 87892, 82732, 87939, 51151, 25364, 57741, 65481, 95697, 91763, 24126, 50698, 89794, 21082, 38556, 8845, 86758, 95312, 40982, 27576, 22409, 10764, 59686, 42374, 46705, 20305, 91930, 20443, 55812, 94550, 17871, 37347, 86111, 91872, 76531, 97561, 22247, 70828, 10031, 86871, 3457, 34403, 47195, 55824, 77269, 2312, 23015, 10509, 90685, 33220, 5095, 32669, 57665, 87461, 23705, 23892, 79569, 25099, 22463, 6825, 87678, 12700, 8086, 18347, 2080, 81725, 1743, 21695, 98864, 601, 27012, 26238, 83756, 20196, 9283, 37922, 9584, 31059, 69305, 33408, 87700, 5472, 17218, 94029, 30946, 42707, 26938, 23929, 42631, 58629, 82345, 34078, 27640, 26857, 52482, 1908, 53363, 57718, 53277, 60874, 47192, 65156, 64324, 98908, 18086, 34571, 80780, 21654, 13015, 54185, 65778, 82905, 54333, 16295, 29750, 10179, 8498, 41149, 76875, 75817, 52840, 36350, 67047, 80721, 50387, 89921, 76598, 79179, 69374, 34188, 84323, 90189, 80063, 75353, 58141, 98604, 61869, 50914, 95998, 60953, 31372, 32800, 20253, 10965, 57825, 30921, 72002, 23478, 52144, 74671, 49790, 35369, 96851, 96268, 91735, 26265, 71492, 35041, 22667, 85381, 87967, 56897, 37761, 44123, 52620, 81795, 86745, 6668, 71796, 22328, 50981, 1304, 65894, 39334, 28965, 37736, 33502, 94725, 98644, 29317, 28672, 49720, 92944, 79154, 30886, 83581, 56853, 86563, 45680, 29702, 43297, 89488, 55541, 95711, 64055, 55857, 75831, 20915, 33733, 41601, 40608, 13946, 42643, 60946, 78379, 66893, 47265, 47663, 96044, 31575, 23271, 29732, 18765, 73934, 86595, 19623, 58152, 23341, 42797, 82035, 84610, 84617, 26296, 48384, 7808, 85181, 83581, 85225, 34491, 3068, 83145, 63958, 59227, 71005, 79763, 19625, 78522, 84816, 70026, 30736, 71763, 20974, 85431, 42194, 51257, 95945, 87370, 84376, 7316, 96397, 73523, 45377, 38170, 929, 19455, 92318, 44476, 31469, 69802, 39812, 96151, 1351, 97970, 67167, 69990, 20536, 43930, 89552, 7692, 94070, 25734, 2163, 89653, 41361, 65843, 55026, 76161, 33606, 7726, 57770, 26583, 72401, 4290, 24460, 59579, 28419, 26896, 42516, 11149, 32412, 43883, 76759, 72953, 63003, 29642, 79399, 49163, 14266, 55493, 15592, 19124, 64343, 71700, 16518, 77843, 61244, 80217, 51694, 11787, 24162, 70922, 1802, 19601, 58039, 19725, 17982, 7030, 87818, 81146, 64592, 10711, 8313, 80311, 12180, 49490, 79809, 96851, 93114, 19741, 87950, 3665, 43498, 8117, 64, 90216, 51752, 43265, 1055, 25064, 4579, 20591, 64262, 8289, 34540, 9038, 32463, 95965, 3202, 36219, 54773, 36301, 21802, 67750, 14517, 59282, 15980, 432, 86613, 99020, 91465, 77787, 78248, 48946, 57777, 58757, 97167, 43438, 57904, 2014, 13213, 67388, 10589, 17904, 46813, 71128, 52635, 3372, 7022, 6285, 13222, 36250, 40728, 91163, 35142, 11502, 89851, 62932, 77460, 96657, 21864, 99883, 81995, 74277, 60986, 50282, 74931, 46950, 5360, 53700, 31843, 59827, 47670, 32934, 30419, 79491, 57514, 74807, 23996, 53538, 62864, 15792, 27971, 79999, 4588, 61344, 72986, 76402, 5098, 58305, 25903, 32899, 85790, 91428, 60548, 56234, 39548, 43974, 98619, 77439, 15993, 73803, 83604, 25519, 18459, 20066, 25903, 97967, 33677, 7371, 6, 36499, 11324, 1243, 39947, 55479, 70470, 34082, 56050, 29544, 54987, 62746, 66607, 80357, 49628, 67933, 33670, 28091, 66945, 50534, 26141, 53322, 91035, 77729, 27580, 46478, 28257, 47427, 93318, 56880, 30918, 94174, 58362, 78991, 44614, 79630, 30263, 11791, 42548, 14198, 37648, 38023, 21220, 21014, 7344, 63974, 96287, 17660, 60202, 79326, 52006, 11171, 66690, 12255, 20285, 10423, 55277, 57487, 11691, 54689, 5652, 76519, 3461, 69755, 64707, 16312, 16295, 40601, 70148, 36176, 16065, 40040, 14183, 24121, 47242, 22032, 11279, 3191, 76223, 38556, 49976, 63279, 28556, 9220, 29217, 76607, 75006, 23148, 76606, 47161, 35794, 52195, 48659, 92402, 6526, 92368, 4935, 12370, 31129, 9968, 86963, 31409, 47029, 77066, 80727, 15785, 15932, 83533, 62000, 17471, 96923, 65812, 20445, 91749, 85889, 26308, 19486, 21715, 34331, 93146, 59506, 57820, 30428, 93243, 92765, 52847, 89535, 66389, 58839, 4150, 25361, 82879, 61511, 68281, 78697, 78403, 87273, 13980, 42687, 23918, 63683, 41580, 73250, 59609, 11414, 2509, 70598, 74474, 19451, 16064, 20767, 90079, 93316, 16483, 26688, 1007, 58343, 58155, 21038, 71715, 57917, 41869, 25781, 18714, 67682, 93754, 85684, 10313, 1573, 45762, 94524, 35755, 32943, 71827, 71670, 16558, 24105, 60194, 63460, 52030, 70450, 68115, 37170, 74590, 45567, 54629, 5725, 85172, 61417, 54506, 78169, 92443, 94152, 97286, 90729, 98431, 21923, 91806, 91215, 9539, 25283, 88955, 21992, 43568, 39295, 10889, 20789, 56007, 943, 72855, 76942, 8942, 7759, 97777, 37307, 60206, 47127, 31059, 56075, 49075, 27392, 83476, 56280, 34162, 34476, 2995, 89626, 72491, 10343, 77379, 88390, 46151, 52405, 17849, 67616, 60968, 77448, 3012, 11905, 89855, 55382, 1710, 27710, 13838, 56579, 51865, 18942, 52511, 18314, 17423, 62667, 73550, 27356, 31707, 24937, 85986, 41982, 29792, 51747, 77050, 33505, 87200, 35919, 25026, 57877, 33854, 14431, 62602, 44937, 83542, 26581, 41702, 40546, 83724, 57348, 95648, 17217, 81032, 51333, 62479, 95232, 68193, 19337, 54406, 7241, 84508, 31853, 36337, 97444, 6715, 84142, 14143, 29646, 61418, 46691, 91055, 95261, 21607, 49389, 87440, 53345, 41371, 1669, 16850, 18440, 60983, 69600, 53625, 40097, 54633, 9055, 65860, 3054, 54468, 13994, 50399, 96381, 93456, 37386, 12374, 72359, 13808, 91360, 1863, 60158, 8379, 60424, 44909, 64466, 68566, 65812, 52188, 94818]})"
141.0,7,31,90,38.411452293395996,40003,"Genotype(dna={""<class 'abc.NT_0017'>"": [0, 1863], ""<class 'abc.NT_0017_P_00000'>"": [], ""<class 'abc.NT_0001'>"": [26948, 2, 2, 30908, 0, 1, 75632], ""<class 'abc.NT_0001_P_00000'>"": [], ""<class 'bool'>"": [78447, 35570, 21927, 2927, 64826, 47769, 23648, 93816, 7134, 25648, 20134, 85082, 87339, 47436, 78194, 76892, 90332, 3649, 34428, 50242, 42523, 55047, 79213, 38241, 94818, 24110, 33409], ""<class 'abc.NT_0000'>"": [1, 2, 6, 0, 70097, 0, 52590, 37022, 5, 2, 0, 34708, 3, 1, 0, 2, 2, 58484, 74373, 76729, 1, 0, 2, 0, 82071, 65812], ""<class 'abc.NT_0000_P_00000'>"": [], ""<class 'int'>"": [51614, 94798, 85886, 59354, 52526, 36031, 69880, 91268, 99322, 53598, 68614, 93746, 6702, 40963, 73390, 92372, 19142, 84521, 58460, 83038, 905, 28012, 78957, 84653, 71744, 91314, 22611, 11549, 26079, 62592, 15802, 74401, 73532, 53270, 89661, 97478, 24483, 14210, 58941, 10735, 60856, 12770, 53654, 52188], ""<class 'abc.NT_0000_P_00001'>"": [], ""<class 'abc.NT_0000_P_00002'>"": [], ""<class 'abc.NT_0000_P_00003'>"": [], ""<class 'abc.NT_0000_P_00004'>"": [], ""<class 'abc.NT_0000_P_00005'>"": [], ""<class 'abc.NT_0000_P_00006'>"": [], ""<class 'abc.NT_0001_P_00001'>"": [], ""<class 'abc.NT_0001_P_00002'>"": [], ""<class 'abc.NT_0001_P_00003'>"": [], ""<class 'abc.NT_0001_P_00004'>"": [], ""<class 'abc.NT_0005'>"": [2, 8379], ""<class 'abc.NT_0005_P_00000'>"": [], ""<class 'abc.NT_0003'>"": [0, 0, 2, 73361], ""<class 'abc.NT_0003_P_00000'>"": [], ""<class 'abc.NT_0002'>"": [3, 1, 2, 3, 2, 90644], ""<class 'abc.NT_0002_P_00000'>"": [], ""<class 'abc.NT_0002_P_00001'>"": [], ""<class 'abc.NT_0002_P_00002'>"": [], ""<class 'abc.NT_0002_P_00003'>"": [], ""<class 'abc.NT_0002_P_00004'>"": [], ""<class 'abc.NT_0003_P_00001'>"": [], ""<class 'abc.NT_0003_P_00002'>"": [], ""<class 'abc.NT_0004'>"": [0, 60424], ""<class 'abc.NT_0004_P_00000'>"": [], ""<class 'abc.NT_0004_P_00001'>"": [], ""<class 'abc.NT_0005_P_00001'>"": [], ""<class 'abc.NT_0005_P_00002'>"": [], ""<class 'abc.NT_0011'>"": [], ""<class 'abc.NT_0011_P_00000'>"": [], ""<class 'abc.NT_0017_P_00001'>"": [], ""<class 'abc.NT_0012'>"": [0, 60158], ""<class 'abc.NT_0012_P_00000'>"": [], ""<class 'abc.NT_0010'>"": [], ""<class 'abc.NT_0010_P_00000'>"": [], ""<class 'abc.NT_0009'>"": [], ""<class 'abc.NT_0009_P_00000'>"": [], ""<class 'abc.NT_0008'>"": [], ""<class 'abc.NT_0008_P_00000'>"": [], ""<class 'abc.NT_0006'>"": [], ""<class 'abc.NT_0006_P_00000'>"": [], ""<class 'abc.NT_0008_P_00001'>"": [], ""<class 'abc.NT_0008_P_00002'>"": [], ""<class 'abc.NT_0008_P_00003'>"": [], ""<class 'abc.NT_0008_P_00004'>"": [], ""<class 'abc.NT_0007'>"": [], ""<class 'abc.NT_0007_P_00000'>"": [], ""<class 'abc.NT_0007_P_00001'>"": [], ""<class 'abc.NT_0007_P_00002'>"": [], ""<class 'abc.NT_0009_P_00001'>"": [], ""<class 'abc.NT_0010_P_00001'>"": [], ""<class 'abc.NT_0010_P_00002'>"": [], ""<class 'abc.NT_0012_P_00001'>"": [], ""<class 'abc.NT_0012_P_00002'>"": [], '$leftovers': [24110, 33409, 84800, 52930, 73355, 35471, 40030, 9296, 20749, 33075, 49628, 11537, 15, 90830, 51946, 20435, 67193, 37276, 25620, 25545, 23848, 32840, 79736, 6117, 22259, 57571, 60709, 16020, 90131, 83681, 49236, 19740, 96719, 28286, 96500, 25056, 2425, 4606, 76743, 50141, 80972, 89178, 58155, 60076, 20023, 49957, 78859, 71701, 63157, 51036, 27194, 57618, 41826, 72622, 26518, 13650, 37174, 65866, 51535, 26693, 46306, 18622, 78957, 96794, 12749, 98789, 43609, 19799, 33366, 8952, 34480, 94159, 44897, 75759, 82931, 16277, 14916, 72994, 49309, 70538, 2034, 42550, 91026, 7880, 3338, 60131, 98080, 28093, 32900, 15622, 26775, 29552, 32342, 14515, 36096, 41783, 62811, 37254, 75355, 63411, 75272, 23694, 84310, 71082, 79212, 33588, 90706, 48187, 31189, 88482, 9367, 56255, 79617, 1270, 55560, 26203, 26155, 40545, 15484, 55048, 21590, 6079, 95713, 42042, 7599, 11012, 10867, 6326, 4226, 36219, 64167, 95573, 17592, 32396, 33047, 42672, 14688, 56724, 34006, 26116, 19739, 92564, 32446, 49106, 86197, 89608, 29620, 89318, 4676, 30220, 92140, 82233, 42586, 84937, 67832, 88616, 54115, 36688, 72537, 89206, 19927, 60142, 31365, 9503, 17153, 77426, 27373, 71618, 24526, 11066, 35200, 85609, 149, 12686, 31762, 76331, 79662, 42034, 4753, 45093, 9160, 29879, 54031, 81574, 52405, 74338, 45103, 97062, 38418, 65500, 83214, 33515, 71498, 84236, 27012, 42946, 15648, 18758, 74221, 18239, 86131, 1230, 2760, 87805, 47794, 89910, 39873, 11161, 88967, 57997, 33988, 52998, 11574, 11690, 91965, 60505, 6728, 20304, 66663, 21797, 36314, 23383, 77728, 66566, 30573, 81589, 35200, 85889, 50823, 87892, 82732, 87939, 51151, 25364, 57741, 65481, 95697, 91763, 24126, 50698, 89794, 21082, 38556, 8845, 86758, 95312, 40982, 27576, 22409, 10764, 59686, 42374, 46705, 20305, 91930, 20443, 55812, 94550, 17871, 37347, 86111, 91872, 76531, 97561, 22247, 70828, 10031, 86871, 3457, 34403, 47195, 55824, 77269, 2312, 23015, 10509, 90685, 33220, 5095, 32669, 57665, 87461, 23705, 23892, 79569, 25099, 22463, 6825, 87678, 12700, 8086, 18347, 2080, 81725, 1743, 21695, 98864, 601, 27012, 26238, 83756, 20196, 9283, 37922, 9584, 31059, 69305, 33408, 87700, 5472, 17218, 94029, 30946, 42707, 26938, 23929, 42631, 58629, 82345, 34078, 27640, 26857, 52482, 1908, 53363, 57718, 53277, 60874, 47192, 65156, 64324, 98908, 18086, 34571, 80780, 21654, 13015, 54185, 65778, 82905, 54333, 16295, 29750, 10179, 8498, 41149, 76875, 75817, 52840, 36350, 67047, 80721, 50387, 89921, 76598, 79179, 69374, 34188, 84323, 90189, 80063, 75353, 58141, 98604, 61869, 50914, 95998, 60953, 31372, 32800, 20253, 10965, 57825, 30921, 72002, 23478, 52144, 74671, 49790, 35369, 96851, 96268, 91735, 26265, 71492, 35041, 22667, 85381, 87967, 56897, 37761, 44123, 52620, 81795, 86745, 6668, 71796, 22328, 50981, 1304, 65894, 39334, 28965, 37736, 33502, 94725, 98644, 29317, 28672, 49720, 92944, 79154, 30886, 83581, 56853, 86563, 45680, 29702, 43297, 89488, 55541, 95711, 64055, 55857, 75831, 20915, 33733, 41601, 40608, 13946, 42643, 60946, 78379, 66893, 47265, 47663, 96044, 31575, 23271, 29732, 18765, 73934, 86595, 19623, 58152, 23341, 42797, 82035, 84610, 84617, 26296, 48384, 7808, 85181, 83581, 85225, 34491, 3068, 83145, 63958, 59227, 71005, 79763, 19625, 78522, 84816, 70026, 30736, 71763, 20974, 85431, 42194, 51257, 95945, 87370, 84376, 7316, 96397, 73523, 45377, 38170, 929, 19455, 92318, 44476, 31469, 69802, 39812, 96151, 1351, 97970, 67167, 69990, 20536, 43930, 89552, 7692, 94070, 25734, 2163, 89653, 41361, 65843, 55026, 76161, 33606, 7726, 57770, 26583, 72401, 4290, 24460, 59579, 28419, 26896, 42516, 11149, 32412, 43883, 76759, 72953, 63003, 29642, 79399, 49163, 14266, 55493, 15592, 19124, 64343, 71700, 16518, 77843, 61244, 80217, 51694, 11787, 24162, 70922, 1802, 19601, 58039, 19725, 17982, 7030, 87818, 81146, 64592, 10711, 8313, 80311, 12180, 49490, 79809, 96851, 93114, 19741, 87950, 3665, 43498, 8117, 64, 90216, 51752, 43265, 1055, 25064, 4579, 20591, 64262, 8289, 34540, 9038, 32463, 95965, 3202, 36219, 54773, 36301, 21802, 67750, 14517, 59282, 15980, 432, 86613, 99020, 91465, 77787, 78248, 48946, 57777, 58757, 97167, 43438, 57904, 2014, 13213, 67388, 10589, 17904, 46813, 71128, 52635, 3372, 7022, 6285, 13222, 36250, 40728, 91163, 35142, 11502, 89851, 62932, 77460, 96657, 21864, 99883, 81995, 74277, 60986, 50282, 74931, 46950, 5360, 53700, 31843, 59827, 47670, 32934, 30419, 79491, 57514, 74807, 23996, 53538, 62864, 15792, 27971, 79999, 4588, 61344, 72986, 76402, 5098, 58305, 25903, 32899, 85790, 91428, 60548, 56234, 39548, 43974, 98619, 77439, 15993, 73803, 83604, 25519, 18459, 20066, 25903, 97967, 33677, 7371, 6, 36499, 11324, 1243, 39947, 55479, 70470, 34082, 56050, 29544, 54987, 62746, 66607, 80357, 49628, 67933, 33670, 28091, 66945, 50534, 26141, 53322, 91035, 77729, 27580, 46478, 28257, 47427, 93318, 56880, 30918, 94174, 58362, 78991, 44614, 79630, 30263, 11791, 42548, 14198, 37648, 38023, 21220, 21014, 7344, 63974, 96287, 17660, 60202, 79326, 52006, 11171, 66690, 12255, 20285, 10423, 55277, 57487, 11691, 54689, 5652, 76519, 3461, 69755, 64707, 16312, 16295, 40601, 70148, 36176, 16065, 40040, 14183, 24121, 47242, 22032, 11279, 3191, 76223, 38556, 49976, 63279, 28556, 9220, 29217, 76607, 75006, 23148, 76606, 47161, 35794, 52195, 48659, 92402, 6526, 92368, 4935, 12370, 31129, 9968, 86963, 31409, 47029, 77066, 80727, 15785, 15932, 83533, 62000, 17471, 96923, 65812, 20445, 91749, 85889, 26308, 19486, 21715, 34331, 93146, 59506, 57820, 30428, 93243, 92765, 52847, 89535, 66389, 58839, 4150, 25361, 82879, 61511, 68281, 78697, 78403, 87273, 13980, 42687, 23918, 63683, 41580, 73250, 59609, 11414, 2509, 70598, 74474, 19451, 16064, 20767, 90079, 93316, 16483, 26688, 1007, 58343, 58155, 21038, 71715, 57917, 41869, 25781, 18714, 67682, 93754, 85684, 10313, 1573, 45762, 94524, 35755, 32943, 71827, 71670, 16558, 24105, 60194, 63460, 52030, 70450, 68115, 37170, 74590, 45567, 54629, 5725, 85172, 61417, 54506, 78169, 92443, 94152, 97286, 90729, 98431, 21923, 91806, 91215, 9539, 25283, 88955, 21992, 43568, 39295, 10889, 20789, 56007, 943, 72855, 76942, 8942, 7759, 97777, 37307, 60206, 47127, 31059, 56075, 49075, 27392, 83476, 56280, 34162, 34476, 2995, 89626, 72491, 10343, 77379, 88390, 46151, 52405, 17849, 67616, 60968, 77448, 3012, 11905, 89855, 55382, 1710, 27710, 13838, 56579, 51865, 18942, 52511, 18314, 17423, 62667, 73550, 27356, 31707, 24937, 85986, 41982, 29792, 51747, 77050, 33505, 87200, 35919, 25026, 57877, 33854, 14431, 62602, 44937, 83542, 26581, 41702, 40546, 83724, 57348, 95648, 17217, 81032, 51333, 62479, 95232, 68193, 19337, 54406, 7241, 84508, 31853, 36337, 97444, 6715, 84142, 14143, 29646, 61418, 46691, 91055, 95261, 21607, 49389, 87440, 53345, 41371, 1669, 16850, 18440, 60983, 69600, 53625, 40097, 54633, 9055, 65860, 3054, 54468, 13994, 50399, 96381, 93456, 37386, 12374, 72359, 13808, 91360, 1863, 60158, 8379, 60424, 44909, 64466, 68566, 65812, 52188, 94818]})"
141.0,7,31,91,38.673229932785034,40003,"Genotype(dna={""<class 'abc.NT_0017'>"": [0, 1863], ""<class 'abc.NT_0017_P_00000'>"": [], ""<class 'abc.NT_0001'>"": [26948, 2, 2, 30908, 0, 1, 75632], ""<class 'abc.NT_0001_P_00000'>"": [], ""<class 'bool'>"": [78447, 35570, 21927, 2927, 64826, 47769, 23648, 93816, 7134, 25648, 20134, 85082, 87339, 47436, 78194, 76892, 90332, 3649, 34428, 50242, 42523, 55047, 79213, 38241, 94818, 24110, 33409], ""<class 'abc.NT_0000'>"": [1, 2, 6, 0, 70097, 0, 52590, 37022, 5, 2, 0, 34708, 3, 1, 0, 2, 2, 58484, 74373, 76729, 1, 0, 2, 0, 82071, 65812], ""<class 'abc.NT_0000_P_00000'>"": [], ""<class 'int'>"": [51614, 94798, 85886, 59354, 52526, 36031, 69880, 91268, 99322, 53598, 68614, 93746, 6702, 40963, 73390, 92372, 19142, 84521, 58460, 83038, 905, 28012, 78957, 84653, 71744, 91314, 22611, 11549, 26079, 62592, 15802, 74401, 73532, 53270, 89661, 97478, 24483, 14210, 58941, 10735, 60856, 12770, 53654, 52188], ""<class 'abc.NT_0000_P_00001'>"": [], ""<class 'abc.NT_0000_P_00002'>"": [], ""<class 'abc.NT_0000_P_00003'>"": [], ""<class 'abc.NT_0000_P_00004'>"": [], ""<class 'abc.NT_0000_P_00005'>"": [], ""<class 'abc.NT_0000_P_00006'>"": [], ""<class 'abc.NT_0001_P_00001'>"": [], ""<class 'abc.NT_0001_P_00002'>"": [], ""<class 'abc.NT_0001_P_00003'>"": [], ""<class 'abc.NT_0001_P_00004'>"": [], ""<class 'abc.NT_0005'>"": [2, 8379], ""<class 'abc.NT_0005_P_00000'>"": [], ""<class 'abc.NT_0003'>"": [0, 0, 2, 73361], ""<class 'abc.NT_0003_P_00000'>"": [], ""<class 'abc.NT_0002'>"": [3, 1, 2, 3, 2, 90644], ""<class 'abc.NT_0002_P_00000'>"": [], ""<class 'abc.NT_0002_P_00001'>"": [], ""<class 'abc.NT_0002_P_00002'>"": [], ""<class 'abc.NT_0002_P_00003'>"": [], ""<class 'abc.NT_0002_P_00004'>"": [], ""<class 'abc.NT_0003_P_00001'>"": [], ""<class 'abc.NT_0003_P_00002'>"": [], ""<class 'abc.NT_0004'>"": [0, 60424], ""<class 'abc.NT_0004_P_00000'>"": [], ""<class 'abc.NT_0004_P_00001'>"": [], ""<class 'abc.NT_0005_P_00001'>"": [], ""<class 'abc.NT_0005_P_00002'>"": [], ""<class 'abc.NT_0011'>"": [], ""<class 'abc.NT_0011_P_00000'>"": [], ""<class 'abc.NT_0017_P_00001'>"": [], ""<class 'abc.NT_0012'>"": [0, 60158], ""<class 'abc.NT_0012_P_00000'>"": [], ""<class 'abc.NT_0010'>"": [], ""<class 'abc.NT_0010_P_00000'>"": [], ""<class 'abc.NT_0009'>"": [], ""<class 'abc.NT_0009_P_00000'>"": [], ""<class 'abc.NT_0008'>"": [], ""<class 'abc.NT_0008_P_00000'>"": [], ""<class 'abc.NT_0006'>"": [], ""<class 'abc.NT_0006_P_00000'>"": [], ""<class 'abc.NT_0008_P_00001'>"": [], ""<class 'abc.NT_0008_P_00002'>"": [], ""<class 'abc.NT_0008_P_00003'>"": [], ""<class 'abc.NT_0008_P_00004'>"": [], ""<class 'abc.NT_0007'>"": [], ""<class 'abc.NT_0007_P_00000'>"": [], ""<class 'abc.NT_0007_P_00001'>"": [], ""<class 'abc.NT_0007_P_00002'>"": [], ""<class 'abc.NT_0009_P_00001'>"": [], ""<class 'abc.NT_0010_P_00001'>"": [], ""<class 'abc.NT_0010_P_00002'>"": [], ""<class 'abc.NT_0012_P_00001'>"": [], ""<class 'abc.NT_0012_P_00002'>"": [], '$leftovers': [24110, 33409, 84800, 52930, 73355, 35471, 40030, 9296, 20749, 33075, 49628, 11537, 15, 90830, 51946, 20435, 67193, 37276, 25620, 25545, 23848, 32840, 79736, 6117, 22259, 57571, 60709, 16020, 90131, 83681, 49236, 19740, 96719, 28286, 96500, 25056, 2425, 4606, 76743, 50141, 80972, 89178, 58155, 60076, 20023, 49957, 78859, 71701, 63157, 51036, 27194, 57618, 41826, 72622, 26518, 13650, 37174, 65866, 51535, 26693, 46306, 18622, 78957, 96794, 12749, 98789, 43609, 19799, 33366, 8952, 34480, 94159, 44897, 75759, 82931, 16277, 14916, 72994, 49309, 70538, 2034, 42550, 91026, 7880, 3338, 60131, 98080, 28093, 32900, 15622, 26775, 29552, 32342, 14515, 36096, 41783, 62811, 37254, 75355, 63411, 75272, 23694, 84310, 71082, 79212, 33588, 90706, 48187, 31189, 88482, 9367, 56255, 79617, 1270, 55560, 26203, 26155, 40545, 15484, 55048, 21590, 6079, 95713, 42042, 7599, 11012, 10867, 6326, 4226, 36219, 64167, 95573, 17592, 32396, 33047, 42672, 14688, 56724, 34006, 26116, 19739, 92564, 32446, 49106, 86197, 89608, 29620, 89318, 4676, 30220, 92140, 82233, 42586, 84937, 67832, 88616, 54115, 36688, 72537, 89206, 19927, 60142, 31365, 9503, 17153, 77426, 27373, 71618, 24526, 11066, 35200, 85609, 149, 12686, 31762, 76331, 79662, 42034, 4753, 45093, 9160, 29879, 54031, 81574, 52405, 74338, 45103, 97062, 38418, 65500, 83214, 33515, 71498, 84236, 27012, 42946, 15648, 18758, 74221, 18239, 86131, 1230, 2760, 87805, 47794, 89910, 39873, 11161, 88967, 57997, 33988, 52998, 11574, 11690, 91965, 60505, 6728, 20304, 66663, 21797, 36314, 23383, 77728, 66566, 30573, 81589, 35200, 85889, 50823, 87892, 82732, 87939, 51151, 25364, 57741, 65481, 95697, 91763, 24126, 50698, 89794, 21082, 38556, 8845, 86758, 95312, 40982, 27576, 22409, 10764, 59686, 42374, 46705, 20305, 91930, 20443, 55812, 94550, 17871, 37347, 86111, 91872, 76531, 97561, 22247, 70828, 10031, 86871, 3457, 34403, 47195, 55824, 77269, 2312, 23015, 10509, 90685, 33220, 5095, 32669, 57665, 87461, 23705, 23892, 79569, 25099, 22463, 6825, 87678, 12700, 8086, 18347, 2080, 81725, 1743, 21695, 98864, 601, 27012, 26238, 83756, 20196, 9283, 37922, 9584, 31059, 69305, 33408, 87700, 5472, 17218, 94029, 30946, 42707, 26938, 23929, 42631, 58629, 82345, 34078, 27640, 26857, 52482, 1908, 53363, 57718, 53277, 60874, 47192, 65156, 64324, 98908, 18086, 34571, 80780, 21654, 13015, 54185, 65778, 82905, 54333, 16295, 29750, 10179, 8498, 41149, 76875, 75817, 52840, 36350, 67047, 80721, 50387, 89921, 76598, 79179, 69374, 34188, 84323, 90189, 80063, 75353, 58141, 98604, 61869, 50914, 95998, 60953, 31372, 32800, 20253, 10965, 57825, 30921, 72002, 23478, 52144, 74671, 49790, 35369, 96851, 96268, 91735, 26265, 71492, 35041, 22667, 85381, 87967, 56897, 37761, 44123, 52620, 81795, 86745, 6668, 71796, 22328, 50981, 1304, 65894, 39334, 28965, 37736, 33502, 94725, 98644, 29317, 28672, 49720, 92944, 79154, 30886, 83581, 56853, 86563, 45680, 29702, 43297, 89488, 55541, 95711, 64055, 55857, 75831, 20915, 33733, 41601, 40608, 13946, 42643, 60946, 78379, 66893, 47265, 47663, 96044, 31575, 23271, 29732, 18765, 73934, 86595, 19623, 58152, 23341, 42797, 82035, 84610, 84617, 26296, 48384, 7808, 85181, 83581, 85225, 34491, 3068, 83145, 63958, 59227, 71005, 79763, 19625, 78522, 84816, 70026, 30736, 71763, 20974, 85431, 42194, 51257, 95945, 87370, 84376, 7316, 96397, 73523, 45377, 38170, 929, 19455, 92318, 44476, 31469, 69802, 39812, 96151, 1351, 97970, 67167, 69990, 20536, 43930, 89552, 7692, 94070, 25734, 2163, 89653, 41361, 65843, 55026, 76161, 33606, 7726, 57770, 26583, 72401, 4290, 24460, 59579, 28419, 26896, 42516, 11149, 32412, 43883, 76759, 72953, 63003, 29642, 79399, 49163, 14266, 55493, 15592, 19124, 64343, 71700, 16518, 77843, 61244, 80217, 51694, 11787, 24162, 70922, 1802, 19601, 58039, 19725, 17982, 7030, 87818, 81146, 64592, 10711, 8313, 80311, 12180, 49490, 79809, 96851, 93114, 19741, 87950, 3665, 43498, 8117, 64, 90216, 51752, 43265, 1055, 25064, 4579, 20591, 64262, 8289, 34540, 9038, 32463, 95965, 3202, 36219, 54773, 36301, 21802, 67750, 14517, 59282, 15980, 432, 86613, 99020, 91465, 77787, 78248, 48946, 57777, 58757, 97167, 43438, 57904, 2014, 13213, 67388, 10589, 17904, 46813, 71128, 52635, 3372, 7022, 6285, 13222, 36250, 40728, 91163, 35142, 11502, 89851, 62932, 77460, 96657, 21864, 99883, 81995, 74277, 60986, 50282, 74931, 46950, 5360, 53700, 31843, 59827, 47670, 32934, 30419, 79491, 57514, 74807, 23996, 53538, 62864, 15792, 27971, 79999, 4588, 61344, 72986, 76402, 5098, 58305, 25903, 32899, 85790, 91428, 60548, 56234, 39548, 43974, 98619, 77439, 15993, 73803, 83604, 25519, 18459, 20066, 25903, 97967, 33677, 7371, 6, 36499, 11324, 1243, 39947, 55479, 70470, 34082, 56050, 29544, 54987, 62746, 66607, 80357, 49628, 67933, 33670, 28091, 66945, 50534, 26141, 53322, 91035, 77729, 27580, 46478, 28257, 47427, 93318, 56880, 30918, 94174, 58362, 78991, 44614, 79630, 30263, 11791, 42548, 14198, 37648, 38023, 21220, 21014, 7344, 63974, 96287, 17660, 60202, 79326, 52006, 11171, 66690, 12255, 20285, 10423, 55277, 57487, 11691, 54689, 5652, 76519, 3461, 69755, 64707, 16312, 16295, 40601, 70148, 36176, 16065, 40040, 14183, 24121, 47242, 22032, 11279, 3191, 76223, 38556, 49976, 63279, 28556, 9220, 29217, 76607, 75006, 23148, 76606, 47161, 35794, 52195, 48659, 92402, 6526, 92368, 4935, 12370, 31129, 9968, 86963, 31409, 47029, 77066, 80727, 15785, 15932, 83533, 62000, 17471, 96923, 65812, 20445, 91749, 85889, 26308, 19486, 21715, 34331, 93146, 59506, 57820, 30428, 93243, 92765, 52847, 89535, 66389, 58839, 4150, 25361, 82879, 61511, 68281, 78697, 78403, 87273, 13980, 42687, 23918, 63683, 41580, 73250, 59609, 11414, 2509, 70598, 74474, 19451, 16064, 20767, 90079, 93316, 16483, 26688, 1007, 58343, 58155, 21038, 71715, 57917, 41869, 25781, 18714, 67682, 93754, 85684, 10313, 1573, 45762, 94524, 35755, 32943, 71827, 71670, 16558, 24105, 60194, 63460, 52030, 70450, 68115, 37170, 74590, 45567, 54629, 5725, 85172, 61417, 54506, 78169, 92443, 94152, 97286, 90729, 98431, 21923, 91806, 91215, 9539, 25283, 88955, 21992, 43568, 39295, 10889, 20789, 56007, 943, 72855, 76942, 8942, 7759, 97777, 37307, 60206, 47127, 31059, 56075, 49075, 27392, 83476, 56280, 34162, 34476, 2995, 89626, 72491, 10343, 77379, 88390, 46151, 52405, 17849, 67616, 60968, 77448, 3012, 11905, 89855, 55382, 1710, 27710, 13838, 56579, 51865, 18942, 52511, 18314, 17423, 62667, 73550, 27356, 31707, 24937, 85986, 41982, 29792, 51747, 77050, 33505, 87200, 35919, 25026, 57877, 33854, 14431, 62602, 44937, 83542, 26581, 41702, 40546, 83724, 57348, 95648, 17217, 81032, 51333, 62479, 95232, 68193, 19337, 54406, 7241, 84508, 31853, 36337, 97444, 6715, 84142, 14143, 29646, 61418, 46691, 91055, 95261, 21607, 49389, 87440, 53345, 41371, 1669, 16850, 18440, 60983, 69600, 53625, 40097, 54633, 9055, 65860, 3054, 54468, 13994, 50399, 96381, 93456, 37386, 12374, 72359, 13808, 91360, 1863, 60158, 8379, 60424, 44909, 64466, 68566, 65812, 52188, 94818]})"
141.0,7,31,92,38.96404147148132,40003,"Genotype(dna={""<class 'abc.NT_0017'>"": [0, 1863], ""<class 'abc.NT_0017_P_00000'>"": [], ""<class 'abc.NT_0001'>"": [26948, 2, 2, 30908, 0, 1, 75632], ""<class 'abc.NT_0001_P_00000'>"": [], ""<class 'bool'>"": [78447, 35570, 21927, 2927, 64826, 47769, 23648, 93816, 7134, 25648, 20134, 85082, 87339, 47436, 78194, 76892, 90332, 3649, 34428, 50242, 42523, 55047, 79213, 38241, 94818, 24110, 33409], ""<class 'abc.NT_0000'>"": [1, 2, 6, 0, 70097, 0, 52590, 37022, 5, 2, 0, 34708, 3, 1, 0, 2, 2, 58484, 74373, 76729, 1, 0, 2, 0, 82071, 65812], ""<class 'abc.NT_0000_P_00000'>"": [], ""<class 'int'>"": [51614, 94798, 85886, 59354, 52526, 36031, 69880, 91268, 99322, 53598, 68614, 93746, 6702, 40963, 73390, 92372, 19142, 84521, 58460, 83038, 905, 28012, 78957, 84653, 71744, 91314, 22611, 11549, 26079, 62592, 15802, 74401, 73532, 53270, 89661, 97478, 24483, 14210, 58941, 10735, 60856, 12770, 53654, 52188], ""<class 'abc.NT_0000_P_00001'>"": [], ""<class 'abc.NT_0000_P_00002'>"": [], ""<class 'abc.NT_0000_P_00003'>"": [], ""<class 'abc.NT_0000_P_00004'>"": [], ""<class 'abc.NT_0000_P_00005'>"": [], ""<class 'abc.NT_0000_P_00006'>"": [], ""<class 'abc.NT_0001_P_00001'>"": [], ""<class 'abc.NT_0001_P_00002'>"": [], ""<class 'abc.NT_0001_P_00003'>"": [], ""<class 'abc.NT_0001_P_00004'>"": [], ""<class 'abc.NT_0005'>"": [2, 8379], ""<class 'abc.NT_0005_P_00000'>"": [], ""<class 'abc.NT_0003'>"": [0, 0, 2, 73361], ""<class 'abc.NT_0003_P_00000'>"": [], ""<class 'abc.NT_0002'>"": [3, 1, 2, 3, 2, 90644], ""<class 'abc.NT_0002_P_00000'>"": [], ""<class 'abc.NT_0002_P_00001'>"": [], ""<class 'abc.NT_0002_P_00002'>"": [], ""<class 'abc.NT_0002_P_00003'>"": [], ""<class 'abc.NT_0002_P_00004'>"": [], ""<class 'abc.NT_0003_P_00001'>"": [], ""<class 'abc.NT_0003_P_00002'>"": [], ""<class 'abc.NT_0004'>"": [0, 60424], ""<class 'abc.NT_0004_P_00000'>"": [], ""<class 'abc.NT_0004_P_00001'>"": [], ""<class 'abc.NT_0005_P_00001'>"": [], ""<class 'abc.NT_0005_P_00002'>"": [], ""<class 'abc.NT_0011'>"": [], ""<class 'abc.NT_0011_P_00000'>"": [], ""<class 'abc.NT_0017_P_00001'>"": [], ""<class 'abc.NT_0012'>"": [0, 60158], ""<class 'abc.NT_0012_P_00000'>"": [], ""<class 'abc.NT_0010'>"": [], ""<class 'abc.NT_0010_P_00000'>"": [], ""<class 'abc.NT_0009'>"": [], ""<class 'abc.NT_0009_P_00000'>"": [], ""<class 'abc.NT_0008'>"": [], ""<class 'abc.NT_0008_P_00000'>"": [], ""<class 'abc.NT_0006'>"": [], ""<class 'abc.NT_0006_P_00000'>"": [], ""<class 'abc.NT_0008_P_00001'>"": [], ""<class 'abc.NT_0008_P_00002'>"": [], ""<class 'abc.NT_0008_P_00003'>"": [], ""<class 'abc.NT_0008_P_00004'>"": [], ""<class 'abc.NT_0007'>"": [], ""<class 'abc.NT_0007_P_00000'>"": [], ""<class 'abc.NT_0007_P_00001'>"": [], ""<class 'abc.NT_0007_P_00002'>"": [], ""<class 'abc.NT_0009_P_00001'>"": [], ""<class 'abc.NT_0010_P_00001'>"": [], ""<class 'abc.NT_0010_P_00002'>"": [], ""<class 'abc.NT_0012_P_00001'>"": [], ""<class 'abc.NT_0012_P_00002'>"": [], '$leftovers': [24110, 33409, 84800, 52930, 73355, 35471, 40030, 9296, 20749, 33075, 49628, 11537, 15, 90830, 51946, 20435, 67193, 37276, 25620, 25545, 23848, 32840, 79736, 6117, 22259, 57571, 60709, 16020, 90131, 83681, 49236, 19740, 96719, 28286, 96500, 25056, 2425, 4606, 76743, 50141, 80972, 89178, 58155, 60076, 20023, 49957, 78859, 71701, 63157, 51036, 27194, 57618, 41826, 72622, 26518, 13650, 37174, 65866, 51535, 26693, 46306, 18622, 78957, 96794, 12749, 98789, 43609, 19799, 33366, 8952, 34480, 94159, 44897, 75759, 82931, 16277, 14916, 72994, 49309, 70538, 2034, 42550, 91026, 7880, 3338, 60131, 98080, 28093, 32900, 15622, 26775, 29552, 32342, 14515, 36096, 41783, 62811, 37254, 75355, 63411, 75272, 23694, 84310, 71082, 79212, 33588, 90706, 48187, 31189, 88482, 9367, 56255, 79617, 1270, 55560, 26203, 26155, 40545, 15484, 55048, 21590, 6079, 95713, 42042, 7599, 11012, 10867, 6326, 4226, 36219, 64167, 95573, 17592, 32396, 33047, 42672, 14688, 56724, 34006, 26116, 19739, 92564, 32446, 49106, 86197, 89608, 29620, 89318, 4676, 30220, 92140, 82233, 42586, 84937, 67832, 88616, 54115, 36688, 72537, 89206, 19927, 60142, 31365, 9503, 17153, 77426, 27373, 71618, 24526, 11066, 35200, 85609, 149, 12686, 31762, 76331, 79662, 42034, 4753, 45093, 9160, 29879, 54031, 81574, 52405, 74338, 45103, 97062, 38418, 65500, 83214, 33515, 71498, 84236, 27012, 42946, 15648, 18758, 74221, 18239, 86131, 1230, 2760, 87805, 47794, 89910, 39873, 11161, 88967, 57997, 33988, 52998, 11574, 11690, 91965, 60505, 6728, 20304, 66663, 21797, 36314, 23383, 77728, 66566, 30573, 81589, 35200, 85889, 50823, 87892, 82732, 87939, 51151, 25364, 57741, 65481, 95697, 91763, 24126, 50698, 89794, 21082, 38556, 8845, 86758, 95312, 40982, 27576, 22409, 10764, 59686, 42374, 46705, 20305, 91930, 20443, 55812, 94550, 17871, 37347, 86111, 91872, 76531, 97561, 22247, 70828, 10031, 86871, 3457, 34403, 47195, 55824, 77269, 2312, 23015, 10509, 90685, 33220, 5095, 32669, 57665, 87461, 23705, 23892, 79569, 25099, 22463, 6825, 87678, 12700, 8086, 18347, 2080, 81725, 1743, 21695, 98864, 601, 27012, 26238, 83756, 20196, 9283, 37922, 9584, 31059, 69305, 33408, 87700, 5472, 17218, 94029, 30946, 42707, 26938, 23929, 42631, 58629, 82345, 34078, 27640, 26857, 52482, 1908, 53363, 57718, 53277, 60874, 47192, 65156, 64324, 98908, 18086, 34571, 80780, 21654, 13015, 54185, 65778, 82905, 54333, 16295, 29750, 10179, 8498, 41149, 76875, 75817, 52840, 36350, 67047, 80721, 50387, 89921, 76598, 79179, 69374, 34188, 84323, 90189, 80063, 75353, 58141, 98604, 61869, 50914, 95998, 60953, 31372, 32800, 20253, 10965, 57825, 30921, 72002, 23478, 52144, 74671, 49790, 35369, 96851, 96268, 91735, 26265, 71492, 35041, 22667, 85381, 87967, 56897, 37761, 44123, 52620, 81795, 86745, 6668, 71796, 22328, 50981, 1304, 65894, 39334, 28965, 37736, 33502, 94725, 98644, 29317, 28672, 49720, 92944, 79154, 30886, 83581, 56853, 86563, 45680, 29702, 43297, 89488, 55541, 95711, 64055, 55857, 75831, 20915, 33733, 41601, 40608, 13946, 42643, 60946, 78379, 66893, 47265, 47663, 96044, 31575, 23271, 29732, 18765, 73934, 86595, 19623, 58152, 23341, 42797, 82035, 84610, 84617, 26296, 48384, 7808, 85181, 83581, 85225, 34491, 3068, 83145, 63958, 59227, 71005, 79763, 19625, 78522, 84816, 70026, 30736, 71763, 20974, 85431, 42194, 51257, 95945, 87370, 84376, 7316, 96397, 73523, 45377, 38170, 929, 19455, 92318, 44476, 31469, 69802, 39812, 96151, 1351, 97970, 67167, 69990, 20536, 43930, 89552, 7692, 94070, 25734, 2163, 89653, 41361, 65843, 55026, 76161, 33606, 7726, 57770, 26583, 72401, 4290, 24460, 59579, 28419, 26896, 42516, 11149, 32412, 43883, 76759, 72953, 63003, 29642, 79399, 49163, 14266, 55493, 15592, 19124, 64343, 71700, 16518, 77843, 61244, 80217, 51694, 11787, 24162, 70922, 1802, 19601, 58039, 19725, 17982, 7030, 87818, 81146, 64592, 10711, 8313, 80311, 12180, 49490, 79809, 96851, 93114, 19741, 87950, 3665, 43498, 8117, 64, 90216, 51752, 43265, 1055, 25064, 4579, 20591, 64262, 8289, 34540, 9038, 32463, 95965, 3202, 36219, 54773, 36301, 21802, 67750, 14517, 59282, 15980, 432, 86613, 99020, 91465, 77787, 78248, 48946, 57777, 58757, 97167, 43438, 57904, 2014, 13213, 67388, 10589, 17904, 46813, 71128, 52635, 3372, 7022, 6285, 13222, 36250, 40728, 91163, 35142, 11502, 89851, 62932, 77460, 96657, 21864, 99883, 81995, 74277, 60986, 50282, 74931, 46950, 5360, 53700, 31843, 59827, 47670, 32934, 30419, 79491, 57514, 74807, 23996, 53538, 62864, 15792, 27971, 79999, 4588, 61344, 72986, 76402, 5098, 58305, 25903, 32899, 85790, 91428, 60548, 56234, 39548, 43974, 98619, 77439, 15993, 73803, 83604, 25519, 18459, 20066, 25903, 97967, 33677, 7371, 6, 36499, 11324, 1243, 39947, 55479, 70470, 34082, 56050, 29544, 54987, 62746, 66607, 80357, 49628, 67933, 33670, 28091, 66945, 50534, 26141, 53322, 91035, 77729, 27580, 46478, 28257, 47427, 93318, 56880, 30918, 94174, 58362, 78991, 44614, 79630, 30263, 11791, 42548, 14198, 37648, 38023, 21220, 21014, 7344, 63974, 96287, 17660, 60202, 79326, 52006, 11171, 66690, 12255, 20285, 10423, 55277, 57487, 11691, 54689, 5652, 76519, 3461, 69755, 64707, 16312, 16295, 40601, 70148, 36176, 16065, 40040, 14183, 24121, 47242, 22032, 11279, 3191, 76223, 38556, 49976, 63279, 28556, 9220, 29217, 76607, 75006, 23148, 76606, 47161, 35794, 52195, 48659, 92402, 6526, 92368, 4935, 12370, 31129, 9968, 86963, 31409, 47029, 77066, 80727, 15785, 15932, 83533, 62000, 17471, 96923, 65812, 20445, 91749, 85889, 26308, 19486, 21715, 34331, 93146, 59506, 57820, 30428, 93243, 92765, 52847, 89535, 66389, 58839, 4150, 25361, 82879, 61511, 68281, 78697, 78403, 87273, 13980, 42687, 23918, 63683, 41580, 73250, 59609, 11414, 2509, 70598, 74474, 19451, 16064, 20767, 90079, 93316, 16483, 26688, 1007, 58343, 58155, 21038, 71715, 57917, 41869, 25781, 18714, 67682, 93754, 85684, 10313, 1573, 45762, 94524, 35755, 32943, 71827, 71670, 16558, 24105, 60194, 63460, 52030, 70450, 68115, 37170, 74590, 45567, 54629, 5725, 85172, 61417, 54506, 78169, 92443, 94152, 97286, 90729, 98431, 21923, 91806, 91215, 9539, 25283, 88955, 21992, 43568, 39295, 10889, 20789, 56007, 943, 72855, 76942, 8942, 7759, 97777, 37307, 60206, 47127, 31059, 56075, 49075, 27392, 83476, 56280, 34162, 34476, 2995, 89626, 72491, 10343, 77379, 88390, 46151, 52405, 17849, 67616, 60968, 77448, 3012, 11905, 89855, 55382, 1710, 27710, 13838, 56579, 51865, 18942, 52511, 18314, 17423, 62667, 73550, 27356, 31707, 24937, 85986, 41982, 29792, 51747, 77050, 33505, 87200, 35919, 25026, 57877, 33854, 14431, 62602, 44937, 83542, 26581, 41702, 40546, 83724, 57348, 95648, 17217, 81032, 51333, 62479, 95232, 68193, 19337, 54406, 7241, 84508, 31853, 36337, 97444, 6715, 84142, 14143, 29646, 61418, 46691, 91055, 95261, 21607, 49389, 87440, 53345, 41371, 1669, 16850, 18440, 60983, 69600, 53625, 40097, 54633, 9055, 65860, 3054, 54468, 13994, 50399, 96381, 93456, 37386, 12374, 72359, 13808, 91360, 1863, 60158, 8379, 60424, 44909, 64466, 68566, 65812, 52188, 94818]})"
141.0,7,31,93,39.2236762046814,40003,"Genotype(dna={""<class 'abc.NT_0017'>"": [0, 1863], ""<class 'abc.NT_0017_P_00000'>"": [], ""<class 'abc.NT_0001'>"": [26948, 2, 2, 30908, 0, 1, 75632], ""<class 'abc.NT_0001_P_00000'>"": [], ""<class 'bool'>"": [78447, 35570, 21927, 2927, 64826, 47769, 23648, 93816, 7134, 25648, 20134, 85082, 87339, 47436, 78194, 76892, 90332, 3649, 34428, 50242, 42523, 55047, 79213, 38241, 94818, 24110, 33409], ""<class 'abc.NT_0000'>"": [1, 2, 6, 0, 70097, 0, 52590, 37022, 5, 2, 0, 34708, 3, 1, 0, 2, 2, 58484, 74373, 76729, 1, 0, 2, 0, 82071, 65812], ""<class 'abc.NT_0000_P_00000'>"": [], ""<class 'int'>"": [51614, 94798, 85886, 59354, 52526, 36031, 69880, 91268, 99322, 53598, 68614, 93746, 6702, 40963, 73390, 92372, 19142, 84521, 58460, 83038, 905, 28012, 78957, 84653, 71744, 91314, 22611, 11549, 26079, 62592, 15802, 74401, 73532, 53270, 89661, 97478, 24483, 14210, 58941, 10735, 60856, 12770, 53654, 52188], ""<class 'abc.NT_0000_P_00001'>"": [], ""<class 'abc.NT_0000_P_00002'>"": [], ""<class 'abc.NT_0000_P_00003'>"": [], ""<class 'abc.NT_0000_P_00004'>"": [], ""<class 'abc.NT_0000_P_00005'>"": [], ""<class 'abc.NT_0000_P_00006'>"": [], ""<class 'abc.NT_0001_P_00001'>"": [], ""<class 'abc.NT_0001_P_00002'>"": [], ""<class 'abc.NT_0001_P_00003'>"": [], ""<class 'abc.NT_0001_P_00004'>"": [], ""<class 'abc.NT_0005'>"": [2, 8379], ""<class 'abc.NT_0005_P_00000'>"": [], ""<class 'abc.NT_0003'>"": [0, 0, 2, 73361], ""<class 'abc.NT_0003_P_00000'>"": [], ""<class 'abc.NT_0002'>"": [3, 1, 2, 3, 2, 90644], ""<class 'abc.NT_0002_P_00000'>"": [], ""<class 'abc.NT_0002_P_00001'>"": [], ""<class 'abc.NT_0002_P_00002'>"": [], ""<class 'abc.NT_0002_P_00003'>"": [], ""<class 'abc.NT_0002_P_00004'>"": [], ""<class 'abc.NT_0003_P_00001'>"": [], ""<class 'abc.NT_0003_P_00002'>"": [], ""<class 'abc.NT_0004'>"": [0, 60424], ""<class 'abc.NT_0004_P_00000'>"": [], ""<class 'abc.NT_0004_P_00001'>"": [], ""<class 'abc.NT_0005_P_00001'>"": [], ""<class 'abc.NT_0005_P_00002'>"": [], ""<class 'abc.NT_0011'>"": [], ""<class 'abc.NT_0011_P_00000'>"": [], ""<class 'abc.NT_0017_P_00001'>"": [], ""<class 'abc.NT_0012'>"": [0, 60158], ""<class 'abc.NT_0012_P_00000'>"": [], ""<class 'abc.NT_0010'>"": [], ""<class 'abc.NT_0010_P_00000'>"": [], ""<class 'abc.NT_0009'>"": [], ""<class 'abc.NT_0009_P_00000'>"": [], ""<class 'abc.NT_0008'>"": [], ""<class 'abc.NT_0008_P_00000'>"": [], ""<class 'abc.NT_0006'>"": [], ""<class 'abc.NT_0006_P_00000'>"": [], ""<class 'abc.NT_0008_P_00001'>"": [], ""<class 'abc.NT_0008_P_00002'>"": [], ""<class 'abc.NT_0008_P_00003'>"": [], ""<class 'abc.NT_0008_P_00004'>"": [], ""<class 'abc.NT_0007'>"": [], ""<class 'abc.NT_0007_P_00000'>"": [], ""<class 'abc.NT_0007_P_00001'>"": [], ""<class 'abc.NT_0007_P_00002'>"": [], ""<class 'abc.NT_0009_P_00001'>"": [], ""<class 'abc.NT_0010_P_00001'>"": [], ""<class 'abc.NT_0010_P_00002'>"": [], ""<class 'abc.NT_0012_P_00001'>"": [], ""<class 'abc.NT_0012_P_00002'>"": [], '$leftovers': [24110, 33409, 84800, 52930, 73355, 35471, 40030, 9296, 20749, 33075, 49628, 11537, 15, 90830, 51946, 20435, 67193, 37276, 25620, 25545, 23848, 32840, 79736, 6117, 22259, 57571, 60709, 16020, 90131, 83681, 49236, 19740, 96719, 28286, 96500, 25056, 2425, 4606, 76743, 50141, 80972, 89178, 58155, 60076, 20023, 49957, 78859, 71701, 63157, 51036, 27194, 57618, 41826, 72622, 26518, 13650, 37174, 65866, 51535, 26693, 46306, 18622, 78957, 96794, 12749, 98789, 43609, 19799, 33366, 8952, 34480, 94159, 44897, 75759, 82931, 16277, 14916, 72994, 49309, 70538, 2034, 42550, 91026, 7880, 3338, 60131, 98080, 28093, 32900, 15622, 26775, 29552, 32342, 14515, 36096, 41783, 62811, 37254, 75355, 63411, 75272, 23694, 84310, 71082, 79212, 33588, 90706, 48187, 31189, 88482, 9367, 56255, 79617, 1270, 55560, 26203, 26155, 40545, 15484, 55048, 21590, 6079, 95713, 42042, 7599, 11012, 10867, 6326, 4226, 36219, 64167, 95573, 17592, 32396, 33047, 42672, 14688, 56724, 34006, 26116, 19739, 92564, 32446, 49106, 86197, 89608, 29620, 89318, 4676, 30220, 92140, 82233, 42586, 84937, 67832, 88616, 54115, 36688, 72537, 89206, 19927, 60142, 31365, 9503, 17153, 77426, 27373, 71618, 24526, 11066, 35200, 85609, 149, 12686, 31762, 76331, 79662, 42034, 4753, 45093, 9160, 29879, 54031, 81574, 52405, 74338, 45103, 97062, 38418, 65500, 83214, 33515, 71498, 84236, 27012, 42946, 15648, 18758, 74221, 18239, 86131, 1230, 2760, 87805, 47794, 89910, 39873, 11161, 88967, 57997, 33988, 52998, 11574, 11690, 91965, 60505, 6728, 20304, 66663, 21797, 36314, 23383, 77728, 66566, 30573, 81589, 35200, 85889, 50823, 87892, 82732, 87939, 51151, 25364, 57741, 65481, 95697, 91763, 24126, 50698, 89794, 21082, 38556, 8845, 86758, 95312, 40982, 27576, 22409, 10764, 59686, 42374, 46705, 20305, 91930, 20443, 55812, 94550, 17871, 37347, 86111, 91872, 76531, 97561, 22247, 70828, 10031, 86871, 3457, 34403, 47195, 55824, 77269, 2312, 23015, 10509, 90685, 33220, 5095, 32669, 57665, 87461, 23705, 23892, 79569, 25099, 22463, 6825, 87678, 12700, 8086, 18347, 2080, 81725, 1743, 21695, 98864, 601, 27012, 26238, 83756, 20196, 9283, 37922, 9584, 31059, 69305, 33408, 87700, 5472, 17218, 94029, 30946, 42707, 26938, 23929, 42631, 58629, 82345, 34078, 27640, 26857, 52482, 1908, 53363, 57718, 53277, 60874, 47192, 65156, 64324, 98908, 18086, 34571, 80780, 21654, 13015, 54185, 65778, 82905, 54333, 16295, 29750, 10179, 8498, 41149, 76875, 75817, 52840, 36350, 67047, 80721, 50387, 89921, 76598, 79179, 69374, 34188, 84323, 90189, 80063, 75353, 58141, 98604, 61869, 50914, 95998, 60953, 31372, 32800, 20253, 10965, 57825, 30921, 72002, 23478, 52144, 74671, 49790, 35369, 96851, 96268, 91735, 26265, 71492, 35041, 22667, 85381, 87967, 56897, 37761, 44123, 52620, 81795, 86745, 6668, 71796, 22328, 50981, 1304, 65894, 39334, 28965, 37736, 33502, 94725, 98644, 29317, 28672, 49720, 92944, 79154, 30886, 83581, 56853, 86563, 45680, 29702, 43297, 89488, 55541, 95711, 64055, 55857, 75831, 20915, 33733, 41601, 40608, 13946, 42643, 60946, 78379, 66893, 47265, 47663, 96044, 31575, 23271, 29732, 18765, 73934, 86595, 19623, 58152, 23341, 42797, 82035, 84610, 84617, 26296, 48384, 7808, 85181, 83581, 85225, 34491, 3068, 83145, 63958, 59227, 71005, 79763, 19625, 78522, 84816, 70026, 30736, 71763, 20974, 85431, 42194, 51257, 95945, 87370, 84376, 7316, 96397, 73523, 45377, 38170, 929, 19455, 92318, 44476, 31469, 69802, 39812, 96151, 1351, 97970, 67167, 69990, 20536, 43930, 89552, 7692, 94070, 25734, 2163, 89653, 41361, 65843, 55026, 76161, 33606, 7726, 57770, 26583, 72401, 4290, 24460, 59579, 28419, 26896, 42516, 11149, 32412, 43883, 76759, 72953, 63003, 29642, 79399, 49163, 14266, 55493, 15592, 19124, 64343, 71700, 16518, 77843, 61244, 80217, 51694, 11787, 24162, 70922, 1802, 19601, 58039, 19725, 17982, 7030, 87818, 81146, 64592, 10711, 8313, 80311, 12180, 49490, 79809, 96851, 93114, 19741, 87950, 3665, 43498, 8117, 64, 90216, 51752, 43265, 1055, 25064, 4579, 20591, 64262, 8289, 34540, 9038, 32463, 95965, 3202, 36219, 54773, 36301, 21802, 67750, 14517, 59282, 15980, 432, 86613, 99020, 91465, 77787, 78248, 48946, 57777, 58757, 97167, 43438, 57904, 2014, 13213, 67388, 10589, 17904, 46813, 71128, 52635, 3372, 7022, 6285, 13222, 36250, 40728, 91163, 35142, 11502, 89851, 62932, 77460, 96657, 21864, 99883, 81995, 74277, 60986, 50282, 74931, 46950, 5360, 53700, 31843, 59827, 47670, 32934, 30419, 79491, 57514, 74807, 23996, 53538, 62864, 15792, 27971, 79999, 4588, 61344, 72986, 76402, 5098, 58305, 25903, 32899, 85790, 91428, 60548, 56234, 39548, 43974, 98619, 77439, 15993, 73803, 83604, 25519, 18459, 20066, 25903, 97967, 33677, 7371, 6, 36499, 11324, 1243, 39947, 55479, 70470, 34082, 56050, 29544, 54987, 62746, 66607, 80357, 49628, 67933, 33670, 28091, 66945, 50534, 26141, 53322, 91035, 77729, 27580, 46478, 28257, 47427, 93318, 56880, 30918, 94174, 58362, 78991, 44614, 79630, 30263, 11791, 42548, 14198, 37648, 38023, 21220, 21014, 7344, 63974, 96287, 17660, 60202, 79326, 52006, 11171, 66690, 12255, 20285, 10423, 55277, 57487, 11691, 54689, 5652, 76519, 3461, 69755, 64707, 16312, 16295, 40601, 70148, 36176, 16065, 40040, 14183, 24121, 47242, 22032, 11279, 3191, 76223, 38556, 49976, 63279, 28556, 9220, 29217, 76607, 75006, 23148, 76606, 47161, 35794, 52195, 48659, 92402, 6526, 92368, 4935, 12370, 31129, 9968, 86963, 31409, 47029, 77066, 80727, 15785, 15932, 83533, 62000, 17471, 96923, 65812, 20445, 91749, 85889, 26308, 19486, 21715, 34331, 93146, 59506, 57820, 30428, 93243, 92765, 52847, 89535, 66389, 58839, 4150, 25361, 82879, 61511, 68281, 78697, 78403, 87273, 13980, 42687, 23918, 63683, 41580, 73250, 59609, 11414, 2509, 70598, 74474, 19451, 16064, 20767, 90079, 93316, 16483, 26688, 1007, 58343, 58155, 21038, 71715, 57917, 41869, 25781, 18714, 67682, 93754, 85684, 10313, 1573, 45762, 94524, 35755, 32943, 71827, 71670, 16558, 24105, 60194, 63460, 52030, 70450, 68115, 37170, 74590, 45567, 54629, 5725, 85172, 61417, 54506, 78169, 92443, 94152, 97286, 90729, 98431, 21923, 91806, 91215, 9539, 25283, 88955, 21992, 43568, 39295, 10889, 20789, 56007, 943, 72855, 76942, 8942, 7759, 97777, 37307, 60206, 47127, 31059, 56075, 49075, 27392, 83476, 56280, 34162, 34476, 2995, 89626, 72491, 10343, 77379, 88390, 46151, 52405, 17849, 67616, 60968, 77448, 3012, 11905, 89855, 55382, 1710, 27710, 13838, 56579, 51865, 18942, 52511, 18314, 17423, 62667, 73550, 27356, 31707, 24937, 85986, 41982, 29792, 51747, 77050, 33505, 87200, 35919, 25026, 57877, 33854, 14431, 62602, 44937, 83542, 26581, 41702, 40546, 83724, 57348, 95648, 17217, 81032, 51333, 62479, 95232, 68193, 19337, 54406, 7241, 84508, 31853, 36337, 97444, 6715, 84142, 14143, 29646, 61418, 46691, 91055, 95261, 21607, 49389, 87440, 53345, 41371, 1669, 16850, 18440, 60983, 69600, 53625, 40097, 54633, 9055, 65860, 3054, 54468, 13994, 50399, 96381, 93456, 37386, 12374, 72359, 13808, 91360, 1863, 60158, 8379, 60424, 44909, 64466, 68566, 65812, 52188, 94818]})"
141.0,7,31,94,39.482449769973755,40003,"Genotype(dna={""<class 'abc.NT_0017'>"": [0, 1863], ""<class 'abc.NT_0017_P_00000'>"": [], ""<class 'abc.NT_0001'>"": [26948, 2, 2, 30908, 0, 1, 75632], ""<class 'abc.NT_0001_P_00000'>"": [], ""<class 'bool'>"": [78447, 35570, 21927, 2927, 64826, 47769, 23648, 93816, 7134, 25648, 20134, 85082, 87339, 47436, 78194, 76892, 90332, 3649, 34428, 50242, 42523, 55047, 79213, 38241, 94818, 24110, 33409], ""<class 'abc.NT_0000'>"": [1, 2, 6, 0, 70097, 0, 52590, 37022, 5, 2, 0, 34708, 3, 1, 0, 2, 2, 58484, 74373, 76729, 1, 0, 2, 0, 82071, 65812], ""<class 'abc.NT_0000_P_00000'>"": [], ""<class 'int'>"": [51614, 94798, 85886, 59354, 52526, 36031, 69880, 91268, 99322, 53598, 68614, 93746, 6702, 40963, 73390, 92372, 19142, 84521, 58460, 83038, 905, 28012, 78957, 84653, 71744, 91314, 22611, 11549, 26079, 62592, 15802, 74401, 73532, 53270, 89661, 97478, 24483, 14210, 58941, 10735, 60856, 12770, 53654, 52188], ""<class 'abc.NT_0000_P_00001'>"": [], ""<class 'abc.NT_0000_P_00002'>"": [], ""<class 'abc.NT_0000_P_00003'>"": [], ""<class 'abc.NT_0000_P_00004'>"": [], ""<class 'abc.NT_0000_P_00005'>"": [], ""<class 'abc.NT_0000_P_00006'>"": [], ""<class 'abc.NT_0001_P_00001'>"": [], ""<class 'abc.NT_0001_P_00002'>"": [], ""<class 'abc.NT_0001_P_00003'>"": [], ""<class 'abc.NT_0001_P_00004'>"": [], ""<class 'abc.NT_0005'>"": [2, 8379], ""<class 'abc.NT_0005_P_00000'>"": [], ""<class 'abc.NT_0003'>"": [0, 0, 2, 73361], ""<class 'abc.NT_0003_P_00000'>"": [], ""<class 'abc.NT_0002'>"": [3, 1, 2, 3, 2, 90644], ""<class 'abc.NT_0002_P_00000'>"": [], ""<class 'abc.NT_0002_P_00001'>"": [], ""<class 'abc.NT_0002_P_00002'>"": [], ""<class 'abc.NT_0002_P_00003'>"": [], ""<class 'abc.NT_0002_P_00004'>"": [], ""<class 'abc.NT_0003_P_00001'>"": [], ""<class 'abc.NT_0003_P_00002'>"": [], ""<class 'abc.NT_0004'>"": [0, 60424], ""<class 'abc.NT_0004_P_00000'>"": [], ""<class 'abc.NT_0004_P_00001'>"": [], ""<class 'abc.NT_0005_P_00001'>"": [], ""<class 'abc.NT_0005_P_00002'>"": [], ""<class 'abc.NT_0011'>"": [], ""<class 'abc.NT_0011_P_00000'>"": [], ""<class 'abc.NT_0017_P_00001'>"": [], ""<class 'abc.NT_0012'>"": [0, 60158], ""<class 'abc.NT_0012_P_00000'>"": [], ""<class 'abc.NT_0010'>"": [], ""<class 'abc.NT_0010_P_00000'>"": [], ""<class 'abc.NT_0009'>"": [], ""<class 'abc.NT_0009_P_00000'>"": [], ""<class 'abc.NT_0008'>"": [], ""<class 'abc.NT_0008_P_00000'>"": [], ""<class 'abc.NT_0006'>"": [], ""<class 'abc.NT_0006_P_00000'>"": [], ""<class 'abc.NT_0008_P_00001'>"": [], ""<class 'abc.NT_0008_P_00002'>"": [], ""<class 'abc.NT_0008_P_00003'>"": [], ""<class 'abc.NT_0008_P_00004'>"": [], ""<class 'abc.NT_0007'>"": [], ""<class 'abc.NT_0007_P_00000'>"": [], ""<class 'abc.NT_0007_P_00001'>"": [], ""<class 'abc.NT_0007_P_00002'>"": [], ""<class 'abc.NT_0009_P_00001'>"": [], ""<class 'abc.NT_0010_P_00001'>"": [], ""<class 'abc.NT_0010_P_00002'>"": [], ""<class 'abc.NT_0012_P_00001'>"": [], ""<class 'abc.NT_0012_P_00002'>"": [], '$leftovers': [24110, 33409, 84800, 52930, 73355, 35471, 40030, 9296, 20749, 33075, 49628, 11537, 15, 90830, 51946, 20435, 67193, 37276, 25620, 25545, 23848, 32840, 79736, 6117, 22259, 57571, 60709, 16020, 90131, 83681, 49236, 19740, 96719, 28286, 96500, 25056, 2425, 4606, 76743, 50141, 80972, 89178, 58155, 60076, 20023, 49957, 78859, 71701, 63157, 51036, 27194, 57618, 41826, 72622, 26518, 13650, 37174, 65866, 51535, 26693, 46306, 18622, 78957, 96794, 12749, 98789, 43609, 19799, 33366, 8952, 34480, 94159, 44897, 75759, 82931, 16277, 14916, 72994, 49309, 70538, 2034, 42550, 91026, 7880, 3338, 60131, 98080, 28093, 32900, 15622, 26775, 29552, 32342, 14515, 36096, 41783, 62811, 37254, 75355, 63411, 75272, 23694, 84310, 71082, 79212, 33588, 90706, 48187, 31189, 88482, 9367, 56255, 79617, 1270, 55560, 26203, 26155, 40545, 15484, 55048, 21590, 6079, 95713, 42042, 7599, 11012, 10867, 6326, 4226, 36219, 64167, 95573, 17592, 32396, 33047, 42672, 14688, 56724, 34006, 26116, 19739, 92564, 32446, 49106, 86197, 89608, 29620, 89318, 4676, 30220, 92140, 82233, 42586, 84937, 67832, 88616, 54115, 36688, 72537, 89206, 19927, 60142, 31365, 9503, 17153, 77426, 27373, 71618, 24526, 11066, 35200, 85609, 149, 12686, 31762, 76331, 79662, 42034, 4753, 45093, 9160, 29879, 54031, 81574, 52405, 74338, 45103, 97062, 38418, 65500, 83214, 33515, 71498, 84236, 27012, 42946, 15648, 18758, 74221, 18239, 86131, 1230, 2760, 87805, 47794, 89910, 39873, 11161, 88967, 57997, 33988, 52998, 11574, 11690, 91965, 60505, 6728, 20304, 66663, 21797, 36314, 23383, 77728, 66566, 30573, 81589, 35200, 85889, 50823, 87892, 82732, 87939, 51151, 25364, 57741, 65481, 95697, 91763, 24126, 50698, 89794, 21082, 38556, 8845, 86758, 95312, 40982, 27576, 22409, 10764, 59686, 42374, 46705, 20305, 91930, 20443, 55812, 94550, 17871, 37347, 86111, 91872, 76531, 97561, 22247, 70828, 10031, 86871, 3457, 34403, 47195, 55824, 77269, 2312, 23015, 10509, 90685, 33220, 5095, 32669, 57665, 87461, 23705, 23892, 79569, 25099, 22463, 6825, 87678, 12700, 8086, 18347, 2080, 81725, 1743, 21695, 98864, 601, 27012, 26238, 83756, 20196, 9283, 37922, 9584, 31059, 69305, 33408, 87700, 5472, 17218, 94029, 30946, 42707, 26938, 23929, 42631, 58629, 82345, 34078, 27640, 26857, 52482, 1908, 53363, 57718, 53277, 60874, 47192, 65156, 64324, 98908, 18086, 34571, 80780, 21654, 13015, 54185, 65778, 82905, 54333, 16295, 29750, 10179, 8498, 41149, 76875, 75817, 52840, 36350, 67047, 80721, 50387, 89921, 76598, 79179, 69374, 34188, 84323, 90189, 80063, 75353, 58141, 98604, 61869, 50914, 95998, 60953, 31372, 32800, 20253, 10965, 57825, 30921, 72002, 23478, 52144, 74671, 49790, 35369, 96851, 96268, 91735, 26265, 71492, 35041, 22667, 85381, 87967, 56897, 37761, 44123, 52620, 81795, 86745, 6668, 71796, 22328, 50981, 1304, 65894, 39334, 28965, 37736, 33502, 94725, 98644, 29317, 28672, 49720, 92944, 79154, 30886, 83581, 56853, 86563, 45680, 29702, 43297, 89488, 55541, 95711, 64055, 55857, 75831, 20915, 33733, 41601, 40608, 13946, 42643, 60946, 78379, 66893, 47265, 47663, 96044, 31575, 23271, 29732, 18765, 73934, 86595, 19623, 58152, 23341, 42797, 82035, 84610, 84617, 26296, 48384, 7808, 85181, 83581, 85225, 34491, 3068, 83145, 63958, 59227, 71005, 79763, 19625, 78522, 84816, 70026, 30736, 71763, 20974, 85431, 42194, 51257, 95945, 87370, 84376, 7316, 96397, 73523, 45377, 38170, 929, 19455, 92318, 44476, 31469, 69802, 39812, 96151, 1351, 97970, 67167, 69990, 20536, 43930, 89552, 7692, 94070, 25734, 2163, 89653, 41361, 65843, 55026, 76161, 33606, 7726, 57770, 26583, 72401, 4290, 24460, 59579, 28419, 26896, 42516, 11149, 32412, 43883, 76759, 72953, 63003, 29642, 79399, 49163, 14266, 55493, 15592, 19124, 64343, 71700, 16518, 77843, 61244, 80217, 51694, 11787, 24162, 70922, 1802, 19601, 58039, 19725, 17982, 7030, 87818, 81146, 64592, 10711, 8313, 80311, 12180, 49490, 79809, 96851, 93114, 19741, 87950, 3665, 43498, 8117, 64, 90216, 51752, 43265, 1055, 25064, 4579, 20591, 64262, 8289, 34540, 9038, 32463, 95965, 3202, 36219, 54773, 36301, 21802, 67750, 14517, 59282, 15980, 432, 86613, 99020, 91465, 77787, 78248, 48946, 57777, 58757, 97167, 43438, 57904, 2014, 13213, 67388, 10589, 17904, 46813, 71128, 52635, 3372, 7022, 6285, 13222, 36250, 40728, 91163, 35142, 11502, 89851, 62932, 77460, 96657, 21864, 99883, 81995, 74277, 60986, 50282, 74931, 46950, 5360, 53700, 31843, 59827, 47670, 32934, 30419, 79491, 57514, 74807, 23996, 53538, 62864, 15792, 27971, 79999, 4588, 61344, 72986, 76402, 5098, 58305, 25903, 32899, 85790, 91428, 60548, 56234, 39548, 43974, 98619, 77439, 15993, 73803, 83604, 25519, 18459, 20066, 25903, 97967, 33677, 7371, 6, 36499, 11324, 1243, 39947, 55479, 70470, 34082, 56050, 29544, 54987, 62746, 66607, 80357, 49628, 67933, 33670, 28091, 66945, 50534, 26141, 53322, 91035, 77729, 27580, 46478, 28257, 47427, 93318, 56880, 30918, 94174, 58362, 78991, 44614, 79630, 30263, 11791, 42548, 14198, 37648, 38023, 21220, 21014, 7344, 63974, 96287, 17660, 60202, 79326, 52006, 11171, 66690, 12255, 20285, 10423, 55277, 57487, 11691, 54689, 5652, 76519, 3461, 69755, 64707, 16312, 16295, 40601, 70148, 36176, 16065, 40040, 14183, 24121, 47242, 22032, 11279, 3191, 76223, 38556, 49976, 63279, 28556, 9220, 29217, 76607, 75006, 23148, 76606, 47161, 35794, 52195, 48659, 92402, 6526, 92368, 4935, 12370, 31129, 9968, 86963, 31409, 47029, 77066, 80727, 15785, 15932, 83533, 62000, 17471, 96923, 65812, 20445, 91749, 85889, 26308, 19486, 21715, 34331, 93146, 59506, 57820, 30428, 93243, 92765, 52847, 89535, 66389, 58839, 4150, 25361, 82879, 61511, 68281, 78697, 78403, 87273, 13980, 42687, 23918, 63683, 41580, 73250, 59609, 11414, 2509, 70598, 74474, 19451, 16064, 20767, 90079, 93316, 16483, 26688, 1007, 58343, 58155, 21038, 71715, 57917, 41869, 25781, 18714, 67682, 93754, 85684, 10313, 1573, 45762, 94524, 35755, 32943, 71827, 71670, 16558, 24105, 60194, 63460, 52030, 70450, 68115, 37170, 74590, 45567, 54629, 5725, 85172, 61417, 54506, 78169, 92443, 94152, 97286, 90729, 98431, 21923, 91806, 91215, 9539, 25283, 88955, 21992, 43568, 39295, 10889, 20789, 56007, 943, 72855, 76942, 8942, 7759, 97777, 37307, 60206, 47127, 31059, 56075, 49075, 27392, 83476, 56280, 34162, 34476, 2995, 89626, 72491, 10343, 77379, 88390, 46151, 52405, 17849, 67616, 60968, 77448, 3012, 11905, 89855, 55382, 1710, 27710, 13838, 56579, 51865, 18942, 52511, 18314, 17423, 62667, 73550, 27356, 31707, 24937, 85986, 41982, 29792, 51747, 77050, 33505, 87200, 35919, 25026, 57877, 33854, 14431, 62602, 44937, 83542, 26581, 41702, 40546, 83724, 57348, 95648, 17217, 81032, 51333, 62479, 95232, 68193, 19337, 54406, 7241, 84508, 31853, 36337, 97444, 6715, 84142, 14143, 29646, 61418, 46691, 91055, 95261, 21607, 49389, 87440, 53345, 41371, 1669, 16850, 18440, 60983, 69600, 53625, 40097, 54633, 9055, 65860, 3054, 54468, 13994, 50399, 96381, 93456, 37386, 12374, 72359, 13808, 91360, 1863, 60158, 8379, 60424, 44909, 64466, 68566, 65812, 52188, 94818]})"
141.0,7,31,95,39.812477111816406,40003,"Genotype(dna={""<class 'abc.NT_0017'>"": [0, 1863], ""<class 'abc.NT_0017_P_00000'>"": [], ""<class 'abc.NT_0001'>"": [26948, 2, 2, 30908, 0, 1, 75632], ""<class 'abc.NT_0001_P_00000'>"": [], ""<class 'bool'>"": [78447, 35570, 21927, 2927, 64826, 47769, 23648, 93816, 7134, 25648, 20134, 85082, 87339, 47436, 78194, 76892, 90332, 3649, 34428, 50242, 42523, 55047, 79213, 38241, 94818, 24110, 33409], ""<class 'abc.NT_0000'>"": [1, 2, 6, 0, 70097, 0, 52590, 37022, 5, 2, 0, 34708, 3, 1, 0, 2, 2, 58484, 74373, 76729, 1, 0, 2, 0, 82071, 65812], ""<class 'abc.NT_0000_P_00000'>"": [], ""<class 'int'>"": [51614, 94798, 85886, 59354, 52526, 36031, 69880, 91268, 99322, 53598, 68614, 93746, 6702, 40963, 73390, 92372, 19142, 84521, 58460, 83038, 905, 28012, 78957, 84653, 71744, 91314, 22611, 11549, 26079, 62592, 15802, 74401, 73532, 53270, 89661, 97478, 24483, 14210, 58941, 10735, 60856, 12770, 53654, 52188], ""<class 'abc.NT_0000_P_00001'>"": [], ""<class 'abc.NT_0000_P_00002'>"": [], ""<class 'abc.NT_0000_P_00003'>"": [], ""<class 'abc.NT_0000_P_00004'>"": [], ""<class 'abc.NT_0000_P_00005'>"": [], ""<class 'abc.NT_0000_P_00006'>"": [], ""<class 'abc.NT_0001_P_00001'>"": [], ""<class 'abc.NT_0001_P_00002'>"": [], ""<class 'abc.NT_0001_P_00003'>"": [], ""<class 'abc.NT_0001_P_00004'>"": [], ""<class 'abc.NT_0005'>"": [2, 8379], ""<class 'abc.NT_0005_P_00000'>"": [], ""<class 'abc.NT_0003'>"": [0, 0, 2, 73361], ""<class 'abc.NT_0003_P_00000'>"": [], ""<class 'abc.NT_0002'>"": [3, 1, 2, 3, 2, 90644], ""<class 'abc.NT_0002_P_00000'>"": [], ""<class 'abc.NT_0002_P_00001'>"": [], ""<class 'abc.NT_0002_P_00002'>"": [], ""<class 'abc.NT_0002_P_00003'>"": [], ""<class 'abc.NT_0002_P_00004'>"": [], ""<class 'abc.NT_0003_P_00001'>"": [], ""<class 'abc.NT_0003_P_00002'>"": [], ""<class 'abc.NT_0004'>"": [0, 60424], ""<class 'abc.NT_0004_P_00000'>"": [], ""<class 'abc.NT_0004_P_00001'>"": [], ""<class 'abc.NT_0005_P_00001'>"": [], ""<class 'abc.NT_0005_P_00002'>"": [], ""<class 'abc.NT_0011'>"": [], ""<class 'abc.NT_0011_P_00000'>"": [], ""<class 'abc.NT_0017_P_00001'>"": [], ""<class 'abc.NT_0012'>"": [0, 60158], ""<class 'abc.NT_0012_P_00000'>"": [], ""<class 'abc.NT_0010'>"": [], ""<class 'abc.NT_0010_P_00000'>"": [], ""<class 'abc.NT_0009'>"": [], ""<class 'abc.NT_0009_P_00000'>"": [], ""<class 'abc.NT_0008'>"": [], ""<class 'abc.NT_0008_P_00000'>"": [], ""<class 'abc.NT_0006'>"": [], ""<class 'abc.NT_0006_P_00000'>"": [], ""<class 'abc.NT_0008_P_00001'>"": [], ""<class 'abc.NT_0008_P_00002'>"": [], ""<class 'abc.NT_0008_P_00003'>"": [], ""<class 'abc.NT_0008_P_00004'>"": [], ""<class 'abc.NT_0007'>"": [], ""<class 'abc.NT_0007_P_00000'>"": [], ""<class 'abc.NT_0007_P_00001'>"": [], ""<class 'abc.NT_0007_P_00002'>"": [], ""<class 'abc.NT_0009_P_00001'>"": [], ""<class 'abc.NT_0010_P_00001'>"": [], ""<class 'abc.NT_0010_P_00002'>"": [], ""<class 'abc.NT_0012_P_00001'>"": [], ""<class 'abc.NT_0012_P_00002'>"": [], '$leftovers': [24110, 33409, 84800, 52930, 73355, 35471, 40030, 9296, 20749, 33075, 49628, 11537, 15, 90830, 51946, 20435, 67193, 37276, 25620, 25545, 23848, 32840, 79736, 6117, 22259, 57571, 60709, 16020, 90131, 83681, 49236, 19740, 96719, 28286, 96500, 25056, 2425, 4606, 76743, 50141, 80972, 89178, 58155, 60076, 20023, 49957, 78859, 71701, 63157, 51036, 27194, 57618, 41826, 72622, 26518, 13650, 37174, 65866, 51535, 26693, 46306, 18622, 78957, 96794, 12749, 98789, 43609, 19799, 33366, 8952, 34480, 94159, 44897, 75759, 82931, 16277, 14916, 72994, 49309, 70538, 2034, 42550, 91026, 7880, 3338, 60131, 98080, 28093, 32900, 15622, 26775, 29552, 32342, 14515, 36096, 41783, 62811, 37254, 75355, 63411, 75272, 23694, 84310, 71082, 79212, 33588, 90706, 48187, 31189, 88482, 9367, 56255, 79617, 1270, 55560, 26203, 26155, 40545, 15484, 55048, 21590, 6079, 95713, 42042, 7599, 11012, 10867, 6326, 4226, 36219, 64167, 95573, 17592, 32396, 33047, 42672, 14688, 56724, 34006, 26116, 19739, 92564, 32446, 49106, 86197, 89608, 29620, 89318, 4676, 30220, 92140, 82233, 42586, 84937, 67832, 88616, 54115, 36688, 72537, 89206, 19927, 60142, 31365, 9503, 17153, 77426, 27373, 71618, 24526, 11066, 35200, 85609, 149, 12686, 31762, 76331, 79662, 42034, 4753, 45093, 9160, 29879, 54031, 81574, 52405, 74338, 45103, 97062, 38418, 65500, 83214, 33515, 71498, 84236, 27012, 42946, 15648, 18758, 74221, 18239, 86131, 1230, 2760, 87805, 47794, 89910, 39873, 11161, 88967, 57997, 33988, 52998, 11574, 11690, 91965, 60505, 6728, 20304, 66663, 21797, 36314, 23383, 77728, 66566, 30573, 81589, 35200, 85889, 50823, 87892, 82732, 87939, 51151, 25364, 57741, 65481, 95697, 91763, 24126, 50698, 89794, 21082, 38556, 8845, 86758, 95312, 40982, 27576, 22409, 10764, 59686, 42374, 46705, 20305, 91930, 20443, 55812, 94550, 17871, 37347, 86111, 91872, 76531, 97561, 22247, 70828, 10031, 86871, 3457, 34403, 47195, 55824, 77269, 2312, 23015, 10509, 90685, 33220, 5095, 32669, 57665, 87461, 23705, 23892, 79569, 25099, 22463, 6825, 87678, 12700, 8086, 18347, 2080, 81725, 1743, 21695, 98864, 601, 27012, 26238, 83756, 20196, 9283, 37922, 9584, 31059, 69305, 33408, 87700, 5472, 17218, 94029, 30946, 42707, 26938, 23929, 42631, 58629, 82345, 34078, 27640, 26857, 52482, 1908, 53363, 57718, 53277, 60874, 47192, 65156, 64324, 98908, 18086, 34571, 80780, 21654, 13015, 54185, 65778, 82905, 54333, 16295, 29750, 10179, 8498, 41149, 76875, 75817, 52840, 36350, 67047, 80721, 50387, 89921, 76598, 79179, 69374, 34188, 84323, 90189, 80063, 75353, 58141, 98604, 61869, 50914, 95998, 60953, 31372, 32800, 20253, 10965, 57825, 30921, 72002, 23478, 52144, 74671, 49790, 35369, 96851, 96268, 91735, 26265, 71492, 35041, 22667, 85381, 87967, 56897, 37761, 44123, 52620, 81795, 86745, 6668, 71796, 22328, 50981, 1304, 65894, 39334, 28965, 37736, 33502, 94725, 98644, 29317, 28672, 49720, 92944, 79154, 30886, 83581, 56853, 86563, 45680, 29702, 43297, 89488, 55541, 95711, 64055, 55857, 75831, 20915, 33733, 41601, 40608, 13946, 42643, 60946, 78379, 66893, 47265, 47663, 96044, 31575, 23271, 29732, 18765, 73934, 86595, 19623, 58152, 23341, 42797, 82035, 84610, 84617, 26296, 48384, 7808, 85181, 83581, 85225, 34491, 3068, 83145, 63958, 59227, 71005, 79763, 19625, 78522, 84816, 70026, 30736, 71763, 20974, 85431, 42194, 51257, 95945, 87370, 84376, 7316, 96397, 73523, 45377, 38170, 929, 19455, 92318, 44476, 31469, 69802, 39812, 96151, 1351, 97970, 67167, 69990, 20536, 43930, 89552, 7692, 94070, 25734, 2163, 89653, 41361, 65843, 55026, 76161, 33606, 7726, 57770, 26583, 72401, 4290, 24460, 59579, 28419, 26896, 42516, 11149, 32412, 43883, 76759, 72953, 63003, 29642, 79399, 49163, 14266, 55493, 15592, 19124, 64343, 71700, 16518, 77843, 61244, 80217, 51694, 11787, 24162, 70922, 1802, 19601, 58039, 19725, 17982, 7030, 87818, 81146, 64592, 10711, 8313, 80311, 12180, 49490, 79809, 96851, 93114, 19741, 87950, 3665, 43498, 8117, 64, 90216, 51752, 43265, 1055, 25064, 4579, 20591, 64262, 8289, 34540, 9038, 32463, 95965, 3202, 36219, 54773, 36301, 21802, 67750, 14517, 59282, 15980, 432, 86613, 99020, 91465, 77787, 78248, 48946, 57777, 58757, 97167, 43438, 57904, 2014, 13213, 67388, 10589, 17904, 46813, 71128, 52635, 3372, 7022, 6285, 13222, 36250, 40728, 91163, 35142, 11502, 89851, 62932, 77460, 96657, 21864, 99883, 81995, 74277, 60986, 50282, 74931, 46950, 5360, 53700, 31843, 59827, 47670, 32934, 30419, 79491, 57514, 74807, 23996, 53538, 62864, 15792, 27971, 79999, 4588, 61344, 72986, 76402, 5098, 58305, 25903, 32899, 85790, 91428, 60548, 56234, 39548, 43974, 98619, 77439, 15993, 73803, 83604, 25519, 18459, 20066, 25903, 97967, 33677, 7371, 6, 36499, 11324, 1243, 39947, 55479, 70470, 34082, 56050, 29544, 54987, 62746, 66607, 80357, 49628, 67933, 33670, 28091, 66945, 50534, 26141, 53322, 91035, 77729, 27580, 46478, 28257, 47427, 93318, 56880, 30918, 94174, 58362, 78991, 44614, 79630, 30263, 11791, 42548, 14198, 37648, 38023, 21220, 21014, 7344, 63974, 96287, 17660, 60202, 79326, 52006, 11171, 66690, 12255, 20285, 10423, 55277, 57487, 11691, 54689, 5652, 76519, 3461, 69755, 64707, 16312, 16295, 40601, 70148, 36176, 16065, 40040, 14183, 24121, 47242, 22032, 11279, 3191, 76223, 38556, 49976, 63279, 28556, 9220, 29217, 76607, 75006, 23148, 76606, 47161, 35794, 52195, 48659, 92402, 6526, 92368, 4935, 12370, 31129, 9968, 86963, 31409, 47029, 77066, 80727, 15785, 15932, 83533, 62000, 17471, 96923, 65812, 20445, 91749, 85889, 26308, 19486, 21715, 34331, 93146, 59506, 57820, 30428, 93243, 92765, 52847, 89535, 66389, 58839, 4150, 25361, 82879, 61511, 68281, 78697, 78403, 87273, 13980, 42687, 23918, 63683, 41580, 73250, 59609, 11414, 2509, 70598, 74474, 19451, 16064, 20767, 90079, 93316, 16483, 26688, 1007, 58343, 58155, 21038, 71715, 57917, 41869, 25781, 18714, 67682, 93754, 85684, 10313, 1573, 45762, 94524, 35755, 32943, 71827, 71670, 16558, 24105, 60194, 63460, 52030, 70450, 68115, 37170, 74590, 45567, 54629, 5725, 85172, 61417, 54506, 78169, 92443, 94152, 97286, 90729, 98431, 21923, 91806, 91215, 9539, 25283, 88955, 21992, 43568, 39295, 10889, 20789, 56007, 943, 72855, 76942, 8942, 7759, 97777, 37307, 60206, 47127, 31059, 56075, 49075, 27392, 83476, 56280, 34162, 34476, 2995, 89626, 72491, 10343, 77379, 88390, 46151, 52405, 17849, 67616, 60968, 77448, 3012, 11905, 89855, 55382, 1710, 27710, 13838, 56579, 51865, 18942, 52511, 18314, 17423, 62667, 73550, 27356, 31707, 24937, 85986, 41982, 29792, 51747, 77050, 33505, 87200, 35919, 25026, 57877, 33854, 14431, 62602, 44937, 83542, 26581, 41702, 40546, 83724, 57348, 95648, 17217, 81032, 51333, 62479, 95232, 68193, 19337, 54406, 7241, 84508, 31853, 36337, 97444, 6715, 84142, 14143, 29646, 61418, 46691, 91055, 95261, 21607, 49389, 87440, 53345, 41371, 1669, 16850, 18440, 60983, 69600, 53625, 40097, 54633, 9055, 65860, 3054, 54468, 13994, 50399, 96381, 93456, 37386, 12374, 72359, 13808, 91360, 1863, 60158, 8379, 60424, 44909, 64466, 68566, 65812, 52188, 94818]})"
141.0,7,31,96,40.069721937179565,40003,"Genotype(dna={""<class 'abc.NT_0017'>"": [0, 1863], ""<class 'abc.NT_0017_P_00000'>"": [], ""<class 'abc.NT_0001'>"": [26948, 2, 2, 30908, 0, 1, 75632], ""<class 'abc.NT_0001_P_00000'>"": [], ""<class 'bool'>"": [78447, 35570, 21927, 2927, 64826, 47769, 23648, 93816, 7134, 25648, 20134, 85082, 87339, 47436, 78194, 76892, 90332, 3649, 34428, 50242, 42523, 55047, 79213, 38241, 94818, 24110, 33409], ""<class 'abc.NT_0000'>"": [1, 2, 6, 0, 70097, 0, 52590, 37022, 5, 2, 0, 34708, 3, 1, 0, 2, 2, 58484, 74373, 76729, 1, 0, 2, 0, 82071, 65812], ""<class 'abc.NT_0000_P_00000'>"": [], ""<class 'int'>"": [51614, 94798, 85886, 59354, 52526, 36031, 69880, 91268, 99322, 53598, 68614, 93746, 6702, 40963, 73390, 92372, 19142, 84521, 58460, 83038, 905, 28012, 78957, 84653, 71744, 91314, 22611, 11549, 26079, 62592, 15802, 74401, 73532, 53270, 89661, 97478, 24483, 14210, 58941, 10735, 60856, 12770, 53654, 52188], ""<class 'abc.NT_0000_P_00001'>"": [], ""<class 'abc.NT_0000_P_00002'>"": [], ""<class 'abc.NT_0000_P_00003'>"": [], ""<class 'abc.NT_0000_P_00004'>"": [], ""<class 'abc.NT_0000_P_00005'>"": [], ""<class 'abc.NT_0000_P_00006'>"": [], ""<class 'abc.NT_0001_P_00001'>"": [], ""<class 'abc.NT_0001_P_00002'>"": [], ""<class 'abc.NT_0001_P_00003'>"": [], ""<class 'abc.NT_0001_P_00004'>"": [], ""<class 'abc.NT_0005'>"": [2, 8379], ""<class 'abc.NT_0005_P_00000'>"": [], ""<class 'abc.NT_0003'>"": [0, 0, 2, 73361], ""<class 'abc.NT_0003_P_00000'>"": [], ""<class 'abc.NT_0002'>"": [3, 1, 2, 3, 2, 90644], ""<class 'abc.NT_0002_P_00000'>"": [], ""<class 'abc.NT_0002_P_00001'>"": [], ""<class 'abc.NT_0002_P_00002'>"": [], ""<class 'abc.NT_0002_P_00003'>"": [], ""<class 'abc.NT_0002_P_00004'>"": [], ""<class 'abc.NT_0003_P_00001'>"": [], ""<class 'abc.NT_0003_P_00002'>"": [], ""<class 'abc.NT_0004'>"": [0, 60424], ""<class 'abc.NT_0004_P_00000'>"": [], ""<class 'abc.NT_0004_P_00001'>"": [], ""<class 'abc.NT_0005_P_00001'>"": [], ""<class 'abc.NT_0005_P_00002'>"": [], ""<class 'abc.NT_0011'>"": [], ""<class 'abc.NT_0011_P_00000'>"": [], ""<class 'abc.NT_0017_P_00001'>"": [], ""<class 'abc.NT_0012'>"": [0, 60158], ""<class 'abc.NT_0012_P_00000'>"": [], ""<class 'abc.NT_0010'>"": [], ""<class 'abc.NT_0010_P_00000'>"": [], ""<class 'abc.NT_0009'>"": [], ""<class 'abc.NT_0009_P_00000'>"": [], ""<class 'abc.NT_0008'>"": [], ""<class 'abc.NT_0008_P_00000'>"": [], ""<class 'abc.NT_0006'>"": [], ""<class 'abc.NT_0006_P_00000'>"": [], ""<class 'abc.NT_0008_P_00001'>"": [], ""<class 'abc.NT_0008_P_00002'>"": [], ""<class 'abc.NT_0008_P_00003'>"": [], ""<class 'abc.NT_0008_P_00004'>"": [], ""<class 'abc.NT_0007'>"": [], ""<class 'abc.NT_0007_P_00000'>"": [], ""<class 'abc.NT_0007_P_00001'>"": [], ""<class 'abc.NT_0007_P_00002'>"": [], ""<class 'abc.NT_0009_P_00001'>"": [], ""<class 'abc.NT_0010_P_00001'>"": [], ""<class 'abc.NT_0010_P_00002'>"": [], ""<class 'abc.NT_0012_P_00001'>"": [], ""<class 'abc.NT_0012_P_00002'>"": [], '$leftovers': [24110, 33409, 84800, 52930, 73355, 35471, 40030, 9296, 20749, 33075, 49628, 11537, 15, 90830, 51946, 20435, 67193, 37276, 25620, 25545, 23848, 32840, 79736, 6117, 22259, 57571, 60709, 16020, 90131, 83681, 49236, 19740, 96719, 28286, 96500, 25056, 2425, 4606, 76743, 50141, 80972, 89178, 58155, 60076, 20023, 49957, 78859, 71701, 63157, 51036, 27194, 57618, 41826, 72622, 26518, 13650, 37174, 65866, 51535, 26693, 46306, 18622, 78957, 96794, 12749, 98789, 43609, 19799, 33366, 8952, 34480, 94159, 44897, 75759, 82931, 16277, 14916, 72994, 49309, 70538, 2034, 42550, 91026, 7880, 3338, 60131, 98080, 28093, 32900, 15622, 26775, 29552, 32342, 14515, 36096, 41783, 62811, 37254, 75355, 63411, 75272, 23694, 84310, 71082, 79212, 33588, 90706, 48187, 31189, 88482, 9367, 56255, 79617, 1270, 55560, 26203, 26155, 40545, 15484, 55048, 21590, 6079, 95713, 42042, 7599, 11012, 10867, 6326, 4226, 36219, 64167, 95573, 17592, 32396, 33047, 42672, 14688, 56724, 34006, 26116, 19739, 92564, 32446, 49106, 86197, 89608, 29620, 89318, 4676, 30220, 92140, 82233, 42586, 84937, 67832, 88616, 54115, 36688, 72537, 89206, 19927, 60142, 31365, 9503, 17153, 77426, 27373, 71618, 24526, 11066, 35200, 85609, 149, 12686, 31762, 76331, 79662, 42034, 4753, 45093, 9160, 29879, 54031, 81574, 52405, 74338, 45103, 97062, 38418, 65500, 83214, 33515, 71498, 84236, 27012, 42946, 15648, 18758, 74221, 18239, 86131, 1230, 2760, 87805, 47794, 89910, 39873, 11161, 88967, 57997, 33988, 52998, 11574, 11690, 91965, 60505, 6728, 20304, 66663, 21797, 36314, 23383, 77728, 66566, 30573, 81589, 35200, 85889, 50823, 87892, 82732, 87939, 51151, 25364, 57741, 65481, 95697, 91763, 24126, 50698, 89794, 21082, 38556, 8845, 86758, 95312, 40982, 27576, 22409, 10764, 59686, 42374, 46705, 20305, 91930, 20443, 55812, 94550, 17871, 37347, 86111, 91872, 76531, 97561, 22247, 70828, 10031, 86871, 3457, 34403, 47195, 55824, 77269, 2312, 23015, 10509, 90685, 33220, 5095, 32669, 57665, 87461, 23705, 23892, 79569, 25099, 22463, 6825, 87678, 12700, 8086, 18347, 2080, 81725, 1743, 21695, 98864, 601, 27012, 26238, 83756, 20196, 9283, 37922, 9584, 31059, 69305, 33408, 87700, 5472, 17218, 94029, 30946, 42707, 26938, 23929, 42631, 58629, 82345, 34078, 27640, 26857, 52482, 1908, 53363, 57718, 53277, 60874, 47192, 65156, 64324, 98908, 18086, 34571, 80780, 21654, 13015, 54185, 65778, 82905, 54333, 16295, 29750, 10179, 8498, 41149, 76875, 75817, 52840, 36350, 67047, 80721, 50387, 89921, 76598, 79179, 69374, 34188, 84323, 90189, 80063, 75353, 58141, 98604, 61869, 50914, 95998, 60953, 31372, 32800, 20253, 10965, 57825, 30921, 72002, 23478, 52144, 74671, 49790, 35369, 96851, 96268, 91735, 26265, 71492, 35041, 22667, 85381, 87967, 56897, 37761, 44123, 52620, 81795, 86745, 6668, 71796, 22328, 50981, 1304, 65894, 39334, 28965, 37736, 33502, 94725, 98644, 29317, 28672, 49720, 92944, 79154, 30886, 83581, 56853, 86563, 45680, 29702, 43297, 89488, 55541, 95711, 64055, 55857, 75831, 20915, 33733, 41601, 40608, 13946, 42643, 60946, 78379, 66893, 47265, 47663, 96044, 31575, 23271, 29732, 18765, 73934, 86595, 19623, 58152, 23341, 42797, 82035, 84610, 84617, 26296, 48384, 7808, 85181, 83581, 85225, 34491, 3068, 83145, 63958, 59227, 71005, 79763, 19625, 78522, 84816, 70026, 30736, 71763, 20974, 85431, 42194, 51257, 95945, 87370, 84376, 7316, 96397, 73523, 45377, 38170, 929, 19455, 92318, 44476, 31469, 69802, 39812, 96151, 1351, 97970, 67167, 69990, 20536, 43930, 89552, 7692, 94070, 25734, 2163, 89653, 41361, 65843, 55026, 76161, 33606, 7726, 57770, 26583, 72401, 4290, 24460, 59579, 28419, 26896, 42516, 11149, 32412, 43883, 76759, 72953, 63003, 29642, 79399, 49163, 14266, 55493, 15592, 19124, 64343, 71700, 16518, 77843, 61244, 80217, 51694, 11787, 24162, 70922, 1802, 19601, 58039, 19725, 17982, 7030, 87818, 81146, 64592, 10711, 8313, 80311, 12180, 49490, 79809, 96851, 93114, 19741, 87950, 3665, 43498, 8117, 64, 90216, 51752, 43265, 1055, 25064, 4579, 20591, 64262, 8289, 34540, 9038, 32463, 95965, 3202, 36219, 54773, 36301, 21802, 67750, 14517, 59282, 15980, 432, 86613, 99020, 91465, 77787, 78248, 48946, 57777, 58757, 97167, 43438, 57904, 2014, 13213, 67388, 10589, 17904, 46813, 71128, 52635, 3372, 7022, 6285, 13222, 36250, 40728, 91163, 35142, 11502, 89851, 62932, 77460, 96657, 21864, 99883, 81995, 74277, 60986, 50282, 74931, 46950, 5360, 53700, 31843, 59827, 47670, 32934, 30419, 79491, 57514, 74807, 23996, 53538, 62864, 15792, 27971, 79999, 4588, 61344, 72986, 76402, 5098, 58305, 25903, 32899, 85790, 91428, 60548, 56234, 39548, 43974, 98619, 77439, 15993, 73803, 83604, 25519, 18459, 20066, 25903, 97967, 33677, 7371, 6, 36499, 11324, 1243, 39947, 55479, 70470, 34082, 56050, 29544, 54987, 62746, 66607, 80357, 49628, 67933, 33670, 28091, 66945, 50534, 26141, 53322, 91035, 77729, 27580, 46478, 28257, 47427, 93318, 56880, 30918, 94174, 58362, 78991, 44614, 79630, 30263, 11791, 42548, 14198, 37648, 38023, 21220, 21014, 7344, 63974, 96287, 17660, 60202, 79326, 52006, 11171, 66690, 12255, 20285, 10423, 55277, 57487, 11691, 54689, 5652, 76519, 3461, 69755, 64707, 16312, 16295, 40601, 70148, 36176, 16065, 40040, 14183, 24121, 47242, 22032, 11279, 3191, 76223, 38556, 49976, 63279, 28556, 9220, 29217, 76607, 75006, 23148, 76606, 47161, 35794, 52195, 48659, 92402, 6526, 92368, 4935, 12370, 31129, 9968, 86963, 31409, 47029, 77066, 80727, 15785, 15932, 83533, 62000, 17471, 96923, 65812, 20445, 91749, 85889, 26308, 19486, 21715, 34331, 93146, 59506, 57820, 30428, 93243, 92765, 52847, 89535, 66389, 58839, 4150, 25361, 82879, 61511, 68281, 78697, 78403, 87273, 13980, 42687, 23918, 63683, 41580, 73250, 59609, 11414, 2509, 70598, 74474, 19451, 16064, 20767, 90079, 93316, 16483, 26688, 1007, 58343, 58155, 21038, 71715, 57917, 41869, 25781, 18714, 67682, 93754, 85684, 10313, 1573, 45762, 94524, 35755, 32943, 71827, 71670, 16558, 24105, 60194, 63460, 52030, 70450, 68115, 37170, 74590, 45567, 54629, 5725, 85172, 61417, 54506, 78169, 92443, 94152, 97286, 90729, 98431, 21923, 91806, 91215, 9539, 25283, 88955, 21992, 43568, 39295, 10889, 20789, 56007, 943, 72855, 76942, 8942, 7759, 97777, 37307, 60206, 47127, 31059, 56075, 49075, 27392, 83476, 56280, 34162, 34476, 2995, 89626, 72491, 10343, 77379, 88390, 46151, 52405, 17849, 67616, 60968, 77448, 3012, 11905, 89855, 55382, 1710, 27710, 13838, 56579, 51865, 18942, 52511, 18314, 17423, 62667, 73550, 27356, 31707, 24937, 85986, 41982, 29792, 51747, 77050, 33505, 87200, 35919, 25026, 57877, 33854, 14431, 62602, 44937, 83542, 26581, 41702, 40546, 83724, 57348, 95648, 17217, 81032, 51333, 62479, 95232, 68193, 19337, 54406, 7241, 84508, 31853, 36337, 97444, 6715, 84142, 14143, 29646, 61418, 46691, 91055, 95261, 21607, 49389, 87440, 53345, 41371, 1669, 16850, 18440, 60983, 69600, 53625, 40097, 54633, 9055, 65860, 3054, 54468, 13994, 50399, 96381, 93456, 37386, 12374, 72359, 13808, 91360, 1863, 60158, 8379, 60424, 44909, 64466, 68566, 65812, 52188, 94818]})"
140.0,7,31,97,40.35806369781494,40003,"Genotype(dna={""<class 'abc.NT_0017'>"": [0, 1863], ""<class 'abc.NT_0017_P_00000'>"": [], ""<class 'abc.NT_0001'>"": [26948, 2, 2, 30908, 0, 1, 75632], ""<class 'abc.NT_0001_P_00000'>"": [], ""<class 'bool'>"": [78447, 35570, 21927, 2927, 64826, 47769, 23648, 93816, 7134, 25648, 20134, 85082, 87339, 47436, 78194, 2404, 90332, 3649, 34428, 50242, 42523, 81490, 79213, 38241, 1494, 24110, 33409], ""<class 'abc.NT_0000'>"": [1, 2, 6, 0, 70097, 0, 52590, 37022, 5, 2, 0, 34708, 3, 1, 0, 2, 2, 58484, 74373, 76729, 1, 0, 2, 0, 82071, 65812], ""<class 'abc.NT_0000_P_00000'>"": [], ""<class 'int'>"": [51614, 94798, 85886, 59354, 52526, 36031, 69880, 58952, 99322, 53598, 68614, 93746, 6702, 40963, 73390, 92372, 19142, 84521, 58460, 83038, 905, 28012, 78957, 84653, 71744, 91314, 22611, 11549, 26079, 62592, 15802, 74401, 73532, 53270, 89661, 97478, 24483, 14210, 58941, 10735, 60856, 12770, 53654, 52188], ""<class 'abc.NT_0000_P_00001'>"": [], ""<class 'abc.NT_0000_P_00002'>"": [], ""<class 'abc.NT_0000_P_00003'>"": [], ""<class 'abc.NT_0000_P_00004'>"": [], ""<class 'abc.NT_0000_P_00005'>"": [], ""<class 'abc.NT_0000_P_00006'>"": [], ""<class 'abc.NT_0001_P_00001'>"": [], ""<class 'abc.NT_0001_P_00002'>"": [], ""<class 'abc.NT_0001_P_00003'>"": [], ""<class 'abc.NT_0001_P_00004'>"": [], ""<class 'abc.NT_0005'>"": [2, 8379], ""<class 'abc.NT_0005_P_00000'>"": [], ""<class 'abc.NT_0003'>"": [0, 0, 2, 73361], ""<class 'abc.NT_0003_P_00000'>"": [], ""<class 'abc.NT_0002'>"": [97068, 27041, 2, 3, 2, 31085], ""<class 'abc.NT_0002_P_00000'>"": [], ""<class 'abc.NT_0002_P_00001'>"": [], ""<class 'abc.NT_0002_P_00002'>"": [], ""<class 'abc.NT_0002_P_00003'>"": [], ""<class 'abc.NT_0002_P_00004'>"": [], ""<class 'abc.NT_0003_P_00001'>"": [], ""<class 'abc.NT_0003_P_00002'>"": [], ""<class 'abc.NT_0004'>"": [0, 60424], ""<class 'abc.NT_0004_P_00000'>"": [], ""<class 'abc.NT_0004_P_00001'>"": [], ""<class 'abc.NT_0005_P_00001'>"": [], ""<class 'abc.NT_0005_P_00002'>"": [], ""<class 'abc.NT_0011'>"": [], ""<class 'abc.NT_0011_P_00000'>"": [], ""<class 'abc.NT_0017_P_00001'>"": [], ""<class 'abc.NT_0012'>"": [0, 60158], ""<class 'abc.NT_0012_P_00000'>"": [], ""<class 'abc.NT_0010'>"": [], ""<class 'abc.NT_0010_P_00000'>"": [], ""<class 'abc.NT_0009'>"": [], ""<class 'abc.NT_0009_P_00000'>"": [], ""<class 'abc.NT_0008'>"": [], ""<class 'abc.NT_0008_P_00000'>"": [], ""<class 'abc.NT_0006'>"": [], ""<class 'abc.NT_0006_P_00000'>"": [], ""<class 'abc.NT_0008_P_00001'>"": [], ""<class 'abc.NT_0008_P_00002'>"": [], ""<class 'abc.NT_0008_P_00003'>"": [], ""<class 'abc.NT_0008_P_00004'>"": [], ""<class 'abc.NT_0007'>"": [], ""<class 'abc.NT_0007_P_00000'>"": [], ""<class 'abc.NT_0007_P_00001'>"": [], ""<class 'abc.NT_0007_P_00002'>"": [], ""<class 'abc.NT_0009_P_00001'>"": [], ""<class 'abc.NT_0010_P_00001'>"": [], ""<class 'abc.NT_0010_P_00002'>"": [], ""<class 'abc.NT_0012_P_00001'>"": [], ""<class 'abc.NT_0012_P_00002'>"": [], '$leftovers': [24110, 33409, 84800, 52930, 73355, 35471, 40030, 9296, 20749, 33075, 49628, 11537, 15, 90830, 51946, 20435, 67193, 37276, 25620, 25545, 23848, 32840, 79736, 6117, 22259, 57571, 60709, 16020, 90131, 83681, 49236, 19740, 96719, 28286, 96500, 25056, 2425, 4606, 76743, 50141, 80972, 89178, 58155, 60076, 20023, 49957, 78859, 71701, 63157, 51036, 27194, 57618, 41826, 72622, 26518, 13650, 37174, 65866, 51535, 26693, 46306, 18622, 78957, 96794, 12749, 98789, 43609, 19799, 33366, 8952, 34480, 94159, 44897, 75759, 82931, 16277, 14916, 72994, 49309, 70538, 2034, 42550, 91026, 7880, 3338, 60131, 98080, 28093, 32900, 15622, 26775, 29552, 32342, 14515, 36096, 41783, 62811, 37254, 75355, 63411, 75272, 23694, 84310, 71082, 79212, 33588, 90706, 48187, 31189, 88482, 9367, 56255, 79617, 1270, 55560, 26203, 26155, 40545, 15484, 55048, 21590, 6079, 95713, 42042, 7599, 11012, 10867, 6326, 4226, 36219, 64167, 95573, 17592, 32396, 33047, 42672, 14688, 56724, 34006, 26116, 19739, 92564, 32446, 49106, 86197, 89608, 29620, 89318, 4676, 30220, 92140, 82233, 42586, 84937, 67832, 88616, 54115, 36688, 72537, 89206, 19927, 60142, 31365, 9503, 17153, 77426, 27373, 71618, 24526, 11066, 35200, 85609, 149, 12686, 31762, 76331, 79662, 42034, 4753, 45093, 9160, 29879, 54031, 81574, 52405, 74338, 45103, 97062, 38418, 65500, 83214, 33515, 71498, 84236, 27012, 42946, 15648, 18758, 74221, 18239, 86131, 1230, 2760, 87805, 47794, 89910, 39873, 11161, 88967, 57997, 33988, 52998, 11574, 11690, 91965, 60505, 6728, 20304, 66663, 21797, 36314, 23383, 77728, 66566, 30573, 81589, 35200, 85889, 50823, 87892, 82732, 87939, 51151, 25364, 57741, 65481, 95697, 91763, 24126, 50698, 89794, 21082, 38556, 8845, 86758, 95312, 40982, 27576, 22409, 10764, 59686, 42374, 46705, 20305, 91930, 20443, 55812, 94550, 17871, 37347, 86111, 91872, 76531, 97561, 22247, 70828, 10031, 86871, 3457, 34403, 47195, 55824, 77269, 2312, 23015, 10509, 90685, 33220, 5095, 32669, 57665, 87461, 23705, 23892, 79569, 25099, 22463, 6825, 87678, 12700, 8086, 18347, 2080, 81725, 1743, 21695, 98864, 601, 27012, 26238, 83756, 20196, 9283, 37922, 9584, 31059, 69305, 33408, 87700, 5472, 17218, 94029, 30946, 42707, 26938, 23929, 42631, 58629, 82345, 34078, 27640, 26857, 52482, 1908, 53363, 57718, 53277, 60874, 47192, 65156, 64324, 98908, 18086, 34571, 80780, 21654, 13015, 54185, 65778, 82905, 54333, 16295, 29750, 10179, 8498, 41149, 76875, 75817, 52840, 36350, 67047, 80721, 50387, 89921, 76598, 79179, 69374, 34188, 84323, 90189, 80063, 75353, 58141, 98604, 61869, 50914, 95998, 60953, 31372, 32800, 20253, 10965, 57825, 30921, 72002, 23478, 52144, 74671, 49790, 35369, 96851, 96268, 91735, 26265, 71492, 35041, 22667, 85381, 87967, 56897, 37761, 44123, 52620, 81795, 86745, 6668, 71796, 22328, 50981, 1304, 65894, 39334, 28965, 37736, 33502, 94725, 98644, 29317, 28672, 49720, 92944, 79154, 30886, 83581, 56853, 86563, 45680, 29702, 43297, 89488, 55541, 95711, 64055, 55857, 75831, 20915, 33733, 41601, 40608, 13946, 42643, 60946, 78379, 66893, 47265, 47663, 96044, 31575, 23271, 29732, 18765, 73934, 86595, 19623, 58152, 23341, 42797, 82035, 84610, 84617, 26296, 48384, 7808, 85181, 83581, 85225, 34491, 3068, 83145, 63958, 59227, 71005, 79763, 19625, 78522, 84816, 70026, 30736, 71763, 20974, 85431, 42194, 51257, 95945, 87370, 84376, 7316, 96397, 73523, 45377, 38170, 929, 19455, 92318, 44476, 31469, 69802, 39812, 96151, 1351, 97970, 67167, 69990, 20536, 43930, 89552, 7692, 94070, 25734, 2163, 89653, 41361, 65843, 55026, 76161, 33606, 7726, 57770, 26583, 72401, 4290, 24460, 59579, 28419, 26896, 42516, 11149, 32412, 43883, 76759, 72953, 63003, 29642, 79399, 49163, 14266, 55493, 15592, 19124, 64343, 71700, 16518, 77843, 61244, 80217, 51694, 11787, 24162, 70922, 1802, 19601, 58039, 19725, 17982, 7030, 87818, 81146, 64592, 10711, 8313, 80311, 12180, 49490, 79809, 96851, 93114, 19741, 87950, 3665, 43498, 8117, 64, 90216, 51752, 43265, 1055, 25064, 4579, 20591, 64262, 8289, 34540, 9038, 32463, 95965, 3202, 36219, 54773, 36301, 21802, 67750, 14517, 59282, 15980, 432, 86613, 99020, 91465, 77787, 78248, 48946, 57777, 58757, 97167, 43438, 57904, 2014, 13213, 67388, 10589, 17904, 46813, 71128, 52635, 3372, 7022, 6285, 13222, 36250, 40728, 91163, 35142, 11502, 89851, 62932, 77460, 96657, 21864, 99883, 81995, 74277, 60986, 50282, 74931, 46950, 5360, 53700, 31843, 59827, 47670, 32934, 30419, 79491, 57514, 74807, 23996, 53538, 62864, 15792, 27971, 79999, 4588, 61344, 72986, 76402, 5098, 58305, 25903, 32899, 85790, 91428, 60548, 56234, 39548, 43974, 98619, 77439, 15993, 73803, 83604, 25519, 18459, 20066, 25903, 97967, 33677, 7371, 6, 36499, 11324, 1243, 39947, 55479, 70470, 34082, 56050, 29544, 54987, 62746, 66607, 80357, 49628, 67933, 33670, 28091, 66945, 50534, 26141, 53322, 91035, 77729, 27580, 46478, 28257, 47427, 93318, 56880, 30918, 94174, 58362, 78991, 44614, 79630, 30263, 11791, 42548, 14198, 37648, 38023, 21220, 21014, 7344, 63974, 96287, 17660, 60202, 79326, 52006, 11171, 66690, 12255, 20285, 10423, 55277, 57487, 11691, 54689, 5652, 76519, 3461, 69755, 64707, 16312, 16295, 40601, 70148, 36176, 16065, 40040, 14183, 24121, 47242, 22032, 11279, 3191, 76223, 38556, 49976, 63279, 28556, 9220, 29217, 76607, 75006, 23148, 76606, 47161, 35794, 52195, 48659, 92402, 6526, 92368, 4935, 12370, 31129, 9968, 86963, 31409, 47029, 77066, 80727, 15785, 15932, 83533, 62000, 17471, 96923, 65812, 20445, 91749, 85889, 26308, 19486, 21715, 34331, 93146, 59506, 57820, 30428, 93243, 92765, 52847, 89535, 66389, 58839, 4150, 25361, 82879, 61511, 68281, 78697, 78403, 87273, 13980, 42687, 23918, 63683, 41580, 73250, 59609, 11414, 2509, 70598, 74474, 19451, 16064, 20767, 90079, 93316, 16483, 26688, 1007, 58343, 58155, 21038, 71715, 57917, 41869, 25781, 18714, 67682, 93754, 85684, 10313, 1573, 45762, 94524, 35755, 32943, 71827, 71670, 16558, 24105, 60194, 63460, 52030, 70450, 68115, 37170, 74590, 45567, 54629, 5725, 85172, 61417, 54506, 78169, 92443, 94152, 97286, 90729, 98431, 21923, 91806, 91215, 9539, 25283, 88955, 21992, 43568, 39295, 10889, 20789, 56007, 943, 72855, 76942, 8942, 7759, 97777, 37307, 60206, 47127, 31059, 56075, 49075, 27392, 83476, 56280, 34162, 34476, 2995, 89626, 72491, 10343, 77379, 88390, 46151, 52405, 17849, 67616, 60968, 77448, 3012, 11905, 89855, 55382, 1710, 27710, 13838, 56579, 51865, 18942, 52511, 18314, 17423, 62667, 73550, 27356, 31707, 24937, 85986, 41982, 29792, 51747, 77050, 33505, 87200, 35919, 25026, 57877, 33854, 14431, 62602, 44937, 83542, 26581, 41702, 40546, 83724, 57348, 95648, 17217, 81032, 51333, 62479, 95232, 68193, 19337, 54406, 7241, 84508, 31853, 36337, 97444, 6715, 84142, 14143, 29646, 61418, 46691, 91055, 95261, 21607, 49389, 87440, 53345, 41371, 1669, 16850, 18440, 60983, 69600, 53625, 40097, 54633, 9055, 65860, 3054, 54468, 13994, 50399, 96381, 93456, 37386, 12374, 72359, 13808, 91360, 1863, 60158, 8379, 60424, 44909, 64466, 68566, 65812, 52188, 94818]})"
140.0,7,31,98,40.627320289611816,40003,"Genotype(dna={""<class 'abc.NT_0017'>"": [0, 1863], ""<class 'abc.NT_0017_P_00000'>"": [], ""<class 'abc.NT_0001'>"": [26948, 2, 2, 30908, 0, 1, 75632], ""<class 'abc.NT_0001_P_00000'>"": [], ""<class 'bool'>"": [78447, 35570, 21927, 2927, 64826, 47769, 23648, 93816, 7134, 25648, 20134, 85082, 87339, 47436, 78194, 2404, 90332, 3649, 34428, 50242, 42523, 81490, 79213, 38241, 1494, 24110, 33409], ""<class 'abc.NT_0000'>"": [1, 2, 6, 0, 70097, 0, 52590, 37022, 5, 2, 0, 34708, 3, 1, 0, 2, 2, 58484, 74373, 76729, 1, 0, 2, 0, 82071, 65812], ""<class 'abc.NT_0000_P_00000'>"": [], ""<class 'int'>"": [51614, 94798, 85886, 59354, 52526, 36031, 69880, 58952, 99322, 53598, 68614, 93746, 6702, 40963, 73390, 92372, 19142, 84521, 58460, 83038, 905, 28012, 78957, 84653, 71744, 91314, 22611, 11549, 26079, 62592, 15802, 74401, 73532, 53270, 89661, 97478, 24483, 14210, 58941, 10735, 60856, 12770, 53654, 52188], ""<class 'abc.NT_0000_P_00001'>"": [], ""<class 'abc.NT_0000_P_00002'>"": [], ""<class 'abc.NT_0000_P_00003'>"": [], ""<class 'abc.NT_0000_P_00004'>"": [], ""<class 'abc.NT_0000_P_00005'>"": [], ""<class 'abc.NT_0000_P_00006'>"": [], ""<class 'abc.NT_0001_P_00001'>"": [], ""<class 'abc.NT_0001_P_00002'>"": [], ""<class 'abc.NT_0001_P_00003'>"": [], ""<class 'abc.NT_0001_P_00004'>"": [], ""<class 'abc.NT_0005'>"": [2, 8379], ""<class 'abc.NT_0005_P_00000'>"": [], ""<class 'abc.NT_0003'>"": [0, 0, 2, 73361], ""<class 'abc.NT_0003_P_00000'>"": [], ""<class 'abc.NT_0002'>"": [97068, 27041, 2, 3, 2, 31085], ""<class 'abc.NT_0002_P_00000'>"": [], ""<class 'abc.NT_0002_P_00001'>"": [], ""<class 'abc.NT_0002_P_00002'>"": [], ""<class 'abc.NT_0002_P_00003'>"": [], ""<class 'abc.NT_0002_P_00004'>"": [], ""<class 'abc.NT_0003_P_00001'>"": [], ""<class 'abc.NT_0003_P_00002'>"": [], ""<class 'abc.NT_0004'>"": [0, 60424], ""<class 'abc.NT_0004_P_00000'>"": [], ""<class 'abc.NT_0004_P_00001'>"": [], ""<class 'abc.NT_0005_P_00001'>"": [], ""<class 'abc.NT_0005_P_00002'>"": [], ""<class 'abc.NT_0011'>"": [], ""<class 'abc.NT_0011_P_00000'>"": [], ""<class 'abc.NT_0017_P_00001'>"": [], ""<class 'abc.NT_0012'>"": [0, 60158], ""<class 'abc.NT_0012_P_00000'>"": [], ""<class 'abc.NT_0010'>"": [], ""<class 'abc.NT_0010_P_00000'>"": [], ""<class 'abc.NT_0009'>"": [], ""<class 'abc.NT_0009_P_00000'>"": [], ""<class 'abc.NT_0008'>"": [], ""<class 'abc.NT_0008_P_00000'>"": [], ""<class 'abc.NT_0006'>"": [], ""<class 'abc.NT_0006_P_00000'>"": [], ""<class 'abc.NT_0008_P_00001'>"": [], ""<class 'abc.NT_0008_P_00002'>"": [], ""<class 'abc.NT_0008_P_00003'>"": [], ""<class 'abc.NT_0008_P_00004'>"": [], ""<class 'abc.NT_0007'>"": [], ""<class 'abc.NT_0007_P_00000'>"": [], ""<class 'abc.NT_0007_P_00001'>"": [], ""<class 'abc.NT_0007_P_00002'>"": [], ""<class 'abc.NT_0009_P_00001'>"": [], ""<class 'abc.NT_0010_P_00001'>"": [], ""<class 'abc.NT_0010_P_00002'>"": [], ""<class 'abc.NT_0012_P_00001'>"": [], ""<class 'abc.NT_0012_P_00002'>"": [], '$leftovers': [24110, 33409, 84800, 52930, 73355, 35471, 40030, 9296, 20749, 33075, 49628, 11537, 15, 90830, 51946, 20435, 67193, 37276, 25620, 25545, 23848, 32840, 79736, 6117, 22259, 57571, 60709, 16020, 90131, 83681, 49236, 19740, 96719, 28286, 96500, 25056, 2425, 4606, 76743, 50141, 80972, 89178, 58155, 60076, 20023, 49957, 78859, 71701, 63157, 51036, 27194, 57618, 41826, 72622, 26518, 13650, 37174, 65866, 51535, 26693, 46306, 18622, 78957, 96794, 12749, 98789, 43609, 19799, 33366, 8952, 34480, 94159, 44897, 75759, 82931, 16277, 14916, 72994, 49309, 70538, 2034, 42550, 91026, 7880, 3338, 60131, 98080, 28093, 32900, 15622, 26775, 29552, 32342, 14515, 36096, 41783, 62811, 37254, 75355, 63411, 75272, 23694, 84310, 71082, 79212, 33588, 90706, 48187, 31189, 88482, 9367, 56255, 79617, 1270, 55560, 26203, 26155, 40545, 15484, 55048, 21590, 6079, 95713, 42042, 7599, 11012, 10867, 6326, 4226, 36219, 64167, 95573, 17592, 32396, 33047, 42672, 14688, 56724, 34006, 26116, 19739, 92564, 32446, 49106, 86197, 89608, 29620, 89318, 4676, 30220, 92140, 82233, 42586, 84937, 67832, 88616, 54115, 36688, 72537, 89206, 19927, 60142, 31365, 9503, 17153, 77426, 27373, 71618, 24526, 11066, 35200, 85609, 149, 12686, 31762, 76331, 79662, 42034, 4753, 45093, 9160, 29879, 54031, 81574, 52405, 74338, 45103, 97062, 38418, 65500, 83214, 33515, 71498, 84236, 27012, 42946, 15648, 18758, 74221, 18239, 86131, 1230, 2760, 87805, 47794, 89910, 39873, 11161, 88967, 57997, 33988, 52998, 11574, 11690, 91965, 60505, 6728, 20304, 66663, 21797, 36314, 23383, 77728, 66566, 30573, 81589, 35200, 85889, 50823, 87892, 82732, 87939, 51151, 25364, 57741, 65481, 95697, 91763, 24126, 50698, 89794, 21082, 38556, 8845, 86758, 95312, 40982, 27576, 22409, 10764, 59686, 42374, 46705, 20305, 91930, 20443, 55812, 94550, 17871, 37347, 86111, 91872, 76531, 97561, 22247, 70828, 10031, 86871, 3457, 34403, 47195, 55824, 77269, 2312, 23015, 10509, 90685, 33220, 5095, 32669, 57665, 87461, 23705, 23892, 79569, 25099, 22463, 6825, 87678, 12700, 8086, 18347, 2080, 81725, 1743, 21695, 98864, 601, 27012, 26238, 83756, 20196, 9283, 37922, 9584, 31059, 69305, 33408, 87700, 5472, 17218, 94029, 30946, 42707, 26938, 23929, 42631, 58629, 82345, 34078, 27640, 26857, 52482, 1908, 53363, 57718, 53277, 60874, 47192, 65156, 64324, 98908, 18086, 34571, 80780, 21654, 13015, 54185, 65778, 82905, 54333, 16295, 29750, 10179, 8498, 41149, 76875, 75817, 52840, 36350, 67047, 80721, 50387, 89921, 76598, 79179, 69374, 34188, 84323, 90189, 80063, 75353, 58141, 98604, 61869, 50914, 95998, 60953, 31372, 32800, 20253, 10965, 57825, 30921, 72002, 23478, 52144, 74671, 49790, 35369, 96851, 96268, 91735, 26265, 71492, 35041, 22667, 85381, 87967, 56897, 37761, 44123, 52620, 81795, 86745, 6668, 71796, 22328, 50981, 1304, 65894, 39334, 28965, 37736, 33502, 94725, 98644, 29317, 28672, 49720, 92944, 79154, 30886, 83581, 56853, 86563, 45680, 29702, 43297, 89488, 55541, 95711, 64055, 55857, 75831, 20915, 33733, 41601, 40608, 13946, 42643, 60946, 78379, 66893, 47265, 47663, 96044, 31575, 23271, 29732, 18765, 73934, 86595, 19623, 58152, 23341, 42797, 82035, 84610, 84617, 26296, 48384, 7808, 85181, 83581, 85225, 34491, 3068, 83145, 63958, 59227, 71005, 79763, 19625, 78522, 84816, 70026, 30736, 71763, 20974, 85431, 42194, 51257, 95945, 87370, 84376, 7316, 96397, 73523, 45377, 38170, 929, 19455, 92318, 44476, 31469, 69802, 39812, 96151, 1351, 97970, 67167, 69990, 20536, 43930, 89552, 7692, 94070, 25734, 2163, 89653, 41361, 65843, 55026, 76161, 33606, 7726, 57770, 26583, 72401, 4290, 24460, 59579, 28419, 26896, 42516, 11149, 32412, 43883, 76759, 72953, 63003, 29642, 79399, 49163, 14266, 55493, 15592, 19124, 64343, 71700, 16518, 77843, 61244, 80217, 51694, 11787, 24162, 70922, 1802, 19601, 58039, 19725, 17982, 7030, 87818, 81146, 64592, 10711, 8313, 80311, 12180, 49490, 79809, 96851, 93114, 19741, 87950, 3665, 43498, 8117, 64, 90216, 51752, 43265, 1055, 25064, 4579, 20591, 64262, 8289, 34540, 9038, 32463, 95965, 3202, 36219, 54773, 36301, 21802, 67750, 14517, 59282, 15980, 432, 86613, 99020, 91465, 77787, 78248, 48946, 57777, 58757, 97167, 43438, 57904, 2014, 13213, 67388, 10589, 17904, 46813, 71128, 52635, 3372, 7022, 6285, 13222, 36250, 40728, 91163, 35142, 11502, 89851, 62932, 77460, 96657, 21864, 99883, 81995, 74277, 60986, 50282, 74931, 46950, 5360, 53700, 31843, 59827, 47670, 32934, 30419, 79491, 57514, 74807, 23996, 53538, 62864, 15792, 27971, 79999, 4588, 61344, 72986, 76402, 5098, 58305, 25903, 32899, 85790, 91428, 60548, 56234, 39548, 43974, 98619, 77439, 15993, 73803, 83604, 25519, 18459, 20066, 25903, 97967, 33677, 7371, 6, 36499, 11324, 1243, 39947, 55479, 70470, 34082, 56050, 29544, 54987, 62746, 66607, 80357, 49628, 67933, 33670, 28091, 66945, 50534, 26141, 53322, 91035, 77729, 27580, 46478, 28257, 47427, 93318, 56880, 30918, 94174, 58362, 78991, 44614, 79630, 30263, 11791, 42548, 14198, 37648, 38023, 21220, 21014, 7344, 63974, 96287, 17660, 60202, 79326, 52006, 11171, 66690, 12255, 20285, 10423, 55277, 57487, 11691, 54689, 5652, 76519, 3461, 69755, 64707, 16312, 16295, 40601, 70148, 36176, 16065, 40040, 14183, 24121, 47242, 22032, 11279, 3191, 76223, 38556, 49976, 63279, 28556, 9220, 29217, 76607, 75006, 23148, 76606, 47161, 35794, 52195, 48659, 92402, 6526, 92368, 4935, 12370, 31129, 9968, 86963, 31409, 47029, 77066, 80727, 15785, 15932, 83533, 62000, 17471, 96923, 65812, 20445, 91749, 85889, 26308, 19486, 21715, 34331, 93146, 59506, 57820, 30428, 93243, 92765, 52847, 89535, 66389, 58839, 4150, 25361, 82879, 61511, 68281, 78697, 78403, 87273, 13980, 42687, 23918, 63683, 41580, 73250, 59609, 11414, 2509, 70598, 74474, 19451, 16064, 20767, 90079, 93316, 16483, 26688, 1007, 58343, 58155, 21038, 71715, 57917, 41869, 25781, 18714, 67682, 93754, 85684, 10313, 1573, 45762, 94524, 35755, 32943, 71827, 71670, 16558, 24105, 60194, 63460, 52030, 70450, 68115, 37170, 74590, 45567, 54629, 5725, 85172, 61417, 54506, 78169, 92443, 94152, 97286, 90729, 98431, 21923, 91806, 91215, 9539, 25283, 88955, 21992, 43568, 39295, 10889, 20789, 56007, 943, 72855, 76942, 8942, 7759, 97777, 37307, 60206, 47127, 31059, 56075, 49075, 27392, 83476, 56280, 34162, 34476, 2995, 89626, 72491, 10343, 77379, 88390, 46151, 52405, 17849, 67616, 60968, 77448, 3012, 11905, 89855, 55382, 1710, 27710, 13838, 56579, 51865, 18942, 52511, 18314, 17423, 62667, 73550, 27356, 31707, 24937, 85986, 41982, 29792, 51747, 77050, 33505, 87200, 35919, 25026, 57877, 33854, 14431, 62602, 44937, 83542, 26581, 41702, 40546, 83724, 57348, 95648, 17217, 81032, 51333, 62479, 95232, 68193, 19337, 54406, 7241, 84508, 31853, 36337, 97444, 6715, 84142, 14143, 29646, 61418, 46691, 91055, 95261, 21607, 49389, 87440, 53345, 41371, 1669, 16850, 18440, 60983, 69600, 53625, 40097, 54633, 9055, 65860, 3054, 54468, 13994, 50399, 96381, 93456, 37386, 12374, 72359, 13808, 91360, 1863, 60158, 8379, 60424, 44909, 64466, 68566, 65812, 52188, 94818]})"
140.0,7,31,99,40.91373634338379,40003,"Genotype(dna={""<class 'abc.NT_0017'>"": [0, 1863], ""<class 'abc.NT_0017_P_00000'>"": [], ""<class 'abc.NT_0001'>"": [26948, 2, 2, 30908, 0, 1, 75632], ""<class 'abc.NT_0001_P_00000'>"": [], ""<class 'bool'>"": [78447, 35570, 21927, 2927, 64826, 47769, 23648, 93816, 7134, 25648, 20134, 85082, 87339, 47436, 78194, 2404, 90332, 3649, 34428, 50242, 42523, 81490, 79213, 38241, 1494, 24110, 33409], ""<class 'abc.NT_0000'>"": [1, 2, 6, 0, 70097, 0, 52590, 37022, 5, 2, 0, 34708, 3, 1, 0, 2, 2, 58484, 74373, 76729, 1, 0, 2, 0, 82071, 65812], ""<class 'abc.NT_0000_P_00000'>"": [], ""<class 'int'>"": [51614, 94798, 85886, 59354, 52526, 36031, 69880, 58952, 99322, 53598, 68614, 93746, 6702, 40963, 73390, 92372, 19142, 84521, 58460, 83038, 905, 28012, 78957, 84653, 71744, 91314, 22611, 11549, 26079, 62592, 15802, 74401, 73532, 53270, 89661, 97478, 24483, 14210, 58941, 10735, 60856, 12770, 53654, 52188], ""<class 'abc.NT_0000_P_00001'>"": [], ""<class 'abc.NT_0000_P_00002'>"": [], ""<class 'abc.NT_0000_P_00003'>"": [], ""<class 'abc.NT_0000_P_00004'>"": [], ""<class 'abc.NT_0000_P_00005'>"": [], ""<class 'abc.NT_0000_P_00006'>"": [], ""<class 'abc.NT_0001_P_00001'>"": [], ""<class 'abc.NT_0001_P_00002'>"": [], ""<class 'abc.NT_0001_P_00003'>"": [], ""<class 'abc.NT_0001_P_00004'>"": [], ""<class 'abc.NT_0005'>"": [2, 8379], ""<class 'abc.NT_0005_P_00000'>"": [], ""<class 'abc.NT_0003'>"": [0, 0, 2, 73361], ""<class 'abc.NT_0003_P_00000'>"": [], ""<class 'abc.NT_0002'>"": [97068, 27041, 2, 3, 2, 31085], ""<class 'abc.NT_0002_P_00000'>"": [], ""<class 'abc.NT_0002_P_00001'>"": [], ""<class 'abc.NT_0002_P_00002'>"": [], ""<class 'abc.NT_0002_P_00003'>"": [], ""<class 'abc.NT_0002_P_00004'>"": [], ""<class 'abc.NT_0003_P_00001'>"": [], ""<class 'abc.NT_0003_P_00002'>"": [], ""<class 'abc.NT_0004'>"": [0, 60424], ""<class 'abc.NT_0004_P_00000'>"": [], ""<class 'abc.NT_0004_P_00001'>"": [], ""<class 'abc.NT_0005_P_00001'>"": [], ""<class 'abc.NT_0005_P_00002'>"": [], ""<class 'abc.NT_0011'>"": [], ""<class 'abc.NT_0011_P_00000'>"": [], ""<class 'abc.NT_0017_P_00001'>"": [], ""<class 'abc.NT_0012'>"": [0, 60158], ""<class 'abc.NT_0012_P_00000'>"": [], ""<class 'abc.NT_0010'>"": [], ""<class 'abc.NT_0010_P_00000'>"": [], ""<class 'abc.NT_0009'>"": [], ""<class 'abc.NT_0009_P_00000'>"": [], ""<class 'abc.NT_0008'>"": [], ""<class 'abc.NT_0008_P_00000'>"": [], ""<class 'abc.NT_0006'>"": [], ""<class 'abc.NT_0006_P_00000'>"": [], ""<class 'abc.NT_0008_P_00001'>"": [], ""<class 'abc.NT_0008_P_00002'>"": [], ""<class 'abc.NT_0008_P_00003'>"": [], ""<class 'abc.NT_0008_P_00004'>"": [], ""<class 'abc.NT_0007'>"": [], ""<class 'abc.NT_0007_P_00000'>"": [], ""<class 'abc.NT_0007_P_00001'>"": [], ""<class 'abc.NT_0007_P_00002'>"": [], ""<class 'abc.NT_0009_P_00001'>"": [], ""<class 'abc.NT_0010_P_00001'>"": [], ""<class 'abc.NT_0010_P_00002'>"": [], ""<class 'abc.NT_0012_P_00001'>"": [], ""<class 'abc.NT_0012_P_00002'>"": [], '$leftovers': [24110, 33409, 84800, 52930, 73355, 35471, 40030, 9296, 20749, 33075, 49628, 11537, 15, 90830, 51946, 20435, 67193, 37276, 25620, 25545, 23848, 32840, 79736, 6117, 22259, 57571, 60709, 16020, 90131, 83681, 49236, 19740, 96719, 28286, 96500, 25056, 2425, 4606, 76743, 50141, 80972, 89178, 58155, 60076, 20023, 49957, 78859, 71701, 63157, 51036, 27194, 57618, 41826, 72622, 26518, 13650, 37174, 65866, 51535, 26693, 46306, 18622, 78957, 96794, 12749, 98789, 43609, 19799, 33366, 8952, 34480, 94159, 44897, 75759, 82931, 16277, 14916, 72994, 49309, 70538, 2034, 42550, 91026, 7880, 3338, 60131, 98080, 28093, 32900, 15622, 26775, 29552, 32342, 14515, 36096, 41783, 62811, 37254, 75355, 63411, 75272, 23694, 84310, 71082, 79212, 33588, 90706, 48187, 31189, 88482, 9367, 56255, 79617, 1270, 55560, 26203, 26155, 40545, 15484, 55048, 21590, 6079, 95713, 42042, 7599, 11012, 10867, 6326, 4226, 36219, 64167, 95573, 17592, 32396, 33047, 42672, 14688, 56724, 34006, 26116, 19739, 92564, 32446, 49106, 86197, 89608, 29620, 89318, 4676, 30220, 92140, 82233, 42586, 84937, 67832, 88616, 54115, 36688, 72537, 89206, 19927, 60142, 31365, 9503, 17153, 77426, 27373, 71618, 24526, 11066, 35200, 85609, 149, 12686, 31762, 76331, 79662, 42034, 4753, 45093, 9160, 29879, 54031, 81574, 52405, 74338, 45103, 97062, 38418, 65500, 83214, 33515, 71498, 84236, 27012, 42946, 15648, 18758, 74221, 18239, 86131, 1230, 2760, 87805, 47794, 89910, 39873, 11161, 88967, 57997, 33988, 52998, 11574, 11690, 91965, 60505, 6728, 20304, 66663, 21797, 36314, 23383, 77728, 66566, 30573, 81589, 35200, 85889, 50823, 87892, 82732, 87939, 51151, 25364, 57741, 65481, 95697, 91763, 24126, 50698, 89794, 21082, 38556, 8845, 86758, 95312, 40982, 27576, 22409, 10764, 59686, 42374, 46705, 20305, 91930, 20443, 55812, 94550, 17871, 37347, 86111, 91872, 76531, 97561, 22247, 70828, 10031, 86871, 3457, 34403, 47195, 55824, 77269, 2312, 23015, 10509, 90685, 33220, 5095, 32669, 57665, 87461, 23705, 23892, 79569, 25099, 22463, 6825, 87678, 12700, 8086, 18347, 2080, 81725, 1743, 21695, 98864, 601, 27012, 26238, 83756, 20196, 9283, 37922, 9584, 31059, 69305, 33408, 87700, 5472, 17218, 94029, 30946, 42707, 26938, 23929, 42631, 58629, 82345, 34078, 27640, 26857, 52482, 1908, 53363, 57718, 53277, 60874, 47192, 65156, 64324, 98908, 18086, 34571, 80780, 21654, 13015, 54185, 65778, 82905, 54333, 16295, 29750, 10179, 8498, 41149, 76875, 75817, 52840, 36350, 67047, 80721, 50387, 89921, 76598, 79179, 69374, 34188, 84323, 90189, 80063, 75353, 58141, 98604, 61869, 50914, 95998, 60953, 31372, 32800, 20253, 10965, 57825, 30921, 72002, 23478, 52144, 74671, 49790, 35369, 96851, 96268, 91735, 26265, 71492, 35041, 22667, 85381, 87967, 56897, 37761, 44123, 52620, 81795, 86745, 6668, 71796, 22328, 50981, 1304, 65894, 39334, 28965, 37736, 33502, 94725, 98644, 29317, 28672, 49720, 92944, 79154, 30886, 83581, 56853, 86563, 45680, 29702, 43297, 89488, 55541, 95711, 64055, 55857, 75831, 20915, 33733, 41601, 40608, 13946, 42643, 60946, 78379, 66893, 47265, 47663, 96044, 31575, 23271, 29732, 18765, 73934, 86595, 19623, 58152, 23341, 42797, 82035, 84610, 84617, 26296, 48384, 7808, 85181, 83581, 85225, 34491, 3068, 83145, 63958, 59227, 71005, 79763, 19625, 78522, 84816, 70026, 30736, 71763, 20974, 85431, 42194, 51257, 95945, 87370, 84376, 7316, 96397, 73523, 45377, 38170, 929, 19455, 92318, 44476, 31469, 69802, 39812, 96151, 1351, 97970, 67167, 69990, 20536, 43930, 89552, 7692, 94070, 25734, 2163, 89653, 41361, 65843, 55026, 76161, 33606, 7726, 57770, 26583, 72401, 4290, 24460, 59579, 28419, 26896, 42516, 11149, 32412, 43883, 76759, 72953, 63003, 29642, 79399, 49163, 14266, 55493, 15592, 19124, 64343, 71700, 16518, 77843, 61244, 80217, 51694, 11787, 24162, 70922, 1802, 19601, 58039, 19725, 17982, 7030, 87818, 81146, 64592, 10711, 8313, 80311, 12180, 49490, 79809, 96851, 93114, 19741, 87950, 3665, 43498, 8117, 64, 90216, 51752, 43265, 1055, 25064, 4579, 20591, 64262, 8289, 34540, 9038, 32463, 95965, 3202, 36219, 54773, 36301, 21802, 67750, 14517, 59282, 15980, 432, 86613, 99020, 91465, 77787, 78248, 48946, 57777, 58757, 97167, 43438, 57904, 2014, 13213, 67388, 10589, 17904, 46813, 71128, 52635, 3372, 7022, 6285, 13222, 36250, 40728, 91163, 35142, 11502, 89851, 62932, 77460, 96657, 21864, 99883, 81995, 74277, 60986, 50282, 74931, 46950, 5360, 53700, 31843, 59827, 47670, 32934, 30419, 79491, 57514, 74807, 23996, 53538, 62864, 15792, 27971, 79999, 4588, 61344, 72986, 76402, 5098, 58305, 25903, 32899, 85790, 91428, 60548, 56234, 39548, 43974, 98619, 77439, 15993, 73803, 83604, 25519, 18459, 20066, 25903, 97967, 33677, 7371, 6, 36499, 11324, 1243, 39947, 55479, 70470, 34082, 56050, 29544, 54987, 62746, 66607, 80357, 49628, 67933, 33670, 28091, 66945, 50534, 26141, 53322, 91035, 77729, 27580, 46478, 28257, 47427, 93318, 56880, 30918, 94174, 58362, 78991, 44614, 79630, 30263, 11791, 42548, 14198, 37648, 38023, 21220, 21014, 7344, 63974, 96287, 17660, 60202, 79326, 52006, 11171, 66690, 12255, 20285, 10423, 55277, 57487, 11691, 54689, 5652, 76519, 3461, 69755, 64707, 16312, 16295, 40601, 70148, 36176, 16065, 40040, 14183, 24121, 47242, 22032, 11279, 3191, 76223, 38556, 49976, 63279, 28556, 9220, 29217, 76607, 75006, 23148, 76606, 47161, 35794, 52195, 48659, 92402, 6526, 92368, 4935, 12370, 31129, 9968, 86963, 31409, 47029, 77066, 80727, 15785, 15932, 83533, 62000, 17471, 96923, 65812, 20445, 91749, 85889, 26308, 19486, 21715, 34331, 93146, 59506, 57820, 30428, 93243, 92765, 52847, 89535, 66389, 58839, 4150, 25361, 82879, 61511, 68281, 78697, 78403, 87273, 13980, 42687, 23918, 63683, 41580, 73250, 59609, 11414, 2509, 70598, 74474, 19451, 16064, 20767, 90079, 93316, 16483, 26688, 1007, 58343, 58155, 21038, 71715, 57917, 41869, 25781, 18714, 67682, 93754, 85684, 10313, 1573, 45762, 94524, 35755, 32943, 71827, 71670, 16558, 24105, 60194, 63460, 52030, 70450, 68115, 37170, 74590, 45567, 54629, 5725, 85172, 61417, 54506, 78169, 92443, 94152, 97286, 90729, 98431, 21923, 91806, 91215, 9539, 25283, 88955, 21992, 43568, 39295, 10889, 20789, 56007, 943, 72855, 76942, 8942, 7759, 97777, 37307, 60206, 47127, 31059, 56075, 49075, 27392, 83476, 56280, 34162, 34476, 2995, 89626, 72491, 10343, 77379, 88390, 46151, 52405, 17849, 67616, 60968, 77448, 3012, 11905, 89855, 55382, 1710, 27710, 13838, 56579, 51865, 18942, 52511, 18314, 17423, 62667, 73550, 27356, 31707, 24937, 85986, 41982, 29792, 51747, 77050, 33505, 87200, 35919, 25026, 57877, 33854, 14431, 62602, 44937, 83542, 26581, 41702, 40546, 83724, 57348, 95648, 17217, 81032, 51333, 62479, 95232, 68193, 19337, 54406, 7241, 84508, 31853, 36337, 97444, 6715, 84142, 14143, 29646, 61418, 46691, 91055, 95261, 21607, 49389, 87440, 53345, 41371, 1669, 16850, 18440, 60983, 69600, 53625, 40097, 54633, 9055, 65860, 3054, 54468, 13994, 50399, 96381, 93456, 37386, 12374, 72359, 13808, 91360, 1863, 60158, 8379, 60424, 44909, 64466, 68566, 65812, 52188, 94818]})"
140.0,7,31,100,41.16593599319458,40003,"Genotype(dna={""<class 'abc.NT_0017'>"": [0, 1863], ""<class 'abc.NT_0017_P_00000'>"": [], ""<class 'abc.NT_0001'>"": [26948, 2, 2, 30908, 0, 1, 75632], ""<class 'abc.NT_0001_P_00000'>"": [], ""<class 'bool'>"": [78447, 35570, 21927, 2927, 64826, 47769, 23648, 93816, 7134, 25648, 20134, 85082, 87339, 47436, 78194, 2404, 90332, 3649, 34428, 50242, 42523, 81490, 79213, 38241, 1494, 24110, 33409], ""<class 'abc.NT_0000'>"": [1, 2, 6, 0, 70097, 0, 52590, 37022, 5, 2, 0, 34708, 3, 1, 0, 2, 2, 58484, 74373, 76729, 1, 0, 2, 0, 82071, 65812], ""<class 'abc.NT_0000_P_00000'>"": [], ""<class 'int'>"": [51614, 94798, 85886, 59354, 52526, 36031, 69880, 58952, 99322, 53598, 68614, 93746, 6702, 40963, 73390, 92372, 19142, 84521, 58460, 83038, 905, 28012, 78957, 84653, 71744, 91314, 22611, 11549, 26079, 62592, 15802, 74401, 73532, 53270, 89661, 97478, 24483, 14210, 58941, 10735, 60856, 12770, 53654, 52188], ""<class 'abc.NT_0000_P_00001'>"": [], ""<class 'abc.NT_0000_P_00002'>"": [], ""<class 'abc.NT_0000_P_00003'>"": [], ""<class 'abc.NT_0000_P_00004'>"": [], ""<class 'abc.NT_0000_P_00005'>"": [], ""<class 'abc.NT_0000_P_00006'>"": [], ""<class 'abc.NT_0001_P_00001'>"": [], ""<class 'abc.NT_0001_P_00002'>"": [], ""<class 'abc.NT_0001_P_00003'>"": [], ""<class 'abc.NT_0001_P_00004'>"": [], ""<class 'abc.NT_0005'>"": [2, 8379], ""<class 'abc.NT_0005_P_00000'>"": [], ""<class 'abc.NT_0003'>"": [0, 0, 2, 73361], ""<class 'abc.NT_0003_P_00000'>"": [], ""<class 'abc.NT_0002'>"": [97068, 27041, 2, 3, 2, 31085], ""<class 'abc.NT_0002_P_00000'>"": [], ""<class 'abc.NT_0002_P_00001'>"": [], ""<class 'abc.NT_0002_P_00002'>"": [], ""<class 'abc.NT_0002_P_00003'>"": [], ""<class 'abc.NT_0002_P_00004'>"": [], ""<class 'abc.NT_0003_P_00001'>"": [], ""<class 'abc.NT_0003_P_00002'>"": [], ""<class 'abc.NT_0004'>"": [0, 60424], ""<class 'abc.NT_0004_P_00000'>"": [], ""<class 'abc.NT_0004_P_00001'>"": [], ""<class 'abc.NT_0005_P_00001'>"": [], ""<class 'abc.NT_0005_P_00002'>"": [], ""<class 'abc.NT_0011'>"": [], ""<class 'abc.NT_0011_P_00000'>"": [], ""<class 'abc.NT_0017_P_00001'>"": [], ""<class 'abc.NT_0012'>"": [0, 60158], ""<class 'abc.NT_0012_P_00000'>"": [], ""<class 'abc.NT_0010'>"": [], ""<class 'abc.NT_0010_P_00000'>"": [], ""<class 'abc.NT_0009'>"": [], ""<class 'abc.NT_0009_P_00000'>"": [], ""<class 'abc.NT_0008'>"": [], ""<class 'abc.NT_0008_P_00000'>"": [], ""<class 'abc.NT_0006'>"": [], ""<class 'abc.NT_0006_P_00000'>"": [], ""<class 'abc.NT_0008_P_00001'>"": [], ""<class 'abc.NT_0008_P_00002'>"": [], ""<class 'abc.NT_0008_P_00003'>"": [], ""<class 'abc.NT_0008_P_00004'>"": [], ""<class 'abc.NT_0007'>"": [], ""<class 'abc.NT_0007_P_00000'>"": [], ""<class 'abc.NT_0007_P_00001'>"": [], ""<class 'abc.NT_0007_P_00002'>"": [], ""<class 'abc.NT_0009_P_00001'>"": [], ""<class 'abc.NT_0010_P_00001'>"": [], ""<class 'abc.NT_0010_P_00002'>"": [], ""<class 'abc.NT_0012_P_00001'>"": [], ""<class 'abc.NT_0012_P_00002'>"": [], '$leftovers': [24110, 33409, 84800, 52930, 73355, 35471, 40030, 9296, 20749, 33075, 49628, 11537, 15, 90830, 51946, 20435, 67193, 37276, 25620, 25545, 23848, 32840, 79736, 6117, 22259, 57571, 60709, 16020, 90131, 83681, 49236, 19740, 96719, 28286, 96500, 25056, 2425, 4606, 76743, 50141, 80972, 89178, 58155, 60076, 20023, 49957, 78859, 71701, 63157, 51036, 27194, 57618, 41826, 72622, 26518, 13650, 37174, 65866, 51535, 26693, 46306, 18622, 78957, 96794, 12749, 98789, 43609, 19799, 33366, 8952, 34480, 94159, 44897, 75759, 82931, 16277, 14916, 72994, 49309, 70538, 2034, 42550, 91026, 7880, 3338, 60131, 98080, 28093, 32900, 15622, 26775, 29552, 32342, 14515, 36096, 41783, 62811, 37254, 75355, 63411, 75272, 23694, 84310, 71082, 79212, 33588, 90706, 48187, 31189, 88482, 9367, 56255, 79617, 1270, 55560, 26203, 26155, 40545, 15484, 55048, 21590, 6079, 95713, 42042, 7599, 11012, 10867, 6326, 4226, 36219, 64167, 95573, 17592, 32396, 33047, 42672, 14688, 56724, 34006, 26116, 19739, 92564, 32446, 49106, 86197, 89608, 29620, 89318, 4676, 30220, 92140, 82233, 42586, 84937, 67832, 88616, 54115, 36688, 72537, 89206, 19927, 60142, 31365, 9503, 17153, 77426, 27373, 71618, 24526, 11066, 35200, 85609, 149, 12686, 31762, 76331, 79662, 42034, 4753, 45093, 9160, 29879, 54031, 81574, 52405, 74338, 45103, 97062, 38418, 65500, 83214, 33515, 71498, 84236, 27012, 42946, 15648, 18758, 74221, 18239, 86131, 1230, 2760, 87805, 47794, 89910, 39873, 11161, 88967, 57997, 33988, 52998, 11574, 11690, 91965, 60505, 6728, 20304, 66663, 21797, 36314, 23383, 77728, 66566, 30573, 81589, 35200, 85889, 50823, 87892, 82732, 87939, 51151, 25364, 57741, 65481, 95697, 91763, 24126, 50698, 89794, 21082, 38556, 8845, 86758, 95312, 40982, 27576, 22409, 10764, 59686, 42374, 46705, 20305, 91930, 20443, 55812, 94550, 17871, 37347, 86111, 91872, 76531, 97561, 22247, 70828, 10031, 86871, 3457, 34403, 47195, 55824, 77269, 2312, 23015, 10509, 90685, 33220, 5095, 32669, 57665, 87461, 23705, 23892, 79569, 25099, 22463, 6825, 87678, 12700, 8086, 18347, 2080, 81725, 1743, 21695, 98864, 601, 27012, 26238, 83756, 20196, 9283, 37922, 9584, 31059, 69305, 33408, 87700, 5472, 17218, 94029, 30946, 42707, 26938, 23929, 42631, 58629, 82345, 34078, 27640, 26857, 52482, 1908, 53363, 57718, 53277, 60874, 47192, 65156, 64324, 98908, 18086, 34571, 80780, 21654, 13015, 54185, 65778, 82905, 54333, 16295, 29750, 10179, 8498, 41149, 76875, 75817, 52840, 36350, 67047, 80721, 50387, 89921, 76598, 79179, 69374, 34188, 84323, 90189, 80063, 75353, 58141, 98604, 61869, 50914, 95998, 60953, 31372, 32800, 20253, 10965, 57825, 30921, 72002, 23478, 52144, 74671, 49790, 35369, 96851, 96268, 91735, 26265, 71492, 35041, 22667, 85381, 87967, 56897, 37761, 44123, 52620, 81795, 86745, 6668, 71796, 22328, 50981, 1304, 65894, 39334, 28965, 37736, 33502, 94725, 98644, 29317, 28672, 49720, 92944, 79154, 30886, 83581, 56853, 86563, 45680, 29702, 43297, 89488, 55541, 95711, 64055, 55857, 75831, 20915, 33733, 41601, 40608, 13946, 42643, 60946, 78379, 66893, 47265, 47663, 96044, 31575, 23271, 29732, 18765, 73934, 86595, 19623, 58152, 23341, 42797, 82035, 84610, 84617, 26296, 48384, 7808, 85181, 83581, 85225, 34491, 3068, 83145, 63958, 59227, 71005, 79763, 19625, 78522, 84816, 70026, 30736, 71763, 20974, 85431, 42194, 51257, 95945, 87370, 84376, 7316, 96397, 73523, 45377, 38170, 929, 19455, 92318, 44476, 31469, 69802, 39812, 96151, 1351, 97970, 67167, 69990, 20536, 43930, 89552, 7692, 94070, 25734, 2163, 89653, 41361, 65843, 55026, 76161, 33606, 7726, 57770, 26583, 72401, 4290, 24460, 59579, 28419, 26896, 42516, 11149, 32412, 43883, 76759, 72953, 63003, 29642, 79399, 49163, 14266, 55493, 15592, 19124, 64343, 71700, 16518, 77843, 61244, 80217, 51694, 11787, 24162, 70922, 1802, 19601, 58039, 19725, 17982, 7030, 87818, 81146, 64592, 10711, 8313, 80311, 12180, 49490, 79809, 96851, 93114, 19741, 87950, 3665, 43498, 8117, 64, 90216, 51752, 43265, 1055, 25064, 4579, 20591, 64262, 8289, 34540, 9038, 32463, 95965, 3202, 36219, 54773, 36301, 21802, 67750, 14517, 59282, 15980, 432, 86613, 99020, 91465, 77787, 78248, 48946, 57777, 58757, 97167, 43438, 57904, 2014, 13213, 67388, 10589, 17904, 46813, 71128, 52635, 3372, 7022, 6285, 13222, 36250, 40728, 91163, 35142, 11502, 89851, 62932, 77460, 96657, 21864, 99883, 81995, 74277, 60986, 50282, 74931, 46950, 5360, 53700, 31843, 59827, 47670, 32934, 30419, 79491, 57514, 74807, 23996, 53538, 62864, 15792, 27971, 79999, 4588, 61344, 72986, 76402, 5098, 58305, 25903, 32899, 85790, 91428, 60548, 56234, 39548, 43974, 98619, 77439, 15993, 73803, 83604, 25519, 18459, 20066, 25903, 97967, 33677, 7371, 6, 36499, 11324, 1243, 39947, 55479, 70470, 34082, 56050, 29544, 54987, 62746, 66607, 80357, 49628, 67933, 33670, 28091, 66945, 50534, 26141, 53322, 91035, 77729, 27580, 46478, 28257, 47427, 93318, 56880, 30918, 94174, 58362, 78991, 44614, 79630, 30263, 11791, 42548, 14198, 37648, 38023, 21220, 21014, 7344, 63974, 96287, 17660, 60202, 79326, 52006, 11171, 66690, 12255, 20285, 10423, 55277, 57487, 11691, 54689, 5652, 76519, 3461, 69755, 64707, 16312, 16295, 40601, 70148, 36176, 16065, 40040, 14183, 24121, 47242, 22032, 11279, 3191, 76223, 38556, 49976, 63279, 28556, 9220, 29217, 76607, 75006, 23148, 76606, 47161, 35794, 52195, 48659, 92402, 6526, 92368, 4935, 12370, 31129, 9968, 86963, 31409, 47029, 77066, 80727, 15785, 15932, 83533, 62000, 17471, 96923, 65812, 20445, 91749, 85889, 26308, 19486, 21715, 34331, 93146, 59506, 57820, 30428, 93243, 92765, 52847, 89535, 66389, 58839, 4150, 25361, 82879, 61511, 68281, 78697, 78403, 87273, 13980, 42687, 23918, 63683, 41580, 73250, 59609, 11414, 2509, 70598, 74474, 19451, 16064, 20767, 90079, 93316, 16483, 26688, 1007, 58343, 58155, 21038, 71715, 57917, 41869, 25781, 18714, 67682, 93754, 85684, 10313, 1573, 45762, 94524, 35755, 32943, 71827, 71670, 16558, 24105, 60194, 63460, 52030, 70450, 68115, 37170, 74590, 45567, 54629, 5725, 85172, 61417, 54506, 78169, 92443, 94152, 97286, 90729, 98431, 21923, 91806, 91215, 9539, 25283, 88955, 21992, 43568, 39295, 10889, 20789, 56007, 943, 72855, 76942, 8942, 7759, 97777, 37307, 60206, 47127, 31059, 56075, 49075, 27392, 83476, 56280, 34162, 34476, 2995, 89626, 72491, 10343, 77379, 88390, 46151, 52405, 17849, 67616, 60968, 77448, 3012, 11905, 89855, 55382, 1710, 27710, 13838, 56579, 51865, 18942, 52511, 18314, 17423, 62667, 73550, 27356, 31707, 24937, 85986, 41982, 29792, 51747, 77050, 33505, 87200, 35919, 25026, 57877, 33854, 14431, 62602, 44937, 83542, 26581, 41702, 40546, 83724, 57348, 95648, 17217, 81032, 51333, 62479, 95232, 68193, 19337, 54406, 7241, 84508, 31853, 36337, 97444, 6715, 84142, 14143, 29646, 61418, 46691, 91055, 95261, 21607, 49389, 87440, 53345, 41371, 1669, 16850, 18440, 60983, 69600, 53625, 40097, 54633, 9055, 65860, 3054, 54468, 13994, 50399, 96381, 93456, 37386, 12374, 72359, 13808, 91360, 1863, 60158, 8379, 60424, 44909, 64466, 68566, 65812, 52188, 94818]})"
