Fitness,Depth,Nodes,Generations,time_since_the_start_of_the_evolution,seed,genotype_as_str
1289.0,9,128,1,4.369065284729004,10180,"Genotype(dna={""<class 'abc.NT_0010'>"": [0, 0, 0, 0, 64348, 0, 1, 95016], ""<class 'abc.NT_0010_P_00000'>"": [], ""<class 'abc.NT_0007'>"": [], ""<class 'abc.NT_0007_P_00000'>"": [], ""<class 'abc.NT_0004'>"": [], ""<class 'abc.NT_0004_P_00000'>"": [], ""<class 'int'>"": [41753, 56922, 63245, 83706, 52255, 70127, 64960, 24903, 63466, 30332, 36168, 53095, 95406, 42601, 52769, 44563, 87095, 2190, 95528, 79015, 19264, 17641, 36612, 10551, 62096, 37067, 17193, 79031, 8895, 94801, 23994, 44009, 20720, 81595, 95135, 55739, 55466, 35213, 99414, 84117, 64901, 13419, 22704, 66020, 72929, 25611, 90130, 75364, 53127, 32160, 24638, 59309, 30874, 31755, 49556, 55968, 22377, 81159, 5154, 15142, 60115, 15482, 66512, 43560, 49411, 53325, 46985, 86666, 76712, 95037, 47804, 19725, 67997, 97179, 72086, 31005, 21587, 42558, 79854, 34390, 98870, 96096, 63173, 63188, 11265, 37355, 16955, 911, 10393, 1402, 61995, 42218, 72388, 76600, 97594, 10624, 86943, 56716, 59297, 80327, 46946, 78238, 36073, 55801, 89865, 66997, 58600, 17125, 31861, 29748, 36357, 17640, 94591, 76455, 74212, 24825, 76802, 49029, 37225, 40725, 7567, 84480, 16745, 57891, 58724, 86074, 77816, 5421, 70011, 43731, 36693, 49134, 44684, 4083, 15641, 9317, 82892, 9480, 23401, 77440, 20372, 2283, 47348, 81571, 74132, 20136, 48173, 21420, 90818, 44700, 64877, 30421, 59363, 4343, 59720, 27410], ""<class 'abc.NT_0001'>"": [], ""<class 'abc.NT_0001_P_00000'>"": [], ""<class 'bool'>"": [3169, 95044, 6055, 50296, 18766, 20477, 73469, 91207, 71405, 13880, 89955, 99190, 2363, 66830, 84037, 93120, 6013, 80425, 41517, 82012, 16456, 45053, 65867, 4011, 83093, 49909, 9242, 3028, 87116, 7803, 84370, 62301, 18179, 16685, 93939, 75139, 73491, 73254, 66638, 54275, 97138, 67251, 69110, 11436, 89375, 63681, 73024, 64218, 21203, 12997, 329, 36064, 13255, 19390, 32870, 83661, 28549, 13975, 80725, 93462, 13073, 96543, 32771, 52210, 35464, 35536, 49864, 48266, 70245, 2606, 15926, 16933, 64825, 68569, 61041, 99625, 16539, 68150, 52420, 30124, 5898, 23563, 7023, 84268, 87404, 44182, 1823, 59943, 17313, 76482, 83480, 14836, 95477, 69612, 20124, 57942, 95356, 57722, 483, 51690, 57110, 95464, 97966, 4943, 34667, 2113, 29385, 39539, 17892, 19079, 48855, 50915, 65562, 57263, 12629, 76961, 74670, 49424, 69182, 53213, 27552, 80060, 73759, 70866, 87254, 37021, 34303, 35105, 32099, 76588, 77165, 10624, 17070, 71011, 45917, 12677, 18973, 6510, 37642, 87254, 46098, 97509, 88653, 74399, 70382, 76893, 34964, 91733, 82439, 60768, 88102, 58581, 56940, 49229, 60289, 63808, 71006, 36309, 17764, 5020, 50915, 96415, 93271, 41309, 19409, 71378, 69049, 63633, 22074, 27379, 56747, 52775, 93615, 95385, 10703, 67630, 55817, 57000, 27138, 88927, 63334, 27359, 52708, 57990, 10117, 46386, 14912, 60069, 96148, 73558, 33162, 36371, 82370, 30401, 37068], ""<class 'abc.NT_0000'>"": [1, 6, 3, 4, 2, 4, 6, 2, 1, 1, 2, 0, 1, 85728, 2, 57122, 10274, 22536, 89009, 10798, 16140, 74122, 95952, 81198, 64630, 19409, 92091, 66715, 58095, 14649, 41876, 80868, 98492, 33446, 84384, 67785, 41310, 218, 29422, 24654, 23776, 15116, 83270, 1094, 357, 64996, 70424, 26587, 76412, 14714, 46801, 9718, 19858, 40864, 72010, 10659, 14880, 29421, 36870, 10093, 86635, 85842, 12411, 31104, 12171, 14050, 98752, 61669, 6291, 80309, 43484, 40571, 95200, 95211, 8374, 58536, 87632, 5603, 70339, 87853, 46911, 21867, 44671, 87568, 92245, 38917, 93688, 38706, 99311, 2000, 24279, 33163, 72383, 90296, 17359, 78421, 37577, 12251, 2979, 35846, 29991, 46757, 99310, 87909, 41611, 90932, 55924, 90566, 48271, 65142, 2443, 90212, 2553, 55678, 41900, 64936, 65079, 36742, 20532, 62921, 61060, 768, 18490, 47749, 78830, 3932, 32052, 30275, 43021, 94694, 21021, 34238, 7182, 16073, 42335, 40518, 26182, 30179, 9233, 359, 26714, 23735, 99557, 1076, 52118, 85537, 71112, 11733, 35946, 33644, 42186], ""<class 'abc.NT_0000_P_00000'>"": [], ""<class 'abc.NT_0000_P_00001'>"": [], ""<class 'abc.NT_0000_P_00002'>"": [], ""<class 'abc.NT_0000_P_00003'>"": [], ""<class 'abc.NT_0000_P_00004'>"": [], ""<class 'abc.NT_0000_P_00005'>"": [], ""<class 'abc.NT_0000_P_00006'>"": [], ""<class 'abc.NT_0001_P_00001'>"": [], ""<class 'abc.NT_0001_P_00002'>"": [], ""<class 'abc.NT_0004_P_00001'>"": [], ""<class 'abc.NT_0003'>"": [], ""<class 'abc.NT_0003_P_00000'>"": [], ""<class 'abc.NT_0002'>"": [], ""<class 'abc.NT_0002_P_00000'>"": [], ""<class 'abc.NT_0002_P_00001'>"": [], ""<class 'abc.NT_0002_P_00002'>"": [], ""<class 'abc.NT_0002_P_00003'>"": [], ""<class 'abc.NT_0002_P_00004'>"": [], ""<class 'abc.NT_0002_P_00005'>"": [], ""<class 'abc.NT_0002_P_00006'>"": [], ""<class 'abc.NT_0002_P_00007'>"": [], ""<class 'abc.NT_0003_P_00001'>"": [], ""<class 'abc.NT_0006'>"": [0, 0, 0, 0, 0, 0, 0, 0, 0, 0, 0, 0, 37837], ""<class 'abc.NT_0006_P_00000'>"": [], ""<class 'abc.NT_0005'>"": [], ""<class 'abc.NT_0005_P_00000'>"": [], ""<class 'abc.NT_0005_P_00001'>"": [], ""<class 'abc.NT_0005_P_00002'>"": [], ""<class 'abc.NT_0005_P_00003'>"": [], ""<class 'abc.NT_0005_P_00004'>"": [], ""<class 'abc.NT_0005_P_00005'>"": [], ""<class 'abc.NT_0005_P_00006'>"": [], ""<class 'abc.NT_0006_P_00001'>"": [], ""<class 'abc.NT_0006_P_00002'>"": [], ""<class 'abc.NT_0006_P_00003'>"": [], ""<class 'abc.NT_0006_P_00004'>"": [], ""<class 'abc.NT_0006_P_00005'>"": [], ""<class 'abc.NT_0006_P_00006'>"": [], ""<class 'abc.NT_0006_P_00007'>"": [], ""<class 'abc.NT_0007_P_00001'>"": [], ""<class 'abc.NT_0007_P_00002'>"": [], ""<class 'abc.NT_0007_P_00003'>"": [], ""<class 'abc.NT_0007_P_00004'>"": [], ""<class 'abc.NT_0007_P_00005'>"": [], ""<class 'abc.NT_0010_P_00001'>"": [], ""<class 'abc.NT_0008'>"": [1, 1, 0, 3454, 29357, 50432, 62191, 71817, 99648, 82288, 61777, 29024, 60801], ""<class 'abc.NT_0008_P_00000'>"": [], ""<class 'abc.NT_0008_P_00001'>"": [], ""<class 'abc.NT_0008_P_00002'>"": [], ""<class 'abc.NT_0008_P_00003'>"": [], ""<class 'abc.NT_0008_P_00004'>"": [], ""<class 'abc.NT_0010_P_00002'>"": [], ""<class 'abc.NT_0010_P_00003'>"": [], ""<class 'abc.NT_0010_P_00004'>"": [], ""<class 'abc.NT_0009'>"": [], ""<class 'abc.NT_0009_P_00000'>"": [], ""<class 'abc.NT_0009_P_00001'>"": [], ""<class 'abc.NT_0009_P_00002'>"": [], ""<class 'abc.NT_0009_P_00003'>"": [], ""<class 'abc.NT_0009_P_00004'>"": [], ""<class 'abc.NT_0010_P_00005'>"": [], ""<class 'abc.NT_0010_P_00006'>"": [], '$leftovers': [58369, 11610, 43003, 45002, 7193, 21938, 38413, 25053, 95604, 87401, 83052, 36603, 20484, 43239, 76555, 22216, 24532, 70728, 8784, 61782, 90927, 41839, 33728, 27676, 96877, 28281, 67131, 37832, 58325, 13146, 22761, 58508, 41031, 96723, 91989, 40464, 27530, 55919, 32984, 86585, 24683, 44277, 88057, 42084, 36841, 64702, 28119, 5113, 71746, 69952, 79579, 74646, 84524, 50114, 87672, 80821, 61464, 34576, 29495, 52333, 99783, 16918, 33496, 91704, 30582, 51156, 45999, 38129, 88859, 58188, 99051, 60574, 32623, 87494, 88442, 10589, 46984, 5313, 2722, 19603, 35175, 95596, 65186, 72480, 72397, 62452, 83492, 69469, 16979, 36940, 76339, 55669, 2378, 394, 67960, 93363, 52014, 4512, 41695, 39082, 7211, 82867, 93859, 54914, 77425, 82575, 11410, 55656, 5852, 14694, 80861, 7419, 94852, 36179, 25202, 23095, 41042, 44309, 22552, 7680, 95345, 58935, 49305, 81072, 93320, 29436, 64919, 41829, 60659, 76467, 47232, 14730, 4854, 22084, 286, 37757, 14441, 81856, 12054, 12755, 70353, 13273, 80266, 66317, 50782, 40361, 76286, 90674, 90134, 12042, 46625, 42984, 20718, 83462, 20907, 50377, 87607, 78905, 48687, 87654, 77614, 69214, 17492, 5793, 84942, 62110, 56850, 2472, 56265, 18931, 80434, 75409, 57802, 34362, 45235, 2941, 75480, 97268, 85414, 84393, 20, 59043, 90425, 35518, 40091, 6010, 59446, 43912, 13688, 18411, 94457, 42872, 88082, 56727, 66211, 39880, 53743, 12145, 31589, 3248, 31418, 25227, 7486, 91144, 20987, 29768, 80970, 37895, 5966, 85417, 91276, 81819, 67280, 21672, 10054, 31559, 18223, 39663, 35013, 52292, 94934, 56467, 6380, 42890, 58282, 32033, 72136, 83707, 76119, 82620, 82602, 63550, 62495, 86859, 51315, 65212, 27757, 36179, 84694, 34397, 63951, 58377, 6089, 21310, 10928, 76941, 52133, 14237, 48533, 6674, 3330, 87473, 87292, 81882, 62739, 72081, 63528, 2954, 42325, 25380, 98665, 94975, 55313, 44448, 79333, 2714, 14638, 92107, 64151, 90208, 54635, 38212, 3535, 37337, 76943, 62311, 14810, 3683, 57058, 96207, 12808, 89832, 89969, 17231, 74285, 84096, 3745, 88410, 49819, 88524, 40479, 5082, 47491, 59871, 61534, 43495, 73383, 48318, 37967, 12057, 15358, 63309, 69441, 1041, 78593, 891, 38307, 83726, 70006, 46132, 15100, 14505, 42652, 36978, 82053, 93946, 99924, 30263, 31242, 7601, 27850, 87973, 97344, 30945, 71709, 3925, 5352, 98348, 54350, 82778, 59089, 90240, 17667, 76429, 22594, 82486, 45637, 71645, 28507, 38613, 29035, 80209, 4029, 29590, 14121, 89267, 76651, 55792, 69024, 11277, 55901, 90764, 9481, 94282, 14485, 19859, 48822, 27203, 24602, 94404, 63443, 12461, 34845, 61146, 38682, 99607, 12836, 72968, 43064, 45574, 36495, 51859, 75476, 81678, 68871, 79370, 24715, 49748, 45752, 83399, 26465, 94018, 72423, 10248, 90484, 39824, 72022, 24542, 72627, 11197, 76944, 53069, 47646, 64195, 32563, 35421, 87054, 28084, 4644, 75148, 25903, 20370, 13963, 34678, 400, 81407, 45609, 27196, 15170, 76230, 12282, 89714, 10862, 6843, 65274, 76551, 94965, 34708, 95193, 47035, 45941, 34387, 34277, 1779, 67498, 76225, 66581, 13314, 18448, 79956, 56140, 82296, 59702, 50667, 1630, 20365, 40387, 94452, 32163, 59499, 56014, 20258, 9363, 93942, 70265, 47378, 46697, 81102, 56034, 96405, 48916, 63315, 62821, 94979, 57659, 58983, 64919, 60433, 66491, 39767, 58044, 24994, 18210, 26033, 5576, 69298, 27485, 92317, 26308, 89246, 80027, 54072, 64363, 10678, 76532, 66382, 13372, 56741, 68347, 85306, 62961, 13297, 88827, 33393, 43450, 50113, 40184, 5629, 29342, 50985, 70028, 5076, 65563, 70743, 15391, 66489, 95809, 26504, 13726, 7979, 9396, 50378, 68040, 23300, 52491, 94981, 96597, 34106, 11177, 82692, 87051, 47094, 56859, 93124, 70952, 78039, 78297, 48439, 84511, 49248, 15968, 73003, 10151, 44820, 73361, 96362, 54543, 81556, 27868, 78136, 32888, 87103, 66799, 29578, 93891, 81734, 3643, 39752, 99200, 63059, 41788, 3068, 97103, 59673, 94174, 9280, 75065, 91623, 3454, 57122, 4011, 10551, 90422, 29357, 10274, 22536, 89009, 10798, 16140, 74122, 83093, 49909, 50432, 62191, 95952, 81198, 9242, 64630, 3028, 87116, 19409, 62096, 92091, 7803, 84370, 37067, 66715, 58095, 62301, 18179, 14649, 16685, 17193, 41876, 93939, 75139, 71817, 99648, 82288, 80868, 73491, 79031, 98492, 73254, 8895, 66638, 54275, 94801, 33446, 97138, 23994, 84384, 67785, 67251, 69110, 41310, 11436, 44009, 89375, 63681, 20720, 218, 73024, 81595, 29422, 95135, 64218, 21203, 55739, 55466, 24654, 35213, 12997, 329, 99414, 84117, 64901, 23776, 15116, 36064, 13419, 13255, 19390, 32870, 83661, 83270, 28549, 22704, 1094, 357, 66020, 64996, 72929, 70424, 25611, 13975, 80725, 90130, 75364, 26587, 93462, 53127, 13073, 96543, 76412, 32160, 32771, 52210, 24638, 59309, 14714, 46801, 9718, 35464, 35536, 19858, 49864, 30874, 31755, 40864, 48266, 70245, 72010, 2606, 15926, 49556, 10659, 55968, 16933, 64825, 22377, 81159, 14880, 68569, 61041, 29421, 99625, 16539, 61777, 36870, 10093, 5154, 68150, 52420, 15142, 60115, 30124, 5898, 86635, 15482, 85842, 23563, 66512, 12411, 43560, 7023, 84268, 49411, 53325, 31104, 12171, 87404, 46985, 14050, 44182, 1823, 98752, 86666, 59943, 17313, 76712, 95037, 47804, 61669, 76482, 19725, 6291, 80309, 83480, 14836, 67997, 43484, 95477, 69612, 20124, 57942, 40571, 95200, 95356, 57722, 95211, 8374, 483, 97179, 51690, 57110, 95464, 97966, 58536, 4943, 72086, 31005, 87632, 34667, 21587, 42558, 5603, 79854, 70339, 2113, 34390, 87853, 29385, 98870, 46911, 39539, 96096, 21867, 44671, 63173, 87568, 92245, 17892, 19079, 63188, 38917, 93688, 48855, 11265, 50915, 65562, 37355, 38706, 99311, 57263, 16955, 2000, 24279, 911, 33163, 12629, 76961, 72383, 74670, 10393, 49424, 69182, 1402, 90296, 53213, 61995, 17359, 78421, 42218, 37577, 72388, 12251, 76600, 27552, 80060, 97594, 10624, 2979, 86943, 73759, 70866, 56716, 59297, 80327, 35846, 87254, 46946, 37021, 34303, 29024, 60801, 29991, 46757, 35105, 78238, 99310, 32099, 36073, 76588, 77165, 87909, 55801, 10624, 17070, 89865, 66997, 58600, 41611, 71011, 17125, 90932, 45917, 31861, 55924, 12677, 29748, 90566, 36357, 18973, 6510, 17640, 94591, 76455, 48271, 65142, 37642, 87254, 2443, 90212, 2553, 46098, 97509, 55678, 74212, 41900, 88653, 74399, 64936, 70382, 76893, 24825, 65079, 34964, 76802, 91733, 82439, 49029, 36742, 20532, 60768, 88102, 62921, 37225, 58581, 56940, 40725, 7567, 84480, 61060, 49229, 60289, 768, 16745, 18490, 63808, 71006, 57891, 47749, 36309, 58724, 78830, 17764, 86074, 3932, 5020, 77816, 32052, 50915, 96415, 30275, 5421, 43021, 94694, 93271, 41309, 21021, 19409, 71378, 70011, 34238, 7182, 43731, 69049, 63633, 36693, 49134, 22074, 27379, 16073, 42335, 44684, 56747, 52775, 4083, 15641, 93615, 95385, 40518, 9317, 26182, 10703, 82892, 9480, 30179, 67630, 23401, 77440, 9233, 55817, 20372, 359, 26714, 57000, 2283, 27138, 88927, 23735, 63334, 47348, 81571, 99557, 27359, 52708, 1076, 57990, 74132, 52118, 10117, 46386, 85537, 14912, 20136, 71112, 60069, 48173, 96148, 73558, 11733, 21420, 35946, 90818, 33162, 36371, 44700, 64877, 30421, 33644, 59363, 82370, 30401, 4343, 59720, 42186, 37068, 27410]})"
1139.0,9,138,2,6.7743377685546875,10180,"Genotype(dna={""<class 'abc.NT_0010'>"": [0, 0, 0, 0, 0, 0, 0, 0, 0, 6314], ""<class 'abc.NT_0010_P_00000'>"": [], ""<class 'abc.NT_0007'>"": [], ""<class 'abc.NT_0007_P_00000'>"": [], ""<class 'abc.NT_0004'>"": [], ""<class 'abc.NT_0004_P_00000'>"": [], ""<class 'int'>"": [4300, 49879, 18879, 33795, 18321, 76144, 69783, 23575, 63718, 59381, 17480, 17770, 38829, 33148, 28125, 18807, 66829, 69810, 76854, 54805, 37339, 44731, 18134, 91024, 78652, 31400, 42110, 51894, 58893, 24377, 63269, 13171, 75237, 35778, 20478, 17357, 32836, 58956, 30205, 17141, 43999, 85275, 51487, 96420, 1, 11756, 42164, 15051, 43759, 74402, 6445, 56422, 31836, 96954, 87368, 90716, 28827, 58243, 40456, 56070, 73048, 60101, 25756, 95572, 84864, 50567, 81193, 95123, 95903, 68628, 64937, 14929, 941, 12487, 44001, 84522, 33786, 68039, 74118, 45328, 57680, 22572, 94350, 13579, 66442, 51797, 25559, 39501, 95799, 30265, 72199, 70870, 99302, 49328, 72735, 46328, 5986, 38284, 89459, 7234, 38684, 55766, 64968, 14773, 57963, 30065, 56802, 30945, 97936, 27813, 78373, 55682, 67274, 84523, 21813, 49026, 67124, 46910, 27165, 59392, 48641, 96461, 1197, 3007, 56564, 99510, 54303, 60641, 51984, 3352, 38892, 31296, 1015, 87612, 62558, 7819, 90769, 11150, 64503, 4732, 3028, 22909, 44221, 22398, 1450, 8418, 62318, 78688, 12766, 73162, 98731, 87837, 49129, 29305, 62449, 14121, 34116, 56257], ""<class 'abc.NT_0001'>"": [], ""<class 'abc.NT_0001_P_00000'>"": [], ""<class 'bool'>"": [58249, 47919, 66339, 70330, 41490, 95808, 6519, 16295, 59160, 22088, 46832, 58088, 76903, 51413, 43939, 63558, 94751, 79226, 43258, 57743, 50197, 9110, 41335, 12112, 64111, 66462, 78263, 11837, 54425, 61808, 56764, 13669, 93027, 47815, 51267, 23188, 16223, 34271, 13719, 51793, 78431, 35130, 50411, 30062, 55026, 89018, 98702, 81544, 2092, 7170, 62461, 70055, 32062, 34746, 85055, 26423, 63992, 41380, 95733, 17844, 73465, 7208, 4639, 64265, 51530, 98660, 22472, 20449, 99185, 97865, 66260, 31712, 18250, 71585, 95848, 88588, 58620, 6089, 4839, 86729, 64786, 32426, 74653, 79647, 39287, 44172, 77913, 42701, 10615, 85368, 24479, 53911, 92274, 24419, 53814, 39900, 37936, 91543, 10109, 15686, 14452, 69782, 39424, 9298, 90786, 75312, 56198, 51620, 74704, 79568, 77397, 40954, 12343, 96466, 6802, 83829, 93260, 47861, 91484, 71906, 52306, 29495, 7608, 50137, 76179, 38377, 34297, 4456, 24729, 74435, 98308, 76747, 15878, 31401, 41079, 75227, 75453, 10797, 86884, 97422, 29443, 72020, 19951, 20086, 969, 27847, 19790, 28908, 43578, 46469, 93857, 19511, 26576, 99848, 45302, 74648, 81430, 29287, 5196, 3265, 52055, 23961, 16267, 2982, 63418, 3323, 2295, 81709, 86978, 77512, 77031, 15779, 99953, 23129, 30800, 5982, 18596, 35135, 47029, 7809, 94703, 46280, 49008, 81552, 24689, 28381, 97341, 76481, 26338, 25975, 49779, 68397, 95883, 31393, 63012, 36191, 5134], ""<class 'abc.NT_0000'>"": [5207, 14302, 39128, 86117, 93522, 13000, 22517, 32932, 89367, 79500, 86287, 35930, 51779, 23761, 34765, 29837, 91614, 10939, 72708, 89650, 19039, 18489, 86432, 91646, 70689, 13688, 81563, 98430, 11380, 43068, 77653, 74791, 91504, 91858, 25686, 99754, 63943, 50824, 6724, 1789, 3482, 11288, 90548, 2727, 88806, 82171, 932, 11292, 64419, 28863, 9675, 51910, 71394, 54280, 66286, 48795, 53406, 66624, 57688, 5115, 40875, 13361, 47236, 46475, 65204, 49859, 99419, 94399, 81244, 30299, 6061, 50724, 39695, 93843, 86094, 46938, 23350, 64812, 30652, 18842, 36177, 63155, 53125, 29255, 36702, 41113, 38166, 61868, 51962, 14479, 5435, 56990, 96073, 59309, 48006, 59916, 5971, 5822, 31598, 26658, 58657, 53860, 45150, 24564, 9259, 39591, 53402, 59297, 93392, 46567, 13230, 99421, 5692, 46416, 10400, 51581, 63739, 69742, 99372, 40230, 60617, 81040, 81062, 39214, 58241, 91713, 79241, 51269, 24742, 11420, 92959, 77747, 73160, 5759, 57504, 33, 5064, 10684, 23609, 98895, 72676, 59576, 12386, 10496, 59089, 12136, 58640, 34015, 47591, 57083, 80496], ""<class 'abc.NT_0000_P_00000'>"": [], ""<class 'abc.NT_0000_P_00001'>"": [], ""<class 'abc.NT_0000_P_00002'>"": [], ""<class 'abc.NT_0000_P_00003'>"": [], ""<class 'abc.NT_0000_P_00004'>"": [], ""<class 'abc.NT_0000_P_00005'>"": [], ""<class 'abc.NT_0000_P_00006'>"": [], ""<class 'abc.NT_0001_P_00001'>"": [], ""<class 'abc.NT_0001_P_00002'>"": [], ""<class 'abc.NT_0004_P_00001'>"": [], ""<class 'abc.NT_0003'>"": [], ""<class 'abc.NT_0003_P_00000'>"": [], ""<class 'abc.NT_0002'>"": [], ""<class 'abc.NT_0002_P_00000'>"": [], ""<class 'abc.NT_0002_P_00001'>"": [], ""<class 'abc.NT_0002_P_00002'>"": [], ""<class 'abc.NT_0002_P_00003'>"": [], ""<class 'abc.NT_0002_P_00004'>"": [], ""<class 'abc.NT_0002_P_00005'>"": [], ""<class 'abc.NT_0002_P_00006'>"": [], ""<class 'abc.NT_0002_P_00007'>"": [], ""<class 'abc.NT_0003_P_00001'>"": [], ""<class 'abc.NT_0006'>"": [21598, 60819, 19658, 83964, 64530, 78422, 74318, 12433, 56756, 90098, 31625, 11443, 38637, 48226, 68128, 69963, 86057], ""<class 'abc.NT_0006_P_00000'>"": [], ""<class 'abc.NT_0005'>"": [], ""<class 'abc.NT_0005_P_00000'>"": [], ""<class 'abc.NT_0005_P_00001'>"": [], ""<class 'abc.NT_0005_P_00002'>"": [], ""<class 'abc.NT_0005_P_00003'>"": [], ""<class 'abc.NT_0005_P_00004'>"": [], ""<class 'abc.NT_0005_P_00005'>"": [], ""<class 'abc.NT_0005_P_00006'>"": [], ""<class 'abc.NT_0006_P_00001'>"": [], ""<class 'abc.NT_0006_P_00002'>"": [], ""<class 'abc.NT_0006_P_00003'>"": [], ""<class 'abc.NT_0006_P_00004'>"": [], ""<class 'abc.NT_0006_P_00005'>"": [], ""<class 'abc.NT_0006_P_00006'>"": [], ""<class 'abc.NT_0006_P_00007'>"": [], ""<class 'abc.NT_0007_P_00001'>"": [], ""<class 'abc.NT_0007_P_00002'>"": [], ""<class 'abc.NT_0007_P_00003'>"": [], ""<class 'abc.NT_0007_P_00004'>"": [], ""<class 'abc.NT_0007_P_00005'>"": [], ""<class 'abc.NT_0010_P_00001'>"": [], ""<class 'abc.NT_0008'>"": [90434, 53524, 4604, 16547, 40974, 3078, 50497, 47900, 43204, 35361, 97901, 35905, 64287, 31227, 16531, 84025, 3545, 31974], ""<class 'abc.NT_0008_P_00000'>"": [], ""<class 'abc.NT_0008_P_00001'>"": [], ""<class 'abc.NT_0008_P_00002'>"": [], ""<class 'abc.NT_0008_P_00003'>"": [], ""<class 'abc.NT_0008_P_00004'>"": [], ""<class 'abc.NT_0010_P_00002'>"": [], ""<class 'abc.NT_0010_P_00003'>"": [], ""<class 'abc.NT_0010_P_00004'>"": [], ""<class 'abc.NT_0009'>"": [], ""<class 'abc.NT_0009_P_00000'>"": [], ""<class 'abc.NT_0009_P_00001'>"": [], ""<class 'abc.NT_0009_P_00002'>"": [], ""<class 'abc.NT_0009_P_00003'>"": [], ""<class 'abc.NT_0009_P_00004'>"": [], ""<class 'abc.NT_0010_P_00005'>"": [], ""<class 'abc.NT_0010_P_00006'>"": [], '$leftovers': [77220, 65113, 13644, 43578, 45138, 93852, 82071, 87422, 95600, 20397, 77761, 1506, 96036, 66600, 69489, 70707, 89402, 66235, 17939, 32906, 78297, 83565, 31730, 26152, 10332, 3682, 65581, 87047, 114, 81753, 76766, 80970, 55475, 33962, 25068, 86147, 85239, 19619, 74185, 28984, 98301, 79267, 22643, 96434, 19685, 86231, 52862, 70023, 70953, 51053, 4228, 59512, 46255, 87811, 77012, 65023, 67521, 73537, 42640, 96641, 77089, 87790, 9770, 79797, 37494, 98394, 12467, 3210, 70678, 38753, 36308, 39493, 20196, 92205, 84785, 8450, 1618, 66307, 31631, 64910, 8278, 81896, 48268, 64181, 95959, 58664, 85997, 17725, 67131, 77058, 5234, 5446, 20850, 40150, 44318, 77306, 17952, 12640, 39841, 27254, 72983, 69246, 44484, 31206, 75738, 58545, 81057, 44012, 50229, 50261, 91549, 95576, 34145, 10852, 93367, 24986, 7103, 85312, 33707, 65660, 95800, 30532, 74751, 80531, 35389, 53647, 39321, 13616, 83916, 66205, 70686, 48572, 49236, 85961, 29323, 34781, 5499, 44894, 72783, 23241, 65035, 50947, 6467, 49768, 58464, 39707, 59343, 74350, 99563, 80685, 47728, 67693, 18811, 87239, 73168, 76776, 94286, 18287, 82053, 85959, 59457, 17503, 47202, 66443, 52896, 74688, 81049, 54674, 42157, 60, 6168, 61574, 5226, 12249, 2563, 69900, 53865, 78929, 3162, 84569, 76178, 8704, 15703, 8594, 26779, 6531, 8200, 60561, 26373, 93353, 33726, 97260, 33541, 69957, 30702, 72524, 38358, 91270, 28577, 34491, 62675, 50881, 64108, 53210, 13849, 70461, 12409, 71663, 58974, 23667, 68919, 25459, 86799, 16382, 26240, 30738, 85856, 67837, 30455, 45603, 77328, 82099, 99120, 67075, 71562, 16806, 89752, 30234, 13210, 14040, 44420, 85885, 54655, 38518, 99211, 46932, 54674, 67215, 56141, 16681, 47068, 35912, 19891, 71764, 4223, 58043, 57354, 79998, 89666, 69404, 85755, 42979, 31600, 7621, 35980, 39534, 55935, 65147, 55127, 60549, 80524, 29020, 26713, 87021, 86421, 53597, 80646, 27844, 542, 89319, 24485, 77767, 27990, 93932, 46427, 95554, 11670, 15187, 43366, 96785, 35737, 10506, 82267, 44192, 59316, 43662, 18158, 2663, 95072, 27871, 77199, 71801, 63890, 90037, 70348, 54957, 71363, 94638, 14665, 52735, 51295, 39468, 56088, 15876, 49158, 96930, 71532, 69304, 55489, 72665, 20841, 32148, 73889, 20078, 51446, 88725, 93846, 33976, 88127, 57578, 35288, 58627, 40308, 45240, 78205, 21360, 66231, 73427, 94240, 62151, 51472, 2381, 47124, 7666, 70036, 52879, 43463, 20117, 50475, 99036, 7514, 99327, 95560, 46962, 14228, 39822, 5654, 33100, 89508, 92956, 26389, 52428, 56169, 50403, 48249, 92690, 50340, 20689, 70474, 76601, 42172, 13362, 30294, 18907, 11221, 41744, 74775, 93116, 41347, 88259, 34969, 41679, 95739, 84602, 19276, 84540, 75806, 43071, 46610, 22332, 65693, 67065, 46457, 39422, 417, 15801, 58682, 41721, 49211, 43341, 48575, 64391, 14801, 5838, 67044, 33174, 17018, 60876, 17867, 3545, 67935, 94996, 30807, 17374, 5863, 98400, 13229, 8425, 74220, 97217, 96625, 69411, 64291, 83010, 56007, 27360, 57056, 81223, 14250, 67272, 54639, 67878, 22625, 91622, 31225, 41601, 14192, 82831, 62739, 24516, 26351, 57487, 82903, 70691, 12425, 6318, 29303, 49671, 91266, 91767, 98730, 87706, 52736, 83082, 19804, 37099, 14267, 51777, 86640, 60135, 50274, 84016, 99638, 27894, 46680, 68588, 87618, 56177, 14204, 73651, 47919, 90434, 5207, 14302, 4300, 21598, 39128, 66339, 70330, 60819, 53524, 86117, 41490, 49879, 93522, 13000, 18879, 22517, 32932, 95808, 33795, 6519, 16295, 18321, 19658, 89367, 59160, 22088, 83964, 4604, 79500, 76144, 46832, 58088, 69783, 23575, 86287, 76903, 51413, 63718, 64530, 35930, 78422, 16547, 40974, 51779, 23761, 43939, 59381, 34765, 29837, 17480, 91614, 63558, 94751, 10939, 79226, 43258, 17770, 72708, 89650, 38829, 57743, 50197, 33148, 28125, 18807, 74318, 19039, 18489, 9110, 66829, 86432, 41335, 69810, 91646, 12112, 76854, 70689, 64111, 54805, 13688, 66462, 37339, 81563, 98430, 44731, 11380, 43068, 78263, 18134, 11837, 54425, 91024, 77653, 61808, 78652, 31400, 74791, 56764, 42110, 91504, 91858, 13669, 93027, 25686, 51894, 99754, 63943, 47815, 51267, 58893, 50824, 23188, 24377, 16223, 34271, 6724, 13719, 63269, 51793, 78431, 12433, 3078, 1789, 35130, 13171, 50411, 30062, 3482, 55026, 75237, 11288, 89018, 35778, 98702, 81544, 90548, 2092, 20478, 2727, 7170, 17357, 62461, 70055, 88806, 32062, 32836, 34746, 85055, 58956, 82171, 26423, 63992, 30205, 932, 17141, 41380, 95733, 43999, 85275, 51487, 56756, 11292, 96420, 17844, 73465, 1, 11756, 90098, 50497, 47900, 64419, 7208, 4639, 28863, 64265, 42164, 15051, 31625, 9675, 43759, 51530, 98660, 74402, 6445, 51910, 22472, 20449, 71394, 56422, 99185, 97865, 31836, 96954, 54280, 66260, 87368, 11443, 43204, 66286, 31712, 90716, 48795, 18250, 71585, 53406, 95848, 28827, 66624, 88588, 58620, 57688, 58243, 6089, 4839, 40456, 56070, 73048, 5115, 86729, 64786, 60101, 40875, 32426, 25756, 13361, 74653, 79647, 95572, 38637, 47236, 46475, 39287, 84864, 44172, 77913, 65204, 50567, 49859, 42701, 10615, 48226, 35361, 97901, 35905, 64287, 31227, 16531, 84025, 3545, 99419, 94399, 81193, 68128, 81244, 85368, 95123, 30299, 24479, 95903, 6061, 50724, 68628, 39695, 93843, 64937, 53911, 92274, 14929, 941, 86094, 12487, 24419, 53814, 44001, 84522, 46938, 39900, 33786, 23350, 37936, 91543, 64812, 68039, 30652, 18842, 10109, 15686, 36177, 74118, 14452, 69782, 45328, 57680, 63155, 22572, 39424, 9298, 94350, 13579, 53125, 90786, 66442, 29255, 75312, 51797, 36702, 25559, 56198, 51620, 39501, 95799, 41113, 74704, 30265, 38166, 79568, 72199, 61868, 77397, 70870, 51962, 99302, 40954, 12343, 49328, 72735, 14479, 96466, 46328, 5435, 6802, 5986, 56990, 83829, 38284, 96073, 93260, 47861, 59309, 91484, 71906, 89459, 48006, 59916, 52306, 7234, 5971, 5822, 29495, 7608, 31598, 38684, 26658, 58657, 50137, 55766, 76179, 38377, 64968, 53860, 34297, 14773, 4456, 24729, 45150, 24564, 57963, 74435, 98308, 30065, 56802, 76747, 15878, 9259, 31401, 41079, 30945, 39591, 97936, 53402, 59297, 93392, 75227, 75453, 10797, 86884, 46567, 97422, 27813, 13230, 99421, 5692, 29443, 72020, 46416, 78373, 10400, 19951, 20086, 51581, 969, 27847, 55682, 63739, 19790, 67274, 28908, 43578, 69742, 84523, 46469, 93857, 21813, 49026, 67124, 99372, 40230, 46910, 19511, 26576, 27165, 59392, 99848, 45302, 60617, 74648, 48641, 81430, 29287, 96461, 81040, 1197, 5196, 3265, 3007, 56564, 99510, 81062, 52055, 54303, 60641, 39214, 58241, 51984, 23961, 16267, 3352, 38892, 2982, 63418, 91713, 31296, 79241, 1015, 3323, 2295, 87612, 62558, 51269, 7819, 81709, 86978, 90769, 11150, 64503, 24742, 77512, 4732, 77031, 15779, 11420, 99953, 3028, 92959, 77747, 23129, 30800, 22909, 73160, 5982, 44221, 5759, 18596, 35135, 57504, 22398, 33, 47029, 7809, 5064, 94703, 1450, 10684, 46280, 8418, 23609, 49008, 81552, 62318, 98895, 72676, 24689, 78688, 59576, 12386, 28381, 12766, 10496, 97341, 73162, 59089, 76481, 98731, 12136, 26338, 25975, 87837, 58640, 49129, 49779, 68397, 29305, 62449, 34015, 95883, 14121, 34116, 47591, 31393, 63012, 57083, 36191, 5134, 69963, 31974, 56257, 80496, 86057]})"
931.0,9,131,3,8.61808180809021,10180,"Genotype(dna={""<class 'abc.NT_0010'>"": [0, 0, 0, 0, 0, 1, 85147], ""<class 'abc.NT_0010_P_00000'>"": [], ""<class 'abc.NT_0007'>"": [], ""<class 'abc.NT_0007_P_00000'>"": [], ""<class 'abc.NT_0004'>"": [], ""<class 'abc.NT_0004_P_00000'>"": [], ""<class 'int'>"": [77126, 43201, 48820, 75809, 15135, 36262, 38350, 87430, 97011, 55942, 4506, 59964, 42225, 57077, 24342, 67352, 93904, 80839, 76441, 74856, 50058, 3411, 8626, 26055, 29274, 58967, 78993, 14828, 751, 67511, 28585, 12825, 23966, 7277, 99825, 74879, 55352, 55331, 363, 45016, 14379, 61509, 2069, 28699, 80396, 62952, 61201, 59585, 6749, 85094, 61965, 7610, 26258, 28296, 93033, 83162, 30096, 44060, 62884, 81104, 35245, 6364, 80462, 83171, 68919, 29950, 26707, 81924, 38153, 34468, 59277, 34382, 15383, 94500, 26532, 22254, 60581, 68418, 80271, 57971, 66816, 27488, 49989, 88487, 67815, 33251, 9814, 70899, 70376, 6572, 16025, 47013, 16359, 28708, 80664, 32360, 60550, 42267, 55413, 55145, 58891, 44049, 17413, 2205, 74754, 63914, 19152, 98442, 7431, 89440, 82080, 50837, 75285, 21620, 27020, 21639, 55890, 54599, 20169, 33311, 32242, 53498, 46439, 80881, 76188, 26746, 1133, 75300, 28413, 28258, 74339, 11309, 19578, 86587, 78957, 8190, 11376, 81490, 34042, 77295, 38509, 25473, 21325, 74688, 33757, 73445, 1092, 88730, 11557, 96974, 36419, 85058, 83462, 49605, 19202, 97630, 772, 92230, 92668, 49000], ""<class 'abc.NT_0001'>"": [], ""<class 'abc.NT_0001_P_00000'>"": [], ""<class 'bool'>"": [94567, 26792, 43510, 17549, 32334, 79141, 31637, 40541, 53775, 17842, 69311, 43769, 97227, 1539, 80259, 78373, 75096, 56123, 57441, 16081, 65316, 16235, 17109, 80941, 79234, 78069, 69895, 52794, 33022, 9796, 7359, 78315, 34322, 23853, 844, 88015, 38332, 33443, 63109, 65469, 96270, 54808, 23847, 83837, 84120, 86023, 34733, 31389, 58788, 74731, 58899, 85894, 94868, 87736, 94803, 79241, 69192, 55877, 78874, 36565, 40804, 79151, 84620, 28560, 70055, 35083, 5624, 91838, 73200, 57692, 93844, 49188, 88083, 79346, 19552, 58622, 55206, 19601, 11266, 14712, 78821, 52959, 87276, 44542, 87131, 38741, 63663, 5480, 36721, 81387, 89872, 25618, 37326, 81250, 5804, 74057, 77241, 77936, 77620, 62546, 87885, 4720, 53507, 58847, 91566, 75573, 68476, 8533, 78169, 53227, 17504, 76054, 95332, 18131, 3746, 8357, 59409, 43362, 50357, 66110, 59621, 56020, 67103, 34074, 67268, 53023, 33617, 66382, 84834, 43871, 11081, 26348, 47197, 85835, 50198, 46301, 33767, 61666, 71524, 61482, 55090, 38849, 95324, 45414, 58081, 48962, 31423, 14456, 31766, 22437, 12039, 94697, 87951, 37997, 75770, 75627, 94621, 54774, 6977, 28274, 14326, 73207, 77563, 61868, 35583, 91136, 64724, 85540, 67704, 71541, 18881, 33866, 79351, 46010, 20293, 87453, 12273, 37918, 23105, 5631, 38294, 55444, 26861, 796, 78014, 58417, 6625, 97742, 85703, 35222, 94130, 9869, 72191, 90426, 47638, 17917, 93700, 83016, 79750, 29518, 8683, 25170, 38117, 1270, 87580, 76026, 6813, 5175], ""<class 'abc.NT_0000'>"": [6, 4, 2, 0, 0, 0, 0, 0, 5, 3, 0, 0, 0, 2, 4, 6, 3, 3, 6, 5, 1, 1, 2, 5, 1, 5, 0, 1, 1, 1, 0, 6, 3, 4, 4, 2, 0, 5, 2, 0, 6, 4, 5, 6, 0, 3, 2, 5, 3, 5, 3, 2, 2, 2, 5, 1, 0, 6, 6, 2, 3, 0, 5, 4, 3, 0, 0, 0, 0, 4, 0, 0, 0, 0, 5, 3, 2, 1, 5, 4, 0, 2, 2, 1, 3, 0, 0, 4, 1, 2, 3, 0, 0, 0, 0, 0, 0, 0, 0, 6, 1, 0, 4, 0, 5, 0, 0, 0, 0, 5, 3, 1, 4, 6, 4, 3, 6, 4, 1, 0, 3, 2, 5, 5, 6, 3, 0, 2, 5, 0, 1, 6, 1, 3, 5, 3, 6, 4, 1, 0, 0, 0, 0, 0, 2, 6, 2, 2, 6, 2, 1, 6, 6, 1, 3, 6, 4, 6, 1, 43278], ""<class 'abc.NT_0000_P_00000'>"": [], ""<class 'abc.NT_0000_P_00001'>"": [], ""<class 'abc.NT_0000_P_00002'>"": [], ""<class 'abc.NT_0000_P_00003'>"": [], ""<class 'abc.NT_0000_P_00004'>"": [], ""<class 'abc.NT_0000_P_00005'>"": [], ""<class 'abc.NT_0000_P_00006'>"": [], ""<class 'abc.NT_0001_P_00001'>"": [], ""<class 'abc.NT_0001_P_00002'>"": [], ""<class 'abc.NT_0004_P_00001'>"": [], ""<class 'abc.NT_0003'>"": [], ""<class 'abc.NT_0003_P_00000'>"": [], ""<class 'abc.NT_0002'>"": [], ""<class 'abc.NT_0002_P_00000'>"": [], ""<class 'abc.NT_0002_P_00001'>"": [], ""<class 'abc.NT_0002_P_00002'>"": [], ""<class 'abc.NT_0002_P_00003'>"": [], ""<class 'abc.NT_0002_P_00004'>"": [], ""<class 'abc.NT_0002_P_00005'>"": [], ""<class 'abc.NT_0002_P_00006'>"": [], ""<class 'abc.NT_0002_P_00007'>"": [], ""<class 'abc.NT_0003_P_00001'>"": [], ""<class 'abc.NT_0006'>"": [0, 0, 0, 0, 0, 0, 0, 0, 0, 0, 61144], ""<class 'abc.NT_0006_P_00000'>"": [], ""<class 'abc.NT_0005'>"": [], ""<class 'abc.NT_0005_P_00000'>"": [], ""<class 'abc.NT_0005_P_00001'>"": [], ""<class 'abc.NT_0005_P_00002'>"": [], ""<class 'abc.NT_0005_P_00003'>"": [], ""<class 'abc.NT_0005_P_00004'>"": [], ""<class 'abc.NT_0005_P_00005'>"": [], ""<class 'abc.NT_0005_P_00006'>"": [], ""<class 'abc.NT_0006_P_00001'>"": [], ""<class 'abc.NT_0006_P_00002'>"": [], ""<class 'abc.NT_0006_P_00003'>"": [], ""<class 'abc.NT_0006_P_00004'>"": [], ""<class 'abc.NT_0006_P_00005'>"": [], ""<class 'abc.NT_0006_P_00006'>"": [], ""<class 'abc.NT_0006_P_00007'>"": [], ""<class 'abc.NT_0007_P_00001'>"": [], ""<class 'abc.NT_0007_P_00002'>"": [], ""<class 'abc.NT_0007_P_00003'>"": [], ""<class 'abc.NT_0007_P_00004'>"": [], ""<class 'abc.NT_0007_P_00005'>"": [], ""<class 'abc.NT_0010_P_00001'>"": [], ""<class 'abc.NT_0008'>"": [1, 1, 0, 1, 0, 1, 1, 0, 0, 0, 53609], ""<class 'abc.NT_0008_P_00000'>"": [], ""<class 'abc.NT_0008_P_00001'>"": [], ""<class 'abc.NT_0008_P_00002'>"": [], ""<class 'abc.NT_0008_P_00003'>"": [], ""<class 'abc.NT_0008_P_00004'>"": [], ""<class 'abc.NT_0010_P_00002'>"": [], ""<class 'abc.NT_0010_P_00003'>"": [], ""<class 'abc.NT_0010_P_00004'>"": [], ""<class 'abc.NT_0009'>"": [], ""<class 'abc.NT_0009_P_00000'>"": [], ""<class 'abc.NT_0009_P_00001'>"": [], ""<class 'abc.NT_0009_P_00002'>"": [], ""<class 'abc.NT_0009_P_00003'>"": [], ""<class 'abc.NT_0009_P_00004'>"": [], ""<class 'abc.NT_0010_P_00005'>"": [], ""<class 'abc.NT_0010_P_00006'>"": [], '$leftovers': [18853, 22685, 65944, 30991, 71325, 99256, 76301, 95693, 34122, 53952, 55672, 74831, 33963, 25015, 25697, 7592, 13690, 41603, 28828, 1846, 59419, 50863, 95750, 68544, 33751, 67086, 76352, 50275, 33813, 72521, 72186, 98367, 89110, 82056, 74758, 66368, 72604, 26616, 95885, 5264, 24236, 31002, 72786, 81453, 1549, 58861, 79208, 25327, 61699, 15666, 70132, 5604, 37976, 96197, 2135, 75049, 31492, 45828, 69192, 23886, 73401, 14363, 57489, 62600, 98230, 9181, 95579, 43563, 90001, 10166, 37716, 81042, 70856, 13122, 24742, 63023, 17296, 11162, 35926, 83920, 36824, 91962, 58024, 27633, 13217, 56880, 30598, 66637, 54630, 58415, 54841, 82919, 35232, 49917, 17273, 79974, 17408, 31831, 87760, 29062, 14159, 29820, 5544, 41099, 45482, 2367, 64759, 21373, 78063, 60377, 57592, 80389, 75806, 7140, 12762, 52584, 44029, 83065, 36358, 92073, 35502, 89851, 86918, 68167, 22970, 33999, 40707, 73232, 67107, 4690, 27422, 72591, 34525, 90618, 2963, 85885, 80470, 94309, 72287, 86237, 30800, 21730, 52145, 25063, 99142, 45233, 92389, 19816, 53209, 72995, 23801, 95121, 45638, 11339, 15054, 40314, 16381, 79668, 56708, 97137, 22673, 80400, 80443, 24458, 37011, 58667, 75764, 53847, 74996, 93872, 46267, 41769, 85089, 9643, 86889, 97627, 33079, 933, 43196, 52217, 79122, 46989, 50182, 64937, 60213, 16879, 63767, 55027, 27313, 18196, 50575, 90581, 8996, 89436, 11012, 91016, 57772, 10236, 47256, 19254, 76575, 44892, 57875, 3503, 27780, 56113, 13767, 20496, 36810, 88578, 50995, 20368, 96919, 63509, 78725, 22186, 21940, 83357, 70821, 62407, 5751, 99417, 54484, 84347, 49869, 59120, 77472, 71055, 75216, 32877, 52229, 43027, 52944, 84829, 51449, 27475, 27630, 13347, 93840, 82893, 31266, 77927, 44060, 63854, 26220, 14191, 5875, 72995, 94210, 4812, 36293, 60877, 38524, 53538, 55421, 57401, 6707, 31836, 5558, 72593, 56812, 95547, 72912, 18618, 75443, 78171, 11735, 35054, 94765, 87027, 57565, 4412, 48777, 17618, 18044, 80027, 77395, 39289, 29056, 72558, 46347, 83019, 73372, 48356, 18386, 80834, 35099, 61279, 69867, 10554, 17785, 24597, 21526, 52000, 84035, 68241, 86236, 90584, 56916, 4321, 21106, 3209, 53370, 14502, 4043, 3741, 48190, 62568, 85240, 30739, 34688, 33162, 38929, 40707, 9334, 70094, 294, 70936, 86179, 55931, 16143, 22646, 9862, 78881, 12560, 83625, 7134, 61874, 91203, 46269, 47110, 83843, 5289, 74137, 88273, 14580, 47344, 60753, 19167, 40339, 79020, 71132, 72253, 89884, 55934, 54064, 74742, 75597, 86320, 15369, 63397, 46665, 17800, 14718, 59462, 83731, 50541, 53632, 34874, 68412, 2214, 3157, 78677, 23641, 67143, 58266, 39232, 74667, 18780, 43657, 73836, 21147, 90021, 98970, 11732, 28569, 99269, 41709, 68360, 42589, 70863, 97958, 97500, 40709, 92966, 21694, 40040, 15592, 22426, 52529, 8629, 24081, 50548, 58167, 84087, 80087, 55979, 12478, 75863, 55100, 52426, 86114, 99605, 40435, 5992, 58835, 61375, 29923, 65710, 80868, 92180, 69393, 41505, 62791, 18731, 18953, 11106, 22971, 47087, 67395, 8258, 12800, 44872, 82838, 62992, 14599, 48272, 40211, 34341, 21057, 28702, 52824, 50572, 82640, 12559, 6067, 48063, 59935, 26657, 3055, 87176, 89751, 87167, 14129, 36152, 74245, 44747, 51354, 75606, 24046, 98077, 96803, 82440, 70055, 51399, 43781, 35119, 45388, 14656, 55187, 5401, 8942, 17594, 59726, 44804, 51824, 97127, 93212, 46736, 55514, 73728, 42663, 19730, 19118, 31504, 24324, 14360, 71402, 35819, 66623, 33391, 84006, 2911, 97136, 67491, 11377, 49060, 65542, 72990, 114, 23028, 6641, 27228, 3801, 4956, 62586, 14141, 70080, 75547, 78994, 65918, 560, 46101, 31529, 66655, 31719, 5956, 96644, 67012, 78144, 3048, 45105, 7215, 83884, 11279, 16049, 66710, 25797, 40844, 87206, 63324, 41774, 57371, 78550, 22173, 30307, 13444, 29382, 32923, 31372, 98768, 620, 84539, 52981, 46001, 96637, 98145, 70426, 17494, 64405, 42589, 15179, 68644, 27071, 13450, 95253, 45532, 96961, 62333, 11781, 32318, 82849, 54636, 12447, 1814, 30737, 3786, 72534, 1553, 67307, 88836, 53336, 60684, 5299, 69670, 93727, 24264, 65067, 51522, 39043, 6477, 55629, 2045, 64874, 64874, 93396, 99449, 22991, 2252, 65473, 51372, 84312, 95735, 39003, 62906, 71229, 74579, 17862, 12605, 66123, 12351, 5404, 1510, 13832, 51398, 43597, 86043, 45546, 50420, 68348, 45911, 17136, 91393, 29118, 76555, 7357, 11300, 51742, 333, 26830, 75555, 2331, 96635, 13605, 21847, 8187, 79899, 51411, 91776, 29149, 96412, 70544, 75327, 30017, 64797, 45663, 36499, 35707, 5655, 58962, 70918, 30728, 28698, 2763, 45752, 53106, 82946, 39676, 58721, 64695, 96504, 11019, 19011, 33978, 82026, 62216, 86549, 70888, 51675, 18118, 44149, 304, 65154, 36993, 6719, 70749, 97700, 69122, 18232, 60931, 25664, 33495, 71133, 59877, 99870, 53079, 77835, 65833, 47081, 384, 86289, 42953, 38560, 17803, 33158, 87143, 3202, 80836, 24559, 25480, 24884, 20970, 78849, 96190, 23338, 56243, 28044, 1806, 43098, 94629, 1557, 75946, 69931, 66152, 83354, 38712, 69524, 66843, 29150, 61796, 59849, 85600, 73561, 8370, 32232, 13997, 66493, 75770, 25037, 41313, 81709, 42770, 35823, 5767, 84597, 6127, 36332, 59300, 14612, 84423, 75500, 4652, 15299, 11866, 73468, 89289, 30402, 81756, 68438, 35166, 55904, 13846, 18702, 799, 42978, 42363, 81775, 82039, 83706, 66787, 77082, 77233, 90355, 92042, 96322, 19227, 61963, 89603, 77545, 6052, 3841, 18717, 8234, 40730, 2563, 59226, 40967, 20584, 89858, 2564, 5878, 37612, 97484, 83865, 55142, 71000, 19072, 8974, 77980, 38107, 22222, 6344, 29047, 58559, 78236, 92489, 35351, 52880, 4784, 75272, 7172, 14821, 69925, 48597, 36800, 79837, 61052, 92728, 80840, 76556, 35926, 45963, 39089, 13982, 99317, 41515, 54213, 5759, 15167, 75711, 94811, 10683, 62537, 60034, 52454, 34102, 45807, 41806, 62006, 5254, 39376, 56753, 187, 90094, 45504, 96638, 10503, 14605, 12369, 14432, 31110, 66366, 82294, 58782, 82122, 93759, 61568, 45358, 83396, 56007, 22346, 66542, 25137, 68312, 52464, 36527, 57473, 69800, 52446, 72031, 53744, 47922, 16738, 49867, 32313, 76536, 62962, 51773, 12155, 8875, 76172, 34750, 32742, 97811, 88073, 51338, 30794, 91006, 86416, 39880, 1952, 1988, 834, 62791, 67483, 70617, 36464, 94648, 90108, 1096, 63154, 60062, 94902, 97514, 37054, 72006, 93872, 51641, 95146, 29421, 13699, 69458, 65880, 5195, 64127, 49560, 11459, 71639, 53906, 78595, 61247, 38, 96621, 9490, 10431, 14318, 66154, 77198, 68556, 55459, 96467, 72843, 20962, 56323, 81690, 9497, 25412, 82928, 49217, 52686, 94969, 92492, 21761, 71648, 29956, 62011, 95264, 32476, 14571, 57797, 89984, 56359, 10135, 93277, 26149, 81033, 35003, 9263, 28190, 31612, 31319, 51082, 62322, 43964, 54411, 62127, 34041, 1407, 30008, 37444, 91432, 17575, 63516, 79823, 24359, 57939, 44660, 66, 72073, 42472, 94120, 65635, 81958, 37791, 55580, 41268, 69239, 35124, 6540, 98481, 46755, 25404, 67577, 65846, 29030, 46115, 80925, 52269, 5028, 9163, 60505, 33992, 22030, 94004, 52956, 42555, 32674, 98143, 24692, 8450, 53283, 2014, 7396, 66, 78982, 83694, 22573, 2780, 14252, 55750, 49033, 93213, 40123, 40063, 85147, 53609, 43278, 5175, 49000, 61144]})"
931.0,9,131,4,11.018170356750488,10180,"Genotype(dna={""<class 'abc.NT_0010'>"": [0, 0, 0, 0, 0, 1, 85147], ""<class 'abc.NT_0010_P_00000'>"": [], ""<class 'abc.NT_0007'>"": [], ""<class 'abc.NT_0007_P_00000'>"": [], ""<class 'abc.NT_0004'>"": [], ""<class 'abc.NT_0004_P_00000'>"": [], ""<class 'int'>"": [77126, 43201, 48820, 75809, 15135, 36262, 38350, 87430, 97011, 55942, 4506, 59964, 42225, 57077, 24342, 67352, 93904, 80839, 76441, 74856, 50058, 3411, 8626, 26055, 29274, 58967, 78993, 14828, 751, 67511, 28585, 12825, 23966, 7277, 99825, 74879, 55352, 55331, 363, 45016, 14379, 61509, 2069, 28699, 80396, 62952, 61201, 59585, 6749, 85094, 61965, 7610, 26258, 28296, 93033, 83162, 30096, 44060, 62884, 81104, 35245, 6364, 80462, 83171, 68919, 29950, 26707, 81924, 38153, 34468, 59277, 34382, 15383, 94500, 26532, 22254, 60581, 68418, 80271, 57971, 66816, 27488, 49989, 88487, 67815, 33251, 9814, 70899, 70376, 6572, 16025, 47013, 16359, 28708, 80664, 32360, 60550, 42267, 55413, 55145, 58891, 44049, 17413, 2205, 74754, 63914, 19152, 98442, 7431, 89440, 82080, 50837, 75285, 21620, 27020, 21639, 55890, 54599, 20169, 33311, 32242, 53498, 46439, 80881, 76188, 26746, 1133, 75300, 28413, 28258, 74339, 11309, 19578, 86587, 78957, 8190, 11376, 81490, 34042, 77295, 38509, 25473, 21325, 74688, 33757, 73445, 1092, 88730, 11557, 96974, 36419, 85058, 83462, 49605, 19202, 97630, 772, 92230, 92668, 49000], ""<class 'abc.NT_0001'>"": [], ""<class 'abc.NT_0001_P_00000'>"": [], ""<class 'bool'>"": [94567, 26792, 43510, 17549, 32334, 79141, 31637, 40541, 53775, 17842, 69311, 43769, 97227, 1539, 80259, 78373, 75096, 56123, 57441, 16081, 65316, 16235, 17109, 80941, 79234, 78069, 69895, 52794, 33022, 9796, 7359, 78315, 34322, 23853, 844, 88015, 38332, 33443, 63109, 65469, 96270, 54808, 23847, 83837, 84120, 86023, 34733, 31389, 58788, 74731, 58899, 85894, 94868, 87736, 94803, 79241, 69192, 55877, 78874, 36565, 40804, 79151, 84620, 28560, 70055, 35083, 5624, 91838, 73200, 57692, 93844, 49188, 88083, 79346, 19552, 58622, 55206, 19601, 11266, 14712, 78821, 52959, 87276, 44542, 87131, 38741, 63663, 5480, 36721, 81387, 89872, 25618, 37326, 81250, 5804, 74057, 77241, 77936, 77620, 62546, 87885, 4720, 53507, 58847, 91566, 75573, 68476, 8533, 78169, 53227, 17504, 76054, 95332, 18131, 3746, 8357, 59409, 43362, 50357, 66110, 59621, 56020, 67103, 34074, 67268, 53023, 33617, 66382, 84834, 43871, 11081, 26348, 47197, 85835, 50198, 46301, 33767, 61666, 71524, 61482, 55090, 38849, 95324, 45414, 58081, 48962, 31423, 14456, 31766, 22437, 12039, 94697, 87951, 37997, 75770, 75627, 94621, 54774, 6977, 28274, 14326, 73207, 77563, 61868, 35583, 91136, 64724, 85540, 67704, 71541, 18881, 33866, 79351, 46010, 20293, 87453, 12273, 37918, 23105, 5631, 38294, 55444, 26861, 796, 78014, 58417, 6625, 97742, 85703, 35222, 94130, 9869, 72191, 90426, 47638, 17917, 93700, 83016, 79750, 29518, 8683, 25170, 38117, 1270, 87580, 76026, 6813, 5175], ""<class 'abc.NT_0000'>"": [6, 4, 2, 0, 0, 0, 0, 0, 5, 3, 0, 0, 0, 2, 4, 6, 3, 3, 6, 5, 1, 1, 2, 5, 1, 5, 0, 1, 1, 1, 0, 6, 3, 4, 4, 2, 0, 5, 2, 0, 6, 4, 5, 6, 0, 3, 2, 5, 3, 5, 3, 2, 2, 2, 5, 1, 0, 6, 6, 2, 3, 0, 5, 4, 3, 0, 0, 0, 0, 4, 0, 0, 0, 0, 5, 3, 2, 1, 5, 4, 0, 2, 2, 1, 3, 0, 0, 4, 1, 2, 3, 0, 0, 0, 0, 0, 0, 0, 0, 6, 1, 0, 4, 0, 5, 0, 0, 0, 0, 5, 3, 1, 4, 6, 4, 3, 6, 4, 1, 0, 3, 2, 5, 5, 6, 3, 0, 2, 5, 0, 1, 6, 1, 3, 5, 3, 6, 4, 1, 0, 0, 0, 0, 0, 2, 6, 2, 2, 6, 2, 1, 6, 6, 1, 3, 6, 4, 6, 1, 43278], ""<class 'abc.NT_0000_P_00000'>"": [], ""<class 'abc.NT_0000_P_00001'>"": [], ""<class 'abc.NT_0000_P_00002'>"": [], ""<class 'abc.NT_0000_P_00003'>"": [], ""<class 'abc.NT_0000_P_00004'>"": [], ""<class 'abc.NT_0000_P_00005'>"": [], ""<class 'abc.NT_0000_P_00006'>"": [], ""<class 'abc.NT_0001_P_00001'>"": [], ""<class 'abc.NT_0001_P_00002'>"": [], ""<class 'abc.NT_0004_P_00001'>"": [], ""<class 'abc.NT_0003'>"": [], ""<class 'abc.NT_0003_P_00000'>"": [], ""<class 'abc.NT_0002'>"": [], ""<class 'abc.NT_0002_P_00000'>"": [], ""<class 'abc.NT_0002_P_00001'>"": [], ""<class 'abc.NT_0002_P_00002'>"": [], ""<class 'abc.NT_0002_P_00003'>"": [], ""<class 'abc.NT_0002_P_00004'>"": [], ""<class 'abc.NT_0002_P_00005'>"": [], ""<class 'abc.NT_0002_P_00006'>"": [], ""<class 'abc.NT_0002_P_00007'>"": [], ""<class 'abc.NT_0003_P_00001'>"": [], ""<class 'abc.NT_0006'>"": [0, 0, 0, 0, 0, 0, 0, 0, 0, 0, 61144], ""<class 'abc.NT_0006_P_00000'>"": [], ""<class 'abc.NT_0005'>"": [], ""<class 'abc.NT_0005_P_00000'>"": [], ""<class 'abc.NT_0005_P_00001'>"": [], ""<class 'abc.NT_0005_P_00002'>"": [], ""<class 'abc.NT_0005_P_00003'>"": [], ""<class 'abc.NT_0005_P_00004'>"": [], ""<class 'abc.NT_0005_P_00005'>"": [], ""<class 'abc.NT_0005_P_00006'>"": [], ""<class 'abc.NT_0006_P_00001'>"": [], ""<class 'abc.NT_0006_P_00002'>"": [], ""<class 'abc.NT_0006_P_00003'>"": [], ""<class 'abc.NT_0006_P_00004'>"": [], ""<class 'abc.NT_0006_P_00005'>"": [], ""<class 'abc.NT_0006_P_00006'>"": [], ""<class 'abc.NT_0006_P_00007'>"": [], ""<class 'abc.NT_0007_P_00001'>"": [], ""<class 'abc.NT_0007_P_00002'>"": [], ""<class 'abc.NT_0007_P_00003'>"": [], ""<class 'abc.NT_0007_P_00004'>"": [], ""<class 'abc.NT_0007_P_00005'>"": [], ""<class 'abc.NT_0010_P_00001'>"": [], ""<class 'abc.NT_0008'>"": [1, 1, 0, 1, 0, 1, 1, 0, 0, 0, 53609], ""<class 'abc.NT_0008_P_00000'>"": [], ""<class 'abc.NT_0008_P_00001'>"": [], ""<class 'abc.NT_0008_P_00002'>"": [], ""<class 'abc.NT_0008_P_00003'>"": [], ""<class 'abc.NT_0008_P_00004'>"": [], ""<class 'abc.NT_0010_P_00002'>"": [], ""<class 'abc.NT_0010_P_00003'>"": [], ""<class 'abc.NT_0010_P_00004'>"": [], ""<class 'abc.NT_0009'>"": [], ""<class 'abc.NT_0009_P_00000'>"": [], ""<class 'abc.NT_0009_P_00001'>"": [], ""<class 'abc.NT_0009_P_00002'>"": [], ""<class 'abc.NT_0009_P_00003'>"": [], ""<class 'abc.NT_0009_P_00004'>"": [], ""<class 'abc.NT_0010_P_00005'>"": [], ""<class 'abc.NT_0010_P_00006'>"": [], '$leftovers': [18853, 22685, 65944, 30991, 71325, 99256, 76301, 95693, 34122, 53952, 55672, 74831, 33963, 25015, 25697, 7592, 13690, 41603, 28828, 1846, 59419, 50863, 95750, 68544, 33751, 67086, 76352, 50275, 33813, 72521, 72186, 98367, 89110, 82056, 74758, 66368, 72604, 26616, 95885, 5264, 24236, 31002, 72786, 81453, 1549, 58861, 79208, 25327, 61699, 15666, 70132, 5604, 37976, 96197, 2135, 75049, 31492, 45828, 69192, 23886, 73401, 14363, 57489, 62600, 98230, 9181, 95579, 43563, 90001, 10166, 37716, 81042, 70856, 13122, 24742, 63023, 17296, 11162, 35926, 83920, 36824, 91962, 58024, 27633, 13217, 56880, 30598, 66637, 54630, 58415, 54841, 82919, 35232, 49917, 17273, 79974, 17408, 31831, 87760, 29062, 14159, 29820, 5544, 41099, 45482, 2367, 64759, 21373, 78063, 60377, 57592, 80389, 75806, 7140, 12762, 52584, 44029, 83065, 36358, 92073, 35502, 89851, 86918, 68167, 22970, 33999, 40707, 73232, 67107, 4690, 27422, 72591, 34525, 90618, 2963, 85885, 80470, 94309, 72287, 86237, 30800, 21730, 52145, 25063, 99142, 45233, 92389, 19816, 53209, 72995, 23801, 95121, 45638, 11339, 15054, 40314, 16381, 79668, 56708, 97137, 22673, 80400, 80443, 24458, 37011, 58667, 75764, 53847, 74996, 93872, 46267, 41769, 85089, 9643, 86889, 97627, 33079, 933, 43196, 52217, 79122, 46989, 50182, 64937, 60213, 16879, 63767, 55027, 27313, 18196, 50575, 90581, 8996, 89436, 11012, 91016, 57772, 10236, 47256, 19254, 76575, 44892, 57875, 3503, 27780, 56113, 13767, 20496, 36810, 88578, 50995, 20368, 96919, 63509, 78725, 22186, 21940, 83357, 70821, 62407, 5751, 99417, 54484, 84347, 49869, 59120, 77472, 71055, 75216, 32877, 52229, 43027, 52944, 84829, 51449, 27475, 27630, 13347, 93840, 82893, 31266, 77927, 44060, 63854, 26220, 14191, 5875, 72995, 94210, 4812, 36293, 60877, 38524, 53538, 55421, 57401, 6707, 31836, 5558, 72593, 56812, 95547, 72912, 18618, 75443, 78171, 11735, 35054, 94765, 87027, 57565, 4412, 48777, 17618, 18044, 80027, 77395, 39289, 29056, 72558, 46347, 83019, 73372, 48356, 18386, 80834, 35099, 61279, 69867, 10554, 17785, 24597, 21526, 52000, 84035, 68241, 86236, 90584, 56916, 4321, 21106, 3209, 53370, 14502, 4043, 3741, 48190, 62568, 85240, 30739, 34688, 33162, 38929, 40707, 9334, 70094, 294, 70936, 86179, 55931, 16143, 22646, 9862, 78881, 12560, 83625, 7134, 61874, 91203, 46269, 47110, 83843, 5289, 74137, 88273, 14580, 47344, 60753, 19167, 40339, 79020, 71132, 72253, 89884, 55934, 54064, 74742, 75597, 86320, 15369, 63397, 46665, 17800, 14718, 59462, 83731, 50541, 53632, 34874, 68412, 2214, 3157, 78677, 23641, 67143, 58266, 39232, 74667, 18780, 43657, 73836, 21147, 90021, 98970, 11732, 28569, 99269, 41709, 68360, 42589, 70863, 97958, 97500, 40709, 92966, 21694, 40040, 15592, 22426, 52529, 8629, 24081, 50548, 58167, 84087, 80087, 55979, 12478, 75863, 55100, 52426, 86114, 99605, 40435, 5992, 58835, 61375, 29923, 65710, 80868, 92180, 69393, 41505, 62791, 18731, 18953, 11106, 22971, 47087, 67395, 8258, 12800, 44872, 82838, 62992, 14599, 48272, 40211, 34341, 21057, 28702, 52824, 50572, 82640, 12559, 6067, 48063, 59935, 26657, 3055, 87176, 89751, 87167, 14129, 36152, 74245, 44747, 51354, 75606, 24046, 98077, 96803, 82440, 70055, 51399, 43781, 35119, 45388, 14656, 55187, 5401, 8942, 17594, 59726, 44804, 51824, 97127, 93212, 46736, 55514, 73728, 42663, 19730, 19118, 31504, 24324, 14360, 71402, 35819, 66623, 33391, 84006, 2911, 97136, 67491, 11377, 49060, 65542, 72990, 114, 23028, 6641, 27228, 3801, 4956, 62586, 14141, 70080, 75547, 78994, 65918, 560, 46101, 31529, 66655, 31719, 5956, 96644, 67012, 78144, 3048, 45105, 7215, 83884, 11279, 16049, 66710, 25797, 40844, 87206, 63324, 41774, 57371, 78550, 22173, 30307, 13444, 29382, 32923, 31372, 98768, 620, 84539, 52981, 46001, 96637, 98145, 70426, 17494, 64405, 42589, 15179, 68644, 27071, 13450, 95253, 45532, 96961, 62333, 11781, 32318, 82849, 54636, 12447, 1814, 30737, 3786, 72534, 1553, 67307, 88836, 53336, 60684, 5299, 69670, 93727, 24264, 65067, 51522, 39043, 6477, 55629, 2045, 64874, 64874, 93396, 99449, 22991, 2252, 65473, 51372, 84312, 95735, 39003, 62906, 71229, 74579, 17862, 12605, 66123, 12351, 5404, 1510, 13832, 51398, 43597, 86043, 45546, 50420, 68348, 45911, 17136, 91393, 29118, 76555, 7357, 11300, 51742, 333, 26830, 75555, 2331, 96635, 13605, 21847, 8187, 79899, 51411, 91776, 29149, 96412, 70544, 75327, 30017, 64797, 45663, 36499, 35707, 5655, 58962, 70918, 30728, 28698, 2763, 45752, 53106, 82946, 39676, 58721, 64695, 96504, 11019, 19011, 33978, 82026, 62216, 86549, 70888, 51675, 18118, 44149, 304, 65154, 36993, 6719, 70749, 97700, 69122, 18232, 60931, 25664, 33495, 71133, 59877, 99870, 53079, 77835, 65833, 47081, 384, 86289, 42953, 38560, 17803, 33158, 87143, 3202, 80836, 24559, 25480, 24884, 20970, 78849, 96190, 23338, 56243, 28044, 1806, 43098, 94629, 1557, 75946, 69931, 66152, 83354, 38712, 69524, 66843, 29150, 61796, 59849, 85600, 73561, 8370, 32232, 13997, 66493, 75770, 25037, 41313, 81709, 42770, 35823, 5767, 84597, 6127, 36332, 59300, 14612, 84423, 75500, 4652, 15299, 11866, 73468, 89289, 30402, 81756, 68438, 35166, 55904, 13846, 18702, 799, 42978, 42363, 81775, 82039, 83706, 66787, 77082, 77233, 90355, 92042, 96322, 19227, 61963, 89603, 77545, 6052, 3841, 18717, 8234, 40730, 2563, 59226, 40967, 20584, 89858, 2564, 5878, 37612, 97484, 83865, 55142, 71000, 19072, 8974, 77980, 38107, 22222, 6344, 29047, 58559, 78236, 92489, 35351, 52880, 4784, 75272, 7172, 14821, 69925, 48597, 36800, 79837, 61052, 92728, 80840, 76556, 35926, 45963, 39089, 13982, 99317, 41515, 54213, 5759, 15167, 75711, 94811, 10683, 62537, 60034, 52454, 34102, 45807, 41806, 62006, 5254, 39376, 56753, 187, 90094, 45504, 96638, 10503, 14605, 12369, 14432, 31110, 66366, 82294, 58782, 82122, 93759, 61568, 45358, 83396, 56007, 22346, 66542, 25137, 68312, 52464, 36527, 57473, 69800, 52446, 72031, 53744, 47922, 16738, 49867, 32313, 76536, 62962, 51773, 12155, 8875, 76172, 34750, 32742, 97811, 88073, 51338, 30794, 91006, 86416, 39880, 1952, 1988, 834, 62791, 67483, 70617, 36464, 94648, 90108, 1096, 63154, 60062, 94902, 97514, 37054, 72006, 93872, 51641, 95146, 29421, 13699, 69458, 65880, 5195, 64127, 49560, 11459, 71639, 53906, 78595, 61247, 38, 96621, 9490, 10431, 14318, 66154, 77198, 68556, 55459, 96467, 72843, 20962, 56323, 81690, 9497, 25412, 82928, 49217, 52686, 94969, 92492, 21761, 71648, 29956, 62011, 95264, 32476, 14571, 57797, 89984, 56359, 10135, 93277, 26149, 81033, 35003, 9263, 28190, 31612, 31319, 51082, 62322, 43964, 54411, 62127, 34041, 1407, 30008, 37444, 91432, 17575, 63516, 79823, 24359, 57939, 44660, 66, 72073, 42472, 94120, 65635, 81958, 37791, 55580, 41268, 69239, 35124, 6540, 98481, 46755, 25404, 67577, 65846, 29030, 46115, 80925, 52269, 5028, 9163, 60505, 33992, 22030, 94004, 52956, 42555, 32674, 98143, 24692, 8450, 53283, 2014, 7396, 66, 78982, 83694, 22573, 2780, 14252, 55750, 49033, 93213, 40123, 40063, 85147, 53609, 43278, 5175, 49000, 61144]})"
931.0,9,131,5,14.736016035079956,10180,"Genotype(dna={""<class 'abc.NT_0010'>"": [0, 0, 0, 0, 0, 1, 85147], ""<class 'abc.NT_0010_P_00000'>"": [], ""<class 'abc.NT_0007'>"": [], ""<class 'abc.NT_0007_P_00000'>"": [], ""<class 'abc.NT_0004'>"": [], ""<class 'abc.NT_0004_P_00000'>"": [], ""<class 'int'>"": [77126, 43201, 48820, 75809, 15135, 36262, 38350, 87430, 97011, 55942, 4506, 59964, 42225, 57077, 24342, 67352, 93904, 80839, 76441, 74856, 50058, 3411, 8626, 26055, 29274, 58967, 78993, 14828, 751, 67511, 28585, 12825, 23966, 7277, 99825, 74879, 55352, 55331, 363, 45016, 14379, 61509, 2069, 28699, 80396, 62952, 61201, 59585, 6749, 85094, 61965, 7610, 26258, 28296, 93033, 83162, 30096, 44060, 62884, 81104, 35245, 6364, 80462, 83171, 68919, 29950, 26707, 81924, 38153, 34468, 59277, 34382, 15383, 94500, 26532, 22254, 60581, 68418, 80271, 57971, 66816, 27488, 49989, 88487, 67815, 33251, 9814, 70899, 70376, 6572, 16025, 47013, 16359, 28708, 80664, 32360, 60550, 42267, 55413, 55145, 58891, 44049, 17413, 2205, 74754, 63914, 19152, 98442, 7431, 89440, 82080, 50837, 75285, 21620, 27020, 21639, 55890, 54599, 20169, 33311, 32242, 53498, 46439, 80881, 76188, 26746, 1133, 75300, 28413, 28258, 74339, 11309, 19578, 86587, 78957, 8190, 11376, 81490, 34042, 77295, 38509, 25473, 21325, 74688, 33757, 73445, 1092, 88730, 11557, 96974, 36419, 85058, 83462, 49605, 19202, 97630, 772, 92230, 92668, 49000], ""<class 'abc.NT_0001'>"": [], ""<class 'abc.NT_0001_P_00000'>"": [], ""<class 'bool'>"": [94567, 26792, 43510, 17549, 32334, 79141, 31637, 40541, 53775, 17842, 69311, 43769, 97227, 1539, 80259, 78373, 75096, 56123, 57441, 16081, 65316, 16235, 17109, 80941, 79234, 78069, 69895, 52794, 33022, 9796, 7359, 78315, 34322, 23853, 844, 88015, 38332, 33443, 63109, 65469, 96270, 54808, 23847, 83837, 84120, 86023, 34733, 31389, 58788, 74731, 58899, 85894, 94868, 87736, 94803, 79241, 69192, 55877, 78874, 36565, 40804, 79151, 84620, 28560, 70055, 35083, 5624, 91838, 73200, 57692, 93844, 49188, 88083, 79346, 19552, 58622, 55206, 19601, 11266, 14712, 78821, 52959, 87276, 44542, 87131, 38741, 63663, 5480, 36721, 81387, 89872, 25618, 37326, 81250, 5804, 74057, 77241, 77936, 77620, 62546, 87885, 4720, 53507, 58847, 91566, 75573, 68476, 8533, 78169, 53227, 17504, 76054, 95332, 18131, 3746, 8357, 59409, 43362, 50357, 66110, 59621, 56020, 67103, 34074, 67268, 53023, 33617, 66382, 84834, 43871, 11081, 26348, 47197, 85835, 50198, 46301, 33767, 61666, 71524, 61482, 55090, 38849, 95324, 45414, 58081, 48962, 31423, 14456, 31766, 22437, 12039, 94697, 87951, 37997, 75770, 75627, 94621, 54774, 6977, 28274, 14326, 73207, 77563, 61868, 35583, 91136, 64724, 85540, 67704, 71541, 18881, 33866, 79351, 46010, 20293, 87453, 12273, 37918, 23105, 5631, 38294, 55444, 26861, 796, 78014, 58417, 6625, 97742, 85703, 35222, 94130, 9869, 72191, 90426, 47638, 17917, 93700, 83016, 79750, 29518, 8683, 25170, 38117, 1270, 87580, 76026, 6813, 5175], ""<class 'abc.NT_0000'>"": [6, 4, 2, 0, 0, 0, 0, 0, 5, 3, 0, 0, 0, 2, 4, 6, 3, 3, 6, 5, 1, 1, 2, 5, 1, 5, 0, 1, 1, 1, 0, 6, 3, 4, 4, 2, 0, 5, 2, 0, 6, 4, 5, 6, 0, 3, 2, 5, 3, 5, 3, 2, 2, 2, 5, 1, 0, 6, 6, 2, 3, 0, 5, 4, 3, 0, 0, 0, 0, 4, 0, 0, 0, 0, 5, 3, 2, 1, 5, 4, 0, 2, 2, 1, 3, 0, 0, 4, 1, 2, 3, 0, 0, 0, 0, 0, 0, 0, 0, 6, 1, 0, 4, 0, 5, 0, 0, 0, 0, 5, 3, 1, 4, 6, 4, 3, 6, 4, 1, 0, 3, 2, 5, 5, 6, 3, 0, 2, 5, 0, 1, 6, 1, 3, 5, 3, 6, 4, 1, 0, 0, 0, 0, 0, 2, 6, 2, 2, 6, 2, 1, 6, 6, 1, 3, 6, 4, 6, 1, 43278], ""<class 'abc.NT_0000_P_00000'>"": [], ""<class 'abc.NT_0000_P_00001'>"": [], ""<class 'abc.NT_0000_P_00002'>"": [], ""<class 'abc.NT_0000_P_00003'>"": [], ""<class 'abc.NT_0000_P_00004'>"": [], ""<class 'abc.NT_0000_P_00005'>"": [], ""<class 'abc.NT_0000_P_00006'>"": [], ""<class 'abc.NT_0001_P_00001'>"": [], ""<class 'abc.NT_0001_P_00002'>"": [], ""<class 'abc.NT_0004_P_00001'>"": [], ""<class 'abc.NT_0003'>"": [], ""<class 'abc.NT_0003_P_00000'>"": [], ""<class 'abc.NT_0002'>"": [], ""<class 'abc.NT_0002_P_00000'>"": [], ""<class 'abc.NT_0002_P_00001'>"": [], ""<class 'abc.NT_0002_P_00002'>"": [], ""<class 'abc.NT_0002_P_00003'>"": [], ""<class 'abc.NT_0002_P_00004'>"": [], ""<class 'abc.NT_0002_P_00005'>"": [], ""<class 'abc.NT_0002_P_00006'>"": [], ""<class 'abc.NT_0002_P_00007'>"": [], ""<class 'abc.NT_0003_P_00001'>"": [], ""<class 'abc.NT_0006'>"": [0, 0, 0, 0, 0, 0, 0, 0, 0, 0, 61144], ""<class 'abc.NT_0006_P_00000'>"": [], ""<class 'abc.NT_0005'>"": [], ""<class 'abc.NT_0005_P_00000'>"": [], ""<class 'abc.NT_0005_P_00001'>"": [], ""<class 'abc.NT_0005_P_00002'>"": [], ""<class 'abc.NT_0005_P_00003'>"": [], ""<class 'abc.NT_0005_P_00004'>"": [], ""<class 'abc.NT_0005_P_00005'>"": [], ""<class 'abc.NT_0005_P_00006'>"": [], ""<class 'abc.NT_0006_P_00001'>"": [], ""<class 'abc.NT_0006_P_00002'>"": [], ""<class 'abc.NT_0006_P_00003'>"": [], ""<class 'abc.NT_0006_P_00004'>"": [], ""<class 'abc.NT_0006_P_00005'>"": [], ""<class 'abc.NT_0006_P_00006'>"": [], ""<class 'abc.NT_0006_P_00007'>"": [], ""<class 'abc.NT_0007_P_00001'>"": [], ""<class 'abc.NT_0007_P_00002'>"": [], ""<class 'abc.NT_0007_P_00003'>"": [], ""<class 'abc.NT_0007_P_00004'>"": [], ""<class 'abc.NT_0007_P_00005'>"": [], ""<class 'abc.NT_0010_P_00001'>"": [], ""<class 'abc.NT_0008'>"": [1, 1, 0, 1, 0, 1, 1, 0, 0, 0, 53609], ""<class 'abc.NT_0008_P_00000'>"": [], ""<class 'abc.NT_0008_P_00001'>"": [], ""<class 'abc.NT_0008_P_00002'>"": [], ""<class 'abc.NT_0008_P_00003'>"": [], ""<class 'abc.NT_0008_P_00004'>"": [], ""<class 'abc.NT_0010_P_00002'>"": [], ""<class 'abc.NT_0010_P_00003'>"": [], ""<class 'abc.NT_0010_P_00004'>"": [], ""<class 'abc.NT_0009'>"": [], ""<class 'abc.NT_0009_P_00000'>"": [], ""<class 'abc.NT_0009_P_00001'>"": [], ""<class 'abc.NT_0009_P_00002'>"": [], ""<class 'abc.NT_0009_P_00003'>"": [], ""<class 'abc.NT_0009_P_00004'>"": [], ""<class 'abc.NT_0010_P_00005'>"": [], ""<class 'abc.NT_0010_P_00006'>"": [], '$leftovers': [18853, 22685, 65944, 30991, 71325, 99256, 76301, 95693, 34122, 53952, 55672, 74831, 33963, 25015, 25697, 7592, 13690, 41603, 28828, 1846, 59419, 50863, 95750, 68544, 33751, 67086, 76352, 50275, 33813, 72521, 72186, 98367, 89110, 82056, 74758, 66368, 72604, 26616, 95885, 5264, 24236, 31002, 72786, 81453, 1549, 58861, 79208, 25327, 61699, 15666, 70132, 5604, 37976, 96197, 2135, 75049, 31492, 45828, 69192, 23886, 73401, 14363, 57489, 62600, 98230, 9181, 95579, 43563, 90001, 10166, 37716, 81042, 70856, 13122, 24742, 63023, 17296, 11162, 35926, 83920, 36824, 91962, 58024, 27633, 13217, 56880, 30598, 66637, 54630, 58415, 54841, 82919, 35232, 49917, 17273, 79974, 17408, 31831, 87760, 29062, 14159, 29820, 5544, 41099, 45482, 2367, 64759, 21373, 78063, 60377, 57592, 80389, 75806, 7140, 12762, 52584, 44029, 83065, 36358, 92073, 35502, 89851, 86918, 68167, 22970, 33999, 40707, 73232, 67107, 4690, 27422, 72591, 34525, 90618, 2963, 85885, 80470, 94309, 72287, 86237, 30800, 21730, 52145, 25063, 99142, 45233, 92389, 19816, 53209, 72995, 23801, 95121, 45638, 11339, 15054, 40314, 16381, 79668, 56708, 97137, 22673, 80400, 80443, 24458, 37011, 58667, 75764, 53847, 74996, 93872, 46267, 41769, 85089, 9643, 86889, 97627, 33079, 933, 43196, 52217, 79122, 46989, 50182, 64937, 60213, 16879, 63767, 55027, 27313, 18196, 50575, 90581, 8996, 89436, 11012, 91016, 57772, 10236, 47256, 19254, 76575, 44892, 57875, 3503, 27780, 56113, 13767, 20496, 36810, 88578, 50995, 20368, 96919, 63509, 78725, 22186, 21940, 83357, 70821, 62407, 5751, 99417, 54484, 84347, 49869, 59120, 77472, 71055, 75216, 32877, 52229, 43027, 52944, 84829, 51449, 27475, 27630, 13347, 93840, 82893, 31266, 77927, 44060, 63854, 26220, 14191, 5875, 72995, 94210, 4812, 36293, 60877, 38524, 53538, 55421, 57401, 6707, 31836, 5558, 72593, 56812, 95547, 72912, 18618, 75443, 78171, 11735, 35054, 94765, 87027, 57565, 4412, 48777, 17618, 18044, 80027, 77395, 39289, 29056, 72558, 46347, 83019, 73372, 48356, 18386, 80834, 35099, 61279, 69867, 10554, 17785, 24597, 21526, 52000, 84035, 68241, 86236, 90584, 56916, 4321, 21106, 3209, 53370, 14502, 4043, 3741, 48190, 62568, 85240, 30739, 34688, 33162, 38929, 40707, 9334, 70094, 294, 70936, 86179, 55931, 16143, 22646, 9862, 78881, 12560, 83625, 7134, 61874, 91203, 46269, 47110, 83843, 5289, 74137, 88273, 14580, 47344, 60753, 19167, 40339, 79020, 71132, 72253, 89884, 55934, 54064, 74742, 75597, 86320, 15369, 63397, 46665, 17800, 14718, 59462, 83731, 50541, 53632, 34874, 68412, 2214, 3157, 78677, 23641, 67143, 58266, 39232, 74667, 18780, 43657, 73836, 21147, 90021, 98970, 11732, 28569, 99269, 41709, 68360, 42589, 70863, 97958, 97500, 40709, 92966, 21694, 40040, 15592, 22426, 52529, 8629, 24081, 50548, 58167, 84087, 80087, 55979, 12478, 75863, 55100, 52426, 86114, 99605, 40435, 5992, 58835, 61375, 29923, 65710, 80868, 92180, 69393, 41505, 62791, 18731, 18953, 11106, 22971, 47087, 67395, 8258, 12800, 44872, 82838, 62992, 14599, 48272, 40211, 34341, 21057, 28702, 52824, 50572, 82640, 12559, 6067, 48063, 59935, 26657, 3055, 87176, 89751, 87167, 14129, 36152, 74245, 44747, 51354, 75606, 24046, 98077, 96803, 82440, 70055, 51399, 43781, 35119, 45388, 14656, 55187, 5401, 8942, 17594, 59726, 44804, 51824, 97127, 93212, 46736, 55514, 73728, 42663, 19730, 19118, 31504, 24324, 14360, 71402, 35819, 66623, 33391, 84006, 2911, 97136, 67491, 11377, 49060, 65542, 72990, 114, 23028, 6641, 27228, 3801, 4956, 62586, 14141, 70080, 75547, 78994, 65918, 560, 46101, 31529, 66655, 31719, 5956, 96644, 67012, 78144, 3048, 45105, 7215, 83884, 11279, 16049, 66710, 25797, 40844, 87206, 63324, 41774, 57371, 78550, 22173, 30307, 13444, 29382, 32923, 31372, 98768, 620, 84539, 52981, 46001, 96637, 98145, 70426, 17494, 64405, 42589, 15179, 68644, 27071, 13450, 95253, 45532, 96961, 62333, 11781, 32318, 82849, 54636, 12447, 1814, 30737, 3786, 72534, 1553, 67307, 88836, 53336, 60684, 5299, 69670, 93727, 24264, 65067, 51522, 39043, 6477, 55629, 2045, 64874, 64874, 93396, 99449, 22991, 2252, 65473, 51372, 84312, 95735, 39003, 62906, 71229, 74579, 17862, 12605, 66123, 12351, 5404, 1510, 13832, 51398, 43597, 86043, 45546, 50420, 68348, 45911, 17136, 91393, 29118, 76555, 7357, 11300, 51742, 333, 26830, 75555, 2331, 96635, 13605, 21847, 8187, 79899, 51411, 91776, 29149, 96412, 70544, 75327, 30017, 64797, 45663, 36499, 35707, 5655, 58962, 70918, 30728, 28698, 2763, 45752, 53106, 82946, 39676, 58721, 64695, 96504, 11019, 19011, 33978, 82026, 62216, 86549, 70888, 51675, 18118, 44149, 304, 65154, 36993, 6719, 70749, 97700, 69122, 18232, 60931, 25664, 33495, 71133, 59877, 99870, 53079, 77835, 65833, 47081, 384, 86289, 42953, 38560, 17803, 33158, 87143, 3202, 80836, 24559, 25480, 24884, 20970, 78849, 96190, 23338, 56243, 28044, 1806, 43098, 94629, 1557, 75946, 69931, 66152, 83354, 38712, 69524, 66843, 29150, 61796, 59849, 85600, 73561, 8370, 32232, 13997, 66493, 75770, 25037, 41313, 81709, 42770, 35823, 5767, 84597, 6127, 36332, 59300, 14612, 84423, 75500, 4652, 15299, 11866, 73468, 89289, 30402, 81756, 68438, 35166, 55904, 13846, 18702, 799, 42978, 42363, 81775, 82039, 83706, 66787, 77082, 77233, 90355, 92042, 96322, 19227, 61963, 89603, 77545, 6052, 3841, 18717, 8234, 40730, 2563, 59226, 40967, 20584, 89858, 2564, 5878, 37612, 97484, 83865, 55142, 71000, 19072, 8974, 77980, 38107, 22222, 6344, 29047, 58559, 78236, 92489, 35351, 52880, 4784, 75272, 7172, 14821, 69925, 48597, 36800, 79837, 61052, 92728, 80840, 76556, 35926, 45963, 39089, 13982, 99317, 41515, 54213, 5759, 15167, 75711, 94811, 10683, 62537, 60034, 52454, 34102, 45807, 41806, 62006, 5254, 39376, 56753, 187, 90094, 45504, 96638, 10503, 14605, 12369, 14432, 31110, 66366, 82294, 58782, 82122, 93759, 61568, 45358, 83396, 56007, 22346, 66542, 25137, 68312, 52464, 36527, 57473, 69800, 52446, 72031, 53744, 47922, 16738, 49867, 32313, 76536, 62962, 51773, 12155, 8875, 76172, 34750, 32742, 97811, 88073, 51338, 30794, 91006, 86416, 39880, 1952, 1988, 834, 62791, 67483, 70617, 36464, 94648, 90108, 1096, 63154, 60062, 94902, 97514, 37054, 72006, 93872, 51641, 95146, 29421, 13699, 69458, 65880, 5195, 64127, 49560, 11459, 71639, 53906, 78595, 61247, 38, 96621, 9490, 10431, 14318, 66154, 77198, 68556, 55459, 96467, 72843, 20962, 56323, 81690, 9497, 25412, 82928, 49217, 52686, 94969, 92492, 21761, 71648, 29956, 62011, 95264, 32476, 14571, 57797, 89984, 56359, 10135, 93277, 26149, 81033, 35003, 9263, 28190, 31612, 31319, 51082, 62322, 43964, 54411, 62127, 34041, 1407, 30008, 37444, 91432, 17575, 63516, 79823, 24359, 57939, 44660, 66, 72073, 42472, 94120, 65635, 81958, 37791, 55580, 41268, 69239, 35124, 6540, 98481, 46755, 25404, 67577, 65846, 29030, 46115, 80925, 52269, 5028, 9163, 60505, 33992, 22030, 94004, 52956, 42555, 32674, 98143, 24692, 8450, 53283, 2014, 7396, 66, 78982, 83694, 22573, 2780, 14252, 55750, 49033, 93213, 40123, 40063, 85147, 53609, 43278, 5175, 49000, 61144]})"
931.0,9,131,6,44.99792528152466,10180,"Genotype(dna={""<class 'abc.NT_0010'>"": [0, 0, 0, 0, 0, 1, 85147], ""<class 'abc.NT_0010_P_00000'>"": [], ""<class 'abc.NT_0007'>"": [], ""<class 'abc.NT_0007_P_00000'>"": [], ""<class 'abc.NT_0004'>"": [], ""<class 'abc.NT_0004_P_00000'>"": [], ""<class 'int'>"": [77126, 43201, 48820, 75809, 15135, 36262, 38350, 87430, 97011, 55942, 4506, 59964, 42225, 57077, 24342, 67352, 93904, 80839, 76441, 74856, 50058, 3411, 8626, 26055, 29274, 58967, 78993, 14828, 751, 67511, 28585, 12825, 23966, 7277, 99825, 74879, 55352, 55331, 363, 45016, 14379, 61509, 2069, 28699, 80396, 62952, 61201, 59585, 6749, 85094, 61965, 7610, 26258, 28296, 93033, 83162, 30096, 44060, 62884, 81104, 35245, 6364, 80462, 83171, 68919, 29950, 26707, 81924, 38153, 34468, 59277, 34382, 15383, 94500, 26532, 22254, 60581, 68418, 80271, 57971, 66816, 27488, 49989, 88487, 67815, 33251, 9814, 70899, 70376, 6572, 16025, 47013, 16359, 28708, 80664, 32360, 60550, 42267, 55413, 55145, 58891, 44049, 17413, 2205, 74754, 63914, 19152, 98442, 7431, 89440, 82080, 50837, 75285, 21620, 27020, 21639, 55890, 54599, 20169, 33311, 32242, 53498, 46439, 80881, 76188, 26746, 1133, 75300, 28413, 28258, 74339, 11309, 19578, 86587, 78957, 8190, 11376, 81490, 34042, 77295, 38509, 25473, 21325, 74688, 33757, 73445, 1092, 88730, 11557, 96974, 36419, 85058, 83462, 49605, 19202, 97630, 772, 92230, 92668, 49000], ""<class 'abc.NT_0001'>"": [], ""<class 'abc.NT_0001_P_00000'>"": [], ""<class 'bool'>"": [94567, 26792, 43510, 17549, 32334, 79141, 31637, 40541, 53775, 17842, 69311, 43769, 97227, 1539, 80259, 78373, 75096, 56123, 57441, 16081, 65316, 16235, 17109, 80941, 79234, 78069, 69895, 52794, 33022, 9796, 7359, 78315, 34322, 23853, 844, 88015, 38332, 33443, 63109, 65469, 96270, 54808, 23847, 83837, 84120, 86023, 34733, 31389, 58788, 74731, 58899, 85894, 94868, 87736, 94803, 79241, 69192, 55877, 78874, 36565, 40804, 79151, 84620, 28560, 70055, 35083, 5624, 91838, 73200, 57692, 93844, 49188, 88083, 79346, 19552, 58622, 55206, 19601, 11266, 14712, 78821, 52959, 87276, 44542, 87131, 38741, 63663, 5480, 36721, 81387, 89872, 25618, 37326, 81250, 5804, 74057, 77241, 77936, 77620, 62546, 87885, 4720, 53507, 58847, 91566, 75573, 68476, 8533, 78169, 53227, 17504, 76054, 95332, 18131, 3746, 8357, 59409, 43362, 50357, 66110, 59621, 56020, 67103, 34074, 67268, 53023, 33617, 66382, 84834, 43871, 11081, 26348, 47197, 85835, 50198, 46301, 33767, 61666, 71524, 61482, 55090, 38849, 95324, 45414, 58081, 48962, 31423, 14456, 31766, 22437, 12039, 94697, 87951, 37997, 75770, 75627, 94621, 54774, 6977, 28274, 14326, 73207, 77563, 61868, 35583, 91136, 64724, 85540, 67704, 71541, 18881, 33866, 79351, 46010, 20293, 87453, 12273, 37918, 23105, 5631, 38294, 55444, 26861, 796, 78014, 58417, 6625, 97742, 85703, 35222, 94130, 9869, 72191, 90426, 47638, 17917, 93700, 83016, 79750, 29518, 8683, 25170, 38117, 1270, 87580, 76026, 6813, 5175], ""<class 'abc.NT_0000'>"": [6, 4, 2, 0, 0, 0, 0, 0, 5, 3, 0, 0, 0, 2, 4, 6, 3, 3, 6, 5, 1, 1, 2, 5, 1, 5, 0, 1, 1, 1, 0, 6, 3, 4, 4, 2, 0, 5, 2, 0, 6, 4, 5, 6, 0, 3, 2, 5, 3, 5, 3, 2, 2, 2, 5, 1, 0, 6, 6, 2, 3, 0, 5, 4, 3, 0, 0, 0, 0, 4, 0, 0, 0, 0, 5, 3, 2, 1, 5, 4, 0, 2, 2, 1, 3, 0, 0, 4, 1, 2, 3, 0, 0, 0, 0, 0, 0, 0, 0, 6, 1, 0, 4, 0, 5, 0, 0, 0, 0, 5, 3, 1, 4, 6, 4, 3, 6, 4, 1, 0, 3, 2, 5, 5, 6, 3, 0, 2, 5, 0, 1, 6, 1, 3, 5, 3, 6, 4, 1, 0, 0, 0, 0, 0, 2, 6, 2, 2, 6, 2, 1, 6, 6, 1, 3, 6, 4, 6, 1, 43278], ""<class 'abc.NT_0000_P_00000'>"": [], ""<class 'abc.NT_0000_P_00001'>"": [], ""<class 'abc.NT_0000_P_00002'>"": [], ""<class 'abc.NT_0000_P_00003'>"": [], ""<class 'abc.NT_0000_P_00004'>"": [], ""<class 'abc.NT_0000_P_00005'>"": [], ""<class 'abc.NT_0000_P_00006'>"": [], ""<class 'abc.NT_0001_P_00001'>"": [], ""<class 'abc.NT_0001_P_00002'>"": [], ""<class 'abc.NT_0004_P_00001'>"": [], ""<class 'abc.NT_0003'>"": [], ""<class 'abc.NT_0003_P_00000'>"": [], ""<class 'abc.NT_0002'>"": [], ""<class 'abc.NT_0002_P_00000'>"": [], ""<class 'abc.NT_0002_P_00001'>"": [], ""<class 'abc.NT_0002_P_00002'>"": [], ""<class 'abc.NT_0002_P_00003'>"": [], ""<class 'abc.NT_0002_P_00004'>"": [], ""<class 'abc.NT_0002_P_00005'>"": [], ""<class 'abc.NT_0002_P_00006'>"": [], ""<class 'abc.NT_0002_P_00007'>"": [], ""<class 'abc.NT_0003_P_00001'>"": [], ""<class 'abc.NT_0006'>"": [0, 0, 0, 0, 0, 0, 0, 0, 0, 0, 61144], ""<class 'abc.NT_0006_P_00000'>"": [], ""<class 'abc.NT_0005'>"": [], ""<class 'abc.NT_0005_P_00000'>"": [], ""<class 'abc.NT_0005_P_00001'>"": [], ""<class 'abc.NT_0005_P_00002'>"": [], ""<class 'abc.NT_0005_P_00003'>"": [], ""<class 'abc.NT_0005_P_00004'>"": [], ""<class 'abc.NT_0005_P_00005'>"": [], ""<class 'abc.NT_0005_P_00006'>"": [], ""<class 'abc.NT_0006_P_00001'>"": [], ""<class 'abc.NT_0006_P_00002'>"": [], ""<class 'abc.NT_0006_P_00003'>"": [], ""<class 'abc.NT_0006_P_00004'>"": [], ""<class 'abc.NT_0006_P_00005'>"": [], ""<class 'abc.NT_0006_P_00006'>"": [], ""<class 'abc.NT_0006_P_00007'>"": [], ""<class 'abc.NT_0007_P_00001'>"": [], ""<class 'abc.NT_0007_P_00002'>"": [], ""<class 'abc.NT_0007_P_00003'>"": [], ""<class 'abc.NT_0007_P_00004'>"": [], ""<class 'abc.NT_0007_P_00005'>"": [], ""<class 'abc.NT_0010_P_00001'>"": [], ""<class 'abc.NT_0008'>"": [1, 1, 0, 1, 0, 1, 1, 0, 0, 0, 53609], ""<class 'abc.NT_0008_P_00000'>"": [], ""<class 'abc.NT_0008_P_00001'>"": [], ""<class 'abc.NT_0008_P_00002'>"": [], ""<class 'abc.NT_0008_P_00003'>"": [], ""<class 'abc.NT_0008_P_00004'>"": [], ""<class 'abc.NT_0010_P_00002'>"": [], ""<class 'abc.NT_0010_P_00003'>"": [], ""<class 'abc.NT_0010_P_00004'>"": [], ""<class 'abc.NT_0009'>"": [], ""<class 'abc.NT_0009_P_00000'>"": [], ""<class 'abc.NT_0009_P_00001'>"": [], ""<class 'abc.NT_0009_P_00002'>"": [], ""<class 'abc.NT_0009_P_00003'>"": [], ""<class 'abc.NT_0009_P_00004'>"": [], ""<class 'abc.NT_0010_P_00005'>"": [], ""<class 'abc.NT_0010_P_00006'>"": [], '$leftovers': [18853, 22685, 65944, 30991, 71325, 99256, 76301, 95693, 34122, 53952, 55672, 74831, 33963, 25015, 25697, 7592, 13690, 41603, 28828, 1846, 59419, 50863, 95750, 68544, 33751, 67086, 76352, 50275, 33813, 72521, 72186, 98367, 89110, 82056, 74758, 66368, 72604, 26616, 95885, 5264, 24236, 31002, 72786, 81453, 1549, 58861, 79208, 25327, 61699, 15666, 70132, 5604, 37976, 96197, 2135, 75049, 31492, 45828, 69192, 23886, 73401, 14363, 57489, 62600, 98230, 9181, 95579, 43563, 90001, 10166, 37716, 81042, 70856, 13122, 24742, 63023, 17296, 11162, 35926, 83920, 36824, 91962, 58024, 27633, 13217, 56880, 30598, 66637, 54630, 58415, 54841, 82919, 35232, 49917, 17273, 79974, 17408, 31831, 87760, 29062, 14159, 29820, 5544, 41099, 45482, 2367, 64759, 21373, 78063, 60377, 57592, 80389, 75806, 7140, 12762, 52584, 44029, 83065, 36358, 92073, 35502, 89851, 86918, 68167, 22970, 33999, 40707, 73232, 67107, 4690, 27422, 72591, 34525, 90618, 2963, 85885, 80470, 94309, 72287, 86237, 30800, 21730, 52145, 25063, 99142, 45233, 92389, 19816, 53209, 72995, 23801, 95121, 45638, 11339, 15054, 40314, 16381, 79668, 56708, 97137, 22673, 80400, 80443, 24458, 37011, 58667, 75764, 53847, 74996, 93872, 46267, 41769, 85089, 9643, 86889, 97627, 33079, 933, 43196, 52217, 79122, 46989, 50182, 64937, 60213, 16879, 63767, 55027, 27313, 18196, 50575, 90581, 8996, 89436, 11012, 91016, 57772, 10236, 47256, 19254, 76575, 44892, 57875, 3503, 27780, 56113, 13767, 20496, 36810, 88578, 50995, 20368, 96919, 63509, 78725, 22186, 21940, 83357, 70821, 62407, 5751, 99417, 54484, 84347, 49869, 59120, 77472, 71055, 75216, 32877, 52229, 43027, 52944, 84829, 51449, 27475, 27630, 13347, 93840, 82893, 31266, 77927, 44060, 63854, 26220, 14191, 5875, 72995, 94210, 4812, 36293, 60877, 38524, 53538, 55421, 57401, 6707, 31836, 5558, 72593, 56812, 95547, 72912, 18618, 75443, 78171, 11735, 35054, 94765, 87027, 57565, 4412, 48777, 17618, 18044, 80027, 77395, 39289, 29056, 72558, 46347, 83019, 73372, 48356, 18386, 80834, 35099, 61279, 69867, 10554, 17785, 24597, 21526, 52000, 84035, 68241, 86236, 90584, 56916, 4321, 21106, 3209, 53370, 14502, 4043, 3741, 48190, 62568, 85240, 30739, 34688, 33162, 38929, 40707, 9334, 70094, 294, 70936, 86179, 55931, 16143, 22646, 9862, 78881, 12560, 83625, 7134, 61874, 91203, 46269, 47110, 83843, 5289, 74137, 88273, 14580, 47344, 60753, 19167, 40339, 79020, 71132, 72253, 89884, 55934, 54064, 74742, 75597, 86320, 15369, 63397, 46665, 17800, 14718, 59462, 83731, 50541, 53632, 34874, 68412, 2214, 3157, 78677, 23641, 67143, 58266, 39232, 74667, 18780, 43657, 73836, 21147, 90021, 98970, 11732, 28569, 99269, 41709, 68360, 42589, 70863, 97958, 97500, 40709, 92966, 21694, 40040, 15592, 22426, 52529, 8629, 24081, 50548, 58167, 84087, 80087, 55979, 12478, 75863, 55100, 52426, 86114, 99605, 40435, 5992, 58835, 61375, 29923, 65710, 80868, 92180, 69393, 41505, 62791, 18731, 18953, 11106, 22971, 47087, 67395, 8258, 12800, 44872, 82838, 62992, 14599, 48272, 40211, 34341, 21057, 28702, 52824, 50572, 82640, 12559, 6067, 48063, 59935, 26657, 3055, 87176, 89751, 87167, 14129, 36152, 74245, 44747, 51354, 75606, 24046, 98077, 96803, 82440, 70055, 51399, 43781, 35119, 45388, 14656, 55187, 5401, 8942, 17594, 59726, 44804, 51824, 97127, 93212, 46736, 55514, 73728, 42663, 19730, 19118, 31504, 24324, 14360, 71402, 35819, 66623, 33391, 84006, 2911, 97136, 67491, 11377, 49060, 65542, 72990, 114, 23028, 6641, 27228, 3801, 4956, 62586, 14141, 70080, 75547, 78994, 65918, 560, 46101, 31529, 66655, 31719, 5956, 96644, 67012, 78144, 3048, 45105, 7215, 83884, 11279, 16049, 66710, 25797, 40844, 87206, 63324, 41774, 57371, 78550, 22173, 30307, 13444, 29382, 32923, 31372, 98768, 620, 84539, 52981, 46001, 96637, 98145, 70426, 17494, 64405, 42589, 15179, 68644, 27071, 13450, 95253, 45532, 96961, 62333, 11781, 32318, 82849, 54636, 12447, 1814, 30737, 3786, 72534, 1553, 67307, 88836, 53336, 60684, 5299, 69670, 93727, 24264, 65067, 51522, 39043, 6477, 55629, 2045, 64874, 64874, 93396, 99449, 22991, 2252, 65473, 51372, 84312, 95735, 39003, 62906, 71229, 74579, 17862, 12605, 66123, 12351, 5404, 1510, 13832, 51398, 43597, 86043, 45546, 50420, 68348, 45911, 17136, 91393, 29118, 76555, 7357, 11300, 51742, 333, 26830, 75555, 2331, 96635, 13605, 21847, 8187, 79899, 51411, 91776, 29149, 96412, 70544, 75327, 30017, 64797, 45663, 36499, 35707, 5655, 58962, 70918, 30728, 28698, 2763, 45752, 53106, 82946, 39676, 58721, 64695, 96504, 11019, 19011, 33978, 82026, 62216, 86549, 70888, 51675, 18118, 44149, 304, 65154, 36993, 6719, 70749, 97700, 69122, 18232, 60931, 25664, 33495, 71133, 59877, 99870, 53079, 77835, 65833, 47081, 384, 86289, 42953, 38560, 17803, 33158, 87143, 3202, 80836, 24559, 25480, 24884, 20970, 78849, 96190, 23338, 56243, 28044, 1806, 43098, 94629, 1557, 75946, 69931, 66152, 83354, 38712, 69524, 66843, 29150, 61796, 59849, 85600, 73561, 8370, 32232, 13997, 66493, 75770, 25037, 41313, 81709, 42770, 35823, 5767, 84597, 6127, 36332, 59300, 14612, 84423, 75500, 4652, 15299, 11866, 73468, 89289, 30402, 81756, 68438, 35166, 55904, 13846, 18702, 799, 42978, 42363, 81775, 82039, 83706, 66787, 77082, 77233, 90355, 92042, 96322, 19227, 61963, 89603, 77545, 6052, 3841, 18717, 8234, 40730, 2563, 59226, 40967, 20584, 89858, 2564, 5878, 37612, 97484, 83865, 55142, 71000, 19072, 8974, 77980, 38107, 22222, 6344, 29047, 58559, 78236, 92489, 35351, 52880, 4784, 75272, 7172, 14821, 69925, 48597, 36800, 79837, 61052, 92728, 80840, 76556, 35926, 45963, 39089, 13982, 99317, 41515, 54213, 5759, 15167, 75711, 94811, 10683, 62537, 60034, 52454, 34102, 45807, 41806, 62006, 5254, 39376, 56753, 187, 90094, 45504, 96638, 10503, 14605, 12369, 14432, 31110, 66366, 82294, 58782, 82122, 93759, 61568, 45358, 83396, 56007, 22346, 66542, 25137, 68312, 52464, 36527, 57473, 69800, 52446, 72031, 53744, 47922, 16738, 49867, 32313, 76536, 62962, 51773, 12155, 8875, 76172, 34750, 32742, 97811, 88073, 51338, 30794, 91006, 86416, 39880, 1952, 1988, 834, 62791, 67483, 70617, 36464, 94648, 90108, 1096, 63154, 60062, 94902, 97514, 37054, 72006, 93872, 51641, 95146, 29421, 13699, 69458, 65880, 5195, 64127, 49560, 11459, 71639, 53906, 78595, 61247, 38, 96621, 9490, 10431, 14318, 66154, 77198, 68556, 55459, 96467, 72843, 20962, 56323, 81690, 9497, 25412, 82928, 49217, 52686, 94969, 92492, 21761, 71648, 29956, 62011, 95264, 32476, 14571, 57797, 89984, 56359, 10135, 93277, 26149, 81033, 35003, 9263, 28190, 31612, 31319, 51082, 62322, 43964, 54411, 62127, 34041, 1407, 30008, 37444, 91432, 17575, 63516, 79823, 24359, 57939, 44660, 66, 72073, 42472, 94120, 65635, 81958, 37791, 55580, 41268, 69239, 35124, 6540, 98481, 46755, 25404, 67577, 65846, 29030, 46115, 80925, 52269, 5028, 9163, 60505, 33992, 22030, 94004, 52956, 42555, 32674, 98143, 24692, 8450, 53283, 2014, 7396, 66, 78982, 83694, 22573, 2780, 14252, 55750, 49033, 93213, 40123, 40063, 85147, 53609, 43278, 5175, 49000, 61144]})"
931.0,9,131,7,107.71710681915283,10180,"Genotype(dna={""<class 'abc.NT_0010'>"": [0, 0, 0, 0, 0, 1, 85147], ""<class 'abc.NT_0010_P_00000'>"": [], ""<class 'abc.NT_0007'>"": [], ""<class 'abc.NT_0007_P_00000'>"": [], ""<class 'abc.NT_0004'>"": [], ""<class 'abc.NT_0004_P_00000'>"": [], ""<class 'int'>"": [77126, 43201, 48820, 75809, 15135, 36262, 38350, 87430, 97011, 55942, 4506, 59964, 42225, 57077, 24342, 67352, 93904, 80839, 76441, 74856, 50058, 3411, 8626, 26055, 29274, 58967, 78993, 14828, 751, 67511, 28585, 12825, 23966, 7277, 99825, 74879, 55352, 55331, 363, 45016, 14379, 61509, 2069, 28699, 80396, 62952, 61201, 59585, 6749, 85094, 61965, 7610, 26258, 28296, 93033, 83162, 30096, 44060, 62884, 81104, 35245, 6364, 80462, 83171, 68919, 29950, 26707, 81924, 38153, 34468, 59277, 34382, 15383, 94500, 26532, 22254, 60581, 68418, 80271, 57971, 66816, 27488, 49989, 88487, 67815, 33251, 9814, 70899, 70376, 6572, 16025, 47013, 16359, 28708, 80664, 32360, 60550, 42267, 55413, 55145, 58891, 44049, 17413, 2205, 74754, 63914, 19152, 98442, 7431, 89440, 82080, 50837, 75285, 21620, 27020, 21639, 55890, 54599, 20169, 33311, 32242, 53498, 46439, 80881, 76188, 26746, 1133, 75300, 28413, 28258, 74339, 11309, 19578, 86587, 78957, 8190, 11376, 81490, 34042, 77295, 38509, 25473, 21325, 74688, 33757, 73445, 1092, 88730, 11557, 96974, 36419, 85058, 83462, 49605, 19202, 97630, 772, 92230, 92668, 49000], ""<class 'abc.NT_0001'>"": [], ""<class 'abc.NT_0001_P_00000'>"": [], ""<class 'bool'>"": [94567, 26792, 43510, 17549, 32334, 79141, 31637, 40541, 53775, 17842, 69311, 43769, 97227, 1539, 80259, 78373, 75096, 56123, 57441, 16081, 65316, 16235, 17109, 80941, 79234, 78069, 69895, 52794, 33022, 9796, 7359, 78315, 34322, 23853, 844, 88015, 38332, 33443, 63109, 65469, 96270, 54808, 23847, 83837, 84120, 86023, 34733, 31389, 58788, 74731, 58899, 85894, 94868, 87736, 94803, 79241, 69192, 55877, 78874, 36565, 40804, 79151, 84620, 28560, 70055, 35083, 5624, 91838, 73200, 57692, 93844, 49188, 88083, 79346, 19552, 58622, 55206, 19601, 11266, 14712, 78821, 52959, 87276, 44542, 87131, 38741, 63663, 5480, 36721, 81387, 89872, 25618, 37326, 81250, 5804, 74057, 77241, 77936, 77620, 62546, 87885, 4720, 53507, 58847, 91566, 75573, 68476, 8533, 78169, 53227, 17504, 76054, 95332, 18131, 3746, 8357, 59409, 43362, 50357, 66110, 59621, 56020, 67103, 34074, 67268, 53023, 33617, 66382, 84834, 43871, 11081, 26348, 47197, 85835, 50198, 46301, 33767, 61666, 71524, 61482, 55090, 38849, 95324, 45414, 58081, 48962, 31423, 14456, 31766, 22437, 12039, 94697, 87951, 37997, 75770, 75627, 94621, 54774, 6977, 28274, 14326, 73207, 77563, 61868, 35583, 91136, 64724, 85540, 67704, 71541, 18881, 33866, 79351, 46010, 20293, 87453, 12273, 37918, 23105, 5631, 38294, 55444, 26861, 796, 78014, 58417, 6625, 97742, 85703, 35222, 94130, 9869, 72191, 90426, 47638, 17917, 93700, 83016, 79750, 29518, 8683, 25170, 38117, 1270, 87580, 76026, 6813, 5175], ""<class 'abc.NT_0000'>"": [6, 4, 2, 0, 0, 0, 0, 0, 5, 3, 0, 0, 0, 2, 4, 6, 3, 3, 6, 5, 1, 1, 2, 5, 1, 5, 0, 1, 1, 1, 0, 6, 3, 4, 4, 2, 0, 5, 2, 0, 6, 4, 5, 6, 0, 3, 2, 5, 3, 5, 3, 2, 2, 2, 5, 1, 0, 6, 6, 2, 3, 0, 5, 4, 3, 0, 0, 0, 0, 4, 0, 0, 0, 0, 5, 3, 2, 1, 5, 4, 0, 2, 2, 1, 3, 0, 0, 4, 1, 2, 3, 0, 0, 0, 0, 0, 0, 0, 0, 6, 1, 0, 4, 0, 5, 0, 0, 0, 0, 5, 3, 1, 4, 6, 4, 3, 6, 4, 1, 0, 3, 2, 5, 5, 6, 3, 0, 2, 5, 0, 1, 6, 1, 3, 5, 3, 6, 4, 1, 0, 0, 0, 0, 0, 2, 6, 2, 2, 6, 2, 1, 6, 6, 1, 3, 6, 4, 6, 1, 43278], ""<class 'abc.NT_0000_P_00000'>"": [], ""<class 'abc.NT_0000_P_00001'>"": [], ""<class 'abc.NT_0000_P_00002'>"": [], ""<class 'abc.NT_0000_P_00003'>"": [], ""<class 'abc.NT_0000_P_00004'>"": [], ""<class 'abc.NT_0000_P_00005'>"": [], ""<class 'abc.NT_0000_P_00006'>"": [], ""<class 'abc.NT_0001_P_00001'>"": [], ""<class 'abc.NT_0001_P_00002'>"": [], ""<class 'abc.NT_0004_P_00001'>"": [], ""<class 'abc.NT_0003'>"": [], ""<class 'abc.NT_0003_P_00000'>"": [], ""<class 'abc.NT_0002'>"": [], ""<class 'abc.NT_0002_P_00000'>"": [], ""<class 'abc.NT_0002_P_00001'>"": [], ""<class 'abc.NT_0002_P_00002'>"": [], ""<class 'abc.NT_0002_P_00003'>"": [], ""<class 'abc.NT_0002_P_00004'>"": [], ""<class 'abc.NT_0002_P_00005'>"": [], ""<class 'abc.NT_0002_P_00006'>"": [], ""<class 'abc.NT_0002_P_00007'>"": [], ""<class 'abc.NT_0003_P_00001'>"": [], ""<class 'abc.NT_0006'>"": [0, 0, 0, 0, 0, 0, 0, 0, 0, 0, 61144], ""<class 'abc.NT_0006_P_00000'>"": [], ""<class 'abc.NT_0005'>"": [], ""<class 'abc.NT_0005_P_00000'>"": [], ""<class 'abc.NT_0005_P_00001'>"": [], ""<class 'abc.NT_0005_P_00002'>"": [], ""<class 'abc.NT_0005_P_00003'>"": [], ""<class 'abc.NT_0005_P_00004'>"": [], ""<class 'abc.NT_0005_P_00005'>"": [], ""<class 'abc.NT_0005_P_00006'>"": [], ""<class 'abc.NT_0006_P_00001'>"": [], ""<class 'abc.NT_0006_P_00002'>"": [], ""<class 'abc.NT_0006_P_00003'>"": [], ""<class 'abc.NT_0006_P_00004'>"": [], ""<class 'abc.NT_0006_P_00005'>"": [], ""<class 'abc.NT_0006_P_00006'>"": [], ""<class 'abc.NT_0006_P_00007'>"": [], ""<class 'abc.NT_0007_P_00001'>"": [], ""<class 'abc.NT_0007_P_00002'>"": [], ""<class 'abc.NT_0007_P_00003'>"": [], ""<class 'abc.NT_0007_P_00004'>"": [], ""<class 'abc.NT_0007_P_00005'>"": [], ""<class 'abc.NT_0010_P_00001'>"": [], ""<class 'abc.NT_0008'>"": [1, 1, 0, 1, 0, 1, 1, 0, 0, 0, 53609], ""<class 'abc.NT_0008_P_00000'>"": [], ""<class 'abc.NT_0008_P_00001'>"": [], ""<class 'abc.NT_0008_P_00002'>"": [], ""<class 'abc.NT_0008_P_00003'>"": [], ""<class 'abc.NT_0008_P_00004'>"": [], ""<class 'abc.NT_0010_P_00002'>"": [], ""<class 'abc.NT_0010_P_00003'>"": [], ""<class 'abc.NT_0010_P_00004'>"": [], ""<class 'abc.NT_0009'>"": [], ""<class 'abc.NT_0009_P_00000'>"": [], ""<class 'abc.NT_0009_P_00001'>"": [], ""<class 'abc.NT_0009_P_00002'>"": [], ""<class 'abc.NT_0009_P_00003'>"": [], ""<class 'abc.NT_0009_P_00004'>"": [], ""<class 'abc.NT_0010_P_00005'>"": [], ""<class 'abc.NT_0010_P_00006'>"": [], '$leftovers': [18853, 22685, 65944, 30991, 71325, 99256, 76301, 95693, 34122, 53952, 55672, 74831, 33963, 25015, 25697, 7592, 13690, 41603, 28828, 1846, 59419, 50863, 95750, 68544, 33751, 67086, 76352, 50275, 33813, 72521, 72186, 98367, 89110, 82056, 74758, 66368, 72604, 26616, 95885, 5264, 24236, 31002, 72786, 81453, 1549, 58861, 79208, 25327, 61699, 15666, 70132, 5604, 37976, 96197, 2135, 75049, 31492, 45828, 69192, 23886, 73401, 14363, 57489, 62600, 98230, 9181, 95579, 43563, 90001, 10166, 37716, 81042, 70856, 13122, 24742, 63023, 17296, 11162, 35926, 83920, 36824, 91962, 58024, 27633, 13217, 56880, 30598, 66637, 54630, 58415, 54841, 82919, 35232, 49917, 17273, 79974, 17408, 31831, 87760, 29062, 14159, 29820, 5544, 41099, 45482, 2367, 64759, 21373, 78063, 60377, 57592, 80389, 75806, 7140, 12762, 52584, 44029, 83065, 36358, 92073, 35502, 89851, 86918, 68167, 22970, 33999, 40707, 73232, 67107, 4690, 27422, 72591, 34525, 90618, 2963, 85885, 80470, 94309, 72287, 86237, 30800, 21730, 52145, 25063, 99142, 45233, 92389, 19816, 53209, 72995, 23801, 95121, 45638, 11339, 15054, 40314, 16381, 79668, 56708, 97137, 22673, 80400, 80443, 24458, 37011, 58667, 75764, 53847, 74996, 93872, 46267, 41769, 85089, 9643, 86889, 97627, 33079, 933, 43196, 52217, 79122, 46989, 50182, 64937, 60213, 16879, 63767, 55027, 27313, 18196, 50575, 90581, 8996, 89436, 11012, 91016, 57772, 10236, 47256, 19254, 76575, 44892, 57875, 3503, 27780, 56113, 13767, 20496, 36810, 88578, 50995, 20368, 96919, 63509, 78725, 22186, 21940, 83357, 70821, 62407, 5751, 99417, 54484, 84347, 49869, 59120, 77472, 71055, 75216, 32877, 52229, 43027, 52944, 84829, 51449, 27475, 27630, 13347, 93840, 82893, 31266, 77927, 44060, 63854, 26220, 14191, 5875, 72995, 94210, 4812, 36293, 60877, 38524, 53538, 55421, 57401, 6707, 31836, 5558, 72593, 56812, 95547, 72912, 18618, 75443, 78171, 11735, 35054, 94765, 87027, 57565, 4412, 48777, 17618, 18044, 80027, 77395, 39289, 29056, 72558, 46347, 83019, 73372, 48356, 18386, 80834, 35099, 61279, 69867, 10554, 17785, 24597, 21526, 52000, 84035, 68241, 86236, 90584, 56916, 4321, 21106, 3209, 53370, 14502, 4043, 3741, 48190, 62568, 85240, 30739, 34688, 33162, 38929, 40707, 9334, 70094, 294, 70936, 86179, 55931, 16143, 22646, 9862, 78881, 12560, 83625, 7134, 61874, 91203, 46269, 47110, 83843, 5289, 74137, 88273, 14580, 47344, 60753, 19167, 40339, 79020, 71132, 72253, 89884, 55934, 54064, 74742, 75597, 86320, 15369, 63397, 46665, 17800, 14718, 59462, 83731, 50541, 53632, 34874, 68412, 2214, 3157, 78677, 23641, 67143, 58266, 39232, 74667, 18780, 43657, 73836, 21147, 90021, 98970, 11732, 28569, 99269, 41709, 68360, 42589, 70863, 97958, 97500, 40709, 92966, 21694, 40040, 15592, 22426, 52529, 8629, 24081, 50548, 58167, 84087, 80087, 55979, 12478, 75863, 55100, 52426, 86114, 99605, 40435, 5992, 58835, 61375, 29923, 65710, 80868, 92180, 69393, 41505, 62791, 18731, 18953, 11106, 22971, 47087, 67395, 8258, 12800, 44872, 82838, 62992, 14599, 48272, 40211, 34341, 21057, 28702, 52824, 50572, 82640, 12559, 6067, 48063, 59935, 26657, 3055, 87176, 89751, 87167, 14129, 36152, 74245, 44747, 51354, 75606, 24046, 98077, 96803, 82440, 70055, 51399, 43781, 35119, 45388, 14656, 55187, 5401, 8942, 17594, 59726, 44804, 51824, 97127, 93212, 46736, 55514, 73728, 42663, 19730, 19118, 31504, 24324, 14360, 71402, 35819, 66623, 33391, 84006, 2911, 97136, 67491, 11377, 49060, 65542, 72990, 114, 23028, 6641, 27228, 3801, 4956, 62586, 14141, 70080, 75547, 78994, 65918, 560, 46101, 31529, 66655, 31719, 5956, 96644, 67012, 78144, 3048, 45105, 7215, 83884, 11279, 16049, 66710, 25797, 40844, 87206, 63324, 41774, 57371, 78550, 22173, 30307, 13444, 29382, 32923, 31372, 98768, 620, 84539, 52981, 46001, 96637, 98145, 70426, 17494, 64405, 42589, 15179, 68644, 27071, 13450, 95253, 45532, 96961, 62333, 11781, 32318, 82849, 54636, 12447, 1814, 30737, 3786, 72534, 1553, 67307, 88836, 53336, 60684, 5299, 69670, 93727, 24264, 65067, 51522, 39043, 6477, 55629, 2045, 64874, 64874, 93396, 99449, 22991, 2252, 65473, 51372, 84312, 95735, 39003, 62906, 71229, 74579, 17862, 12605, 66123, 12351, 5404, 1510, 13832, 51398, 43597, 86043, 45546, 50420, 68348, 45911, 17136, 91393, 29118, 76555, 7357, 11300, 51742, 333, 26830, 75555, 2331, 96635, 13605, 21847, 8187, 79899, 51411, 91776, 29149, 96412, 70544, 75327, 30017, 64797, 45663, 36499, 35707, 5655, 58962, 70918, 30728, 28698, 2763, 45752, 53106, 82946, 39676, 58721, 64695, 96504, 11019, 19011, 33978, 82026, 62216, 86549, 70888, 51675, 18118, 44149, 304, 65154, 36993, 6719, 70749, 97700, 69122, 18232, 60931, 25664, 33495, 71133, 59877, 99870, 53079, 77835, 65833, 47081, 384, 86289, 42953, 38560, 17803, 33158, 87143, 3202, 80836, 24559, 25480, 24884, 20970, 78849, 96190, 23338, 56243, 28044, 1806, 43098, 94629, 1557, 75946, 69931, 66152, 83354, 38712, 69524, 66843, 29150, 61796, 59849, 85600, 73561, 8370, 32232, 13997, 66493, 75770, 25037, 41313, 81709, 42770, 35823, 5767, 84597, 6127, 36332, 59300, 14612, 84423, 75500, 4652, 15299, 11866, 73468, 89289, 30402, 81756, 68438, 35166, 55904, 13846, 18702, 799, 42978, 42363, 81775, 82039, 83706, 66787, 77082, 77233, 90355, 92042, 96322, 19227, 61963, 89603, 77545, 6052, 3841, 18717, 8234, 40730, 2563, 59226, 40967, 20584, 89858, 2564, 5878, 37612, 97484, 83865, 55142, 71000, 19072, 8974, 77980, 38107, 22222, 6344, 29047, 58559, 78236, 92489, 35351, 52880, 4784, 75272, 7172, 14821, 69925, 48597, 36800, 79837, 61052, 92728, 80840, 76556, 35926, 45963, 39089, 13982, 99317, 41515, 54213, 5759, 15167, 75711, 94811, 10683, 62537, 60034, 52454, 34102, 45807, 41806, 62006, 5254, 39376, 56753, 187, 90094, 45504, 96638, 10503, 14605, 12369, 14432, 31110, 66366, 82294, 58782, 82122, 93759, 61568, 45358, 83396, 56007, 22346, 66542, 25137, 68312, 52464, 36527, 57473, 69800, 52446, 72031, 53744, 47922, 16738, 49867, 32313, 76536, 62962, 51773, 12155, 8875, 76172, 34750, 32742, 97811, 88073, 51338, 30794, 91006, 86416, 39880, 1952, 1988, 834, 62791, 67483, 70617, 36464, 94648, 90108, 1096, 63154, 60062, 94902, 97514, 37054, 72006, 93872, 51641, 95146, 29421, 13699, 69458, 65880, 5195, 64127, 49560, 11459, 71639, 53906, 78595, 61247, 38, 96621, 9490, 10431, 14318, 66154, 77198, 68556, 55459, 96467, 72843, 20962, 56323, 81690, 9497, 25412, 82928, 49217, 52686, 94969, 92492, 21761, 71648, 29956, 62011, 95264, 32476, 14571, 57797, 89984, 56359, 10135, 93277, 26149, 81033, 35003, 9263, 28190, 31612, 31319, 51082, 62322, 43964, 54411, 62127, 34041, 1407, 30008, 37444, 91432, 17575, 63516, 79823, 24359, 57939, 44660, 66, 72073, 42472, 94120, 65635, 81958, 37791, 55580, 41268, 69239, 35124, 6540, 98481, 46755, 25404, 67577, 65846, 29030, 46115, 80925, 52269, 5028, 9163, 60505, 33992, 22030, 94004, 52956, 42555, 32674, 98143, 24692, 8450, 53283, 2014, 7396, 66, 78982, 83694, 22573, 2780, 14252, 55750, 49033, 93213, 40123, 40063, 85147, 53609, 43278, 5175, 49000, 61144]})"
799.0,9,128,8,108.86793231964111,10180,"Genotype(dna={""<class 'abc.NT_0010'>"": [0, 0, 0, 0, 0, 1, 85147], ""<class 'abc.NT_0010_P_00000'>"": [], ""<class 'abc.NT_0007'>"": [], ""<class 'abc.NT_0007_P_00000'>"": [], ""<class 'abc.NT_0004'>"": [], ""<class 'abc.NT_0004_P_00000'>"": [], ""<class 'int'>"": [77126, 43201, 14674, 75809, 4326, 67271, 38350, 87430, 97011, 55942, 4506, 59964, 42225, 57077, 24342, 14478, 93904, 80839, 76441, 74856, 50058, 3411, 8626, 26055, 29274, 58967, 78993, 14828, 751, 67511, 28585, 12825, 23966, 7277, 99825, 74879, 55352, 55331, 363, 45016, 14379, 61509, 2069, 28699, 80396, 62952, 61201, 59585, 6749, 85094, 61965, 7610, 26258, 28296, 93033, 83162, 30096, 44060, 62884, 81104, 35245, 6364, 80462, 83171, 68919, 29950, 26707, 81924, 38153, 22585, 59277, 34382, 15383, 94500, 26532, 22254, 60581, 3345, 80271, 57971, 66816, 27488, 49989, 88487, 67815, 33251, 9814, 70899, 70376, 6572, 16025, 47013, 16359, 28708, 8258, 32360, 60550, 42267, 55413, 66178, 58891, 3524, 17413, 2205, 74754, 63914, 19152, 98442, 7431, 89440, 82080, 50837, 75285, 21620, 27020, 21639, 55890, 54599, 20169, 33311, 32242, 53498, 46439, 80881, 76188, 26746, 1133, 75300, 28413, 28258, 74339, 48912, 89430, 54118, 78957, 8190, 11376, 81490, 34042, 77295, 38509, 25473, 21325, 74688, 33757, 73445, 1092, 88730, 91008, 96974, 36419, 85058, 83462, 49605, 19202, 97630, 772, 92230, 92668, 49000], ""<class 'abc.NT_0001'>"": [], ""<class 'abc.NT_0001_P_00000'>"": [], ""<class 'bool'>"": [97837, 26792, 43510, 17549, 32334, 79141, 31637, 40541, 53775, 17842, 69311, 43769, 97227, 1539, 80259, 78373, 75096, 56123, 57441, 16081, 65316, 16235, 17109, 80941, 76389, 78069, 69895, 52794, 33022, 9796, 7359, 78315, 34322, 36292, 844, 88015, 38332, 33443, 63109, 17649, 96270, 54808, 23847, 83837, 35232, 86023, 34733, 31389, 58788, 74731, 58899, 37944, 94868, 87736, 94803, 79241, 69192, 55877, 78874, 36565, 40804, 7607, 84620, 28560, 70055, 35083, 5624, 91838, 51453, 57692, 93844, 20824, 88083, 79346, 19552, 58622, 55206, 19601, 11266, 14712, 78821, 89358, 87276, 44542, 39043, 38741, 63663, 5480, 36721, 81387, 89872, 25618, 37326, 81250, 5804, 74057, 77241, 77936, 68435, 62546, 87885, 4720, 53507, 58847, 91566, 75573, 68476, 74008, 78169, 53227, 17504, 76054, 95332, 18131, 3746, 8357, 59409, 1054, 50357, 66110, 59621, 56020, 67103, 34074, 67268, 53023, 41771, 66382, 84834, 43871, 11081, 26348, 47197, 85835, 50198, 46301, 33767, 61666, 71524, 61482, 55090, 38849, 95324, 45414, 58081, 48962, 50417, 14456, 31766, 22437, 12039, 94697, 87951, 37997, 60890, 80264, 94621, 54774, 6977, 28274, 14326, 73207, 77563, 61868, 35583, 91136, 64724, 85540, 67704, 71541, 18881, 33866, 79351, 53072, 20293, 40545, 12273, 37918, 23105, 5631, 38294, 55444, 26861, 796, 78014, 58417, 6625, 97742, 85703, 35222, 94130, 9869, 81419, 78377, 47638, 17917, 93700, 83016, 79750, 29518, 8683, 25170, 38117, 1270, 87580, 76026, 6813, 5175], ""<class 'abc.NT_0000'>"": [6, 81341, 2, 0, 0, 0, 0, 0, 5, 3, 0, 0, 0, 64878, 4, 6, 3, 3, 6, 5, 1, 1, 2, 5, 1, 5, 0, 1, 1, 1, 0, 6, 3, 4, 4, 2, 0, 5, 2, 0, 6, 4, 5, 6, 0, 3, 2, 5, 3, 5, 3, 2, 2, 2, 5, 1, 0, 6, 90454, 2, 3, 0, 5, 4, 3, 0, 0, 0, 0, 73098, 0, 0, 0, 0, 5, 3, 2, 1, 5, 4, 0, 2, 2, 1, 75691, 72824, 98505, 4, 1, 2, 3, 0, 0, 0, 0, 0, 0, 0, 0, 6, 1, 0, 4, 0, 5, 0, 0, 0, 0, 5, 3, 37973, 4, 6, 4, 3, 6, 4, 1, 16791, 3, 2, 5, 5, 6, 3, 0, 23028, 5, 25454, 1, 6, 1, 3, 5, 3, 6, 4, 1, 0, 0, 0, 0, 0, 2, 6, 2, 2, 6, 2, 1, 71077, 6, 1, 3, 6, 4, 6, 1, 43278, 18853, 22685, 65944], ""<class 'abc.NT_0000_P_00000'>"": [], ""<class 'abc.NT_0000_P_00001'>"": [], ""<class 'abc.NT_0000_P_00002'>"": [], ""<class 'abc.NT_0000_P_00003'>"": [], ""<class 'abc.NT_0000_P_00004'>"": [], ""<class 'abc.NT_0000_P_00005'>"": [], ""<class 'abc.NT_0000_P_00006'>"": [], ""<class 'abc.NT_0001_P_00001'>"": [], ""<class 'abc.NT_0001_P_00002'>"": [], ""<class 'abc.NT_0004_P_00001'>"": [], ""<class 'abc.NT_0003'>"": [], ""<class 'abc.NT_0003_P_00000'>"": [], ""<class 'abc.NT_0002'>"": [], ""<class 'abc.NT_0002_P_00000'>"": [], ""<class 'abc.NT_0002_P_00001'>"": [], ""<class 'abc.NT_0002_P_00002'>"": [], ""<class 'abc.NT_0002_P_00003'>"": [], ""<class 'abc.NT_0002_P_00004'>"": [], ""<class 'abc.NT_0002_P_00005'>"": [], ""<class 'abc.NT_0002_P_00006'>"": [], ""<class 'abc.NT_0002_P_00007'>"": [], ""<class 'abc.NT_0003_P_00001'>"": [], ""<class 'abc.NT_0006'>"": [0, 0, 0, 0, 0, 0, 0, 0, 0, 0, 61144], ""<class 'abc.NT_0006_P_00000'>"": [], ""<class 'abc.NT_0005'>"": [], ""<class 'abc.NT_0005_P_00000'>"": [], ""<class 'abc.NT_0005_P_00001'>"": [], ""<class 'abc.NT_0005_P_00002'>"": [], ""<class 'abc.NT_0005_P_00003'>"": [], ""<class 'abc.NT_0005_P_00004'>"": [], ""<class 'abc.NT_0005_P_00005'>"": [], ""<class 'abc.NT_0005_P_00006'>"": [], ""<class 'abc.NT_0006_P_00001'>"": [], ""<class 'abc.NT_0006_P_00002'>"": [], ""<class 'abc.NT_0006_P_00003'>"": [], ""<class 'abc.NT_0006_P_00004'>"": [], ""<class 'abc.NT_0006_P_00005'>"": [], ""<class 'abc.NT_0006_P_00006'>"": [], ""<class 'abc.NT_0006_P_00007'>"": [], ""<class 'abc.NT_0007_P_00001'>"": [], ""<class 'abc.NT_0007_P_00002'>"": [], ""<class 'abc.NT_0007_P_00003'>"": [], ""<class 'abc.NT_0007_P_00004'>"": [], ""<class 'abc.NT_0007_P_00005'>"": [], ""<class 'abc.NT_0010_P_00001'>"": [], ""<class 'abc.NT_0008'>"": [1, 1, 0, 1, 0, 1, 1, 0, 0, 0, 53609], ""<class 'abc.NT_0008_P_00000'>"": [], ""<class 'abc.NT_0008_P_00001'>"": [], ""<class 'abc.NT_0008_P_00002'>"": [], ""<class 'abc.NT_0008_P_00003'>"": [], ""<class 'abc.NT_0008_P_00004'>"": [], ""<class 'abc.NT_0010_P_00002'>"": [], ""<class 'abc.NT_0010_P_00003'>"": [], ""<class 'abc.NT_0010_P_00004'>"": [], ""<class 'abc.NT_0009'>"": [], ""<class 'abc.NT_0009_P_00000'>"": [], ""<class 'abc.NT_0009_P_00001'>"": [], ""<class 'abc.NT_0009_P_00002'>"": [], ""<class 'abc.NT_0009_P_00003'>"": [], ""<class 'abc.NT_0009_P_00004'>"": [], ""<class 'abc.NT_0010_P_00005'>"": [], ""<class 'abc.NT_0010_P_00006'>"": [], '$leftovers': [30991, 71325, 99256, 76301, 95693, 34122, 53952, 55672, 74831, 33963, 25015, 25697, 7592, 13690, 41603, 28828, 1846, 59419, 50863, 95750, 68544, 33751, 67086, 76352, 50275, 33813, 72521, 72186, 98367, 89110, 82056, 74758, 66368, 72604, 26616, 95885, 5264, 24236, 31002, 72786, 81453, 1549, 58861, 79208, 25327, 61699, 15666, 70132, 5604, 37976, 96197, 2135, 75049, 31492, 45828, 69192, 23886, 73401, 14363, 57489, 62600, 98230, 9181, 95579, 43563, 90001, 10166, 37716, 81042, 70856, 13122, 24742, 63023, 17296, 11162, 35926, 83920, 36824, 91962, 58024, 27633, 13217, 56880, 30598, 66637, 54630, 58415, 54841, 82919, 35232, 49917, 17273, 79974, 17408, 31831, 87760, 29062, 14159, 29820, 5544, 41099, 45482, 2367, 64759, 21373, 78063, 60377, 57592, 80389, 75806, 7140, 12762, 52584, 44029, 83065, 36358, 92073, 35502, 89851, 86918, 68167, 22970, 33999, 40707, 73232, 67107, 4690, 27422, 72591, 34525, 90618, 2963, 85885, 80470, 94309, 72287, 86237, 30800, 21730, 52145, 25063, 99142, 45233, 92389, 19816, 53209, 72995, 23801, 95121, 45638, 11339, 15054, 40314, 16381, 79668, 56708, 97137, 22673, 80400, 80443, 24458, 37011, 58667, 75764, 53847, 74996, 93872, 46267, 41769, 85089, 9643, 86889, 97627, 33079, 933, 43196, 52217, 79122, 46989, 50182, 64937, 60213, 16879, 63767, 55027, 27313, 18196, 50575, 90581, 8996, 89436, 11012, 91016, 57772, 10236, 47256, 19254, 76575, 44892, 57875, 3503, 27780, 56113, 13767, 20496, 36810, 88578, 50995, 20368, 96919, 63509, 78725, 22186, 21940, 83357, 70821, 62407, 5751, 99417, 54484, 84347, 49869, 59120, 77472, 71055, 75216, 32877, 52229, 43027, 52944, 84829, 51449, 27475, 27630, 13347, 93840, 82893, 31266, 77927, 44060, 63854, 26220, 14191, 5875, 72995, 94210, 4812, 36293, 60877, 38524, 53538, 55421, 57401, 6707, 31836, 5558, 72593, 56812, 95547, 72912, 18618, 75443, 78171, 11735, 35054, 94765, 87027, 57565, 4412, 48777, 17618, 18044, 80027, 77395, 39289, 29056, 72558, 46347, 83019, 73372, 48356, 18386, 80834, 35099, 61279, 69867, 10554, 17785, 24597, 21526, 52000, 84035, 68241, 86236, 90584, 56916, 4321, 21106, 3209, 53370, 14502, 4043, 3741, 48190, 62568, 85240, 30739, 34688, 33162, 38929, 40707, 9334, 70094, 294, 70936, 86179, 55931, 16143, 22646, 9862, 78881, 12560, 83625, 7134, 61874, 91203, 46269, 47110, 83843, 5289, 74137, 88273, 14580, 47344, 60753, 19167, 40339, 79020, 71132, 72253, 89884, 55934, 54064, 74742, 75597, 86320, 15369, 63397, 46665, 17800, 14718, 59462, 83731, 50541, 53632, 34874, 68412, 2214, 3157, 78677, 23641, 67143, 58266, 39232, 74667, 18780, 43657, 73836, 21147, 90021, 98970, 11732, 28569, 99269, 41709, 68360, 42589, 70863, 97958, 97500, 40709, 92966, 21694, 40040, 15592, 22426, 52529, 8629, 24081, 50548, 58167, 84087, 80087, 55979, 12478, 75863, 55100, 52426, 86114, 99605, 40435, 5992, 58835, 61375, 29923, 65710, 80868, 92180, 69393, 41505, 62791, 18731, 18953, 11106, 22971, 47087, 67395, 8258, 12800, 44872, 82838, 62992, 14599, 48272, 40211, 34341, 21057, 28702, 52824, 50572, 82640, 12559, 6067, 48063, 59935, 26657, 3055, 87176, 89751, 87167, 14129, 36152, 74245, 44747, 51354, 75606, 24046, 98077, 96803, 82440, 70055, 51399, 43781, 35119, 45388, 14656, 55187, 5401, 8942, 17594, 59726, 44804, 51824, 97127, 93212, 46736, 55514, 73728, 42663, 19730, 19118, 31504, 24324, 14360, 71402, 35819, 66623, 33391, 84006, 2911, 97136, 67491, 11377, 49060, 65542, 72990, 114, 23028, 6641, 27228, 3801, 4956, 62586, 14141, 70080, 75547, 78994, 65918, 560, 46101, 31529, 66655, 31719, 5956, 96644, 67012, 78144, 3048, 45105, 7215, 83884, 11279, 16049, 66710, 25797, 40844, 87206, 63324, 41774, 57371, 78550, 22173, 30307, 13444, 29382, 32923, 31372, 98768, 620, 84539, 52981, 46001, 96637, 98145, 70426, 17494, 64405, 42589, 15179, 68644, 27071, 13450, 95253, 45532, 96961, 62333, 11781, 32318, 82849, 54636, 12447, 1814, 30737, 3786, 72534, 1553, 67307, 88836, 53336, 60684, 5299, 69670, 93727, 24264, 65067, 51522, 39043, 6477, 55629, 2045, 64874, 64874, 93396, 99449, 22991, 2252, 65473, 51372, 84312, 95735, 39003, 62906, 71229, 74579, 17862, 12605, 66123, 12351, 5404, 1510, 13832, 51398, 43597, 86043, 45546, 50420, 68348, 45911, 17136, 91393, 29118, 76555, 7357, 11300, 51742, 333, 26830, 75555, 2331, 96635, 13605, 21847, 8187, 79899, 51411, 91776, 29149, 96412, 70544, 75327, 30017, 64797, 45663, 36499, 35707, 5655, 58962, 70918, 30728, 28698, 2763, 45752, 53106, 82946, 39676, 58721, 64695, 96504, 11019, 19011, 33978, 82026, 62216, 86549, 70888, 51675, 18118, 44149, 304, 65154, 36993, 6719, 70749, 97700, 69122, 18232, 60931, 25664, 33495, 71133, 59877, 99870, 53079, 77835, 65833, 47081, 384, 86289, 42953, 38560, 17803, 33158, 87143, 3202, 80836, 24559, 25480, 24884, 20970, 78849, 96190, 23338, 56243, 28044, 1806, 43098, 94629, 1557, 75946, 69931, 66152, 83354, 38712, 69524, 66843, 29150, 61796, 59849, 85600, 73561, 8370, 32232, 13997, 66493, 75770, 25037, 41313, 81709, 42770, 35823, 5767, 84597, 6127, 36332, 59300, 14612, 84423, 75500, 4652, 15299, 11866, 73468, 89289, 30402, 81756, 68438, 35166, 55904, 13846, 18702, 799, 42978, 42363, 81775, 82039, 83706, 66787, 77082, 77233, 90355, 92042, 96322, 19227, 61963, 89603, 77545, 6052, 3841, 18717, 8234, 40730, 2563, 59226, 40967, 20584, 89858, 2564, 5878, 37612, 97484, 83865, 55142, 71000, 19072, 8974, 77980, 38107, 22222, 6344, 29047, 58559, 78236, 92489, 35351, 52880, 4784, 75272, 7172, 14821, 69925, 48597, 36800, 79837, 61052, 92728, 80840, 76556, 35926, 45963, 39089, 13982, 99317, 41515, 54213, 5759, 15167, 75711, 94811, 10683, 62537, 60034, 52454, 34102, 45807, 41806, 62006, 5254, 39376, 56753, 187, 90094, 45504, 96638, 10503, 14605, 12369, 14432, 31110, 66366, 82294, 58782, 82122, 93759, 61568, 45358, 83396, 56007, 22346, 66542, 25137, 68312, 52464, 36527, 57473, 69800, 52446, 72031, 53744, 47922, 16738, 49867, 32313, 76536, 62962, 51773, 12155, 8875, 76172, 34750, 32742, 97811, 88073, 51338, 30794, 91006, 86416, 39880, 1952, 1988, 834, 62791, 67483, 70617, 36464, 94648, 90108, 1096, 63154, 60062, 94902, 97514, 37054, 72006, 93872, 51641, 95146, 29421, 13699, 69458, 65880, 5195, 64127, 49560, 11459, 71639, 53906, 78595, 61247, 38, 96621, 9490, 10431, 14318, 66154, 77198, 68556, 55459, 96467, 72843, 20962, 56323, 81690, 9497, 25412, 82928, 49217, 52686, 94969, 92492, 21761, 71648, 29956, 62011, 95264, 32476, 14571, 57797, 89984, 56359, 10135, 93277, 26149, 81033, 35003, 9263, 28190, 31612, 31319, 51082, 62322, 43964, 54411, 62127, 34041, 1407, 30008, 37444, 91432, 17575, 63516, 79823, 24359, 57939, 44660, 66, 72073, 42472, 94120, 65635, 81958, 37791, 55580, 41268, 69239, 35124, 6540, 98481, 46755, 25404, 67577, 65846, 29030, 46115, 80925, 52269, 5028, 9163, 60505, 33992, 22030, 94004, 52956, 42555, 32674, 98143, 24692, 8450, 53283, 2014, 7396, 66, 78982, 83694, 22573, 2780, 14252, 55750, 49033, 93213, 40123, 40063, 85147, 53609, 43278, 5175, 49000, 61144, 18853, 22685, 65944]})"
799.0,9,128,9,110.46593165397644,10180,"Genotype(dna={""<class 'abc.NT_0010'>"": [0, 0, 0, 0, 0, 1, 85147], ""<class 'abc.NT_0010_P_00000'>"": [], ""<class 'abc.NT_0007'>"": [], ""<class 'abc.NT_0007_P_00000'>"": [], ""<class 'abc.NT_0004'>"": [], ""<class 'abc.NT_0004_P_00000'>"": [], ""<class 'int'>"": [77126, 43201, 14674, 75809, 4326, 67271, 38350, 87430, 97011, 55942, 4506, 59964, 42225, 57077, 24342, 14478, 93904, 80839, 76441, 74856, 50058, 3411, 8626, 26055, 29274, 58967, 78993, 14828, 751, 67511, 28585, 12825, 23966, 7277, 99825, 74879, 55352, 55331, 363, 45016, 14379, 61509, 2069, 28699, 80396, 62952, 61201, 59585, 6749, 85094, 61965, 7610, 26258, 28296, 93033, 83162, 30096, 44060, 62884, 81104, 35245, 6364, 80462, 83171, 68919, 29950, 26707, 81924, 38153, 22585, 59277, 34382, 15383, 94500, 26532, 22254, 60581, 3345, 80271, 57971, 66816, 27488, 49989, 88487, 67815, 33251, 9814, 70899, 70376, 6572, 16025, 47013, 16359, 28708, 8258, 32360, 60550, 42267, 55413, 66178, 58891, 3524, 17413, 2205, 74754, 63914, 19152, 98442, 7431, 89440, 82080, 50837, 75285, 21620, 27020, 21639, 55890, 54599, 20169, 33311, 32242, 53498, 46439, 80881, 76188, 26746, 1133, 75300, 28413, 28258, 74339, 48912, 89430, 54118, 78957, 8190, 11376, 81490, 34042, 77295, 38509, 25473, 21325, 74688, 33757, 73445, 1092, 88730, 91008, 96974, 36419, 85058, 83462, 49605, 19202, 97630, 772, 92230, 92668, 49000], ""<class 'abc.NT_0001'>"": [], ""<class 'abc.NT_0001_P_00000'>"": [], ""<class 'bool'>"": [97837, 26792, 43510, 17549, 32334, 79141, 31637, 40541, 53775, 17842, 69311, 43769, 97227, 1539, 80259, 78373, 75096, 56123, 57441, 16081, 65316, 16235, 17109, 80941, 76389, 78069, 69895, 52794, 33022, 9796, 7359, 78315, 34322, 36292, 844, 88015, 38332, 33443, 63109, 17649, 96270, 54808, 23847, 83837, 35232, 86023, 34733, 31389, 58788, 74731, 58899, 37944, 94868, 87736, 94803, 79241, 69192, 55877, 78874, 36565, 40804, 7607, 84620, 28560, 70055, 35083, 5624, 91838, 51453, 57692, 93844, 20824, 88083, 79346, 19552, 58622, 55206, 19601, 11266, 14712, 78821, 89358, 87276, 44542, 39043, 38741, 63663, 5480, 36721, 81387, 89872, 25618, 37326, 81250, 5804, 74057, 77241, 77936, 68435, 62546, 87885, 4720, 53507, 58847, 91566, 75573, 68476, 74008, 78169, 53227, 17504, 76054, 95332, 18131, 3746, 8357, 59409, 1054, 50357, 66110, 59621, 56020, 67103, 34074, 67268, 53023, 41771, 66382, 84834, 43871, 11081, 26348, 47197, 85835, 50198, 46301, 33767, 61666, 71524, 61482, 55090, 38849, 95324, 45414, 58081, 48962, 50417, 14456, 31766, 22437, 12039, 94697, 87951, 37997, 60890, 80264, 94621, 54774, 6977, 28274, 14326, 73207, 77563, 61868, 35583, 91136, 64724, 85540, 67704, 71541, 18881, 33866, 79351, 53072, 20293, 40545, 12273, 37918, 23105, 5631, 38294, 55444, 26861, 796, 78014, 58417, 6625, 97742, 85703, 35222, 94130, 9869, 81419, 78377, 47638, 17917, 93700, 83016, 79750, 29518, 8683, 25170, 38117, 1270, 87580, 76026, 6813, 5175], ""<class 'abc.NT_0000'>"": [6, 81341, 2, 0, 0, 0, 0, 0, 5, 3, 0, 0, 0, 64878, 4, 6, 3, 3, 6, 5, 1, 1, 2, 5, 1, 5, 0, 1, 1, 1, 0, 6, 3, 4, 4, 2, 0, 5, 2, 0, 6, 4, 5, 6, 0, 3, 2, 5, 3, 5, 3, 2, 2, 2, 5, 1, 0, 6, 90454, 2, 3, 0, 5, 4, 3, 0, 0, 0, 0, 73098, 0, 0, 0, 0, 5, 3, 2, 1, 5, 4, 0, 2, 2, 1, 75691, 72824, 98505, 4, 1, 2, 3, 0, 0, 0, 0, 0, 0, 0, 0, 6, 1, 0, 4, 0, 5, 0, 0, 0, 0, 5, 3, 37973, 4, 6, 4, 3, 6, 4, 1, 16791, 3, 2, 5, 5, 6, 3, 0, 23028, 5, 25454, 1, 6, 1, 3, 5, 3, 6, 4, 1, 0, 0, 0, 0, 0, 2, 6, 2, 2, 6, 2, 1, 71077, 6, 1, 3, 6, 4, 6, 1, 43278, 18853, 22685, 65944], ""<class 'abc.NT_0000_P_00000'>"": [], ""<class 'abc.NT_0000_P_00001'>"": [], ""<class 'abc.NT_0000_P_00002'>"": [], ""<class 'abc.NT_0000_P_00003'>"": [], ""<class 'abc.NT_0000_P_00004'>"": [], ""<class 'abc.NT_0000_P_00005'>"": [], ""<class 'abc.NT_0000_P_00006'>"": [], ""<class 'abc.NT_0001_P_00001'>"": [], ""<class 'abc.NT_0001_P_00002'>"": [], ""<class 'abc.NT_0004_P_00001'>"": [], ""<class 'abc.NT_0003'>"": [], ""<class 'abc.NT_0003_P_00000'>"": [], ""<class 'abc.NT_0002'>"": [], ""<class 'abc.NT_0002_P_00000'>"": [], ""<class 'abc.NT_0002_P_00001'>"": [], ""<class 'abc.NT_0002_P_00002'>"": [], ""<class 'abc.NT_0002_P_00003'>"": [], ""<class 'abc.NT_0002_P_00004'>"": [], ""<class 'abc.NT_0002_P_00005'>"": [], ""<class 'abc.NT_0002_P_00006'>"": [], ""<class 'abc.NT_0002_P_00007'>"": [], ""<class 'abc.NT_0003_P_00001'>"": [], ""<class 'abc.NT_0006'>"": [0, 0, 0, 0, 0, 0, 0, 0, 0, 0, 61144], ""<class 'abc.NT_0006_P_00000'>"": [], ""<class 'abc.NT_0005'>"": [], ""<class 'abc.NT_0005_P_00000'>"": [], ""<class 'abc.NT_0005_P_00001'>"": [], ""<class 'abc.NT_0005_P_00002'>"": [], ""<class 'abc.NT_0005_P_00003'>"": [], ""<class 'abc.NT_0005_P_00004'>"": [], ""<class 'abc.NT_0005_P_00005'>"": [], ""<class 'abc.NT_0005_P_00006'>"": [], ""<class 'abc.NT_0006_P_00001'>"": [], ""<class 'abc.NT_0006_P_00002'>"": [], ""<class 'abc.NT_0006_P_00003'>"": [], ""<class 'abc.NT_0006_P_00004'>"": [], ""<class 'abc.NT_0006_P_00005'>"": [], ""<class 'abc.NT_0006_P_00006'>"": [], ""<class 'abc.NT_0006_P_00007'>"": [], ""<class 'abc.NT_0007_P_00001'>"": [], ""<class 'abc.NT_0007_P_00002'>"": [], ""<class 'abc.NT_0007_P_00003'>"": [], ""<class 'abc.NT_0007_P_00004'>"": [], ""<class 'abc.NT_0007_P_00005'>"": [], ""<class 'abc.NT_0010_P_00001'>"": [], ""<class 'abc.NT_0008'>"": [1, 1, 0, 1, 0, 1, 1, 0, 0, 0, 53609], ""<class 'abc.NT_0008_P_00000'>"": [], ""<class 'abc.NT_0008_P_00001'>"": [], ""<class 'abc.NT_0008_P_00002'>"": [], ""<class 'abc.NT_0008_P_00003'>"": [], ""<class 'abc.NT_0008_P_00004'>"": [], ""<class 'abc.NT_0010_P_00002'>"": [], ""<class 'abc.NT_0010_P_00003'>"": [], ""<class 'abc.NT_0010_P_00004'>"": [], ""<class 'abc.NT_0009'>"": [], ""<class 'abc.NT_0009_P_00000'>"": [], ""<class 'abc.NT_0009_P_00001'>"": [], ""<class 'abc.NT_0009_P_00002'>"": [], ""<class 'abc.NT_0009_P_00003'>"": [], ""<class 'abc.NT_0009_P_00004'>"": [], ""<class 'abc.NT_0010_P_00005'>"": [], ""<class 'abc.NT_0010_P_00006'>"": [], '$leftovers': [30991, 71325, 99256, 76301, 95693, 34122, 53952, 55672, 74831, 33963, 25015, 25697, 7592, 13690, 41603, 28828, 1846, 59419, 50863, 95750, 68544, 33751, 67086, 76352, 50275, 33813, 72521, 72186, 98367, 89110, 82056, 74758, 66368, 72604, 26616, 95885, 5264, 24236, 31002, 72786, 81453, 1549, 58861, 79208, 25327, 61699, 15666, 70132, 5604, 37976, 96197, 2135, 75049, 31492, 45828, 69192, 23886, 73401, 14363, 57489, 62600, 98230, 9181, 95579, 43563, 90001, 10166, 37716, 81042, 70856, 13122, 24742, 63023, 17296, 11162, 35926, 83920, 36824, 91962, 58024, 27633, 13217, 56880, 30598, 66637, 54630, 58415, 54841, 82919, 35232, 49917, 17273, 79974, 17408, 31831, 87760, 29062, 14159, 29820, 5544, 41099, 45482, 2367, 64759, 21373, 78063, 60377, 57592, 80389, 75806, 7140, 12762, 52584, 44029, 83065, 36358, 92073, 35502, 89851, 86918, 68167, 22970, 33999, 40707, 73232, 67107, 4690, 27422, 72591, 34525, 90618, 2963, 85885, 80470, 94309, 72287, 86237, 30800, 21730, 52145, 25063, 99142, 45233, 92389, 19816, 53209, 72995, 23801, 95121, 45638, 11339, 15054, 40314, 16381, 79668, 56708, 97137, 22673, 80400, 80443, 24458, 37011, 58667, 75764, 53847, 74996, 93872, 46267, 41769, 85089, 9643, 86889, 97627, 33079, 933, 43196, 52217, 79122, 46989, 50182, 64937, 60213, 16879, 63767, 55027, 27313, 18196, 50575, 90581, 8996, 89436, 11012, 91016, 57772, 10236, 47256, 19254, 76575, 44892, 57875, 3503, 27780, 56113, 13767, 20496, 36810, 88578, 50995, 20368, 96919, 63509, 78725, 22186, 21940, 83357, 70821, 62407, 5751, 99417, 54484, 84347, 49869, 59120, 77472, 71055, 75216, 32877, 52229, 43027, 52944, 84829, 51449, 27475, 27630, 13347, 93840, 82893, 31266, 77927, 44060, 63854, 26220, 14191, 5875, 72995, 94210, 4812, 36293, 60877, 38524, 53538, 55421, 57401, 6707, 31836, 5558, 72593, 56812, 95547, 72912, 18618, 75443, 78171, 11735, 35054, 94765, 87027, 57565, 4412, 48777, 17618, 18044, 80027, 77395, 39289, 29056, 72558, 46347, 83019, 73372, 48356, 18386, 80834, 35099, 61279, 69867, 10554, 17785, 24597, 21526, 52000, 84035, 68241, 86236, 90584, 56916, 4321, 21106, 3209, 53370, 14502, 4043, 3741, 48190, 62568, 85240, 30739, 34688, 33162, 38929, 40707, 9334, 70094, 294, 70936, 86179, 55931, 16143, 22646, 9862, 78881, 12560, 83625, 7134, 61874, 91203, 46269, 47110, 83843, 5289, 74137, 88273, 14580, 47344, 60753, 19167, 40339, 79020, 71132, 72253, 89884, 55934, 54064, 74742, 75597, 86320, 15369, 63397, 46665, 17800, 14718, 59462, 83731, 50541, 53632, 34874, 68412, 2214, 3157, 78677, 23641, 67143, 58266, 39232, 74667, 18780, 43657, 73836, 21147, 90021, 98970, 11732, 28569, 99269, 41709, 68360, 42589, 70863, 97958, 97500, 40709, 92966, 21694, 40040, 15592, 22426, 52529, 8629, 24081, 50548, 58167, 84087, 80087, 55979, 12478, 75863, 55100, 52426, 86114, 99605, 40435, 5992, 58835, 61375, 29923, 65710, 80868, 92180, 69393, 41505, 62791, 18731, 18953, 11106, 22971, 47087, 67395, 8258, 12800, 44872, 82838, 62992, 14599, 48272, 40211, 34341, 21057, 28702, 52824, 50572, 82640, 12559, 6067, 48063, 59935, 26657, 3055, 87176, 89751, 87167, 14129, 36152, 74245, 44747, 51354, 75606, 24046, 98077, 96803, 82440, 70055, 51399, 43781, 35119, 45388, 14656, 55187, 5401, 8942, 17594, 59726, 44804, 51824, 97127, 93212, 46736, 55514, 73728, 42663, 19730, 19118, 31504, 24324, 14360, 71402, 35819, 66623, 33391, 84006, 2911, 97136, 67491, 11377, 49060, 65542, 72990, 114, 23028, 6641, 27228, 3801, 4956, 62586, 14141, 70080, 75547, 78994, 65918, 560, 46101, 31529, 66655, 31719, 5956, 96644, 67012, 78144, 3048, 45105, 7215, 83884, 11279, 16049, 66710, 25797, 40844, 87206, 63324, 41774, 57371, 78550, 22173, 30307, 13444, 29382, 32923, 31372, 98768, 620, 84539, 52981, 46001, 96637, 98145, 70426, 17494, 64405, 42589, 15179, 68644, 27071, 13450, 95253, 45532, 96961, 62333, 11781, 32318, 82849, 54636, 12447, 1814, 30737, 3786, 72534, 1553, 67307, 88836, 53336, 60684, 5299, 69670, 93727, 24264, 65067, 51522, 39043, 6477, 55629, 2045, 64874, 64874, 93396, 99449, 22991, 2252, 65473, 51372, 84312, 95735, 39003, 62906, 71229, 74579, 17862, 12605, 66123, 12351, 5404, 1510, 13832, 51398, 43597, 86043, 45546, 50420, 68348, 45911, 17136, 91393, 29118, 76555, 7357, 11300, 51742, 333, 26830, 75555, 2331, 96635, 13605, 21847, 8187, 79899, 51411, 91776, 29149, 96412, 70544, 75327, 30017, 64797, 45663, 36499, 35707, 5655, 58962, 70918, 30728, 28698, 2763, 45752, 53106, 82946, 39676, 58721, 64695, 96504, 11019, 19011, 33978, 82026, 62216, 86549, 70888, 51675, 18118, 44149, 304, 65154, 36993, 6719, 70749, 97700, 69122, 18232, 60931, 25664, 33495, 71133, 59877, 99870, 53079, 77835, 65833, 47081, 384, 86289, 42953, 38560, 17803, 33158, 87143, 3202, 80836, 24559, 25480, 24884, 20970, 78849, 96190, 23338, 56243, 28044, 1806, 43098, 94629, 1557, 75946, 69931, 66152, 83354, 38712, 69524, 66843, 29150, 61796, 59849, 85600, 73561, 8370, 32232, 13997, 66493, 75770, 25037, 41313, 81709, 42770, 35823, 5767, 84597, 6127, 36332, 59300, 14612, 84423, 75500, 4652, 15299, 11866, 73468, 89289, 30402, 81756, 68438, 35166, 55904, 13846, 18702, 799, 42978, 42363, 81775, 82039, 83706, 66787, 77082, 77233, 90355, 92042, 96322, 19227, 61963, 89603, 77545, 6052, 3841, 18717, 8234, 40730, 2563, 59226, 40967, 20584, 89858, 2564, 5878, 37612, 97484, 83865, 55142, 71000, 19072, 8974, 77980, 38107, 22222, 6344, 29047, 58559, 78236, 92489, 35351, 52880, 4784, 75272, 7172, 14821, 69925, 48597, 36800, 79837, 61052, 92728, 80840, 76556, 35926, 45963, 39089, 13982, 99317, 41515, 54213, 5759, 15167, 75711, 94811, 10683, 62537, 60034, 52454, 34102, 45807, 41806, 62006, 5254, 39376, 56753, 187, 90094, 45504, 96638, 10503, 14605, 12369, 14432, 31110, 66366, 82294, 58782, 82122, 93759, 61568, 45358, 83396, 56007, 22346, 66542, 25137, 68312, 52464, 36527, 57473, 69800, 52446, 72031, 53744, 47922, 16738, 49867, 32313, 76536, 62962, 51773, 12155, 8875, 76172, 34750, 32742, 97811, 88073, 51338, 30794, 91006, 86416, 39880, 1952, 1988, 834, 62791, 67483, 70617, 36464, 94648, 90108, 1096, 63154, 60062, 94902, 97514, 37054, 72006, 93872, 51641, 95146, 29421, 13699, 69458, 65880, 5195, 64127, 49560, 11459, 71639, 53906, 78595, 61247, 38, 96621, 9490, 10431, 14318, 66154, 77198, 68556, 55459, 96467, 72843, 20962, 56323, 81690, 9497, 25412, 82928, 49217, 52686, 94969, 92492, 21761, 71648, 29956, 62011, 95264, 32476, 14571, 57797, 89984, 56359, 10135, 93277, 26149, 81033, 35003, 9263, 28190, 31612, 31319, 51082, 62322, 43964, 54411, 62127, 34041, 1407, 30008, 37444, 91432, 17575, 63516, 79823, 24359, 57939, 44660, 66, 72073, 42472, 94120, 65635, 81958, 37791, 55580, 41268, 69239, 35124, 6540, 98481, 46755, 25404, 67577, 65846, 29030, 46115, 80925, 52269, 5028, 9163, 60505, 33992, 22030, 94004, 52956, 42555, 32674, 98143, 24692, 8450, 53283, 2014, 7396, 66, 78982, 83694, 22573, 2780, 14252, 55750, 49033, 93213, 40123, 40063, 85147, 53609, 43278, 5175, 49000, 61144, 18853, 22685, 65944]})"
799.0,9,128,10,112.19512891769409,10180,"Genotype(dna={""<class 'abc.NT_0010'>"": [0, 0, 0, 0, 0, 1, 85147], ""<class 'abc.NT_0010_P_00000'>"": [], ""<class 'abc.NT_0007'>"": [], ""<class 'abc.NT_0007_P_00000'>"": [], ""<class 'abc.NT_0004'>"": [], ""<class 'abc.NT_0004_P_00000'>"": [], ""<class 'int'>"": [77126, 43201, 14674, 75809, 4326, 67271, 38350, 87430, 97011, 55942, 4506, 59964, 42225, 57077, 24342, 14478, 93904, 80839, 76441, 74856, 50058, 3411, 8626, 26055, 29274, 58967, 78993, 14828, 751, 67511, 28585, 12825, 23966, 7277, 99825, 74879, 55352, 55331, 363, 45016, 14379, 61509, 2069, 28699, 80396, 62952, 61201, 59585, 6749, 85094, 61965, 7610, 26258, 28296, 93033, 83162, 30096, 44060, 62884, 81104, 35245, 6364, 80462, 83171, 68919, 29950, 26707, 81924, 38153, 22585, 59277, 34382, 15383, 94500, 26532, 22254, 60581, 3345, 80271, 57971, 66816, 27488, 49989, 88487, 67815, 33251, 9814, 70899, 70376, 6572, 16025, 47013, 16359, 28708, 8258, 32360, 60550, 42267, 55413, 66178, 58891, 3524, 17413, 2205, 74754, 63914, 19152, 98442, 7431, 89440, 82080, 50837, 75285, 21620, 27020, 21639, 55890, 54599, 20169, 33311, 32242, 53498, 46439, 80881, 76188, 26746, 1133, 75300, 28413, 28258, 74339, 48912, 89430, 54118, 78957, 8190, 11376, 81490, 34042, 77295, 38509, 25473, 21325, 74688, 33757, 73445, 1092, 88730, 91008, 96974, 36419, 85058, 83462, 49605, 19202, 97630, 772, 92230, 92668, 49000], ""<class 'abc.NT_0001'>"": [], ""<class 'abc.NT_0001_P_00000'>"": [], ""<class 'bool'>"": [97837, 26792, 43510, 17549, 32334, 79141, 31637, 40541, 53775, 17842, 69311, 43769, 97227, 1539, 80259, 78373, 75096, 56123, 57441, 16081, 65316, 16235, 17109, 80941, 76389, 78069, 69895, 52794, 33022, 9796, 7359, 78315, 34322, 36292, 844, 88015, 38332, 33443, 63109, 17649, 96270, 54808, 23847, 83837, 35232, 86023, 34733, 31389, 58788, 74731, 58899, 37944, 94868, 87736, 94803, 79241, 69192, 55877, 78874, 36565, 40804, 7607, 84620, 28560, 70055, 35083, 5624, 91838, 51453, 57692, 93844, 20824, 88083, 79346, 19552, 58622, 55206, 19601, 11266, 14712, 78821, 89358, 87276, 44542, 39043, 38741, 63663, 5480, 36721, 81387, 89872, 25618, 37326, 81250, 5804, 74057, 77241, 77936, 68435, 62546, 87885, 4720, 53507, 58847, 91566, 75573, 68476, 74008, 78169, 53227, 17504, 76054, 95332, 18131, 3746, 8357, 59409, 1054, 50357, 66110, 59621, 56020, 67103, 34074, 67268, 53023, 41771, 66382, 84834, 43871, 11081, 26348, 47197, 85835, 50198, 46301, 33767, 61666, 71524, 61482, 55090, 38849, 95324, 45414, 58081, 48962, 50417, 14456, 31766, 22437, 12039, 94697, 87951, 37997, 60890, 80264, 94621, 54774, 6977, 28274, 14326, 73207, 77563, 61868, 35583, 91136, 64724, 85540, 67704, 71541, 18881, 33866, 79351, 53072, 20293, 40545, 12273, 37918, 23105, 5631, 38294, 55444, 26861, 796, 78014, 58417, 6625, 97742, 85703, 35222, 94130, 9869, 81419, 78377, 47638, 17917, 93700, 83016, 79750, 29518, 8683, 25170, 38117, 1270, 87580, 76026, 6813, 5175], ""<class 'abc.NT_0000'>"": [6, 81341, 2, 0, 0, 0, 0, 0, 5, 3, 0, 0, 0, 64878, 4, 6, 3, 3, 6, 5, 1, 1, 2, 5, 1, 5, 0, 1, 1, 1, 0, 6, 3, 4, 4, 2, 0, 5, 2, 0, 6, 4, 5, 6, 0, 3, 2, 5, 3, 5, 3, 2, 2, 2, 5, 1, 0, 6, 90454, 2, 3, 0, 5, 4, 3, 0, 0, 0, 0, 73098, 0, 0, 0, 0, 5, 3, 2, 1, 5, 4, 0, 2, 2, 1, 75691, 72824, 98505, 4, 1, 2, 3, 0, 0, 0, 0, 0, 0, 0, 0, 6, 1, 0, 4, 0, 5, 0, 0, 0, 0, 5, 3, 37973, 4, 6, 4, 3, 6, 4, 1, 16791, 3, 2, 5, 5, 6, 3, 0, 23028, 5, 25454, 1, 6, 1, 3, 5, 3, 6, 4, 1, 0, 0, 0, 0, 0, 2, 6, 2, 2, 6, 2, 1, 71077, 6, 1, 3, 6, 4, 6, 1, 43278, 18853, 22685, 65944], ""<class 'abc.NT_0000_P_00000'>"": [], ""<class 'abc.NT_0000_P_00001'>"": [], ""<class 'abc.NT_0000_P_00002'>"": [], ""<class 'abc.NT_0000_P_00003'>"": [], ""<class 'abc.NT_0000_P_00004'>"": [], ""<class 'abc.NT_0000_P_00005'>"": [], ""<class 'abc.NT_0000_P_00006'>"": [], ""<class 'abc.NT_0001_P_00001'>"": [], ""<class 'abc.NT_0001_P_00002'>"": [], ""<class 'abc.NT_0004_P_00001'>"": [], ""<class 'abc.NT_0003'>"": [], ""<class 'abc.NT_0003_P_00000'>"": [], ""<class 'abc.NT_0002'>"": [], ""<class 'abc.NT_0002_P_00000'>"": [], ""<class 'abc.NT_0002_P_00001'>"": [], ""<class 'abc.NT_0002_P_00002'>"": [], ""<class 'abc.NT_0002_P_00003'>"": [], ""<class 'abc.NT_0002_P_00004'>"": [], ""<class 'abc.NT_0002_P_00005'>"": [], ""<class 'abc.NT_0002_P_00006'>"": [], ""<class 'abc.NT_0002_P_00007'>"": [], ""<class 'abc.NT_0003_P_00001'>"": [], ""<class 'abc.NT_0006'>"": [0, 0, 0, 0, 0, 0, 0, 0, 0, 0, 61144], ""<class 'abc.NT_0006_P_00000'>"": [], ""<class 'abc.NT_0005'>"": [], ""<class 'abc.NT_0005_P_00000'>"": [], ""<class 'abc.NT_0005_P_00001'>"": [], ""<class 'abc.NT_0005_P_00002'>"": [], ""<class 'abc.NT_0005_P_00003'>"": [], ""<class 'abc.NT_0005_P_00004'>"": [], ""<class 'abc.NT_0005_P_00005'>"": [], ""<class 'abc.NT_0005_P_00006'>"": [], ""<class 'abc.NT_0006_P_00001'>"": [], ""<class 'abc.NT_0006_P_00002'>"": [], ""<class 'abc.NT_0006_P_00003'>"": [], ""<class 'abc.NT_0006_P_00004'>"": [], ""<class 'abc.NT_0006_P_00005'>"": [], ""<class 'abc.NT_0006_P_00006'>"": [], ""<class 'abc.NT_0006_P_00007'>"": [], ""<class 'abc.NT_0007_P_00001'>"": [], ""<class 'abc.NT_0007_P_00002'>"": [], ""<class 'abc.NT_0007_P_00003'>"": [], ""<class 'abc.NT_0007_P_00004'>"": [], ""<class 'abc.NT_0007_P_00005'>"": [], ""<class 'abc.NT_0010_P_00001'>"": [], ""<class 'abc.NT_0008'>"": [1, 1, 0, 1, 0, 1, 1, 0, 0, 0, 53609], ""<class 'abc.NT_0008_P_00000'>"": [], ""<class 'abc.NT_0008_P_00001'>"": [], ""<class 'abc.NT_0008_P_00002'>"": [], ""<class 'abc.NT_0008_P_00003'>"": [], ""<class 'abc.NT_0008_P_00004'>"": [], ""<class 'abc.NT_0010_P_00002'>"": [], ""<class 'abc.NT_0010_P_00003'>"": [], ""<class 'abc.NT_0010_P_00004'>"": [], ""<class 'abc.NT_0009'>"": [], ""<class 'abc.NT_0009_P_00000'>"": [], ""<class 'abc.NT_0009_P_00001'>"": [], ""<class 'abc.NT_0009_P_00002'>"": [], ""<class 'abc.NT_0009_P_00003'>"": [], ""<class 'abc.NT_0009_P_00004'>"": [], ""<class 'abc.NT_0010_P_00005'>"": [], ""<class 'abc.NT_0010_P_00006'>"": [], '$leftovers': [30991, 71325, 99256, 76301, 95693, 34122, 53952, 55672, 74831, 33963, 25015, 25697, 7592, 13690, 41603, 28828, 1846, 59419, 50863, 95750, 68544, 33751, 67086, 76352, 50275, 33813, 72521, 72186, 98367, 89110, 82056, 74758, 66368, 72604, 26616, 95885, 5264, 24236, 31002, 72786, 81453, 1549, 58861, 79208, 25327, 61699, 15666, 70132, 5604, 37976, 96197, 2135, 75049, 31492, 45828, 69192, 23886, 73401, 14363, 57489, 62600, 98230, 9181, 95579, 43563, 90001, 10166, 37716, 81042, 70856, 13122, 24742, 63023, 17296, 11162, 35926, 83920, 36824, 91962, 58024, 27633, 13217, 56880, 30598, 66637, 54630, 58415, 54841, 82919, 35232, 49917, 17273, 79974, 17408, 31831, 87760, 29062, 14159, 29820, 5544, 41099, 45482, 2367, 64759, 21373, 78063, 60377, 57592, 80389, 75806, 7140, 12762, 52584, 44029, 83065, 36358, 92073, 35502, 89851, 86918, 68167, 22970, 33999, 40707, 73232, 67107, 4690, 27422, 72591, 34525, 90618, 2963, 85885, 80470, 94309, 72287, 86237, 30800, 21730, 52145, 25063, 99142, 45233, 92389, 19816, 53209, 72995, 23801, 95121, 45638, 11339, 15054, 40314, 16381, 79668, 56708, 97137, 22673, 80400, 80443, 24458, 37011, 58667, 75764, 53847, 74996, 93872, 46267, 41769, 85089, 9643, 86889, 97627, 33079, 933, 43196, 52217, 79122, 46989, 50182, 64937, 60213, 16879, 63767, 55027, 27313, 18196, 50575, 90581, 8996, 89436, 11012, 91016, 57772, 10236, 47256, 19254, 76575, 44892, 57875, 3503, 27780, 56113, 13767, 20496, 36810, 88578, 50995, 20368, 96919, 63509, 78725, 22186, 21940, 83357, 70821, 62407, 5751, 99417, 54484, 84347, 49869, 59120, 77472, 71055, 75216, 32877, 52229, 43027, 52944, 84829, 51449, 27475, 27630, 13347, 93840, 82893, 31266, 77927, 44060, 63854, 26220, 14191, 5875, 72995, 94210, 4812, 36293, 60877, 38524, 53538, 55421, 57401, 6707, 31836, 5558, 72593, 56812, 95547, 72912, 18618, 75443, 78171, 11735, 35054, 94765, 87027, 57565, 4412, 48777, 17618, 18044, 80027, 77395, 39289, 29056, 72558, 46347, 83019, 73372, 48356, 18386, 80834, 35099, 61279, 69867, 10554, 17785, 24597, 21526, 52000, 84035, 68241, 86236, 90584, 56916, 4321, 21106, 3209, 53370, 14502, 4043, 3741, 48190, 62568, 85240, 30739, 34688, 33162, 38929, 40707, 9334, 70094, 294, 70936, 86179, 55931, 16143, 22646, 9862, 78881, 12560, 83625, 7134, 61874, 91203, 46269, 47110, 83843, 5289, 74137, 88273, 14580, 47344, 60753, 19167, 40339, 79020, 71132, 72253, 89884, 55934, 54064, 74742, 75597, 86320, 15369, 63397, 46665, 17800, 14718, 59462, 83731, 50541, 53632, 34874, 68412, 2214, 3157, 78677, 23641, 67143, 58266, 39232, 74667, 18780, 43657, 73836, 21147, 90021, 98970, 11732, 28569, 99269, 41709, 68360, 42589, 70863, 97958, 97500, 40709, 92966, 21694, 40040, 15592, 22426, 52529, 8629, 24081, 50548, 58167, 84087, 80087, 55979, 12478, 75863, 55100, 52426, 86114, 99605, 40435, 5992, 58835, 61375, 29923, 65710, 80868, 92180, 69393, 41505, 62791, 18731, 18953, 11106, 22971, 47087, 67395, 8258, 12800, 44872, 82838, 62992, 14599, 48272, 40211, 34341, 21057, 28702, 52824, 50572, 82640, 12559, 6067, 48063, 59935, 26657, 3055, 87176, 89751, 87167, 14129, 36152, 74245, 44747, 51354, 75606, 24046, 98077, 96803, 82440, 70055, 51399, 43781, 35119, 45388, 14656, 55187, 5401, 8942, 17594, 59726, 44804, 51824, 97127, 93212, 46736, 55514, 73728, 42663, 19730, 19118, 31504, 24324, 14360, 71402, 35819, 66623, 33391, 84006, 2911, 97136, 67491, 11377, 49060, 65542, 72990, 114, 23028, 6641, 27228, 3801, 4956, 62586, 14141, 70080, 75547, 78994, 65918, 560, 46101, 31529, 66655, 31719, 5956, 96644, 67012, 78144, 3048, 45105, 7215, 83884, 11279, 16049, 66710, 25797, 40844, 87206, 63324, 41774, 57371, 78550, 22173, 30307, 13444, 29382, 32923, 31372, 98768, 620, 84539, 52981, 46001, 96637, 98145, 70426, 17494, 64405, 42589, 15179, 68644, 27071, 13450, 95253, 45532, 96961, 62333, 11781, 32318, 82849, 54636, 12447, 1814, 30737, 3786, 72534, 1553, 67307, 88836, 53336, 60684, 5299, 69670, 93727, 24264, 65067, 51522, 39043, 6477, 55629, 2045, 64874, 64874, 93396, 99449, 22991, 2252, 65473, 51372, 84312, 95735, 39003, 62906, 71229, 74579, 17862, 12605, 66123, 12351, 5404, 1510, 13832, 51398, 43597, 86043, 45546, 50420, 68348, 45911, 17136, 91393, 29118, 76555, 7357, 11300, 51742, 333, 26830, 75555, 2331, 96635, 13605, 21847, 8187, 79899, 51411, 91776, 29149, 96412, 70544, 75327, 30017, 64797, 45663, 36499, 35707, 5655, 58962, 70918, 30728, 28698, 2763, 45752, 53106, 82946, 39676, 58721, 64695, 96504, 11019, 19011, 33978, 82026, 62216, 86549, 70888, 51675, 18118, 44149, 304, 65154, 36993, 6719, 70749, 97700, 69122, 18232, 60931, 25664, 33495, 71133, 59877, 99870, 53079, 77835, 65833, 47081, 384, 86289, 42953, 38560, 17803, 33158, 87143, 3202, 80836, 24559, 25480, 24884, 20970, 78849, 96190, 23338, 56243, 28044, 1806, 43098, 94629, 1557, 75946, 69931, 66152, 83354, 38712, 69524, 66843, 29150, 61796, 59849, 85600, 73561, 8370, 32232, 13997, 66493, 75770, 25037, 41313, 81709, 42770, 35823, 5767, 84597, 6127, 36332, 59300, 14612, 84423, 75500, 4652, 15299, 11866, 73468, 89289, 30402, 81756, 68438, 35166, 55904, 13846, 18702, 799, 42978, 42363, 81775, 82039, 83706, 66787, 77082, 77233, 90355, 92042, 96322, 19227, 61963, 89603, 77545, 6052, 3841, 18717, 8234, 40730, 2563, 59226, 40967, 20584, 89858, 2564, 5878, 37612, 97484, 83865, 55142, 71000, 19072, 8974, 77980, 38107, 22222, 6344, 29047, 58559, 78236, 92489, 35351, 52880, 4784, 75272, 7172, 14821, 69925, 48597, 36800, 79837, 61052, 92728, 80840, 76556, 35926, 45963, 39089, 13982, 99317, 41515, 54213, 5759, 15167, 75711, 94811, 10683, 62537, 60034, 52454, 34102, 45807, 41806, 62006, 5254, 39376, 56753, 187, 90094, 45504, 96638, 10503, 14605, 12369, 14432, 31110, 66366, 82294, 58782, 82122, 93759, 61568, 45358, 83396, 56007, 22346, 66542, 25137, 68312, 52464, 36527, 57473, 69800, 52446, 72031, 53744, 47922, 16738, 49867, 32313, 76536, 62962, 51773, 12155, 8875, 76172, 34750, 32742, 97811, 88073, 51338, 30794, 91006, 86416, 39880, 1952, 1988, 834, 62791, 67483, 70617, 36464, 94648, 90108, 1096, 63154, 60062, 94902, 97514, 37054, 72006, 93872, 51641, 95146, 29421, 13699, 69458, 65880, 5195, 64127, 49560, 11459, 71639, 53906, 78595, 61247, 38, 96621, 9490, 10431, 14318, 66154, 77198, 68556, 55459, 96467, 72843, 20962, 56323, 81690, 9497, 25412, 82928, 49217, 52686, 94969, 92492, 21761, 71648, 29956, 62011, 95264, 32476, 14571, 57797, 89984, 56359, 10135, 93277, 26149, 81033, 35003, 9263, 28190, 31612, 31319, 51082, 62322, 43964, 54411, 62127, 34041, 1407, 30008, 37444, 91432, 17575, 63516, 79823, 24359, 57939, 44660, 66, 72073, 42472, 94120, 65635, 81958, 37791, 55580, 41268, 69239, 35124, 6540, 98481, 46755, 25404, 67577, 65846, 29030, 46115, 80925, 52269, 5028, 9163, 60505, 33992, 22030, 94004, 52956, 42555, 32674, 98143, 24692, 8450, 53283, 2014, 7396, 66, 78982, 83694, 22573, 2780, 14252, 55750, 49033, 93213, 40123, 40063, 85147, 53609, 43278, 5175, 49000, 61144, 18853, 22685, 65944]})"
799.0,9,128,11,113.52341365814209,10180,"Genotype(dna={""<class 'abc.NT_0010'>"": [0, 0, 0, 0, 0, 1, 85147], ""<class 'abc.NT_0010_P_00000'>"": [], ""<class 'abc.NT_0007'>"": [], ""<class 'abc.NT_0007_P_00000'>"": [], ""<class 'abc.NT_0004'>"": [], ""<class 'abc.NT_0004_P_00000'>"": [], ""<class 'int'>"": [77126, 43201, 14674, 75809, 4326, 67271, 38350, 87430, 97011, 55942, 4506, 59964, 42225, 57077, 24342, 14478, 93904, 80839, 76441, 74856, 50058, 3411, 8626, 26055, 29274, 58967, 78993, 14828, 751, 67511, 28585, 12825, 23966, 7277, 99825, 74879, 55352, 55331, 363, 45016, 14379, 61509, 2069, 28699, 80396, 62952, 61201, 59585, 6749, 85094, 61965, 7610, 26258, 28296, 93033, 83162, 30096, 44060, 62884, 81104, 35245, 6364, 80462, 83171, 68919, 29950, 26707, 81924, 38153, 22585, 59277, 34382, 15383, 94500, 26532, 22254, 60581, 3345, 80271, 57971, 66816, 27488, 49989, 88487, 67815, 33251, 9814, 70899, 70376, 6572, 16025, 47013, 16359, 28708, 8258, 32360, 60550, 42267, 55413, 66178, 58891, 3524, 17413, 2205, 74754, 63914, 19152, 98442, 7431, 89440, 82080, 50837, 75285, 21620, 27020, 21639, 55890, 54599, 20169, 33311, 32242, 53498, 46439, 80881, 76188, 26746, 1133, 75300, 28413, 28258, 74339, 48912, 89430, 54118, 78957, 8190, 11376, 81490, 34042, 77295, 38509, 25473, 21325, 74688, 33757, 73445, 1092, 88730, 91008, 96974, 36419, 85058, 83462, 49605, 19202, 97630, 772, 92230, 92668, 49000], ""<class 'abc.NT_0001'>"": [], ""<class 'abc.NT_0001_P_00000'>"": [], ""<class 'bool'>"": [97837, 26792, 43510, 17549, 32334, 79141, 31637, 40541, 53775, 17842, 69311, 43769, 97227, 1539, 80259, 78373, 75096, 56123, 57441, 16081, 65316, 16235, 17109, 80941, 76389, 78069, 69895, 52794, 33022, 9796, 7359, 78315, 34322, 36292, 844, 88015, 38332, 33443, 63109, 17649, 96270, 54808, 23847, 83837, 35232, 86023, 34733, 31389, 58788, 74731, 58899, 37944, 94868, 87736, 94803, 79241, 69192, 55877, 78874, 36565, 40804, 7607, 84620, 28560, 70055, 35083, 5624, 91838, 51453, 57692, 93844, 20824, 88083, 79346, 19552, 58622, 55206, 19601, 11266, 14712, 78821, 89358, 87276, 44542, 39043, 38741, 63663, 5480, 36721, 81387, 89872, 25618, 37326, 81250, 5804, 74057, 77241, 77936, 68435, 62546, 87885, 4720, 53507, 58847, 91566, 75573, 68476, 74008, 78169, 53227, 17504, 76054, 95332, 18131, 3746, 8357, 59409, 1054, 50357, 66110, 59621, 56020, 67103, 34074, 67268, 53023, 41771, 66382, 84834, 43871, 11081, 26348, 47197, 85835, 50198, 46301, 33767, 61666, 71524, 61482, 55090, 38849, 95324, 45414, 58081, 48962, 50417, 14456, 31766, 22437, 12039, 94697, 87951, 37997, 60890, 80264, 94621, 54774, 6977, 28274, 14326, 73207, 77563, 61868, 35583, 91136, 64724, 85540, 67704, 71541, 18881, 33866, 79351, 53072, 20293, 40545, 12273, 37918, 23105, 5631, 38294, 55444, 26861, 796, 78014, 58417, 6625, 97742, 85703, 35222, 94130, 9869, 81419, 78377, 47638, 17917, 93700, 83016, 79750, 29518, 8683, 25170, 38117, 1270, 87580, 76026, 6813, 5175], ""<class 'abc.NT_0000'>"": [6, 81341, 2, 0, 0, 0, 0, 0, 5, 3, 0, 0, 0, 64878, 4, 6, 3, 3, 6, 5, 1, 1, 2, 5, 1, 5, 0, 1, 1, 1, 0, 6, 3, 4, 4, 2, 0, 5, 2, 0, 6, 4, 5, 6, 0, 3, 2, 5, 3, 5, 3, 2, 2, 2, 5, 1, 0, 6, 90454, 2, 3, 0, 5, 4, 3, 0, 0, 0, 0, 73098, 0, 0, 0, 0, 5, 3, 2, 1, 5, 4, 0, 2, 2, 1, 75691, 72824, 98505, 4, 1, 2, 3, 0, 0, 0, 0, 0, 0, 0, 0, 6, 1, 0, 4, 0, 5, 0, 0, 0, 0, 5, 3, 37973, 4, 6, 4, 3, 6, 4, 1, 16791, 3, 2, 5, 5, 6, 3, 0, 23028, 5, 25454, 1, 6, 1, 3, 5, 3, 6, 4, 1, 0, 0, 0, 0, 0, 2, 6, 2, 2, 6, 2, 1, 71077, 6, 1, 3, 6, 4, 6, 1, 43278, 18853, 22685, 65944], ""<class 'abc.NT_0000_P_00000'>"": [], ""<class 'abc.NT_0000_P_00001'>"": [], ""<class 'abc.NT_0000_P_00002'>"": [], ""<class 'abc.NT_0000_P_00003'>"": [], ""<class 'abc.NT_0000_P_00004'>"": [], ""<class 'abc.NT_0000_P_00005'>"": [], ""<class 'abc.NT_0000_P_00006'>"": [], ""<class 'abc.NT_0001_P_00001'>"": [], ""<class 'abc.NT_0001_P_00002'>"": [], ""<class 'abc.NT_0004_P_00001'>"": [], ""<class 'abc.NT_0003'>"": [], ""<class 'abc.NT_0003_P_00000'>"": [], ""<class 'abc.NT_0002'>"": [], ""<class 'abc.NT_0002_P_00000'>"": [], ""<class 'abc.NT_0002_P_00001'>"": [], ""<class 'abc.NT_0002_P_00002'>"": [], ""<class 'abc.NT_0002_P_00003'>"": [], ""<class 'abc.NT_0002_P_00004'>"": [], ""<class 'abc.NT_0002_P_00005'>"": [], ""<class 'abc.NT_0002_P_00006'>"": [], ""<class 'abc.NT_0002_P_00007'>"": [], ""<class 'abc.NT_0003_P_00001'>"": [], ""<class 'abc.NT_0006'>"": [0, 0, 0, 0, 0, 0, 0, 0, 0, 0, 61144], ""<class 'abc.NT_0006_P_00000'>"": [], ""<class 'abc.NT_0005'>"": [], ""<class 'abc.NT_0005_P_00000'>"": [], ""<class 'abc.NT_0005_P_00001'>"": [], ""<class 'abc.NT_0005_P_00002'>"": [], ""<class 'abc.NT_0005_P_00003'>"": [], ""<class 'abc.NT_0005_P_00004'>"": [], ""<class 'abc.NT_0005_P_00005'>"": [], ""<class 'abc.NT_0005_P_00006'>"": [], ""<class 'abc.NT_0006_P_00001'>"": [], ""<class 'abc.NT_0006_P_00002'>"": [], ""<class 'abc.NT_0006_P_00003'>"": [], ""<class 'abc.NT_0006_P_00004'>"": [], ""<class 'abc.NT_0006_P_00005'>"": [], ""<class 'abc.NT_0006_P_00006'>"": [], ""<class 'abc.NT_0006_P_00007'>"": [], ""<class 'abc.NT_0007_P_00001'>"": [], ""<class 'abc.NT_0007_P_00002'>"": [], ""<class 'abc.NT_0007_P_00003'>"": [], ""<class 'abc.NT_0007_P_00004'>"": [], ""<class 'abc.NT_0007_P_00005'>"": [], ""<class 'abc.NT_0010_P_00001'>"": [], ""<class 'abc.NT_0008'>"": [1, 1, 0, 1, 0, 1, 1, 0, 0, 0, 53609], ""<class 'abc.NT_0008_P_00000'>"": [], ""<class 'abc.NT_0008_P_00001'>"": [], ""<class 'abc.NT_0008_P_00002'>"": [], ""<class 'abc.NT_0008_P_00003'>"": [], ""<class 'abc.NT_0008_P_00004'>"": [], ""<class 'abc.NT_0010_P_00002'>"": [], ""<class 'abc.NT_0010_P_00003'>"": [], ""<class 'abc.NT_0010_P_00004'>"": [], ""<class 'abc.NT_0009'>"": [], ""<class 'abc.NT_0009_P_00000'>"": [], ""<class 'abc.NT_0009_P_00001'>"": [], ""<class 'abc.NT_0009_P_00002'>"": [], ""<class 'abc.NT_0009_P_00003'>"": [], ""<class 'abc.NT_0009_P_00004'>"": [], ""<class 'abc.NT_0010_P_00005'>"": [], ""<class 'abc.NT_0010_P_00006'>"": [], '$leftovers': [30991, 71325, 99256, 76301, 95693, 34122, 53952, 55672, 74831, 33963, 25015, 25697, 7592, 13690, 41603, 28828, 1846, 59419, 50863, 95750, 68544, 33751, 67086, 76352, 50275, 33813, 72521, 72186, 98367, 89110, 82056, 74758, 66368, 72604, 26616, 95885, 5264, 24236, 31002, 72786, 81453, 1549, 58861, 79208, 25327, 61699, 15666, 70132, 5604, 37976, 96197, 2135, 75049, 31492, 45828, 69192, 23886, 73401, 14363, 57489, 62600, 98230, 9181, 95579, 43563, 90001, 10166, 37716, 81042, 70856, 13122, 24742, 63023, 17296, 11162, 35926, 83920, 36824, 91962, 58024, 27633, 13217, 56880, 30598, 66637, 54630, 58415, 54841, 82919, 35232, 49917, 17273, 79974, 17408, 31831, 87760, 29062, 14159, 29820, 5544, 41099, 45482, 2367, 64759, 21373, 78063, 60377, 57592, 80389, 75806, 7140, 12762, 52584, 44029, 83065, 36358, 92073, 35502, 89851, 86918, 68167, 22970, 33999, 40707, 73232, 67107, 4690, 27422, 72591, 34525, 90618, 2963, 85885, 80470, 94309, 72287, 86237, 30800, 21730, 52145, 25063, 99142, 45233, 92389, 19816, 53209, 72995, 23801, 95121, 45638, 11339, 15054, 40314, 16381, 79668, 56708, 97137, 22673, 80400, 80443, 24458, 37011, 58667, 75764, 53847, 74996, 93872, 46267, 41769, 85089, 9643, 86889, 97627, 33079, 933, 43196, 52217, 79122, 46989, 50182, 64937, 60213, 16879, 63767, 55027, 27313, 18196, 50575, 90581, 8996, 89436, 11012, 91016, 57772, 10236, 47256, 19254, 76575, 44892, 57875, 3503, 27780, 56113, 13767, 20496, 36810, 88578, 50995, 20368, 96919, 63509, 78725, 22186, 21940, 83357, 70821, 62407, 5751, 99417, 54484, 84347, 49869, 59120, 77472, 71055, 75216, 32877, 52229, 43027, 52944, 84829, 51449, 27475, 27630, 13347, 93840, 82893, 31266, 77927, 44060, 63854, 26220, 14191, 5875, 72995, 94210, 4812, 36293, 60877, 38524, 53538, 55421, 57401, 6707, 31836, 5558, 72593, 56812, 95547, 72912, 18618, 75443, 78171, 11735, 35054, 94765, 87027, 57565, 4412, 48777, 17618, 18044, 80027, 77395, 39289, 29056, 72558, 46347, 83019, 73372, 48356, 18386, 80834, 35099, 61279, 69867, 10554, 17785, 24597, 21526, 52000, 84035, 68241, 86236, 90584, 56916, 4321, 21106, 3209, 53370, 14502, 4043, 3741, 48190, 62568, 85240, 30739, 34688, 33162, 38929, 40707, 9334, 70094, 294, 70936, 86179, 55931, 16143, 22646, 9862, 78881, 12560, 83625, 7134, 61874, 91203, 46269, 47110, 83843, 5289, 74137, 88273, 14580, 47344, 60753, 19167, 40339, 79020, 71132, 72253, 89884, 55934, 54064, 74742, 75597, 86320, 15369, 63397, 46665, 17800, 14718, 59462, 83731, 50541, 53632, 34874, 68412, 2214, 3157, 78677, 23641, 67143, 58266, 39232, 74667, 18780, 43657, 73836, 21147, 90021, 98970, 11732, 28569, 99269, 41709, 68360, 42589, 70863, 97958, 97500, 40709, 92966, 21694, 40040, 15592, 22426, 52529, 8629, 24081, 50548, 58167, 84087, 80087, 55979, 12478, 75863, 55100, 52426, 86114, 99605, 40435, 5992, 58835, 61375, 29923, 65710, 80868, 92180, 69393, 41505, 62791, 18731, 18953, 11106, 22971, 47087, 67395, 8258, 12800, 44872, 82838, 62992, 14599, 48272, 40211, 34341, 21057, 28702, 52824, 50572, 82640, 12559, 6067, 48063, 59935, 26657, 3055, 87176, 89751, 87167, 14129, 36152, 74245, 44747, 51354, 75606, 24046, 98077, 96803, 82440, 70055, 51399, 43781, 35119, 45388, 14656, 55187, 5401, 8942, 17594, 59726, 44804, 51824, 97127, 93212, 46736, 55514, 73728, 42663, 19730, 19118, 31504, 24324, 14360, 71402, 35819, 66623, 33391, 84006, 2911, 97136, 67491, 11377, 49060, 65542, 72990, 114, 23028, 6641, 27228, 3801, 4956, 62586, 14141, 70080, 75547, 78994, 65918, 560, 46101, 31529, 66655, 31719, 5956, 96644, 67012, 78144, 3048, 45105, 7215, 83884, 11279, 16049, 66710, 25797, 40844, 87206, 63324, 41774, 57371, 78550, 22173, 30307, 13444, 29382, 32923, 31372, 98768, 620, 84539, 52981, 46001, 96637, 98145, 70426, 17494, 64405, 42589, 15179, 68644, 27071, 13450, 95253, 45532, 96961, 62333, 11781, 32318, 82849, 54636, 12447, 1814, 30737, 3786, 72534, 1553, 67307, 88836, 53336, 60684, 5299, 69670, 93727, 24264, 65067, 51522, 39043, 6477, 55629, 2045, 64874, 64874, 93396, 99449, 22991, 2252, 65473, 51372, 84312, 95735, 39003, 62906, 71229, 74579, 17862, 12605, 66123, 12351, 5404, 1510, 13832, 51398, 43597, 86043, 45546, 50420, 68348, 45911, 17136, 91393, 29118, 76555, 7357, 11300, 51742, 333, 26830, 75555, 2331, 96635, 13605, 21847, 8187, 79899, 51411, 91776, 29149, 96412, 70544, 75327, 30017, 64797, 45663, 36499, 35707, 5655, 58962, 70918, 30728, 28698, 2763, 45752, 53106, 82946, 39676, 58721, 64695, 96504, 11019, 19011, 33978, 82026, 62216, 86549, 70888, 51675, 18118, 44149, 304, 65154, 36993, 6719, 70749, 97700, 69122, 18232, 60931, 25664, 33495, 71133, 59877, 99870, 53079, 77835, 65833, 47081, 384, 86289, 42953, 38560, 17803, 33158, 87143, 3202, 80836, 24559, 25480, 24884, 20970, 78849, 96190, 23338, 56243, 28044, 1806, 43098, 94629, 1557, 75946, 69931, 66152, 83354, 38712, 69524, 66843, 29150, 61796, 59849, 85600, 73561, 8370, 32232, 13997, 66493, 75770, 25037, 41313, 81709, 42770, 35823, 5767, 84597, 6127, 36332, 59300, 14612, 84423, 75500, 4652, 15299, 11866, 73468, 89289, 30402, 81756, 68438, 35166, 55904, 13846, 18702, 799, 42978, 42363, 81775, 82039, 83706, 66787, 77082, 77233, 90355, 92042, 96322, 19227, 61963, 89603, 77545, 6052, 3841, 18717, 8234, 40730, 2563, 59226, 40967, 20584, 89858, 2564, 5878, 37612, 97484, 83865, 55142, 71000, 19072, 8974, 77980, 38107, 22222, 6344, 29047, 58559, 78236, 92489, 35351, 52880, 4784, 75272, 7172, 14821, 69925, 48597, 36800, 79837, 61052, 92728, 80840, 76556, 35926, 45963, 39089, 13982, 99317, 41515, 54213, 5759, 15167, 75711, 94811, 10683, 62537, 60034, 52454, 34102, 45807, 41806, 62006, 5254, 39376, 56753, 187, 90094, 45504, 96638, 10503, 14605, 12369, 14432, 31110, 66366, 82294, 58782, 82122, 93759, 61568, 45358, 83396, 56007, 22346, 66542, 25137, 68312, 52464, 36527, 57473, 69800, 52446, 72031, 53744, 47922, 16738, 49867, 32313, 76536, 62962, 51773, 12155, 8875, 76172, 34750, 32742, 97811, 88073, 51338, 30794, 91006, 86416, 39880, 1952, 1988, 834, 62791, 67483, 70617, 36464, 94648, 90108, 1096, 63154, 60062, 94902, 97514, 37054, 72006, 93872, 51641, 95146, 29421, 13699, 69458, 65880, 5195, 64127, 49560, 11459, 71639, 53906, 78595, 61247, 38, 96621, 9490, 10431, 14318, 66154, 77198, 68556, 55459, 96467, 72843, 20962, 56323, 81690, 9497, 25412, 82928, 49217, 52686, 94969, 92492, 21761, 71648, 29956, 62011, 95264, 32476, 14571, 57797, 89984, 56359, 10135, 93277, 26149, 81033, 35003, 9263, 28190, 31612, 31319, 51082, 62322, 43964, 54411, 62127, 34041, 1407, 30008, 37444, 91432, 17575, 63516, 79823, 24359, 57939, 44660, 66, 72073, 42472, 94120, 65635, 81958, 37791, 55580, 41268, 69239, 35124, 6540, 98481, 46755, 25404, 67577, 65846, 29030, 46115, 80925, 52269, 5028, 9163, 60505, 33992, 22030, 94004, 52956, 42555, 32674, 98143, 24692, 8450, 53283, 2014, 7396, 66, 78982, 83694, 22573, 2780, 14252, 55750, 49033, 93213, 40123, 40063, 85147, 53609, 43278, 5175, 49000, 61144, 18853, 22685, 65944]})"
799.0,9,128,12,114.63813543319702,10180,"Genotype(dna={""<class 'abc.NT_0010'>"": [0, 0, 0, 0, 0, 1, 85147], ""<class 'abc.NT_0010_P_00000'>"": [], ""<class 'abc.NT_0007'>"": [], ""<class 'abc.NT_0007_P_00000'>"": [], ""<class 'abc.NT_0004'>"": [], ""<class 'abc.NT_0004_P_00000'>"": [], ""<class 'int'>"": [77126, 43201, 14674, 75809, 4326, 67271, 38350, 87430, 97011, 55942, 4506, 59964, 42225, 57077, 24342, 14478, 93904, 80839, 76441, 74856, 50058, 3411, 8626, 26055, 29274, 58967, 78993, 14828, 751, 67511, 28585, 12825, 23966, 7277, 99825, 74879, 55352, 55331, 363, 45016, 14379, 61509, 2069, 28699, 80396, 62952, 61201, 59585, 6749, 85094, 61965, 7610, 26258, 28296, 93033, 83162, 30096, 44060, 62884, 81104, 35245, 6364, 80462, 83171, 68919, 29950, 26707, 81924, 38153, 22585, 59277, 34382, 15383, 94500, 26532, 22254, 60581, 3345, 80271, 57971, 66816, 27488, 49989, 88487, 67815, 33251, 9814, 70899, 70376, 6572, 16025, 47013, 16359, 28708, 8258, 32360, 60550, 42267, 55413, 66178, 58891, 3524, 17413, 2205, 74754, 63914, 19152, 98442, 7431, 89440, 82080, 50837, 75285, 21620, 27020, 21639, 55890, 54599, 20169, 33311, 32242, 53498, 46439, 80881, 76188, 26746, 1133, 75300, 28413, 28258, 74339, 48912, 89430, 54118, 78957, 8190, 11376, 81490, 34042, 77295, 38509, 25473, 21325, 74688, 33757, 73445, 1092, 88730, 91008, 96974, 36419, 85058, 83462, 49605, 19202, 97630, 772, 92230, 92668, 49000], ""<class 'abc.NT_0001'>"": [], ""<class 'abc.NT_0001_P_00000'>"": [], ""<class 'bool'>"": [97837, 26792, 43510, 17549, 32334, 79141, 31637, 40541, 53775, 17842, 69311, 43769, 97227, 1539, 80259, 78373, 75096, 56123, 57441, 16081, 65316, 16235, 17109, 80941, 76389, 78069, 69895, 52794, 33022, 9796, 7359, 78315, 34322, 36292, 844, 88015, 38332, 33443, 63109, 17649, 96270, 54808, 23847, 83837, 35232, 86023, 34733, 31389, 58788, 74731, 58899, 37944, 94868, 87736, 94803, 79241, 69192, 55877, 78874, 36565, 40804, 7607, 84620, 28560, 70055, 35083, 5624, 91838, 51453, 57692, 93844, 20824, 88083, 79346, 19552, 58622, 55206, 19601, 11266, 14712, 78821, 89358, 87276, 44542, 39043, 38741, 63663, 5480, 36721, 81387, 89872, 25618, 37326, 81250, 5804, 74057, 77241, 77936, 68435, 62546, 87885, 4720, 53507, 58847, 91566, 75573, 68476, 74008, 78169, 53227, 17504, 76054, 95332, 18131, 3746, 8357, 59409, 1054, 50357, 66110, 59621, 56020, 67103, 34074, 67268, 53023, 41771, 66382, 84834, 43871, 11081, 26348, 47197, 85835, 50198, 46301, 33767, 61666, 71524, 61482, 55090, 38849, 95324, 45414, 58081, 48962, 50417, 14456, 31766, 22437, 12039, 94697, 87951, 37997, 60890, 80264, 94621, 54774, 6977, 28274, 14326, 73207, 77563, 61868, 35583, 91136, 64724, 85540, 67704, 71541, 18881, 33866, 79351, 53072, 20293, 40545, 12273, 37918, 23105, 5631, 38294, 55444, 26861, 796, 78014, 58417, 6625, 97742, 85703, 35222, 94130, 9869, 81419, 78377, 47638, 17917, 93700, 83016, 79750, 29518, 8683, 25170, 38117, 1270, 87580, 76026, 6813, 5175], ""<class 'abc.NT_0000'>"": [6, 81341, 2, 0, 0, 0, 0, 0, 5, 3, 0, 0, 0, 64878, 4, 6, 3, 3, 6, 5, 1, 1, 2, 5, 1, 5, 0, 1, 1, 1, 0, 6, 3, 4, 4, 2, 0, 5, 2, 0, 6, 4, 5, 6, 0, 3, 2, 5, 3, 5, 3, 2, 2, 2, 5, 1, 0, 6, 90454, 2, 3, 0, 5, 4, 3, 0, 0, 0, 0, 73098, 0, 0, 0, 0, 5, 3, 2, 1, 5, 4, 0, 2, 2, 1, 75691, 72824, 98505, 4, 1, 2, 3, 0, 0, 0, 0, 0, 0, 0, 0, 6, 1, 0, 4, 0, 5, 0, 0, 0, 0, 5, 3, 37973, 4, 6, 4, 3, 6, 4, 1, 16791, 3, 2, 5, 5, 6, 3, 0, 23028, 5, 25454, 1, 6, 1, 3, 5, 3, 6, 4, 1, 0, 0, 0, 0, 0, 2, 6, 2, 2, 6, 2, 1, 71077, 6, 1, 3, 6, 4, 6, 1, 43278, 18853, 22685, 65944], ""<class 'abc.NT_0000_P_00000'>"": [], ""<class 'abc.NT_0000_P_00001'>"": [], ""<class 'abc.NT_0000_P_00002'>"": [], ""<class 'abc.NT_0000_P_00003'>"": [], ""<class 'abc.NT_0000_P_00004'>"": [], ""<class 'abc.NT_0000_P_00005'>"": [], ""<class 'abc.NT_0000_P_00006'>"": [], ""<class 'abc.NT_0001_P_00001'>"": [], ""<class 'abc.NT_0001_P_00002'>"": [], ""<class 'abc.NT_0004_P_00001'>"": [], ""<class 'abc.NT_0003'>"": [], ""<class 'abc.NT_0003_P_00000'>"": [], ""<class 'abc.NT_0002'>"": [], ""<class 'abc.NT_0002_P_00000'>"": [], ""<class 'abc.NT_0002_P_00001'>"": [], ""<class 'abc.NT_0002_P_00002'>"": [], ""<class 'abc.NT_0002_P_00003'>"": [], ""<class 'abc.NT_0002_P_00004'>"": [], ""<class 'abc.NT_0002_P_00005'>"": [], ""<class 'abc.NT_0002_P_00006'>"": [], ""<class 'abc.NT_0002_P_00007'>"": [], ""<class 'abc.NT_0003_P_00001'>"": [], ""<class 'abc.NT_0006'>"": [0, 0, 0, 0, 0, 0, 0, 0, 0, 0, 61144], ""<class 'abc.NT_0006_P_00000'>"": [], ""<class 'abc.NT_0005'>"": [], ""<class 'abc.NT_0005_P_00000'>"": [], ""<class 'abc.NT_0005_P_00001'>"": [], ""<class 'abc.NT_0005_P_00002'>"": [], ""<class 'abc.NT_0005_P_00003'>"": [], ""<class 'abc.NT_0005_P_00004'>"": [], ""<class 'abc.NT_0005_P_00005'>"": [], ""<class 'abc.NT_0005_P_00006'>"": [], ""<class 'abc.NT_0006_P_00001'>"": [], ""<class 'abc.NT_0006_P_00002'>"": [], ""<class 'abc.NT_0006_P_00003'>"": [], ""<class 'abc.NT_0006_P_00004'>"": [], ""<class 'abc.NT_0006_P_00005'>"": [], ""<class 'abc.NT_0006_P_00006'>"": [], ""<class 'abc.NT_0006_P_00007'>"": [], ""<class 'abc.NT_0007_P_00001'>"": [], ""<class 'abc.NT_0007_P_00002'>"": [], ""<class 'abc.NT_0007_P_00003'>"": [], ""<class 'abc.NT_0007_P_00004'>"": [], ""<class 'abc.NT_0007_P_00005'>"": [], ""<class 'abc.NT_0010_P_00001'>"": [], ""<class 'abc.NT_0008'>"": [1, 1, 0, 1, 0, 1, 1, 0, 0, 0, 53609], ""<class 'abc.NT_0008_P_00000'>"": [], ""<class 'abc.NT_0008_P_00001'>"": [], ""<class 'abc.NT_0008_P_00002'>"": [], ""<class 'abc.NT_0008_P_00003'>"": [], ""<class 'abc.NT_0008_P_00004'>"": [], ""<class 'abc.NT_0010_P_00002'>"": [], ""<class 'abc.NT_0010_P_00003'>"": [], ""<class 'abc.NT_0010_P_00004'>"": [], ""<class 'abc.NT_0009'>"": [], ""<class 'abc.NT_0009_P_00000'>"": [], ""<class 'abc.NT_0009_P_00001'>"": [], ""<class 'abc.NT_0009_P_00002'>"": [], ""<class 'abc.NT_0009_P_00003'>"": [], ""<class 'abc.NT_0009_P_00004'>"": [], ""<class 'abc.NT_0010_P_00005'>"": [], ""<class 'abc.NT_0010_P_00006'>"": [], '$leftovers': [30991, 71325, 99256, 76301, 95693, 34122, 53952, 55672, 74831, 33963, 25015, 25697, 7592, 13690, 41603, 28828, 1846, 59419, 50863, 95750, 68544, 33751, 67086, 76352, 50275, 33813, 72521, 72186, 98367, 89110, 82056, 74758, 66368, 72604, 26616, 95885, 5264, 24236, 31002, 72786, 81453, 1549, 58861, 79208, 25327, 61699, 15666, 70132, 5604, 37976, 96197, 2135, 75049, 31492, 45828, 69192, 23886, 73401, 14363, 57489, 62600, 98230, 9181, 95579, 43563, 90001, 10166, 37716, 81042, 70856, 13122, 24742, 63023, 17296, 11162, 35926, 83920, 36824, 91962, 58024, 27633, 13217, 56880, 30598, 66637, 54630, 58415, 54841, 82919, 35232, 49917, 17273, 79974, 17408, 31831, 87760, 29062, 14159, 29820, 5544, 41099, 45482, 2367, 64759, 21373, 78063, 60377, 57592, 80389, 75806, 7140, 12762, 52584, 44029, 83065, 36358, 92073, 35502, 89851, 86918, 68167, 22970, 33999, 40707, 73232, 67107, 4690, 27422, 72591, 34525, 90618, 2963, 85885, 80470, 94309, 72287, 86237, 30800, 21730, 52145, 25063, 99142, 45233, 92389, 19816, 53209, 72995, 23801, 95121, 45638, 11339, 15054, 40314, 16381, 79668, 56708, 97137, 22673, 80400, 80443, 24458, 37011, 58667, 75764, 53847, 74996, 93872, 46267, 41769, 85089, 9643, 86889, 97627, 33079, 933, 43196, 52217, 79122, 46989, 50182, 64937, 60213, 16879, 63767, 55027, 27313, 18196, 50575, 90581, 8996, 89436, 11012, 91016, 57772, 10236, 47256, 19254, 76575, 44892, 57875, 3503, 27780, 56113, 13767, 20496, 36810, 88578, 50995, 20368, 96919, 63509, 78725, 22186, 21940, 83357, 70821, 62407, 5751, 99417, 54484, 84347, 49869, 59120, 77472, 71055, 75216, 32877, 52229, 43027, 52944, 84829, 51449, 27475, 27630, 13347, 93840, 82893, 31266, 77927, 44060, 63854, 26220, 14191, 5875, 72995, 94210, 4812, 36293, 60877, 38524, 53538, 55421, 57401, 6707, 31836, 5558, 72593, 56812, 95547, 72912, 18618, 75443, 78171, 11735, 35054, 94765, 87027, 57565, 4412, 48777, 17618, 18044, 80027, 77395, 39289, 29056, 72558, 46347, 83019, 73372, 48356, 18386, 80834, 35099, 61279, 69867, 10554, 17785, 24597, 21526, 52000, 84035, 68241, 86236, 90584, 56916, 4321, 21106, 3209, 53370, 14502, 4043, 3741, 48190, 62568, 85240, 30739, 34688, 33162, 38929, 40707, 9334, 70094, 294, 70936, 86179, 55931, 16143, 22646, 9862, 78881, 12560, 83625, 7134, 61874, 91203, 46269, 47110, 83843, 5289, 74137, 88273, 14580, 47344, 60753, 19167, 40339, 79020, 71132, 72253, 89884, 55934, 54064, 74742, 75597, 86320, 15369, 63397, 46665, 17800, 14718, 59462, 83731, 50541, 53632, 34874, 68412, 2214, 3157, 78677, 23641, 67143, 58266, 39232, 74667, 18780, 43657, 73836, 21147, 90021, 98970, 11732, 28569, 99269, 41709, 68360, 42589, 70863, 97958, 97500, 40709, 92966, 21694, 40040, 15592, 22426, 52529, 8629, 24081, 50548, 58167, 84087, 80087, 55979, 12478, 75863, 55100, 52426, 86114, 99605, 40435, 5992, 58835, 61375, 29923, 65710, 80868, 92180, 69393, 41505, 62791, 18731, 18953, 11106, 22971, 47087, 67395, 8258, 12800, 44872, 82838, 62992, 14599, 48272, 40211, 34341, 21057, 28702, 52824, 50572, 82640, 12559, 6067, 48063, 59935, 26657, 3055, 87176, 89751, 87167, 14129, 36152, 74245, 44747, 51354, 75606, 24046, 98077, 96803, 82440, 70055, 51399, 43781, 35119, 45388, 14656, 55187, 5401, 8942, 17594, 59726, 44804, 51824, 97127, 93212, 46736, 55514, 73728, 42663, 19730, 19118, 31504, 24324, 14360, 71402, 35819, 66623, 33391, 84006, 2911, 97136, 67491, 11377, 49060, 65542, 72990, 114, 23028, 6641, 27228, 3801, 4956, 62586, 14141, 70080, 75547, 78994, 65918, 560, 46101, 31529, 66655, 31719, 5956, 96644, 67012, 78144, 3048, 45105, 7215, 83884, 11279, 16049, 66710, 25797, 40844, 87206, 63324, 41774, 57371, 78550, 22173, 30307, 13444, 29382, 32923, 31372, 98768, 620, 84539, 52981, 46001, 96637, 98145, 70426, 17494, 64405, 42589, 15179, 68644, 27071, 13450, 95253, 45532, 96961, 62333, 11781, 32318, 82849, 54636, 12447, 1814, 30737, 3786, 72534, 1553, 67307, 88836, 53336, 60684, 5299, 69670, 93727, 24264, 65067, 51522, 39043, 6477, 55629, 2045, 64874, 64874, 93396, 99449, 22991, 2252, 65473, 51372, 84312, 95735, 39003, 62906, 71229, 74579, 17862, 12605, 66123, 12351, 5404, 1510, 13832, 51398, 43597, 86043, 45546, 50420, 68348, 45911, 17136, 91393, 29118, 76555, 7357, 11300, 51742, 333, 26830, 75555, 2331, 96635, 13605, 21847, 8187, 79899, 51411, 91776, 29149, 96412, 70544, 75327, 30017, 64797, 45663, 36499, 35707, 5655, 58962, 70918, 30728, 28698, 2763, 45752, 53106, 82946, 39676, 58721, 64695, 96504, 11019, 19011, 33978, 82026, 62216, 86549, 70888, 51675, 18118, 44149, 304, 65154, 36993, 6719, 70749, 97700, 69122, 18232, 60931, 25664, 33495, 71133, 59877, 99870, 53079, 77835, 65833, 47081, 384, 86289, 42953, 38560, 17803, 33158, 87143, 3202, 80836, 24559, 25480, 24884, 20970, 78849, 96190, 23338, 56243, 28044, 1806, 43098, 94629, 1557, 75946, 69931, 66152, 83354, 38712, 69524, 66843, 29150, 61796, 59849, 85600, 73561, 8370, 32232, 13997, 66493, 75770, 25037, 41313, 81709, 42770, 35823, 5767, 84597, 6127, 36332, 59300, 14612, 84423, 75500, 4652, 15299, 11866, 73468, 89289, 30402, 81756, 68438, 35166, 55904, 13846, 18702, 799, 42978, 42363, 81775, 82039, 83706, 66787, 77082, 77233, 90355, 92042, 96322, 19227, 61963, 89603, 77545, 6052, 3841, 18717, 8234, 40730, 2563, 59226, 40967, 20584, 89858, 2564, 5878, 37612, 97484, 83865, 55142, 71000, 19072, 8974, 77980, 38107, 22222, 6344, 29047, 58559, 78236, 92489, 35351, 52880, 4784, 75272, 7172, 14821, 69925, 48597, 36800, 79837, 61052, 92728, 80840, 76556, 35926, 45963, 39089, 13982, 99317, 41515, 54213, 5759, 15167, 75711, 94811, 10683, 62537, 60034, 52454, 34102, 45807, 41806, 62006, 5254, 39376, 56753, 187, 90094, 45504, 96638, 10503, 14605, 12369, 14432, 31110, 66366, 82294, 58782, 82122, 93759, 61568, 45358, 83396, 56007, 22346, 66542, 25137, 68312, 52464, 36527, 57473, 69800, 52446, 72031, 53744, 47922, 16738, 49867, 32313, 76536, 62962, 51773, 12155, 8875, 76172, 34750, 32742, 97811, 88073, 51338, 30794, 91006, 86416, 39880, 1952, 1988, 834, 62791, 67483, 70617, 36464, 94648, 90108, 1096, 63154, 60062, 94902, 97514, 37054, 72006, 93872, 51641, 95146, 29421, 13699, 69458, 65880, 5195, 64127, 49560, 11459, 71639, 53906, 78595, 61247, 38, 96621, 9490, 10431, 14318, 66154, 77198, 68556, 55459, 96467, 72843, 20962, 56323, 81690, 9497, 25412, 82928, 49217, 52686, 94969, 92492, 21761, 71648, 29956, 62011, 95264, 32476, 14571, 57797, 89984, 56359, 10135, 93277, 26149, 81033, 35003, 9263, 28190, 31612, 31319, 51082, 62322, 43964, 54411, 62127, 34041, 1407, 30008, 37444, 91432, 17575, 63516, 79823, 24359, 57939, 44660, 66, 72073, 42472, 94120, 65635, 81958, 37791, 55580, 41268, 69239, 35124, 6540, 98481, 46755, 25404, 67577, 65846, 29030, 46115, 80925, 52269, 5028, 9163, 60505, 33992, 22030, 94004, 52956, 42555, 32674, 98143, 24692, 8450, 53283, 2014, 7396, 66, 78982, 83694, 22573, 2780, 14252, 55750, 49033, 93213, 40123, 40063, 85147, 53609, 43278, 5175, 49000, 61144, 18853, 22685, 65944]})"
799.0,9,128,13,115.75027441978455,10180,"Genotype(dna={""<class 'abc.NT_0010'>"": [0, 0, 0, 0, 0, 1, 85147], ""<class 'abc.NT_0010_P_00000'>"": [], ""<class 'abc.NT_0007'>"": [], ""<class 'abc.NT_0007_P_00000'>"": [], ""<class 'abc.NT_0004'>"": [], ""<class 'abc.NT_0004_P_00000'>"": [], ""<class 'int'>"": [77126, 43201, 14674, 75809, 4326, 67271, 38350, 87430, 97011, 55942, 4506, 59964, 42225, 57077, 24342, 14478, 93904, 80839, 76441, 74856, 50058, 3411, 8626, 26055, 29274, 58967, 78993, 14828, 751, 67511, 28585, 12825, 23966, 7277, 99825, 74879, 55352, 55331, 363, 45016, 14379, 61509, 2069, 28699, 80396, 62952, 61201, 59585, 6749, 85094, 61965, 7610, 26258, 28296, 93033, 83162, 30096, 44060, 62884, 81104, 35245, 6364, 80462, 83171, 68919, 29950, 26707, 81924, 38153, 22585, 59277, 34382, 15383, 94500, 26532, 22254, 60581, 3345, 80271, 57971, 66816, 27488, 49989, 88487, 67815, 33251, 9814, 70899, 70376, 6572, 16025, 47013, 16359, 28708, 8258, 32360, 60550, 42267, 55413, 66178, 58891, 3524, 17413, 2205, 74754, 63914, 19152, 98442, 7431, 89440, 82080, 50837, 75285, 21620, 27020, 21639, 55890, 54599, 20169, 33311, 32242, 53498, 46439, 80881, 76188, 26746, 1133, 75300, 28413, 28258, 74339, 48912, 89430, 54118, 78957, 8190, 11376, 81490, 34042, 77295, 38509, 25473, 21325, 74688, 33757, 73445, 1092, 88730, 91008, 96974, 36419, 85058, 83462, 49605, 19202, 97630, 772, 92230, 92668, 49000], ""<class 'abc.NT_0001'>"": [], ""<class 'abc.NT_0001_P_00000'>"": [], ""<class 'bool'>"": [97837, 26792, 43510, 17549, 32334, 79141, 31637, 40541, 53775, 17842, 69311, 43769, 97227, 1539, 80259, 78373, 75096, 56123, 57441, 16081, 65316, 16235, 17109, 80941, 76389, 78069, 69895, 52794, 33022, 9796, 7359, 78315, 34322, 36292, 844, 88015, 38332, 33443, 63109, 17649, 96270, 54808, 23847, 83837, 35232, 86023, 34733, 31389, 58788, 74731, 58899, 37944, 94868, 87736, 94803, 79241, 69192, 55877, 78874, 36565, 40804, 7607, 84620, 28560, 70055, 35083, 5624, 91838, 51453, 57692, 93844, 20824, 88083, 79346, 19552, 58622, 55206, 19601, 11266, 14712, 78821, 89358, 87276, 44542, 39043, 38741, 63663, 5480, 36721, 81387, 89872, 25618, 37326, 81250, 5804, 74057, 77241, 77936, 68435, 62546, 87885, 4720, 53507, 58847, 91566, 75573, 68476, 74008, 78169, 53227, 17504, 76054, 95332, 18131, 3746, 8357, 59409, 1054, 50357, 66110, 59621, 56020, 67103, 34074, 67268, 53023, 41771, 66382, 84834, 43871, 11081, 26348, 47197, 85835, 50198, 46301, 33767, 61666, 71524, 61482, 55090, 38849, 95324, 45414, 58081, 48962, 50417, 14456, 31766, 22437, 12039, 94697, 87951, 37997, 60890, 80264, 94621, 54774, 6977, 28274, 14326, 73207, 77563, 61868, 35583, 91136, 64724, 85540, 67704, 71541, 18881, 33866, 79351, 53072, 20293, 40545, 12273, 37918, 23105, 5631, 38294, 55444, 26861, 796, 78014, 58417, 6625, 97742, 85703, 35222, 94130, 9869, 81419, 78377, 47638, 17917, 93700, 83016, 79750, 29518, 8683, 25170, 38117, 1270, 87580, 76026, 6813, 5175], ""<class 'abc.NT_0000'>"": [6, 81341, 2, 0, 0, 0, 0, 0, 5, 3, 0, 0, 0, 64878, 4, 6, 3, 3, 6, 5, 1, 1, 2, 5, 1, 5, 0, 1, 1, 1, 0, 6, 3, 4, 4, 2, 0, 5, 2, 0, 6, 4, 5, 6, 0, 3, 2, 5, 3, 5, 3, 2, 2, 2, 5, 1, 0, 6, 90454, 2, 3, 0, 5, 4, 3, 0, 0, 0, 0, 73098, 0, 0, 0, 0, 5, 3, 2, 1, 5, 4, 0, 2, 2, 1, 75691, 72824, 98505, 4, 1, 2, 3, 0, 0, 0, 0, 0, 0, 0, 0, 6, 1, 0, 4, 0, 5, 0, 0, 0, 0, 5, 3, 37973, 4, 6, 4, 3, 6, 4, 1, 16791, 3, 2, 5, 5, 6, 3, 0, 23028, 5, 25454, 1, 6, 1, 3, 5, 3, 6, 4, 1, 0, 0, 0, 0, 0, 2, 6, 2, 2, 6, 2, 1, 71077, 6, 1, 3, 6, 4, 6, 1, 43278, 18853, 22685, 65944], ""<class 'abc.NT_0000_P_00000'>"": [], ""<class 'abc.NT_0000_P_00001'>"": [], ""<class 'abc.NT_0000_P_00002'>"": [], ""<class 'abc.NT_0000_P_00003'>"": [], ""<class 'abc.NT_0000_P_00004'>"": [], ""<class 'abc.NT_0000_P_00005'>"": [], ""<class 'abc.NT_0000_P_00006'>"": [], ""<class 'abc.NT_0001_P_00001'>"": [], ""<class 'abc.NT_0001_P_00002'>"": [], ""<class 'abc.NT_0004_P_00001'>"": [], ""<class 'abc.NT_0003'>"": [], ""<class 'abc.NT_0003_P_00000'>"": [], ""<class 'abc.NT_0002'>"": [], ""<class 'abc.NT_0002_P_00000'>"": [], ""<class 'abc.NT_0002_P_00001'>"": [], ""<class 'abc.NT_0002_P_00002'>"": [], ""<class 'abc.NT_0002_P_00003'>"": [], ""<class 'abc.NT_0002_P_00004'>"": [], ""<class 'abc.NT_0002_P_00005'>"": [], ""<class 'abc.NT_0002_P_00006'>"": [], ""<class 'abc.NT_0002_P_00007'>"": [], ""<class 'abc.NT_0003_P_00001'>"": [], ""<class 'abc.NT_0006'>"": [0, 0, 0, 0, 0, 0, 0, 0, 0, 0, 61144], ""<class 'abc.NT_0006_P_00000'>"": [], ""<class 'abc.NT_0005'>"": [], ""<class 'abc.NT_0005_P_00000'>"": [], ""<class 'abc.NT_0005_P_00001'>"": [], ""<class 'abc.NT_0005_P_00002'>"": [], ""<class 'abc.NT_0005_P_00003'>"": [], ""<class 'abc.NT_0005_P_00004'>"": [], ""<class 'abc.NT_0005_P_00005'>"": [], ""<class 'abc.NT_0005_P_00006'>"": [], ""<class 'abc.NT_0006_P_00001'>"": [], ""<class 'abc.NT_0006_P_00002'>"": [], ""<class 'abc.NT_0006_P_00003'>"": [], ""<class 'abc.NT_0006_P_00004'>"": [], ""<class 'abc.NT_0006_P_00005'>"": [], ""<class 'abc.NT_0006_P_00006'>"": [], ""<class 'abc.NT_0006_P_00007'>"": [], ""<class 'abc.NT_0007_P_00001'>"": [], ""<class 'abc.NT_0007_P_00002'>"": [], ""<class 'abc.NT_0007_P_00003'>"": [], ""<class 'abc.NT_0007_P_00004'>"": [], ""<class 'abc.NT_0007_P_00005'>"": [], ""<class 'abc.NT_0010_P_00001'>"": [], ""<class 'abc.NT_0008'>"": [1, 1, 0, 1, 0, 1, 1, 0, 0, 0, 53609], ""<class 'abc.NT_0008_P_00000'>"": [], ""<class 'abc.NT_0008_P_00001'>"": [], ""<class 'abc.NT_0008_P_00002'>"": [], ""<class 'abc.NT_0008_P_00003'>"": [], ""<class 'abc.NT_0008_P_00004'>"": [], ""<class 'abc.NT_0010_P_00002'>"": [], ""<class 'abc.NT_0010_P_00003'>"": [], ""<class 'abc.NT_0010_P_00004'>"": [], ""<class 'abc.NT_0009'>"": [], ""<class 'abc.NT_0009_P_00000'>"": [], ""<class 'abc.NT_0009_P_00001'>"": [], ""<class 'abc.NT_0009_P_00002'>"": [], ""<class 'abc.NT_0009_P_00003'>"": [], ""<class 'abc.NT_0009_P_00004'>"": [], ""<class 'abc.NT_0010_P_00005'>"": [], ""<class 'abc.NT_0010_P_00006'>"": [], '$leftovers': [30991, 71325, 99256, 76301, 95693, 34122, 53952, 55672, 74831, 33963, 25015, 25697, 7592, 13690, 41603, 28828, 1846, 59419, 50863, 95750, 68544, 33751, 67086, 76352, 50275, 33813, 72521, 72186, 98367, 89110, 82056, 74758, 66368, 72604, 26616, 95885, 5264, 24236, 31002, 72786, 81453, 1549, 58861, 79208, 25327, 61699, 15666, 70132, 5604, 37976, 96197, 2135, 75049, 31492, 45828, 69192, 23886, 73401, 14363, 57489, 62600, 98230, 9181, 95579, 43563, 90001, 10166, 37716, 81042, 70856, 13122, 24742, 63023, 17296, 11162, 35926, 83920, 36824, 91962, 58024, 27633, 13217, 56880, 30598, 66637, 54630, 58415, 54841, 82919, 35232, 49917, 17273, 79974, 17408, 31831, 87760, 29062, 14159, 29820, 5544, 41099, 45482, 2367, 64759, 21373, 78063, 60377, 57592, 80389, 75806, 7140, 12762, 52584, 44029, 83065, 36358, 92073, 35502, 89851, 86918, 68167, 22970, 33999, 40707, 73232, 67107, 4690, 27422, 72591, 34525, 90618, 2963, 85885, 80470, 94309, 72287, 86237, 30800, 21730, 52145, 25063, 99142, 45233, 92389, 19816, 53209, 72995, 23801, 95121, 45638, 11339, 15054, 40314, 16381, 79668, 56708, 97137, 22673, 80400, 80443, 24458, 37011, 58667, 75764, 53847, 74996, 93872, 46267, 41769, 85089, 9643, 86889, 97627, 33079, 933, 43196, 52217, 79122, 46989, 50182, 64937, 60213, 16879, 63767, 55027, 27313, 18196, 50575, 90581, 8996, 89436, 11012, 91016, 57772, 10236, 47256, 19254, 76575, 44892, 57875, 3503, 27780, 56113, 13767, 20496, 36810, 88578, 50995, 20368, 96919, 63509, 78725, 22186, 21940, 83357, 70821, 62407, 5751, 99417, 54484, 84347, 49869, 59120, 77472, 71055, 75216, 32877, 52229, 43027, 52944, 84829, 51449, 27475, 27630, 13347, 93840, 82893, 31266, 77927, 44060, 63854, 26220, 14191, 5875, 72995, 94210, 4812, 36293, 60877, 38524, 53538, 55421, 57401, 6707, 31836, 5558, 72593, 56812, 95547, 72912, 18618, 75443, 78171, 11735, 35054, 94765, 87027, 57565, 4412, 48777, 17618, 18044, 80027, 77395, 39289, 29056, 72558, 46347, 83019, 73372, 48356, 18386, 80834, 35099, 61279, 69867, 10554, 17785, 24597, 21526, 52000, 84035, 68241, 86236, 90584, 56916, 4321, 21106, 3209, 53370, 14502, 4043, 3741, 48190, 62568, 85240, 30739, 34688, 33162, 38929, 40707, 9334, 70094, 294, 70936, 86179, 55931, 16143, 22646, 9862, 78881, 12560, 83625, 7134, 61874, 91203, 46269, 47110, 83843, 5289, 74137, 88273, 14580, 47344, 60753, 19167, 40339, 79020, 71132, 72253, 89884, 55934, 54064, 74742, 75597, 86320, 15369, 63397, 46665, 17800, 14718, 59462, 83731, 50541, 53632, 34874, 68412, 2214, 3157, 78677, 23641, 67143, 58266, 39232, 74667, 18780, 43657, 73836, 21147, 90021, 98970, 11732, 28569, 99269, 41709, 68360, 42589, 70863, 97958, 97500, 40709, 92966, 21694, 40040, 15592, 22426, 52529, 8629, 24081, 50548, 58167, 84087, 80087, 55979, 12478, 75863, 55100, 52426, 86114, 99605, 40435, 5992, 58835, 61375, 29923, 65710, 80868, 92180, 69393, 41505, 62791, 18731, 18953, 11106, 22971, 47087, 67395, 8258, 12800, 44872, 82838, 62992, 14599, 48272, 40211, 34341, 21057, 28702, 52824, 50572, 82640, 12559, 6067, 48063, 59935, 26657, 3055, 87176, 89751, 87167, 14129, 36152, 74245, 44747, 51354, 75606, 24046, 98077, 96803, 82440, 70055, 51399, 43781, 35119, 45388, 14656, 55187, 5401, 8942, 17594, 59726, 44804, 51824, 97127, 93212, 46736, 55514, 73728, 42663, 19730, 19118, 31504, 24324, 14360, 71402, 35819, 66623, 33391, 84006, 2911, 97136, 67491, 11377, 49060, 65542, 72990, 114, 23028, 6641, 27228, 3801, 4956, 62586, 14141, 70080, 75547, 78994, 65918, 560, 46101, 31529, 66655, 31719, 5956, 96644, 67012, 78144, 3048, 45105, 7215, 83884, 11279, 16049, 66710, 25797, 40844, 87206, 63324, 41774, 57371, 78550, 22173, 30307, 13444, 29382, 32923, 31372, 98768, 620, 84539, 52981, 46001, 96637, 98145, 70426, 17494, 64405, 42589, 15179, 68644, 27071, 13450, 95253, 45532, 96961, 62333, 11781, 32318, 82849, 54636, 12447, 1814, 30737, 3786, 72534, 1553, 67307, 88836, 53336, 60684, 5299, 69670, 93727, 24264, 65067, 51522, 39043, 6477, 55629, 2045, 64874, 64874, 93396, 99449, 22991, 2252, 65473, 51372, 84312, 95735, 39003, 62906, 71229, 74579, 17862, 12605, 66123, 12351, 5404, 1510, 13832, 51398, 43597, 86043, 45546, 50420, 68348, 45911, 17136, 91393, 29118, 76555, 7357, 11300, 51742, 333, 26830, 75555, 2331, 96635, 13605, 21847, 8187, 79899, 51411, 91776, 29149, 96412, 70544, 75327, 30017, 64797, 45663, 36499, 35707, 5655, 58962, 70918, 30728, 28698, 2763, 45752, 53106, 82946, 39676, 58721, 64695, 96504, 11019, 19011, 33978, 82026, 62216, 86549, 70888, 51675, 18118, 44149, 304, 65154, 36993, 6719, 70749, 97700, 69122, 18232, 60931, 25664, 33495, 71133, 59877, 99870, 53079, 77835, 65833, 47081, 384, 86289, 42953, 38560, 17803, 33158, 87143, 3202, 80836, 24559, 25480, 24884, 20970, 78849, 96190, 23338, 56243, 28044, 1806, 43098, 94629, 1557, 75946, 69931, 66152, 83354, 38712, 69524, 66843, 29150, 61796, 59849, 85600, 73561, 8370, 32232, 13997, 66493, 75770, 25037, 41313, 81709, 42770, 35823, 5767, 84597, 6127, 36332, 59300, 14612, 84423, 75500, 4652, 15299, 11866, 73468, 89289, 30402, 81756, 68438, 35166, 55904, 13846, 18702, 799, 42978, 42363, 81775, 82039, 83706, 66787, 77082, 77233, 90355, 92042, 96322, 19227, 61963, 89603, 77545, 6052, 3841, 18717, 8234, 40730, 2563, 59226, 40967, 20584, 89858, 2564, 5878, 37612, 97484, 83865, 55142, 71000, 19072, 8974, 77980, 38107, 22222, 6344, 29047, 58559, 78236, 92489, 35351, 52880, 4784, 75272, 7172, 14821, 69925, 48597, 36800, 79837, 61052, 92728, 80840, 76556, 35926, 45963, 39089, 13982, 99317, 41515, 54213, 5759, 15167, 75711, 94811, 10683, 62537, 60034, 52454, 34102, 45807, 41806, 62006, 5254, 39376, 56753, 187, 90094, 45504, 96638, 10503, 14605, 12369, 14432, 31110, 66366, 82294, 58782, 82122, 93759, 61568, 45358, 83396, 56007, 22346, 66542, 25137, 68312, 52464, 36527, 57473, 69800, 52446, 72031, 53744, 47922, 16738, 49867, 32313, 76536, 62962, 51773, 12155, 8875, 76172, 34750, 32742, 97811, 88073, 51338, 30794, 91006, 86416, 39880, 1952, 1988, 834, 62791, 67483, 70617, 36464, 94648, 90108, 1096, 63154, 60062, 94902, 97514, 37054, 72006, 93872, 51641, 95146, 29421, 13699, 69458, 65880, 5195, 64127, 49560, 11459, 71639, 53906, 78595, 61247, 38, 96621, 9490, 10431, 14318, 66154, 77198, 68556, 55459, 96467, 72843, 20962, 56323, 81690, 9497, 25412, 82928, 49217, 52686, 94969, 92492, 21761, 71648, 29956, 62011, 95264, 32476, 14571, 57797, 89984, 56359, 10135, 93277, 26149, 81033, 35003, 9263, 28190, 31612, 31319, 51082, 62322, 43964, 54411, 62127, 34041, 1407, 30008, 37444, 91432, 17575, 63516, 79823, 24359, 57939, 44660, 66, 72073, 42472, 94120, 65635, 81958, 37791, 55580, 41268, 69239, 35124, 6540, 98481, 46755, 25404, 67577, 65846, 29030, 46115, 80925, 52269, 5028, 9163, 60505, 33992, 22030, 94004, 52956, 42555, 32674, 98143, 24692, 8450, 53283, 2014, 7396, 66, 78982, 83694, 22573, 2780, 14252, 55750, 49033, 93213, 40123, 40063, 85147, 53609, 43278, 5175, 49000, 61144, 18853, 22685, 65944]})"
799.0,9,128,14,117.01067733764648,10180,"Genotype(dna={""<class 'abc.NT_0010'>"": [0, 0, 0, 0, 0, 1, 85147], ""<class 'abc.NT_0010_P_00000'>"": [], ""<class 'abc.NT_0007'>"": [], ""<class 'abc.NT_0007_P_00000'>"": [], ""<class 'abc.NT_0004'>"": [], ""<class 'abc.NT_0004_P_00000'>"": [], ""<class 'int'>"": [77126, 43201, 14674, 75809, 4326, 67271, 38350, 87430, 97011, 55942, 4506, 59964, 42225, 57077, 24342, 14478, 93904, 80839, 76441, 74856, 50058, 3411, 8626, 26055, 29274, 58967, 78993, 14828, 751, 67511, 28585, 12825, 23966, 7277, 99825, 74879, 55352, 55331, 363, 45016, 14379, 61509, 2069, 28699, 80396, 62952, 61201, 59585, 6749, 85094, 61965, 7610, 26258, 28296, 93033, 83162, 30096, 44060, 62884, 81104, 35245, 6364, 80462, 83171, 68919, 29950, 26707, 81924, 38153, 22585, 59277, 34382, 15383, 94500, 26532, 22254, 60581, 3345, 80271, 57971, 66816, 27488, 49989, 88487, 67815, 33251, 9814, 70899, 70376, 6572, 16025, 47013, 16359, 28708, 8258, 32360, 60550, 42267, 55413, 66178, 58891, 3524, 17413, 2205, 74754, 63914, 19152, 98442, 7431, 89440, 82080, 50837, 75285, 21620, 27020, 21639, 55890, 54599, 20169, 33311, 32242, 53498, 46439, 80881, 76188, 26746, 1133, 75300, 28413, 28258, 74339, 48912, 89430, 54118, 78957, 8190, 11376, 81490, 34042, 77295, 38509, 25473, 21325, 74688, 33757, 73445, 1092, 88730, 91008, 96974, 36419, 85058, 83462, 49605, 19202, 97630, 772, 92230, 92668, 49000], ""<class 'abc.NT_0001'>"": [], ""<class 'abc.NT_0001_P_00000'>"": [], ""<class 'bool'>"": [97837, 26792, 43510, 17549, 32334, 79141, 31637, 40541, 53775, 17842, 69311, 43769, 97227, 1539, 80259, 78373, 75096, 56123, 57441, 16081, 65316, 16235, 17109, 80941, 76389, 78069, 69895, 52794, 33022, 9796, 7359, 78315, 34322, 36292, 844, 88015, 38332, 33443, 63109, 17649, 96270, 54808, 23847, 83837, 35232, 86023, 34733, 31389, 58788, 74731, 58899, 37944, 94868, 87736, 94803, 79241, 69192, 55877, 78874, 36565, 40804, 7607, 84620, 28560, 70055, 35083, 5624, 91838, 51453, 57692, 93844, 20824, 88083, 79346, 19552, 58622, 55206, 19601, 11266, 14712, 78821, 89358, 87276, 44542, 39043, 38741, 63663, 5480, 36721, 81387, 89872, 25618, 37326, 81250, 5804, 74057, 77241, 77936, 68435, 62546, 87885, 4720, 53507, 58847, 91566, 75573, 68476, 74008, 78169, 53227, 17504, 76054, 95332, 18131, 3746, 8357, 59409, 1054, 50357, 66110, 59621, 56020, 67103, 34074, 67268, 53023, 41771, 66382, 84834, 43871, 11081, 26348, 47197, 85835, 50198, 46301, 33767, 61666, 71524, 61482, 55090, 38849, 95324, 45414, 58081, 48962, 50417, 14456, 31766, 22437, 12039, 94697, 87951, 37997, 60890, 80264, 94621, 54774, 6977, 28274, 14326, 73207, 77563, 61868, 35583, 91136, 64724, 85540, 67704, 71541, 18881, 33866, 79351, 53072, 20293, 40545, 12273, 37918, 23105, 5631, 38294, 55444, 26861, 796, 78014, 58417, 6625, 97742, 85703, 35222, 94130, 9869, 81419, 78377, 47638, 17917, 93700, 83016, 79750, 29518, 8683, 25170, 38117, 1270, 87580, 76026, 6813, 5175], ""<class 'abc.NT_0000'>"": [6, 81341, 2, 0, 0, 0, 0, 0, 5, 3, 0, 0, 0, 64878, 4, 6, 3, 3, 6, 5, 1, 1, 2, 5, 1, 5, 0, 1, 1, 1, 0, 6, 3, 4, 4, 2, 0, 5, 2, 0, 6, 4, 5, 6, 0, 3, 2, 5, 3, 5, 3, 2, 2, 2, 5, 1, 0, 6, 90454, 2, 3, 0, 5, 4, 3, 0, 0, 0, 0, 73098, 0, 0, 0, 0, 5, 3, 2, 1, 5, 4, 0, 2, 2, 1, 75691, 72824, 98505, 4, 1, 2, 3, 0, 0, 0, 0, 0, 0, 0, 0, 6, 1, 0, 4, 0, 5, 0, 0, 0, 0, 5, 3, 37973, 4, 6, 4, 3, 6, 4, 1, 16791, 3, 2, 5, 5, 6, 3, 0, 23028, 5, 25454, 1, 6, 1, 3, 5, 3, 6, 4, 1, 0, 0, 0, 0, 0, 2, 6, 2, 2, 6, 2, 1, 71077, 6, 1, 3, 6, 4, 6, 1, 43278, 18853, 22685, 65944], ""<class 'abc.NT_0000_P_00000'>"": [], ""<class 'abc.NT_0000_P_00001'>"": [], ""<class 'abc.NT_0000_P_00002'>"": [], ""<class 'abc.NT_0000_P_00003'>"": [], ""<class 'abc.NT_0000_P_00004'>"": [], ""<class 'abc.NT_0000_P_00005'>"": [], ""<class 'abc.NT_0000_P_00006'>"": [], ""<class 'abc.NT_0001_P_00001'>"": [], ""<class 'abc.NT_0001_P_00002'>"": [], ""<class 'abc.NT_0004_P_00001'>"": [], ""<class 'abc.NT_0003'>"": [], ""<class 'abc.NT_0003_P_00000'>"": [], ""<class 'abc.NT_0002'>"": [], ""<class 'abc.NT_0002_P_00000'>"": [], ""<class 'abc.NT_0002_P_00001'>"": [], ""<class 'abc.NT_0002_P_00002'>"": [], ""<class 'abc.NT_0002_P_00003'>"": [], ""<class 'abc.NT_0002_P_00004'>"": [], ""<class 'abc.NT_0002_P_00005'>"": [], ""<class 'abc.NT_0002_P_00006'>"": [], ""<class 'abc.NT_0002_P_00007'>"": [], ""<class 'abc.NT_0003_P_00001'>"": [], ""<class 'abc.NT_0006'>"": [0, 0, 0, 0, 0, 0, 0, 0, 0, 0, 61144], ""<class 'abc.NT_0006_P_00000'>"": [], ""<class 'abc.NT_0005'>"": [], ""<class 'abc.NT_0005_P_00000'>"": [], ""<class 'abc.NT_0005_P_00001'>"": [], ""<class 'abc.NT_0005_P_00002'>"": [], ""<class 'abc.NT_0005_P_00003'>"": [], ""<class 'abc.NT_0005_P_00004'>"": [], ""<class 'abc.NT_0005_P_00005'>"": [], ""<class 'abc.NT_0005_P_00006'>"": [], ""<class 'abc.NT_0006_P_00001'>"": [], ""<class 'abc.NT_0006_P_00002'>"": [], ""<class 'abc.NT_0006_P_00003'>"": [], ""<class 'abc.NT_0006_P_00004'>"": [], ""<class 'abc.NT_0006_P_00005'>"": [], ""<class 'abc.NT_0006_P_00006'>"": [], ""<class 'abc.NT_0006_P_00007'>"": [], ""<class 'abc.NT_0007_P_00001'>"": [], ""<class 'abc.NT_0007_P_00002'>"": [], ""<class 'abc.NT_0007_P_00003'>"": [], ""<class 'abc.NT_0007_P_00004'>"": [], ""<class 'abc.NT_0007_P_00005'>"": [], ""<class 'abc.NT_0010_P_00001'>"": [], ""<class 'abc.NT_0008'>"": [1, 1, 0, 1, 0, 1, 1, 0, 0, 0, 53609], ""<class 'abc.NT_0008_P_00000'>"": [], ""<class 'abc.NT_0008_P_00001'>"": [], ""<class 'abc.NT_0008_P_00002'>"": [], ""<class 'abc.NT_0008_P_00003'>"": [], ""<class 'abc.NT_0008_P_00004'>"": [], ""<class 'abc.NT_0010_P_00002'>"": [], ""<class 'abc.NT_0010_P_00003'>"": [], ""<class 'abc.NT_0010_P_00004'>"": [], ""<class 'abc.NT_0009'>"": [], ""<class 'abc.NT_0009_P_00000'>"": [], ""<class 'abc.NT_0009_P_00001'>"": [], ""<class 'abc.NT_0009_P_00002'>"": [], ""<class 'abc.NT_0009_P_00003'>"": [], ""<class 'abc.NT_0009_P_00004'>"": [], ""<class 'abc.NT_0010_P_00005'>"": [], ""<class 'abc.NT_0010_P_00006'>"": [], '$leftovers': [30991, 71325, 99256, 76301, 95693, 34122, 53952, 55672, 74831, 33963, 25015, 25697, 7592, 13690, 41603, 28828, 1846, 59419, 50863, 95750, 68544, 33751, 67086, 76352, 50275, 33813, 72521, 72186, 98367, 89110, 82056, 74758, 66368, 72604, 26616, 95885, 5264, 24236, 31002, 72786, 81453, 1549, 58861, 79208, 25327, 61699, 15666, 70132, 5604, 37976, 96197, 2135, 75049, 31492, 45828, 69192, 23886, 73401, 14363, 57489, 62600, 98230, 9181, 95579, 43563, 90001, 10166, 37716, 81042, 70856, 13122, 24742, 63023, 17296, 11162, 35926, 83920, 36824, 91962, 58024, 27633, 13217, 56880, 30598, 66637, 54630, 58415, 54841, 82919, 35232, 49917, 17273, 79974, 17408, 31831, 87760, 29062, 14159, 29820, 5544, 41099, 45482, 2367, 64759, 21373, 78063, 60377, 57592, 80389, 75806, 7140, 12762, 52584, 44029, 83065, 36358, 92073, 35502, 89851, 86918, 68167, 22970, 33999, 40707, 73232, 67107, 4690, 27422, 72591, 34525, 90618, 2963, 85885, 80470, 94309, 72287, 86237, 30800, 21730, 52145, 25063, 99142, 45233, 92389, 19816, 53209, 72995, 23801, 95121, 45638, 11339, 15054, 40314, 16381, 79668, 56708, 97137, 22673, 80400, 80443, 24458, 37011, 58667, 75764, 53847, 74996, 93872, 46267, 41769, 85089, 9643, 86889, 97627, 33079, 933, 43196, 52217, 79122, 46989, 50182, 64937, 60213, 16879, 63767, 55027, 27313, 18196, 50575, 90581, 8996, 89436, 11012, 91016, 57772, 10236, 47256, 19254, 76575, 44892, 57875, 3503, 27780, 56113, 13767, 20496, 36810, 88578, 50995, 20368, 96919, 63509, 78725, 22186, 21940, 83357, 70821, 62407, 5751, 99417, 54484, 84347, 49869, 59120, 77472, 71055, 75216, 32877, 52229, 43027, 52944, 84829, 51449, 27475, 27630, 13347, 93840, 82893, 31266, 77927, 44060, 63854, 26220, 14191, 5875, 72995, 94210, 4812, 36293, 60877, 38524, 53538, 55421, 57401, 6707, 31836, 5558, 72593, 56812, 95547, 72912, 18618, 75443, 78171, 11735, 35054, 94765, 87027, 57565, 4412, 48777, 17618, 18044, 80027, 77395, 39289, 29056, 72558, 46347, 83019, 73372, 48356, 18386, 80834, 35099, 61279, 69867, 10554, 17785, 24597, 21526, 52000, 84035, 68241, 86236, 90584, 56916, 4321, 21106, 3209, 53370, 14502, 4043, 3741, 48190, 62568, 85240, 30739, 34688, 33162, 38929, 40707, 9334, 70094, 294, 70936, 86179, 55931, 16143, 22646, 9862, 78881, 12560, 83625, 7134, 61874, 91203, 46269, 47110, 83843, 5289, 74137, 88273, 14580, 47344, 60753, 19167, 40339, 79020, 71132, 72253, 89884, 55934, 54064, 74742, 75597, 86320, 15369, 63397, 46665, 17800, 14718, 59462, 83731, 50541, 53632, 34874, 68412, 2214, 3157, 78677, 23641, 67143, 58266, 39232, 74667, 18780, 43657, 73836, 21147, 90021, 98970, 11732, 28569, 99269, 41709, 68360, 42589, 70863, 97958, 97500, 40709, 92966, 21694, 40040, 15592, 22426, 52529, 8629, 24081, 50548, 58167, 84087, 80087, 55979, 12478, 75863, 55100, 52426, 86114, 99605, 40435, 5992, 58835, 61375, 29923, 65710, 80868, 92180, 69393, 41505, 62791, 18731, 18953, 11106, 22971, 47087, 67395, 8258, 12800, 44872, 82838, 62992, 14599, 48272, 40211, 34341, 21057, 28702, 52824, 50572, 82640, 12559, 6067, 48063, 59935, 26657, 3055, 87176, 89751, 87167, 14129, 36152, 74245, 44747, 51354, 75606, 24046, 98077, 96803, 82440, 70055, 51399, 43781, 35119, 45388, 14656, 55187, 5401, 8942, 17594, 59726, 44804, 51824, 97127, 93212, 46736, 55514, 73728, 42663, 19730, 19118, 31504, 24324, 14360, 71402, 35819, 66623, 33391, 84006, 2911, 97136, 67491, 11377, 49060, 65542, 72990, 114, 23028, 6641, 27228, 3801, 4956, 62586, 14141, 70080, 75547, 78994, 65918, 560, 46101, 31529, 66655, 31719, 5956, 96644, 67012, 78144, 3048, 45105, 7215, 83884, 11279, 16049, 66710, 25797, 40844, 87206, 63324, 41774, 57371, 78550, 22173, 30307, 13444, 29382, 32923, 31372, 98768, 620, 84539, 52981, 46001, 96637, 98145, 70426, 17494, 64405, 42589, 15179, 68644, 27071, 13450, 95253, 45532, 96961, 62333, 11781, 32318, 82849, 54636, 12447, 1814, 30737, 3786, 72534, 1553, 67307, 88836, 53336, 60684, 5299, 69670, 93727, 24264, 65067, 51522, 39043, 6477, 55629, 2045, 64874, 64874, 93396, 99449, 22991, 2252, 65473, 51372, 84312, 95735, 39003, 62906, 71229, 74579, 17862, 12605, 66123, 12351, 5404, 1510, 13832, 51398, 43597, 86043, 45546, 50420, 68348, 45911, 17136, 91393, 29118, 76555, 7357, 11300, 51742, 333, 26830, 75555, 2331, 96635, 13605, 21847, 8187, 79899, 51411, 91776, 29149, 96412, 70544, 75327, 30017, 64797, 45663, 36499, 35707, 5655, 58962, 70918, 30728, 28698, 2763, 45752, 53106, 82946, 39676, 58721, 64695, 96504, 11019, 19011, 33978, 82026, 62216, 86549, 70888, 51675, 18118, 44149, 304, 65154, 36993, 6719, 70749, 97700, 69122, 18232, 60931, 25664, 33495, 71133, 59877, 99870, 53079, 77835, 65833, 47081, 384, 86289, 42953, 38560, 17803, 33158, 87143, 3202, 80836, 24559, 25480, 24884, 20970, 78849, 96190, 23338, 56243, 28044, 1806, 43098, 94629, 1557, 75946, 69931, 66152, 83354, 38712, 69524, 66843, 29150, 61796, 59849, 85600, 73561, 8370, 32232, 13997, 66493, 75770, 25037, 41313, 81709, 42770, 35823, 5767, 84597, 6127, 36332, 59300, 14612, 84423, 75500, 4652, 15299, 11866, 73468, 89289, 30402, 81756, 68438, 35166, 55904, 13846, 18702, 799, 42978, 42363, 81775, 82039, 83706, 66787, 77082, 77233, 90355, 92042, 96322, 19227, 61963, 89603, 77545, 6052, 3841, 18717, 8234, 40730, 2563, 59226, 40967, 20584, 89858, 2564, 5878, 37612, 97484, 83865, 55142, 71000, 19072, 8974, 77980, 38107, 22222, 6344, 29047, 58559, 78236, 92489, 35351, 52880, 4784, 75272, 7172, 14821, 69925, 48597, 36800, 79837, 61052, 92728, 80840, 76556, 35926, 45963, 39089, 13982, 99317, 41515, 54213, 5759, 15167, 75711, 94811, 10683, 62537, 60034, 52454, 34102, 45807, 41806, 62006, 5254, 39376, 56753, 187, 90094, 45504, 96638, 10503, 14605, 12369, 14432, 31110, 66366, 82294, 58782, 82122, 93759, 61568, 45358, 83396, 56007, 22346, 66542, 25137, 68312, 52464, 36527, 57473, 69800, 52446, 72031, 53744, 47922, 16738, 49867, 32313, 76536, 62962, 51773, 12155, 8875, 76172, 34750, 32742, 97811, 88073, 51338, 30794, 91006, 86416, 39880, 1952, 1988, 834, 62791, 67483, 70617, 36464, 94648, 90108, 1096, 63154, 60062, 94902, 97514, 37054, 72006, 93872, 51641, 95146, 29421, 13699, 69458, 65880, 5195, 64127, 49560, 11459, 71639, 53906, 78595, 61247, 38, 96621, 9490, 10431, 14318, 66154, 77198, 68556, 55459, 96467, 72843, 20962, 56323, 81690, 9497, 25412, 82928, 49217, 52686, 94969, 92492, 21761, 71648, 29956, 62011, 95264, 32476, 14571, 57797, 89984, 56359, 10135, 93277, 26149, 81033, 35003, 9263, 28190, 31612, 31319, 51082, 62322, 43964, 54411, 62127, 34041, 1407, 30008, 37444, 91432, 17575, 63516, 79823, 24359, 57939, 44660, 66, 72073, 42472, 94120, 65635, 81958, 37791, 55580, 41268, 69239, 35124, 6540, 98481, 46755, 25404, 67577, 65846, 29030, 46115, 80925, 52269, 5028, 9163, 60505, 33992, 22030, 94004, 52956, 42555, 32674, 98143, 24692, 8450, 53283, 2014, 7396, 66, 78982, 83694, 22573, 2780, 14252, 55750, 49033, 93213, 40123, 40063, 85147, 53609, 43278, 5175, 49000, 61144, 18853, 22685, 65944]})"
799.0,9,128,15,118.21512460708618,10180,"Genotype(dna={""<class 'abc.NT_0010'>"": [0, 0, 0, 0, 0, 1, 85147], ""<class 'abc.NT_0010_P_00000'>"": [], ""<class 'abc.NT_0007'>"": [], ""<class 'abc.NT_0007_P_00000'>"": [], ""<class 'abc.NT_0004'>"": [], ""<class 'abc.NT_0004_P_00000'>"": [], ""<class 'int'>"": [77126, 43201, 14674, 75809, 4326, 67271, 38350, 87430, 97011, 55942, 4506, 59964, 42225, 57077, 24342, 14478, 93904, 80839, 76441, 74856, 50058, 3411, 8626, 26055, 29274, 58967, 78993, 14828, 751, 67511, 28585, 12825, 23966, 7277, 99825, 74879, 55352, 55331, 363, 45016, 14379, 61509, 2069, 28699, 80396, 62952, 61201, 59585, 6749, 85094, 61965, 7610, 26258, 28296, 93033, 83162, 30096, 44060, 62884, 81104, 35245, 6364, 80462, 83171, 68919, 29950, 26707, 81924, 38153, 22585, 59277, 34382, 15383, 94500, 26532, 22254, 60581, 3345, 80271, 57971, 66816, 27488, 49989, 88487, 67815, 33251, 9814, 70899, 70376, 6572, 16025, 47013, 16359, 28708, 8258, 32360, 60550, 42267, 55413, 66178, 58891, 3524, 17413, 2205, 74754, 63914, 19152, 98442, 7431, 89440, 82080, 50837, 75285, 21620, 27020, 21639, 55890, 54599, 20169, 33311, 32242, 53498, 46439, 80881, 76188, 26746, 1133, 75300, 28413, 28258, 74339, 48912, 89430, 54118, 78957, 8190, 11376, 81490, 34042, 77295, 38509, 25473, 21325, 74688, 33757, 73445, 1092, 88730, 91008, 96974, 36419, 85058, 83462, 49605, 19202, 97630, 772, 92230, 92668, 49000], ""<class 'abc.NT_0001'>"": [], ""<class 'abc.NT_0001_P_00000'>"": [], ""<class 'bool'>"": [97837, 26792, 43510, 17549, 32334, 79141, 31637, 40541, 53775, 17842, 69311, 43769, 97227, 1539, 80259, 78373, 75096, 56123, 57441, 16081, 65316, 16235, 17109, 80941, 76389, 78069, 69895, 52794, 33022, 9796, 7359, 78315, 34322, 36292, 844, 88015, 38332, 33443, 63109, 17649, 96270, 54808, 23847, 83837, 35232, 86023, 34733, 31389, 58788, 74731, 58899, 37944, 94868, 87736, 94803, 79241, 69192, 55877, 78874, 36565, 40804, 7607, 84620, 28560, 70055, 35083, 5624, 91838, 51453, 57692, 93844, 20824, 88083, 79346, 19552, 58622, 55206, 19601, 11266, 14712, 78821, 89358, 87276, 44542, 39043, 38741, 63663, 5480, 36721, 81387, 89872, 25618, 37326, 81250, 5804, 74057, 77241, 77936, 68435, 62546, 87885, 4720, 53507, 58847, 91566, 75573, 68476, 74008, 78169, 53227, 17504, 76054, 95332, 18131, 3746, 8357, 59409, 1054, 50357, 66110, 59621, 56020, 67103, 34074, 67268, 53023, 41771, 66382, 84834, 43871, 11081, 26348, 47197, 85835, 50198, 46301, 33767, 61666, 71524, 61482, 55090, 38849, 95324, 45414, 58081, 48962, 50417, 14456, 31766, 22437, 12039, 94697, 87951, 37997, 60890, 80264, 94621, 54774, 6977, 28274, 14326, 73207, 77563, 61868, 35583, 91136, 64724, 85540, 67704, 71541, 18881, 33866, 79351, 53072, 20293, 40545, 12273, 37918, 23105, 5631, 38294, 55444, 26861, 796, 78014, 58417, 6625, 97742, 85703, 35222, 94130, 9869, 81419, 78377, 47638, 17917, 93700, 83016, 79750, 29518, 8683, 25170, 38117, 1270, 87580, 76026, 6813, 5175], ""<class 'abc.NT_0000'>"": [6, 81341, 2, 0, 0, 0, 0, 0, 5, 3, 0, 0, 0, 64878, 4, 6, 3, 3, 6, 5, 1, 1, 2, 5, 1, 5, 0, 1, 1, 1, 0, 6, 3, 4, 4, 2, 0, 5, 2, 0, 6, 4, 5, 6, 0, 3, 2, 5, 3, 5, 3, 2, 2, 2, 5, 1, 0, 6, 90454, 2, 3, 0, 5, 4, 3, 0, 0, 0, 0, 73098, 0, 0, 0, 0, 5, 3, 2, 1, 5, 4, 0, 2, 2, 1, 75691, 72824, 98505, 4, 1, 2, 3, 0, 0, 0, 0, 0, 0, 0, 0, 6, 1, 0, 4, 0, 5, 0, 0, 0, 0, 5, 3, 37973, 4, 6, 4, 3, 6, 4, 1, 16791, 3, 2, 5, 5, 6, 3, 0, 23028, 5, 25454, 1, 6, 1, 3, 5, 3, 6, 4, 1, 0, 0, 0, 0, 0, 2, 6, 2, 2, 6, 2, 1, 71077, 6, 1, 3, 6, 4, 6, 1, 43278, 18853, 22685, 65944], ""<class 'abc.NT_0000_P_00000'>"": [], ""<class 'abc.NT_0000_P_00001'>"": [], ""<class 'abc.NT_0000_P_00002'>"": [], ""<class 'abc.NT_0000_P_00003'>"": [], ""<class 'abc.NT_0000_P_00004'>"": [], ""<class 'abc.NT_0000_P_00005'>"": [], ""<class 'abc.NT_0000_P_00006'>"": [], ""<class 'abc.NT_0001_P_00001'>"": [], ""<class 'abc.NT_0001_P_00002'>"": [], ""<class 'abc.NT_0004_P_00001'>"": [], ""<class 'abc.NT_0003'>"": [], ""<class 'abc.NT_0003_P_00000'>"": [], ""<class 'abc.NT_0002'>"": [], ""<class 'abc.NT_0002_P_00000'>"": [], ""<class 'abc.NT_0002_P_00001'>"": [], ""<class 'abc.NT_0002_P_00002'>"": [], ""<class 'abc.NT_0002_P_00003'>"": [], ""<class 'abc.NT_0002_P_00004'>"": [], ""<class 'abc.NT_0002_P_00005'>"": [], ""<class 'abc.NT_0002_P_00006'>"": [], ""<class 'abc.NT_0002_P_00007'>"": [], ""<class 'abc.NT_0003_P_00001'>"": [], ""<class 'abc.NT_0006'>"": [0, 0, 0, 0, 0, 0, 0, 0, 0, 0, 61144], ""<class 'abc.NT_0006_P_00000'>"": [], ""<class 'abc.NT_0005'>"": [], ""<class 'abc.NT_0005_P_00000'>"": [], ""<class 'abc.NT_0005_P_00001'>"": [], ""<class 'abc.NT_0005_P_00002'>"": [], ""<class 'abc.NT_0005_P_00003'>"": [], ""<class 'abc.NT_0005_P_00004'>"": [], ""<class 'abc.NT_0005_P_00005'>"": [], ""<class 'abc.NT_0005_P_00006'>"": [], ""<class 'abc.NT_0006_P_00001'>"": [], ""<class 'abc.NT_0006_P_00002'>"": [], ""<class 'abc.NT_0006_P_00003'>"": [], ""<class 'abc.NT_0006_P_00004'>"": [], ""<class 'abc.NT_0006_P_00005'>"": [], ""<class 'abc.NT_0006_P_00006'>"": [], ""<class 'abc.NT_0006_P_00007'>"": [], ""<class 'abc.NT_0007_P_00001'>"": [], ""<class 'abc.NT_0007_P_00002'>"": [], ""<class 'abc.NT_0007_P_00003'>"": [], ""<class 'abc.NT_0007_P_00004'>"": [], ""<class 'abc.NT_0007_P_00005'>"": [], ""<class 'abc.NT_0010_P_00001'>"": [], ""<class 'abc.NT_0008'>"": [1, 1, 0, 1, 0, 1, 1, 0, 0, 0, 53609], ""<class 'abc.NT_0008_P_00000'>"": [], ""<class 'abc.NT_0008_P_00001'>"": [], ""<class 'abc.NT_0008_P_00002'>"": [], ""<class 'abc.NT_0008_P_00003'>"": [], ""<class 'abc.NT_0008_P_00004'>"": [], ""<class 'abc.NT_0010_P_00002'>"": [], ""<class 'abc.NT_0010_P_00003'>"": [], ""<class 'abc.NT_0010_P_00004'>"": [], ""<class 'abc.NT_0009'>"": [], ""<class 'abc.NT_0009_P_00000'>"": [], ""<class 'abc.NT_0009_P_00001'>"": [], ""<class 'abc.NT_0009_P_00002'>"": [], ""<class 'abc.NT_0009_P_00003'>"": [], ""<class 'abc.NT_0009_P_00004'>"": [], ""<class 'abc.NT_0010_P_00005'>"": [], ""<class 'abc.NT_0010_P_00006'>"": [], '$leftovers': [30991, 71325, 99256, 76301, 95693, 34122, 53952, 55672, 74831, 33963, 25015, 25697, 7592, 13690, 41603, 28828, 1846, 59419, 50863, 95750, 68544, 33751, 67086, 76352, 50275, 33813, 72521, 72186, 98367, 89110, 82056, 74758, 66368, 72604, 26616, 95885, 5264, 24236, 31002, 72786, 81453, 1549, 58861, 79208, 25327, 61699, 15666, 70132, 5604, 37976, 96197, 2135, 75049, 31492, 45828, 69192, 23886, 73401, 14363, 57489, 62600, 98230, 9181, 95579, 43563, 90001, 10166, 37716, 81042, 70856, 13122, 24742, 63023, 17296, 11162, 35926, 83920, 36824, 91962, 58024, 27633, 13217, 56880, 30598, 66637, 54630, 58415, 54841, 82919, 35232, 49917, 17273, 79974, 17408, 31831, 87760, 29062, 14159, 29820, 5544, 41099, 45482, 2367, 64759, 21373, 78063, 60377, 57592, 80389, 75806, 7140, 12762, 52584, 44029, 83065, 36358, 92073, 35502, 89851, 86918, 68167, 22970, 33999, 40707, 73232, 67107, 4690, 27422, 72591, 34525, 90618, 2963, 85885, 80470, 94309, 72287, 86237, 30800, 21730, 52145, 25063, 99142, 45233, 92389, 19816, 53209, 72995, 23801, 95121, 45638, 11339, 15054, 40314, 16381, 79668, 56708, 97137, 22673, 80400, 80443, 24458, 37011, 58667, 75764, 53847, 74996, 93872, 46267, 41769, 85089, 9643, 86889, 97627, 33079, 933, 43196, 52217, 79122, 46989, 50182, 64937, 60213, 16879, 63767, 55027, 27313, 18196, 50575, 90581, 8996, 89436, 11012, 91016, 57772, 10236, 47256, 19254, 76575, 44892, 57875, 3503, 27780, 56113, 13767, 20496, 36810, 88578, 50995, 20368, 96919, 63509, 78725, 22186, 21940, 83357, 70821, 62407, 5751, 99417, 54484, 84347, 49869, 59120, 77472, 71055, 75216, 32877, 52229, 43027, 52944, 84829, 51449, 27475, 27630, 13347, 93840, 82893, 31266, 77927, 44060, 63854, 26220, 14191, 5875, 72995, 94210, 4812, 36293, 60877, 38524, 53538, 55421, 57401, 6707, 31836, 5558, 72593, 56812, 95547, 72912, 18618, 75443, 78171, 11735, 35054, 94765, 87027, 57565, 4412, 48777, 17618, 18044, 80027, 77395, 39289, 29056, 72558, 46347, 83019, 73372, 48356, 18386, 80834, 35099, 61279, 69867, 10554, 17785, 24597, 21526, 52000, 84035, 68241, 86236, 90584, 56916, 4321, 21106, 3209, 53370, 14502, 4043, 3741, 48190, 62568, 85240, 30739, 34688, 33162, 38929, 40707, 9334, 70094, 294, 70936, 86179, 55931, 16143, 22646, 9862, 78881, 12560, 83625, 7134, 61874, 91203, 46269, 47110, 83843, 5289, 74137, 88273, 14580, 47344, 60753, 19167, 40339, 79020, 71132, 72253, 89884, 55934, 54064, 74742, 75597, 86320, 15369, 63397, 46665, 17800, 14718, 59462, 83731, 50541, 53632, 34874, 68412, 2214, 3157, 78677, 23641, 67143, 58266, 39232, 74667, 18780, 43657, 73836, 21147, 90021, 98970, 11732, 28569, 99269, 41709, 68360, 42589, 70863, 97958, 97500, 40709, 92966, 21694, 40040, 15592, 22426, 52529, 8629, 24081, 50548, 58167, 84087, 80087, 55979, 12478, 75863, 55100, 52426, 86114, 99605, 40435, 5992, 58835, 61375, 29923, 65710, 80868, 92180, 69393, 41505, 62791, 18731, 18953, 11106, 22971, 47087, 67395, 8258, 12800, 44872, 82838, 62992, 14599, 48272, 40211, 34341, 21057, 28702, 52824, 50572, 82640, 12559, 6067, 48063, 59935, 26657, 3055, 87176, 89751, 87167, 14129, 36152, 74245, 44747, 51354, 75606, 24046, 98077, 96803, 82440, 70055, 51399, 43781, 35119, 45388, 14656, 55187, 5401, 8942, 17594, 59726, 44804, 51824, 97127, 93212, 46736, 55514, 73728, 42663, 19730, 19118, 31504, 24324, 14360, 71402, 35819, 66623, 33391, 84006, 2911, 97136, 67491, 11377, 49060, 65542, 72990, 114, 23028, 6641, 27228, 3801, 4956, 62586, 14141, 70080, 75547, 78994, 65918, 560, 46101, 31529, 66655, 31719, 5956, 96644, 67012, 78144, 3048, 45105, 7215, 83884, 11279, 16049, 66710, 25797, 40844, 87206, 63324, 41774, 57371, 78550, 22173, 30307, 13444, 29382, 32923, 31372, 98768, 620, 84539, 52981, 46001, 96637, 98145, 70426, 17494, 64405, 42589, 15179, 68644, 27071, 13450, 95253, 45532, 96961, 62333, 11781, 32318, 82849, 54636, 12447, 1814, 30737, 3786, 72534, 1553, 67307, 88836, 53336, 60684, 5299, 69670, 93727, 24264, 65067, 51522, 39043, 6477, 55629, 2045, 64874, 64874, 93396, 99449, 22991, 2252, 65473, 51372, 84312, 95735, 39003, 62906, 71229, 74579, 17862, 12605, 66123, 12351, 5404, 1510, 13832, 51398, 43597, 86043, 45546, 50420, 68348, 45911, 17136, 91393, 29118, 76555, 7357, 11300, 51742, 333, 26830, 75555, 2331, 96635, 13605, 21847, 8187, 79899, 51411, 91776, 29149, 96412, 70544, 75327, 30017, 64797, 45663, 36499, 35707, 5655, 58962, 70918, 30728, 28698, 2763, 45752, 53106, 82946, 39676, 58721, 64695, 96504, 11019, 19011, 33978, 82026, 62216, 86549, 70888, 51675, 18118, 44149, 304, 65154, 36993, 6719, 70749, 97700, 69122, 18232, 60931, 25664, 33495, 71133, 59877, 99870, 53079, 77835, 65833, 47081, 384, 86289, 42953, 38560, 17803, 33158, 87143, 3202, 80836, 24559, 25480, 24884, 20970, 78849, 96190, 23338, 56243, 28044, 1806, 43098, 94629, 1557, 75946, 69931, 66152, 83354, 38712, 69524, 66843, 29150, 61796, 59849, 85600, 73561, 8370, 32232, 13997, 66493, 75770, 25037, 41313, 81709, 42770, 35823, 5767, 84597, 6127, 36332, 59300, 14612, 84423, 75500, 4652, 15299, 11866, 73468, 89289, 30402, 81756, 68438, 35166, 55904, 13846, 18702, 799, 42978, 42363, 81775, 82039, 83706, 66787, 77082, 77233, 90355, 92042, 96322, 19227, 61963, 89603, 77545, 6052, 3841, 18717, 8234, 40730, 2563, 59226, 40967, 20584, 89858, 2564, 5878, 37612, 97484, 83865, 55142, 71000, 19072, 8974, 77980, 38107, 22222, 6344, 29047, 58559, 78236, 92489, 35351, 52880, 4784, 75272, 7172, 14821, 69925, 48597, 36800, 79837, 61052, 92728, 80840, 76556, 35926, 45963, 39089, 13982, 99317, 41515, 54213, 5759, 15167, 75711, 94811, 10683, 62537, 60034, 52454, 34102, 45807, 41806, 62006, 5254, 39376, 56753, 187, 90094, 45504, 96638, 10503, 14605, 12369, 14432, 31110, 66366, 82294, 58782, 82122, 93759, 61568, 45358, 83396, 56007, 22346, 66542, 25137, 68312, 52464, 36527, 57473, 69800, 52446, 72031, 53744, 47922, 16738, 49867, 32313, 76536, 62962, 51773, 12155, 8875, 76172, 34750, 32742, 97811, 88073, 51338, 30794, 91006, 86416, 39880, 1952, 1988, 834, 62791, 67483, 70617, 36464, 94648, 90108, 1096, 63154, 60062, 94902, 97514, 37054, 72006, 93872, 51641, 95146, 29421, 13699, 69458, 65880, 5195, 64127, 49560, 11459, 71639, 53906, 78595, 61247, 38, 96621, 9490, 10431, 14318, 66154, 77198, 68556, 55459, 96467, 72843, 20962, 56323, 81690, 9497, 25412, 82928, 49217, 52686, 94969, 92492, 21761, 71648, 29956, 62011, 95264, 32476, 14571, 57797, 89984, 56359, 10135, 93277, 26149, 81033, 35003, 9263, 28190, 31612, 31319, 51082, 62322, 43964, 54411, 62127, 34041, 1407, 30008, 37444, 91432, 17575, 63516, 79823, 24359, 57939, 44660, 66, 72073, 42472, 94120, 65635, 81958, 37791, 55580, 41268, 69239, 35124, 6540, 98481, 46755, 25404, 67577, 65846, 29030, 46115, 80925, 52269, 5028, 9163, 60505, 33992, 22030, 94004, 52956, 42555, 32674, 98143, 24692, 8450, 53283, 2014, 7396, 66, 78982, 83694, 22573, 2780, 14252, 55750, 49033, 93213, 40123, 40063, 85147, 53609, 43278, 5175, 49000, 61144, 18853, 22685, 65944]})"
790.0,9,128,16,119.23120713233948,10180,"Genotype(dna={""<class 'abc.NT_0010'>"": [0, 0, 0, 0, 0, 1, 85147], ""<class 'abc.NT_0010_P_00000'>"": [], ""<class 'abc.NT_0007'>"": [], ""<class 'abc.NT_0007_P_00000'>"": [], ""<class 'abc.NT_0004'>"": [], ""<class 'abc.NT_0004_P_00000'>"": [], ""<class 'int'>"": [77126, 43201, 48820, 75809, 15135, 36262, 38350, 87430, 97011, 55942, 4506, 59964, 42225, 57077, 24342, 67352, 93904, 80839, 76441, 74856, 50058, 3411, 8626, 26055, 29274, 58967, 78993, 14828, 751, 14145, 28585, 12825, 23966, 77605, 99825, 74879, 55352, 55331, 363, 45016, 14379, 61509, 2069, 28699, 80396, 62952, 61201, 59585, 6749, 85094, 61965, 7610, 26258, 28296, 93033, 83162, 30096, 44060, 62884, 81104, 43963, 6364, 80462, 83171, 68919, 29950, 26707, 81924, 38153, 34468, 59277, 34382, 15383, 94500, 5012, 22254, 60581, 68418, 80271, 57971, 66816, 27488, 49989, 88487, 67815, 33251, 9814, 70899, 70376, 6572, 16025, 47013, 16359, 28708, 80664, 32360, 60550, 97854, 55413, 55145, 58891, 44049, 17413, 2205, 74754, 63914, 19152, 98442, 7431, 89440, 82080, 50837, 75285, 53380, 27020, 21639, 55890, 54599, 20169, 33311, 32242, 53498, 46439, 80881, 76188, 26746, 63597, 75300, 28413, 28258, 74339, 11309, 19578, 86587, 78957, 8190, 11376, 81490, 34042, 77295, 38509, 25473, 21325, 74688, 33757, 73445, 40474, 88730, 11557, 96974, 36419, 85058, 83462, 49605, 19202, 97630, 772, 61286, 92668, 49000, 41603, 28828, 1846, 26399, 50863, 95750], ""<class 'abc.NT_0001'>"": [], ""<class 'abc.NT_0001_P_00000'>"": [], ""<class 'bool'>"": [97837, 26792, 43510, 17549, 32334, 79141, 31637, 40541, 53775, 17842, 69311, 43769, 97227, 1539, 80259, 78373, 75096, 56123, 57441, 16081, 65316, 16235, 17109, 80941, 76389, 78069, 69895, 52794, 33022, 9796, 7359, 78315, 34322, 36292, 844, 88015, 38332, 33443, 63109, 17649, 96270, 54808, 23847, 83837, 35232, 86023, 34733, 31389, 58788, 74731, 58899, 37944, 94868, 87736, 94803, 79241, 69192, 55877, 78874, 36565, 40804, 7607, 84620, 28560, 70055, 35083, 5624, 91838, 51453, 57692, 93844, 20824, 88083, 79346, 19552, 58622, 55206, 19601, 11266, 14712, 78821, 89358, 87276, 44542, 39043, 38741, 63663, 5480, 36721, 81387, 89872, 25618, 37326, 81250, 5804, 74057, 77241, 77936, 68435, 62546, 87885, 4720, 53507, 58847, 91566, 75573, 68476, 74008, 78169, 53227, 17504, 76054, 95332, 18131, 3746, 8357, 59409, 1054, 50357, 66110, 59621, 56020, 67103, 34074, 67268, 53023, 41771, 66382, 84834, 43871, 11081, 26348, 47197, 85835, 50198, 46301, 33767, 61666, 71524, 61482, 55090, 38849, 95324, 45414, 58081, 48962, 50417, 14456, 31766, 22437, 12039, 94697, 87951, 37997, 60890, 80264, 94621, 54774, 6977, 28274, 14326, 73207, 77563, 61868, 35583, 91136, 64724, 85540, 67704, 71541, 18881, 33866, 79351, 53072, 20293, 40545, 12273, 37918, 23105, 5631, 38294, 55444, 26861, 796, 78014, 58417, 6625, 97742, 85703, 35222, 94130, 9869, 81419, 78377, 47638, 17917, 93700, 83016, 79750, 29518, 8683, 25170, 38117, 1270, 87580, 76026, 6813, 5175], ""<class 'abc.NT_0000'>"": [6, 81341, 2, 0, 0, 0, 0, 0, 5, 3, 0, 0, 0, 64878, 4, 6, 3, 3, 6, 5, 1, 1, 2, 5, 1, 5, 0, 1, 1, 1, 0, 6, 3, 4, 4, 2, 0, 5, 2, 0, 6, 4, 5, 6, 0, 3, 2, 5, 3, 5, 3, 2, 2, 2, 5, 1, 0, 6, 90454, 2, 3, 0, 5, 4, 3, 0, 0, 0, 0, 73098, 0, 0, 0, 0, 5, 3, 2, 1, 5, 4, 0, 2, 2, 1, 75691, 72824, 98505, 4, 1, 2, 3, 0, 0, 0, 0, 0, 0, 0, 0, 6, 1, 0, 4, 0, 5, 0, 0, 0, 0, 5, 3, 37973, 4, 6, 4, 3, 6, 4, 1, 16791, 3, 2, 5, 5, 6, 3, 0, 23028, 5, 25454, 1, 6, 1, 3, 5, 3, 6, 4, 1, 0, 0, 0, 0, 0, 2, 6, 2, 2, 6, 2, 1, 71077, 6, 1, 3, 6, 4, 6, 1, 43278, 18853, 22685, 65944], ""<class 'abc.NT_0000_P_00000'>"": [], ""<class 'abc.NT_0000_P_00001'>"": [], ""<class 'abc.NT_0000_P_00002'>"": [], ""<class 'abc.NT_0000_P_00003'>"": [], ""<class 'abc.NT_0000_P_00004'>"": [], ""<class 'abc.NT_0000_P_00005'>"": [], ""<class 'abc.NT_0000_P_00006'>"": [], ""<class 'abc.NT_0001_P_00001'>"": [], ""<class 'abc.NT_0001_P_00002'>"": [], ""<class 'abc.NT_0004_P_00001'>"": [], ""<class 'abc.NT_0003'>"": [], ""<class 'abc.NT_0003_P_00000'>"": [], ""<class 'abc.NT_0002'>"": [], ""<class 'abc.NT_0002_P_00000'>"": [], ""<class 'abc.NT_0002_P_00001'>"": [], ""<class 'abc.NT_0002_P_00002'>"": [], ""<class 'abc.NT_0002_P_00003'>"": [], ""<class 'abc.NT_0002_P_00004'>"": [], ""<class 'abc.NT_0002_P_00005'>"": [], ""<class 'abc.NT_0002_P_00006'>"": [], ""<class 'abc.NT_0002_P_00007'>"": [], ""<class 'abc.NT_0003_P_00001'>"": [], ""<class 'abc.NT_0006'>"": [0, 0, 0, 0, 0, 0, 0, 0, 0, 0, 61144], ""<class 'abc.NT_0006_P_00000'>"": [], ""<class 'abc.NT_0005'>"": [], ""<class 'abc.NT_0005_P_00000'>"": [], ""<class 'abc.NT_0005_P_00001'>"": [], ""<class 'abc.NT_0005_P_00002'>"": [], ""<class 'abc.NT_0005_P_00003'>"": [], ""<class 'abc.NT_0005_P_00004'>"": [], ""<class 'abc.NT_0005_P_00005'>"": [], ""<class 'abc.NT_0005_P_00006'>"": [], ""<class 'abc.NT_0006_P_00001'>"": [], ""<class 'abc.NT_0006_P_00002'>"": [], ""<class 'abc.NT_0006_P_00003'>"": [], ""<class 'abc.NT_0006_P_00004'>"": [], ""<class 'abc.NT_0006_P_00005'>"": [], ""<class 'abc.NT_0006_P_00006'>"": [], ""<class 'abc.NT_0006_P_00007'>"": [], ""<class 'abc.NT_0007_P_00001'>"": [], ""<class 'abc.NT_0007_P_00002'>"": [], ""<class 'abc.NT_0007_P_00003'>"": [], ""<class 'abc.NT_0007_P_00004'>"": [], ""<class 'abc.NT_0007_P_00005'>"": [], ""<class 'abc.NT_0010_P_00001'>"": [], ""<class 'abc.NT_0008'>"": [1, 1, 0, 1, 0, 1, 1, 0, 0, 0, 53609], ""<class 'abc.NT_0008_P_00000'>"": [], ""<class 'abc.NT_0008_P_00001'>"": [], ""<class 'abc.NT_0008_P_00002'>"": [], ""<class 'abc.NT_0008_P_00003'>"": [], ""<class 'abc.NT_0008_P_00004'>"": [], ""<class 'abc.NT_0010_P_00002'>"": [], ""<class 'abc.NT_0010_P_00003'>"": [], ""<class 'abc.NT_0010_P_00004'>"": [], ""<class 'abc.NT_0009'>"": [], ""<class 'abc.NT_0009_P_00000'>"": [], ""<class 'abc.NT_0009_P_00001'>"": [], ""<class 'abc.NT_0009_P_00002'>"": [], ""<class 'abc.NT_0009_P_00003'>"": [], ""<class 'abc.NT_0009_P_00004'>"": [], ""<class 'abc.NT_0010_P_00005'>"": [], ""<class 'abc.NT_0010_P_00006'>"": [], '$leftovers': [68544, 33751, 67086, 76352, 50275, 33813, 72521, 72186, 98367, 89110, 82056, 74758, 66368, 72604, 26616, 95885, 5264, 24236, 31002, 72786, 81453, 1549, 58861, 79208, 25327, 61699, 15666, 70132, 5604, 37976, 96197, 2135, 75049, 31492, 45828, 69192, 23886, 73401, 14363, 57489, 62600, 98230, 9181, 95579, 43563, 90001, 10166, 37716, 81042, 70856, 13122, 24742, 63023, 17296, 11162, 35926, 83920, 36824, 91962, 58024, 27633, 13217, 56880, 30598, 66637, 54630, 58415, 54841, 82919, 35232, 49917, 17273, 79974, 17408, 31831, 87760, 29062, 14159, 29820, 5544, 41099, 45482, 2367, 64759, 21373, 78063, 60377, 57592, 80389, 75806, 7140, 12762, 52584, 44029, 83065, 36358, 92073, 35502, 89851, 86918, 68167, 22970, 33999, 40707, 73232, 67107, 4690, 27422, 72591, 34525, 90618, 2963, 85885, 80470, 94309, 72287, 86237, 30800, 21730, 52145, 25063, 99142, 45233, 92389, 19816, 53209, 72995, 23801, 95121, 45638, 11339, 15054, 40314, 16381, 79668, 56708, 97137, 22673, 80400, 80443, 24458, 37011, 58667, 75764, 53847, 74996, 93872, 46267, 41769, 85089, 9643, 86889, 97627, 33079, 933, 43196, 52217, 79122, 46989, 50182, 64937, 60213, 16879, 63767, 55027, 27313, 18196, 50575, 90581, 8996, 89436, 11012, 91016, 57772, 10236, 47256, 19254, 76575, 44892, 57875, 3503, 27780, 56113, 13767, 20496, 36810, 88578, 50995, 20368, 96919, 63509, 78725, 22186, 21940, 83357, 70821, 62407, 5751, 99417, 54484, 84347, 49869, 59120, 77472, 71055, 75216, 32877, 52229, 43027, 52944, 84829, 51449, 27475, 27630, 13347, 93840, 82893, 31266, 77927, 44060, 63854, 26220, 14191, 5875, 72995, 94210, 4812, 36293, 60877, 38524, 53538, 55421, 57401, 6707, 31836, 5558, 72593, 56812, 95547, 72912, 18618, 75443, 78171, 11735, 35054, 94765, 87027, 57565, 4412, 48777, 17618, 18044, 80027, 77395, 39289, 29056, 72558, 46347, 83019, 73372, 48356, 18386, 80834, 35099, 61279, 69867, 10554, 17785, 24597, 21526, 52000, 84035, 68241, 86236, 90584, 56916, 4321, 21106, 3209, 53370, 14502, 4043, 3741, 48190, 62568, 85240, 30739, 34688, 33162, 38929, 40707, 9334, 70094, 294, 70936, 86179, 55931, 16143, 22646, 9862, 78881, 12560, 83625, 7134, 61874, 91203, 46269, 47110, 83843, 5289, 74137, 88273, 14580, 47344, 60753, 19167, 40339, 79020, 71132, 72253, 89884, 55934, 54064, 74742, 75597, 86320, 15369, 63397, 46665, 17800, 14718, 59462, 83731, 50541, 53632, 34874, 68412, 2214, 3157, 78677, 23641, 67143, 58266, 39232, 74667, 18780, 43657, 73836, 21147, 90021, 98970, 11732, 28569, 99269, 41709, 68360, 42589, 70863, 97958, 97500, 40709, 92966, 21694, 40040, 15592, 22426, 52529, 8629, 24081, 50548, 58167, 84087, 80087, 55979, 12478, 75863, 55100, 52426, 86114, 99605, 40435, 5992, 58835, 61375, 29923, 65710, 80868, 92180, 69393, 41505, 62791, 18731, 18953, 11106, 22971, 47087, 67395, 8258, 12800, 44872, 82838, 62992, 14599, 48272, 40211, 34341, 21057, 28702, 52824, 50572, 82640, 12559, 6067, 48063, 59935, 26657, 3055, 87176, 89751, 87167, 14129, 36152, 74245, 44747, 51354, 75606, 24046, 98077, 96803, 82440, 70055, 51399, 43781, 35119, 45388, 14656, 55187, 5401, 8942, 17594, 59726, 44804, 51824, 97127, 93212, 46736, 55514, 73728, 42663, 19730, 19118, 31504, 24324, 14360, 71402, 35819, 66623, 33391, 84006, 2911, 97136, 67491, 11377, 49060, 65542, 72990, 114, 23028, 6641, 27228, 3801, 4956, 62586, 14141, 70080, 75547, 78994, 65918, 560, 46101, 31529, 66655, 31719, 5956, 96644, 67012, 78144, 3048, 45105, 7215, 83884, 11279, 16049, 66710, 25797, 40844, 87206, 63324, 41774, 57371, 78550, 22173, 30307, 13444, 29382, 32923, 31372, 98768, 620, 84539, 52981, 46001, 96637, 98145, 70426, 17494, 64405, 42589, 15179, 68644, 27071, 13450, 95253, 45532, 96961, 62333, 11781, 32318, 82849, 54636, 12447, 1814, 30737, 3786, 72534, 1553, 67307, 88836, 53336, 60684, 5299, 69670, 93727, 24264, 65067, 51522, 39043, 6477, 55629, 2045, 64874, 64874, 93396, 99449, 22991, 2252, 65473, 51372, 84312, 95735, 39003, 62906, 71229, 74579, 17862, 12605, 66123, 12351, 5404, 1510, 13832, 51398, 43597, 86043, 45546, 50420, 68348, 45911, 17136, 91393, 29118, 76555, 7357, 11300, 51742, 333, 26830, 75555, 2331, 96635, 13605, 21847, 8187, 79899, 51411, 91776, 29149, 96412, 70544, 75327, 30017, 64797, 45663, 36499, 35707, 5655, 58962, 70918, 30728, 28698, 2763, 45752, 53106, 82946, 39676, 58721, 64695, 96504, 11019, 19011, 33978, 82026, 62216, 86549, 70888, 51675, 18118, 44149, 304, 65154, 36993, 6719, 70749, 97700, 69122, 18232, 60931, 25664, 33495, 71133, 59877, 99870, 53079, 77835, 65833, 47081, 384, 86289, 42953, 38560, 17803, 33158, 87143, 3202, 80836, 24559, 25480, 24884, 20970, 78849, 96190, 23338, 56243, 28044, 1806, 43098, 94629, 1557, 75946, 69931, 66152, 83354, 38712, 69524, 66843, 29150, 61796, 59849, 85600, 73561, 8370, 32232, 13997, 66493, 75770, 25037, 41313, 81709, 42770, 35823, 5767, 84597, 6127, 36332, 59300, 14612, 84423, 75500, 4652, 15299, 11866, 73468, 89289, 30402, 81756, 68438, 35166, 55904, 13846, 18702, 799, 42978, 42363, 81775, 82039, 83706, 66787, 77082, 77233, 90355, 92042, 96322, 19227, 61963, 89603, 77545, 6052, 3841, 18717, 8234, 40730, 2563, 59226, 40967, 20584, 89858, 2564, 5878, 37612, 97484, 83865, 55142, 71000, 19072, 8974, 77980, 38107, 22222, 6344, 29047, 58559, 78236, 92489, 35351, 52880, 4784, 75272, 7172, 14821, 69925, 48597, 36800, 79837, 61052, 92728, 80840, 76556, 35926, 45963, 39089, 13982, 99317, 41515, 54213, 5759, 15167, 75711, 94811, 10683, 62537, 60034, 52454, 34102, 45807, 41806, 62006, 5254, 39376, 56753, 187, 90094, 45504, 96638, 10503, 14605, 12369, 14432, 31110, 66366, 82294, 58782, 82122, 93759, 61568, 45358, 83396, 56007, 22346, 66542, 25137, 68312, 52464, 36527, 57473, 69800, 52446, 72031, 53744, 47922, 16738, 49867, 32313, 76536, 62962, 51773, 12155, 8875, 76172, 34750, 32742, 97811, 88073, 51338, 30794, 91006, 86416, 39880, 1952, 1988, 834, 62791, 67483, 70617, 36464, 94648, 90108, 1096, 63154, 60062, 94902, 97514, 37054, 72006, 93872, 51641, 95146, 29421, 13699, 69458, 65880, 5195, 64127, 49560, 11459, 71639, 53906, 78595, 61247, 38, 96621, 9490, 10431, 14318, 66154, 77198, 68556, 55459, 96467, 72843, 20962, 56323, 81690, 9497, 25412, 82928, 49217, 52686, 94969, 92492, 21761, 71648, 29956, 62011, 95264, 32476, 14571, 57797, 89984, 56359, 10135, 93277, 26149, 81033, 35003, 9263, 28190, 31612, 31319, 51082, 62322, 43964, 54411, 62127, 34041, 1407, 30008, 37444, 91432, 17575, 63516, 79823, 24359, 57939, 44660, 66, 72073, 42472, 94120, 65635, 81958, 37791, 55580, 41268, 69239, 35124, 6540, 98481, 46755, 25404, 67577, 65846, 29030, 46115, 80925, 52269, 5028, 9163, 60505, 33992, 22030, 94004, 52956, 42555, 32674, 98143, 24692, 8450, 53283, 2014, 7396, 66, 78982, 83694, 22573, 2780, 14252, 55750, 49033, 93213, 40123, 40063, 85147, 53609, 43278, 5175, 49000, 61144, 18853, 22685, 65944, 30991, 71325, 99256, 76301, 95693, 34122, 53952, 55672, 74831, 33963, 25015, 25697, 7592, 13690, 41603, 28828, 1846, 59419, 50863, 95750]})"
774.0,9,128,17,120.10525870323181,10180,"Genotype(dna={""<class 'abc.NT_0010'>"": [0, 0, 0, 0, 0, 1, 85147], ""<class 'abc.NT_0010_P_00000'>"": [], ""<class 'abc.NT_0007'>"": [], ""<class 'abc.NT_0007_P_00000'>"": [], ""<class 'abc.NT_0004'>"": [], ""<class 'abc.NT_0004_P_00000'>"": [], ""<class 'int'>"": [77126, 43201, 14674, 75809, 4326, 67271, 38350, 87430, 97011, 55942, 4506, 59964, 42225, 57077, 24342, 14478, 93904, 80839, 76441, 74856, 50058, 3411, 8626, 26055, 29274, 58967, 78993, 14828, 751, 67511, 28585, 12825, 23966, 7277, 99825, 74879, 55352, 55331, 363, 45016, 14379, 61509, 2069, 28699, 80396, 62952, 61201, 59585, 6749, 85094, 61965, 7610, 26258, 28296, 93033, 83162, 30096, 44060, 62884, 81104, 35245, 6364, 80462, 83171, 68919, 29950, 26707, 81924, 38153, 22585, 59277, 34382, 15383, 94500, 26532, 22254, 60581, 3345, 80271, 57971, 66816, 27488, 49989, 88487, 67815, 33251, 9814, 70899, 70376, 6572, 16025, 47013, 16359, 28708, 8258, 32360, 60550, 42267, 55413, 66178, 58891, 3524, 17413, 2205, 74754, 63914, 19152, 98442, 7431, 89440, 82080, 50837, 75285, 21620, 27020, 21639, 55890, 54599, 20169, 33311, 32242, 53498, 46439, 80881, 76188, 26746, 1133, 75300, 28413, 28258, 74339, 48912, 89430, 54118, 78957, 8190, 11376, 81490, 34042, 77295, 38509, 25473, 21325, 74688, 33757, 73445, 1092, 88730, 91008, 96974, 36419, 85058, 83462, 49605, 19202, 97630, 772, 92230, 92668, 49000], ""<class 'abc.NT_0001'>"": [], ""<class 'abc.NT_0001_P_00000'>"": [], ""<class 'bool'>"": [94567, 26792, 43510, 17549, 32334, 79141, 31637, 40541, 53775, 17842, 69311, 43769, 97227, 1539, 80259, 78373, 75096, 56123, 57441, 16081, 65316, 16235, 17109, 80941, 79234, 78069, 69895, 52794, 33022, 9796, 7359, 78315, 34322, 23853, 844, 88015, 38332, 33443, 63109, 65469, 96270, 54808, 23847, 83837, 84120, 86023, 34733, 17939, 58788, 74731, 58899, 85894, 94868, 87736, 94803, 79241, 69192, 55877, 78874, 36565, 40804, 79151, 84620, 28560, 70055, 35083, 5624, 91838, 73200, 57692, 93844, 49188, 88083, 79346, 19552, 58622, 55206, 19601, 35191, 14712, 78821, 52959, 61452, 13366, 87131, 38741, 63663, 5480, 36721, 81387, 89872, 25618, 37326, 81250, 65858, 74057, 77241, 77936, 77620, 62546, 87885, 4720, 53507, 52797, 91566, 75573, 30809, 8533, 78169, 53227, 17504, 76054, 95332, 18131, 3746, 8357, 59409, 43362, 50357, 66110, 59621, 56020, 67103, 34074, 67268, 53023, 33617, 66382, 84834, 43871, 11081, 26348, 47197, 85835, 4310, 46301, 33767, 61666, 71524, 61482, 55090, 38849, 95324, 45414, 58081, 48962, 31423, 14456, 31766, 22437, 12039, 94697, 87951, 37997, 75770, 75627, 94621, 54774, 6977, 28274, 14326, 73207, 77563, 61868, 35583, 91136, 64724, 85540, 67704, 71541, 18881, 33866, 79351, 46010, 20293, 87453, 12273, 37918, 23105, 5631, 38294, 55444, 26861, 14547, 78014, 58417, 6625, 97742, 85703, 35222, 94130, 9869, 72191, 90426, 47638, 17917, 93700, 83016, 79750, 29518, 8683, 25170, 38117, 1270, 87580, 76026, 6813, 5175], ""<class 'abc.NT_0000'>"": [6, 81341, 2, 0, 0, 0, 0, 0, 5, 3, 0, 0, 0, 64878, 4, 6, 3, 3, 6, 5, 1, 1, 2, 5, 1, 5, 0, 1, 1, 1, 0, 6, 3, 4, 4, 2, 0, 5, 2, 0, 6, 4, 5, 6, 0, 3, 2, 5, 3, 5, 3, 2, 2, 2, 5, 1, 0, 6, 90454, 2, 3, 0, 5, 4, 3, 0, 0, 0, 0, 73098, 0, 0, 0, 0, 5, 3, 2, 1, 5, 4, 0, 2, 2, 1, 75691, 72824, 98505, 4, 1, 2, 3, 0, 0, 0, 0, 0, 0, 0, 0, 6, 1, 0, 4, 0, 5, 0, 0, 0, 0, 5, 3, 37973, 4, 6, 4, 3, 6, 4, 1, 16791, 3, 2, 5, 5, 6, 3, 0, 23028, 5, 25454, 1, 6, 1, 3, 5, 3, 6, 4, 1, 0, 0, 0, 0, 0, 2, 6, 2, 2, 6, 2, 1, 71077, 6, 1, 3, 6, 4, 6, 1, 43278, 18853, 22685, 65944], ""<class 'abc.NT_0000_P_00000'>"": [], ""<class 'abc.NT_0000_P_00001'>"": [], ""<class 'abc.NT_0000_P_00002'>"": [], ""<class 'abc.NT_0000_P_00003'>"": [], ""<class 'abc.NT_0000_P_00004'>"": [], ""<class 'abc.NT_0000_P_00005'>"": [], ""<class 'abc.NT_0000_P_00006'>"": [], ""<class 'abc.NT_0001_P_00001'>"": [], ""<class 'abc.NT_0001_P_00002'>"": [], ""<class 'abc.NT_0004_P_00001'>"": [], ""<class 'abc.NT_0003'>"": [], ""<class 'abc.NT_0003_P_00000'>"": [], ""<class 'abc.NT_0002'>"": [], ""<class 'abc.NT_0002_P_00000'>"": [], ""<class 'abc.NT_0002_P_00001'>"": [], ""<class 'abc.NT_0002_P_00002'>"": [], ""<class 'abc.NT_0002_P_00003'>"": [], ""<class 'abc.NT_0002_P_00004'>"": [], ""<class 'abc.NT_0002_P_00005'>"": [], ""<class 'abc.NT_0002_P_00006'>"": [], ""<class 'abc.NT_0002_P_00007'>"": [], ""<class 'abc.NT_0003_P_00001'>"": [], ""<class 'abc.NT_0006'>"": [0, 0, 0, 0, 0, 0, 0, 0, 0, 0, 61144], ""<class 'abc.NT_0006_P_00000'>"": [], ""<class 'abc.NT_0005'>"": [], ""<class 'abc.NT_0005_P_00000'>"": [], ""<class 'abc.NT_0005_P_00001'>"": [], ""<class 'abc.NT_0005_P_00002'>"": [], ""<class 'abc.NT_0005_P_00003'>"": [], ""<class 'abc.NT_0005_P_00004'>"": [], ""<class 'abc.NT_0005_P_00005'>"": [], ""<class 'abc.NT_0005_P_00006'>"": [], ""<class 'abc.NT_0006_P_00001'>"": [], ""<class 'abc.NT_0006_P_00002'>"": [], ""<class 'abc.NT_0006_P_00003'>"": [], ""<class 'abc.NT_0006_P_00004'>"": [], ""<class 'abc.NT_0006_P_00005'>"": [], ""<class 'abc.NT_0006_P_00006'>"": [], ""<class 'abc.NT_0006_P_00007'>"": [], ""<class 'abc.NT_0007_P_00001'>"": [], ""<class 'abc.NT_0007_P_00002'>"": [], ""<class 'abc.NT_0007_P_00003'>"": [], ""<class 'abc.NT_0007_P_00004'>"": [], ""<class 'abc.NT_0007_P_00005'>"": [], ""<class 'abc.NT_0010_P_00001'>"": [], ""<class 'abc.NT_0008'>"": [1, 1, 0, 1, 0, 1, 1, 0, 0, 0, 53609], ""<class 'abc.NT_0008_P_00000'>"": [], ""<class 'abc.NT_0008_P_00001'>"": [], ""<class 'abc.NT_0008_P_00002'>"": [], ""<class 'abc.NT_0008_P_00003'>"": [], ""<class 'abc.NT_0008_P_00004'>"": [], ""<class 'abc.NT_0010_P_00002'>"": [], ""<class 'abc.NT_0010_P_00003'>"": [], ""<class 'abc.NT_0010_P_00004'>"": [], ""<class 'abc.NT_0009'>"": [], ""<class 'abc.NT_0009_P_00000'>"": [], ""<class 'abc.NT_0009_P_00001'>"": [], ""<class 'abc.NT_0009_P_00002'>"": [], ""<class 'abc.NT_0009_P_00003'>"": [], ""<class 'abc.NT_0009_P_00004'>"": [], ""<class 'abc.NT_0010_P_00005'>"": [], ""<class 'abc.NT_0010_P_00006'>"": [], '$leftovers': [53952, 55672, 74831, 33963, 25015, 25697, 7592, 13690, 41603, 28828, 1846, 59419, 50863, 95750, 68544, 33751, 67086, 76352, 50275, 33813, 72521, 72186, 98367, 89110, 82056, 74758, 66368, 72604, 26616, 95885, 5264, 24236, 31002, 72786, 81453, 1549, 58861, 79208, 25327, 61699, 15666, 70132, 5604, 37976, 96197, 2135, 75049, 31492, 45828, 69192, 23886, 73401, 14363, 57489, 62600, 98230, 9181, 95579, 43563, 90001, 10166, 37716, 81042, 70856, 13122, 24742, 63023, 17296, 11162, 35926, 83920, 36824, 91962, 58024, 27633, 13217, 56880, 30598, 66637, 54630, 58415, 54841, 82919, 35232, 49917, 17273, 79974, 17408, 31831, 87760, 29062, 14159, 29820, 5544, 41099, 45482, 2367, 64759, 21373, 78063, 60377, 57592, 80389, 75806, 7140, 12762, 52584, 44029, 83065, 36358, 92073, 35502, 89851, 86918, 68167, 22970, 33999, 40707, 73232, 67107, 4690, 27422, 72591, 34525, 90618, 2963, 85885, 80470, 94309, 72287, 86237, 30800, 21730, 52145, 25063, 99142, 45233, 92389, 19816, 53209, 72995, 23801, 95121, 45638, 11339, 15054, 40314, 16381, 79668, 56708, 97137, 22673, 80400, 80443, 24458, 37011, 58667, 75764, 53847, 74996, 93872, 46267, 41769, 85089, 9643, 86889, 97627, 33079, 933, 43196, 52217, 79122, 46989, 50182, 64937, 60213, 16879, 63767, 55027, 27313, 18196, 50575, 90581, 8996, 89436, 11012, 91016, 57772, 10236, 47256, 19254, 76575, 44892, 57875, 3503, 27780, 56113, 13767, 20496, 36810, 88578, 50995, 20368, 96919, 63509, 78725, 22186, 21940, 83357, 70821, 62407, 5751, 99417, 54484, 84347, 49869, 59120, 77472, 71055, 75216, 32877, 52229, 43027, 52944, 84829, 51449, 27475, 27630, 13347, 93840, 82893, 31266, 77927, 44060, 63854, 26220, 14191, 5875, 72995, 94210, 4812, 36293, 60877, 38524, 53538, 55421, 57401, 6707, 31836, 5558, 72593, 56812, 95547, 72912, 18618, 75443, 78171, 11735, 35054, 94765, 87027, 57565, 4412, 48777, 17618, 18044, 80027, 77395, 39289, 29056, 72558, 46347, 83019, 73372, 48356, 18386, 80834, 35099, 61279, 69867, 10554, 17785, 24597, 21526, 52000, 84035, 68241, 86236, 90584, 56916, 4321, 21106, 3209, 53370, 14502, 4043, 3741, 48190, 62568, 85240, 30739, 34688, 33162, 38929, 40707, 9334, 70094, 294, 70936, 86179, 55931, 16143, 22646, 9862, 78881, 12560, 83625, 7134, 61874, 91203, 46269, 47110, 83843, 5289, 74137, 88273, 14580, 47344, 60753, 19167, 40339, 79020, 71132, 72253, 89884, 55934, 54064, 74742, 75597, 86320, 15369, 63397, 46665, 17800, 14718, 59462, 83731, 50541, 53632, 34874, 68412, 2214, 3157, 78677, 23641, 67143, 58266, 39232, 74667, 18780, 43657, 73836, 21147, 90021, 98970, 11732, 28569, 99269, 41709, 68360, 42589, 70863, 97958, 97500, 40709, 92966, 21694, 40040, 15592, 22426, 52529, 8629, 24081, 50548, 58167, 84087, 80087, 55979, 12478, 75863, 55100, 52426, 86114, 99605, 40435, 5992, 58835, 61375, 29923, 65710, 80868, 92180, 69393, 41505, 62791, 18731, 18953, 11106, 22971, 47087, 67395, 8258, 12800, 44872, 82838, 62992, 14599, 48272, 40211, 34341, 21057, 28702, 52824, 50572, 82640, 12559, 6067, 48063, 59935, 26657, 3055, 87176, 89751, 87167, 14129, 36152, 74245, 44747, 51354, 75606, 24046, 98077, 96803, 82440, 70055, 51399, 43781, 35119, 45388, 14656, 55187, 5401, 8942, 17594, 59726, 44804, 51824, 97127, 93212, 46736, 55514, 73728, 42663, 19730, 19118, 31504, 24324, 14360, 71402, 35819, 66623, 33391, 84006, 2911, 97136, 67491, 11377, 49060, 65542, 72990, 114, 23028, 6641, 27228, 3801, 4956, 62586, 14141, 70080, 75547, 78994, 65918, 560, 46101, 31529, 66655, 31719, 5956, 96644, 67012, 78144, 3048, 45105, 7215, 83884, 11279, 16049, 66710, 25797, 40844, 87206, 63324, 41774, 57371, 78550, 22173, 30307, 13444, 29382, 32923, 31372, 98768, 620, 84539, 52981, 46001, 96637, 98145, 70426, 17494, 64405, 42589, 15179, 68644, 27071, 13450, 95253, 45532, 96961, 62333, 11781, 32318, 82849, 54636, 12447, 1814, 30737, 3786, 72534, 1553, 67307, 88836, 53336, 60684, 5299, 69670, 93727, 24264, 65067, 51522, 39043, 6477, 55629, 2045, 64874, 64874, 93396, 99449, 22991, 2252, 65473, 51372, 84312, 95735, 39003, 62906, 71229, 74579, 17862, 12605, 66123, 12351, 5404, 1510, 13832, 51398, 43597, 86043, 45546, 50420, 68348, 45911, 17136, 91393, 29118, 76555, 7357, 11300, 51742, 333, 26830, 75555, 2331, 96635, 13605, 21847, 8187, 79899, 51411, 91776, 29149, 96412, 70544, 75327, 30017, 64797, 45663, 36499, 35707, 5655, 58962, 70918, 30728, 28698, 2763, 45752, 53106, 82946, 39676, 58721, 64695, 96504, 11019, 19011, 33978, 82026, 62216, 86549, 70888, 51675, 18118, 44149, 304, 65154, 36993, 6719, 70749, 97700, 69122, 18232, 60931, 25664, 33495, 71133, 59877, 99870, 53079, 77835, 65833, 47081, 384, 86289, 42953, 38560, 17803, 33158, 87143, 3202, 80836, 24559, 25480, 24884, 20970, 78849, 96190, 23338, 56243, 28044, 1806, 43098, 94629, 1557, 75946, 69931, 66152, 83354, 38712, 69524, 66843, 29150, 61796, 59849, 85600, 73561, 8370, 32232, 13997, 66493, 75770, 25037, 41313, 81709, 42770, 35823, 5767, 84597, 6127, 36332, 59300, 14612, 84423, 75500, 4652, 15299, 11866, 73468, 89289, 30402, 81756, 68438, 35166, 55904, 13846, 18702, 799, 42978, 42363, 81775, 82039, 83706, 66787, 77082, 77233, 90355, 92042, 96322, 19227, 61963, 89603, 77545, 6052, 3841, 18717, 8234, 40730, 2563, 59226, 40967, 20584, 89858, 2564, 5878, 37612, 97484, 83865, 55142, 71000, 19072, 8974, 77980, 38107, 22222, 6344, 29047, 58559, 78236, 92489, 35351, 52880, 4784, 75272, 7172, 14821, 69925, 48597, 36800, 79837, 61052, 92728, 80840, 76556, 35926, 45963, 39089, 13982, 99317, 41515, 54213, 5759, 15167, 75711, 94811, 10683, 62537, 60034, 52454, 34102, 45807, 41806, 62006, 5254, 39376, 56753, 187, 90094, 45504, 96638, 10503, 14605, 12369, 14432, 31110, 66366, 82294, 58782, 82122, 93759, 61568, 45358, 83396, 56007, 22346, 66542, 25137, 68312, 52464, 36527, 57473, 69800, 52446, 72031, 53744, 47922, 16738, 49867, 32313, 76536, 62962, 51773, 12155, 8875, 76172, 34750, 32742, 97811, 88073, 51338, 30794, 91006, 86416, 39880, 1952, 1988, 834, 62791, 67483, 70617, 36464, 94648, 90108, 1096, 63154, 60062, 94902, 97514, 37054, 72006, 93872, 51641, 95146, 29421, 13699, 69458, 65880, 5195, 64127, 49560, 11459, 71639, 53906, 78595, 61247, 38, 96621, 9490, 10431, 14318, 66154, 77198, 68556, 55459, 96467, 72843, 20962, 56323, 81690, 9497, 25412, 82928, 49217, 52686, 94969, 92492, 21761, 71648, 29956, 62011, 95264, 32476, 14571, 57797, 89984, 56359, 10135, 93277, 26149, 81033, 35003, 9263, 28190, 31612, 31319, 51082, 62322, 43964, 54411, 62127, 34041, 1407, 30008, 37444, 91432, 17575, 63516, 79823, 24359, 57939, 44660, 66, 72073, 42472, 94120, 65635, 81958, 37791, 55580, 41268, 69239, 35124, 6540, 98481, 46755, 25404, 67577, 65846, 29030, 46115, 80925, 52269, 5028, 9163, 60505, 33992, 22030, 94004, 52956, 42555, 32674, 98143, 24692, 8450, 53283, 2014, 7396, 66, 78982, 83694, 22573, 2780, 14252, 55750, 49033, 93213, 40123, 40063, 85147, 53609, 43278, 5175, 49000, 61144, 18853, 22685, 65944, 30991, 71325, 99256, 76301, 95693, 34122]})"
774.0,9,128,18,374.3969233036041,10180,"Genotype(dna={""<class 'abc.NT_0010'>"": [0, 0, 0, 0, 0, 1, 85147], ""<class 'abc.NT_0010_P_00000'>"": [], ""<class 'abc.NT_0007'>"": [], ""<class 'abc.NT_0007_P_00000'>"": [], ""<class 'abc.NT_0004'>"": [], ""<class 'abc.NT_0004_P_00000'>"": [], ""<class 'int'>"": [77126, 43201, 14674, 75809, 4326, 67271, 38350, 87430, 97011, 55942, 4506, 59964, 42225, 57077, 24342, 14478, 93904, 80839, 76441, 74856, 50058, 3411, 8626, 26055, 29274, 58967, 78993, 14828, 751, 67511, 28585, 12825, 23966, 7277, 99825, 74879, 55352, 55331, 363, 45016, 14379, 61509, 2069, 28699, 80396, 62952, 61201, 59585, 6749, 85094, 61965, 7610, 26258, 28296, 93033, 83162, 30096, 44060, 62884, 81104, 35245, 6364, 80462, 83171, 68919, 29950, 26707, 81924, 38153, 22585, 59277, 34382, 15383, 94500, 26532, 22254, 60581, 3345, 80271, 57971, 66816, 27488, 49989, 88487, 67815, 33251, 9814, 70899, 70376, 6572, 16025, 47013, 16359, 28708, 8258, 32360, 60550, 42267, 55413, 66178, 58891, 3524, 17413, 2205, 74754, 63914, 19152, 98442, 7431, 89440, 82080, 50837, 75285, 21620, 27020, 21639, 55890, 54599, 20169, 33311, 32242, 53498, 46439, 80881, 76188, 26746, 1133, 75300, 28413, 28258, 74339, 48912, 89430, 54118, 78957, 8190, 11376, 81490, 34042, 77295, 38509, 25473, 21325, 74688, 33757, 73445, 1092, 88730, 91008, 96974, 36419, 85058, 83462, 49605, 19202, 97630, 772, 92230, 92668, 49000], ""<class 'abc.NT_0001'>"": [], ""<class 'abc.NT_0001_P_00000'>"": [], ""<class 'bool'>"": [94567, 26792, 43510, 17549, 32334, 79141, 31637, 40541, 53775, 17842, 69311, 43769, 97227, 1539, 80259, 78373, 75096, 56123, 57441, 16081, 65316, 16235, 17109, 80941, 79234, 78069, 69895, 52794, 33022, 9796, 7359, 78315, 34322, 23853, 844, 88015, 38332, 33443, 63109, 65469, 96270, 54808, 23847, 83837, 84120, 86023, 34733, 17939, 58788, 74731, 58899, 85894, 94868, 87736, 94803, 79241, 69192, 55877, 78874, 36565, 40804, 79151, 84620, 28560, 70055, 35083, 5624, 91838, 73200, 57692, 93844, 49188, 88083, 79346, 19552, 58622, 55206, 19601, 35191, 14712, 78821, 52959, 61452, 13366, 87131, 38741, 63663, 5480, 36721, 81387, 89872, 25618, 37326, 81250, 65858, 74057, 77241, 77936, 77620, 62546, 87885, 4720, 53507, 52797, 91566, 75573, 30809, 8533, 78169, 53227, 17504, 76054, 95332, 18131, 3746, 8357, 59409, 43362, 50357, 66110, 59621, 56020, 67103, 34074, 67268, 53023, 33617, 66382, 84834, 43871, 11081, 26348, 47197, 85835, 4310, 46301, 33767, 61666, 71524, 61482, 55090, 38849, 95324, 45414, 58081, 48962, 31423, 14456, 31766, 22437, 12039, 94697, 87951, 37997, 75770, 75627, 94621, 54774, 6977, 28274, 14326, 73207, 77563, 61868, 35583, 91136, 64724, 85540, 67704, 71541, 18881, 33866, 79351, 46010, 20293, 87453, 12273, 37918, 23105, 5631, 38294, 55444, 26861, 14547, 78014, 58417, 6625, 97742, 85703, 35222, 94130, 9869, 72191, 90426, 47638, 17917, 93700, 83016, 79750, 29518, 8683, 25170, 38117, 1270, 87580, 76026, 6813, 5175], ""<class 'abc.NT_0000'>"": [6, 81341, 2, 0, 0, 0, 0, 0, 5, 3, 0, 0, 0, 64878, 4, 6, 3, 3, 6, 5, 1, 1, 2, 5, 1, 5, 0, 1, 1, 1, 0, 6, 3, 4, 4, 2, 0, 5, 2, 0, 6, 4, 5, 6, 0, 3, 2, 5, 3, 5, 3, 2, 2, 2, 5, 1, 0, 6, 90454, 2, 3, 0, 5, 4, 3, 0, 0, 0, 0, 73098, 0, 0, 0, 0, 5, 3, 2, 1, 5, 4, 0, 2, 2, 1, 75691, 72824, 98505, 4, 1, 2, 3, 0, 0, 0, 0, 0, 0, 0, 0, 6, 1, 0, 4, 0, 5, 0, 0, 0, 0, 5, 3, 37973, 4, 6, 4, 3, 6, 4, 1, 16791, 3, 2, 5, 5, 6, 3, 0, 23028, 5, 25454, 1, 6, 1, 3, 5, 3, 6, 4, 1, 0, 0, 0, 0, 0, 2, 6, 2, 2, 6, 2, 1, 71077, 6, 1, 3, 6, 4, 6, 1, 43278, 18853, 22685, 65944], ""<class 'abc.NT_0000_P_00000'>"": [], ""<class 'abc.NT_0000_P_00001'>"": [], ""<class 'abc.NT_0000_P_00002'>"": [], ""<class 'abc.NT_0000_P_00003'>"": [], ""<class 'abc.NT_0000_P_00004'>"": [], ""<class 'abc.NT_0000_P_00005'>"": [], ""<class 'abc.NT_0000_P_00006'>"": [], ""<class 'abc.NT_0001_P_00001'>"": [], ""<class 'abc.NT_0001_P_00002'>"": [], ""<class 'abc.NT_0004_P_00001'>"": [], ""<class 'abc.NT_0003'>"": [], ""<class 'abc.NT_0003_P_00000'>"": [], ""<class 'abc.NT_0002'>"": [], ""<class 'abc.NT_0002_P_00000'>"": [], ""<class 'abc.NT_0002_P_00001'>"": [], ""<class 'abc.NT_0002_P_00002'>"": [], ""<class 'abc.NT_0002_P_00003'>"": [], ""<class 'abc.NT_0002_P_00004'>"": [], ""<class 'abc.NT_0002_P_00005'>"": [], ""<class 'abc.NT_0002_P_00006'>"": [], ""<class 'abc.NT_0002_P_00007'>"": [], ""<class 'abc.NT_0003_P_00001'>"": [], ""<class 'abc.NT_0006'>"": [0, 0, 0, 0, 0, 0, 0, 0, 0, 0, 61144], ""<class 'abc.NT_0006_P_00000'>"": [], ""<class 'abc.NT_0005'>"": [], ""<class 'abc.NT_0005_P_00000'>"": [], ""<class 'abc.NT_0005_P_00001'>"": [], ""<class 'abc.NT_0005_P_00002'>"": [], ""<class 'abc.NT_0005_P_00003'>"": [], ""<class 'abc.NT_0005_P_00004'>"": [], ""<class 'abc.NT_0005_P_00005'>"": [], ""<class 'abc.NT_0005_P_00006'>"": [], ""<class 'abc.NT_0006_P_00001'>"": [], ""<class 'abc.NT_0006_P_00002'>"": [], ""<class 'abc.NT_0006_P_00003'>"": [], ""<class 'abc.NT_0006_P_00004'>"": [], ""<class 'abc.NT_0006_P_00005'>"": [], ""<class 'abc.NT_0006_P_00006'>"": [], ""<class 'abc.NT_0006_P_00007'>"": [], ""<class 'abc.NT_0007_P_00001'>"": [], ""<class 'abc.NT_0007_P_00002'>"": [], ""<class 'abc.NT_0007_P_00003'>"": [], ""<class 'abc.NT_0007_P_00004'>"": [], ""<class 'abc.NT_0007_P_00005'>"": [], ""<class 'abc.NT_0010_P_00001'>"": [], ""<class 'abc.NT_0008'>"": [1, 1, 0, 1, 0, 1, 1, 0, 0, 0, 53609], ""<class 'abc.NT_0008_P_00000'>"": [], ""<class 'abc.NT_0008_P_00001'>"": [], ""<class 'abc.NT_0008_P_00002'>"": [], ""<class 'abc.NT_0008_P_00003'>"": [], ""<class 'abc.NT_0008_P_00004'>"": [], ""<class 'abc.NT_0010_P_00002'>"": [], ""<class 'abc.NT_0010_P_00003'>"": [], ""<class 'abc.NT_0010_P_00004'>"": [], ""<class 'abc.NT_0009'>"": [], ""<class 'abc.NT_0009_P_00000'>"": [], ""<class 'abc.NT_0009_P_00001'>"": [], ""<class 'abc.NT_0009_P_00002'>"": [], ""<class 'abc.NT_0009_P_00003'>"": [], ""<class 'abc.NT_0009_P_00004'>"": [], ""<class 'abc.NT_0010_P_00005'>"": [], ""<class 'abc.NT_0010_P_00006'>"": [], '$leftovers': [53952, 55672, 74831, 33963, 25015, 25697, 7592, 13690, 41603, 28828, 1846, 59419, 50863, 95750, 68544, 33751, 67086, 76352, 50275, 33813, 72521, 72186, 98367, 89110, 82056, 74758, 66368, 72604, 26616, 95885, 5264, 24236, 31002, 72786, 81453, 1549, 58861, 79208, 25327, 61699, 15666, 70132, 5604, 37976, 96197, 2135, 75049, 31492, 45828, 69192, 23886, 73401, 14363, 57489, 62600, 98230, 9181, 95579, 43563, 90001, 10166, 37716, 81042, 70856, 13122, 24742, 63023, 17296, 11162, 35926, 83920, 36824, 91962, 58024, 27633, 13217, 56880, 30598, 66637, 54630, 58415, 54841, 82919, 35232, 49917, 17273, 79974, 17408, 31831, 87760, 29062, 14159, 29820, 5544, 41099, 45482, 2367, 64759, 21373, 78063, 60377, 57592, 80389, 75806, 7140, 12762, 52584, 44029, 83065, 36358, 92073, 35502, 89851, 86918, 68167, 22970, 33999, 40707, 73232, 67107, 4690, 27422, 72591, 34525, 90618, 2963, 85885, 80470, 94309, 72287, 86237, 30800, 21730, 52145, 25063, 99142, 45233, 92389, 19816, 53209, 72995, 23801, 95121, 45638, 11339, 15054, 40314, 16381, 79668, 56708, 97137, 22673, 80400, 80443, 24458, 37011, 58667, 75764, 53847, 74996, 93872, 46267, 41769, 85089, 9643, 86889, 97627, 33079, 933, 43196, 52217, 79122, 46989, 50182, 64937, 60213, 16879, 63767, 55027, 27313, 18196, 50575, 90581, 8996, 89436, 11012, 91016, 57772, 10236, 47256, 19254, 76575, 44892, 57875, 3503, 27780, 56113, 13767, 20496, 36810, 88578, 50995, 20368, 96919, 63509, 78725, 22186, 21940, 83357, 70821, 62407, 5751, 99417, 54484, 84347, 49869, 59120, 77472, 71055, 75216, 32877, 52229, 43027, 52944, 84829, 51449, 27475, 27630, 13347, 93840, 82893, 31266, 77927, 44060, 63854, 26220, 14191, 5875, 72995, 94210, 4812, 36293, 60877, 38524, 53538, 55421, 57401, 6707, 31836, 5558, 72593, 56812, 95547, 72912, 18618, 75443, 78171, 11735, 35054, 94765, 87027, 57565, 4412, 48777, 17618, 18044, 80027, 77395, 39289, 29056, 72558, 46347, 83019, 73372, 48356, 18386, 80834, 35099, 61279, 69867, 10554, 17785, 24597, 21526, 52000, 84035, 68241, 86236, 90584, 56916, 4321, 21106, 3209, 53370, 14502, 4043, 3741, 48190, 62568, 85240, 30739, 34688, 33162, 38929, 40707, 9334, 70094, 294, 70936, 86179, 55931, 16143, 22646, 9862, 78881, 12560, 83625, 7134, 61874, 91203, 46269, 47110, 83843, 5289, 74137, 88273, 14580, 47344, 60753, 19167, 40339, 79020, 71132, 72253, 89884, 55934, 54064, 74742, 75597, 86320, 15369, 63397, 46665, 17800, 14718, 59462, 83731, 50541, 53632, 34874, 68412, 2214, 3157, 78677, 23641, 67143, 58266, 39232, 74667, 18780, 43657, 73836, 21147, 90021, 98970, 11732, 28569, 99269, 41709, 68360, 42589, 70863, 97958, 97500, 40709, 92966, 21694, 40040, 15592, 22426, 52529, 8629, 24081, 50548, 58167, 84087, 80087, 55979, 12478, 75863, 55100, 52426, 86114, 99605, 40435, 5992, 58835, 61375, 29923, 65710, 80868, 92180, 69393, 41505, 62791, 18731, 18953, 11106, 22971, 47087, 67395, 8258, 12800, 44872, 82838, 62992, 14599, 48272, 40211, 34341, 21057, 28702, 52824, 50572, 82640, 12559, 6067, 48063, 59935, 26657, 3055, 87176, 89751, 87167, 14129, 36152, 74245, 44747, 51354, 75606, 24046, 98077, 96803, 82440, 70055, 51399, 43781, 35119, 45388, 14656, 55187, 5401, 8942, 17594, 59726, 44804, 51824, 97127, 93212, 46736, 55514, 73728, 42663, 19730, 19118, 31504, 24324, 14360, 71402, 35819, 66623, 33391, 84006, 2911, 97136, 67491, 11377, 49060, 65542, 72990, 114, 23028, 6641, 27228, 3801, 4956, 62586, 14141, 70080, 75547, 78994, 65918, 560, 46101, 31529, 66655, 31719, 5956, 96644, 67012, 78144, 3048, 45105, 7215, 83884, 11279, 16049, 66710, 25797, 40844, 87206, 63324, 41774, 57371, 78550, 22173, 30307, 13444, 29382, 32923, 31372, 98768, 620, 84539, 52981, 46001, 96637, 98145, 70426, 17494, 64405, 42589, 15179, 68644, 27071, 13450, 95253, 45532, 96961, 62333, 11781, 32318, 82849, 54636, 12447, 1814, 30737, 3786, 72534, 1553, 67307, 88836, 53336, 60684, 5299, 69670, 93727, 24264, 65067, 51522, 39043, 6477, 55629, 2045, 64874, 64874, 93396, 99449, 22991, 2252, 65473, 51372, 84312, 95735, 39003, 62906, 71229, 74579, 17862, 12605, 66123, 12351, 5404, 1510, 13832, 51398, 43597, 86043, 45546, 50420, 68348, 45911, 17136, 91393, 29118, 76555, 7357, 11300, 51742, 333, 26830, 75555, 2331, 96635, 13605, 21847, 8187, 79899, 51411, 91776, 29149, 96412, 70544, 75327, 30017, 64797, 45663, 36499, 35707, 5655, 58962, 70918, 30728, 28698, 2763, 45752, 53106, 82946, 39676, 58721, 64695, 96504, 11019, 19011, 33978, 82026, 62216, 86549, 70888, 51675, 18118, 44149, 304, 65154, 36993, 6719, 70749, 97700, 69122, 18232, 60931, 25664, 33495, 71133, 59877, 99870, 53079, 77835, 65833, 47081, 384, 86289, 42953, 38560, 17803, 33158, 87143, 3202, 80836, 24559, 25480, 24884, 20970, 78849, 96190, 23338, 56243, 28044, 1806, 43098, 94629, 1557, 75946, 69931, 66152, 83354, 38712, 69524, 66843, 29150, 61796, 59849, 85600, 73561, 8370, 32232, 13997, 66493, 75770, 25037, 41313, 81709, 42770, 35823, 5767, 84597, 6127, 36332, 59300, 14612, 84423, 75500, 4652, 15299, 11866, 73468, 89289, 30402, 81756, 68438, 35166, 55904, 13846, 18702, 799, 42978, 42363, 81775, 82039, 83706, 66787, 77082, 77233, 90355, 92042, 96322, 19227, 61963, 89603, 77545, 6052, 3841, 18717, 8234, 40730, 2563, 59226, 40967, 20584, 89858, 2564, 5878, 37612, 97484, 83865, 55142, 71000, 19072, 8974, 77980, 38107, 22222, 6344, 29047, 58559, 78236, 92489, 35351, 52880, 4784, 75272, 7172, 14821, 69925, 48597, 36800, 79837, 61052, 92728, 80840, 76556, 35926, 45963, 39089, 13982, 99317, 41515, 54213, 5759, 15167, 75711, 94811, 10683, 62537, 60034, 52454, 34102, 45807, 41806, 62006, 5254, 39376, 56753, 187, 90094, 45504, 96638, 10503, 14605, 12369, 14432, 31110, 66366, 82294, 58782, 82122, 93759, 61568, 45358, 83396, 56007, 22346, 66542, 25137, 68312, 52464, 36527, 57473, 69800, 52446, 72031, 53744, 47922, 16738, 49867, 32313, 76536, 62962, 51773, 12155, 8875, 76172, 34750, 32742, 97811, 88073, 51338, 30794, 91006, 86416, 39880, 1952, 1988, 834, 62791, 67483, 70617, 36464, 94648, 90108, 1096, 63154, 60062, 94902, 97514, 37054, 72006, 93872, 51641, 95146, 29421, 13699, 69458, 65880, 5195, 64127, 49560, 11459, 71639, 53906, 78595, 61247, 38, 96621, 9490, 10431, 14318, 66154, 77198, 68556, 55459, 96467, 72843, 20962, 56323, 81690, 9497, 25412, 82928, 49217, 52686, 94969, 92492, 21761, 71648, 29956, 62011, 95264, 32476, 14571, 57797, 89984, 56359, 10135, 93277, 26149, 81033, 35003, 9263, 28190, 31612, 31319, 51082, 62322, 43964, 54411, 62127, 34041, 1407, 30008, 37444, 91432, 17575, 63516, 79823, 24359, 57939, 44660, 66, 72073, 42472, 94120, 65635, 81958, 37791, 55580, 41268, 69239, 35124, 6540, 98481, 46755, 25404, 67577, 65846, 29030, 46115, 80925, 52269, 5028, 9163, 60505, 33992, 22030, 94004, 52956, 42555, 32674, 98143, 24692, 8450, 53283, 2014, 7396, 66, 78982, 83694, 22573, 2780, 14252, 55750, 49033, 93213, 40123, 40063, 85147, 53609, 43278, 5175, 49000, 61144, 18853, 22685, 65944, 30991, 71325, 99256, 76301, 95693, 34122]})"
774.0,9,128,19,428.505811214447,10180,"Genotype(dna={""<class 'abc.NT_0010'>"": [0, 0, 0, 0, 0, 1, 85147], ""<class 'abc.NT_0010_P_00000'>"": [], ""<class 'abc.NT_0007'>"": [], ""<class 'abc.NT_0007_P_00000'>"": [], ""<class 'abc.NT_0004'>"": [], ""<class 'abc.NT_0004_P_00000'>"": [], ""<class 'int'>"": [77126, 43201, 14674, 75809, 4326, 67271, 38350, 87430, 97011, 55942, 4506, 59964, 42225, 57077, 24342, 14478, 93904, 80839, 76441, 74856, 50058, 3411, 8626, 26055, 29274, 58967, 78993, 14828, 751, 67511, 28585, 12825, 23966, 7277, 99825, 74879, 55352, 55331, 363, 45016, 14379, 61509, 2069, 28699, 80396, 62952, 61201, 59585, 6749, 85094, 61965, 7610, 26258, 28296, 93033, 83162, 30096, 44060, 62884, 81104, 35245, 6364, 80462, 83171, 68919, 29950, 26707, 81924, 38153, 22585, 59277, 34382, 15383, 94500, 26532, 22254, 60581, 3345, 80271, 57971, 66816, 27488, 49989, 88487, 67815, 33251, 9814, 70899, 70376, 6572, 16025, 47013, 16359, 28708, 8258, 32360, 60550, 42267, 55413, 66178, 58891, 3524, 17413, 2205, 74754, 63914, 19152, 98442, 7431, 89440, 82080, 50837, 75285, 21620, 27020, 21639, 55890, 54599, 20169, 33311, 32242, 53498, 46439, 80881, 76188, 26746, 1133, 75300, 28413, 28258, 74339, 48912, 89430, 54118, 78957, 8190, 11376, 81490, 34042, 77295, 38509, 25473, 21325, 74688, 33757, 73445, 1092, 88730, 91008, 96974, 36419, 85058, 83462, 49605, 19202, 97630, 772, 92230, 92668, 49000], ""<class 'abc.NT_0001'>"": [], ""<class 'abc.NT_0001_P_00000'>"": [], ""<class 'bool'>"": [94567, 26792, 43510, 17549, 32334, 79141, 31637, 40541, 53775, 17842, 69311, 43769, 97227, 1539, 80259, 78373, 75096, 56123, 57441, 16081, 65316, 16235, 17109, 80941, 79234, 78069, 69895, 52794, 33022, 9796, 7359, 78315, 34322, 23853, 844, 88015, 38332, 33443, 63109, 65469, 96270, 54808, 23847, 83837, 84120, 86023, 34733, 17939, 58788, 74731, 58899, 85894, 94868, 87736, 94803, 79241, 69192, 55877, 78874, 36565, 40804, 79151, 84620, 28560, 70055, 35083, 5624, 91838, 73200, 57692, 93844, 49188, 88083, 79346, 19552, 58622, 55206, 19601, 35191, 14712, 78821, 52959, 61452, 13366, 87131, 38741, 63663, 5480, 36721, 81387, 89872, 25618, 37326, 81250, 65858, 74057, 77241, 77936, 77620, 62546, 87885, 4720, 53507, 52797, 91566, 75573, 30809, 8533, 78169, 53227, 17504, 76054, 95332, 18131, 3746, 8357, 59409, 43362, 50357, 66110, 59621, 56020, 67103, 34074, 67268, 53023, 33617, 66382, 84834, 43871, 11081, 26348, 47197, 85835, 4310, 46301, 33767, 61666, 71524, 61482, 55090, 38849, 95324, 45414, 58081, 48962, 31423, 14456, 31766, 22437, 12039, 94697, 87951, 37997, 75770, 75627, 94621, 54774, 6977, 28274, 14326, 73207, 77563, 61868, 35583, 91136, 64724, 85540, 67704, 71541, 18881, 33866, 79351, 46010, 20293, 87453, 12273, 37918, 23105, 5631, 38294, 55444, 26861, 14547, 78014, 58417, 6625, 97742, 85703, 35222, 94130, 9869, 72191, 90426, 47638, 17917, 93700, 83016, 79750, 29518, 8683, 25170, 38117, 1270, 87580, 76026, 6813, 5175], ""<class 'abc.NT_0000'>"": [6, 81341, 2, 0, 0, 0, 0, 0, 5, 3, 0, 0, 0, 64878, 4, 6, 3, 3, 6, 5, 1, 1, 2, 5, 1, 5, 0, 1, 1, 1, 0, 6, 3, 4, 4, 2, 0, 5, 2, 0, 6, 4, 5, 6, 0, 3, 2, 5, 3, 5, 3, 2, 2, 2, 5, 1, 0, 6, 90454, 2, 3, 0, 5, 4, 3, 0, 0, 0, 0, 73098, 0, 0, 0, 0, 5, 3, 2, 1, 5, 4, 0, 2, 2, 1, 75691, 72824, 98505, 4, 1, 2, 3, 0, 0, 0, 0, 0, 0, 0, 0, 6, 1, 0, 4, 0, 5, 0, 0, 0, 0, 5, 3, 37973, 4, 6, 4, 3, 6, 4, 1, 16791, 3, 2, 5, 5, 6, 3, 0, 23028, 5, 25454, 1, 6, 1, 3, 5, 3, 6, 4, 1, 0, 0, 0, 0, 0, 2, 6, 2, 2, 6, 2, 1, 71077, 6, 1, 3, 6, 4, 6, 1, 43278, 18853, 22685, 65944], ""<class 'abc.NT_0000_P_00000'>"": [], ""<class 'abc.NT_0000_P_00001'>"": [], ""<class 'abc.NT_0000_P_00002'>"": [], ""<class 'abc.NT_0000_P_00003'>"": [], ""<class 'abc.NT_0000_P_00004'>"": [], ""<class 'abc.NT_0000_P_00005'>"": [], ""<class 'abc.NT_0000_P_00006'>"": [], ""<class 'abc.NT_0001_P_00001'>"": [], ""<class 'abc.NT_0001_P_00002'>"": [], ""<class 'abc.NT_0004_P_00001'>"": [], ""<class 'abc.NT_0003'>"": [], ""<class 'abc.NT_0003_P_00000'>"": [], ""<class 'abc.NT_0002'>"": [], ""<class 'abc.NT_0002_P_00000'>"": [], ""<class 'abc.NT_0002_P_00001'>"": [], ""<class 'abc.NT_0002_P_00002'>"": [], ""<class 'abc.NT_0002_P_00003'>"": [], ""<class 'abc.NT_0002_P_00004'>"": [], ""<class 'abc.NT_0002_P_00005'>"": [], ""<class 'abc.NT_0002_P_00006'>"": [], ""<class 'abc.NT_0002_P_00007'>"": [], ""<class 'abc.NT_0003_P_00001'>"": [], ""<class 'abc.NT_0006'>"": [0, 0, 0, 0, 0, 0, 0, 0, 0, 0, 61144], ""<class 'abc.NT_0006_P_00000'>"": [], ""<class 'abc.NT_0005'>"": [], ""<class 'abc.NT_0005_P_00000'>"": [], ""<class 'abc.NT_0005_P_00001'>"": [], ""<class 'abc.NT_0005_P_00002'>"": [], ""<class 'abc.NT_0005_P_00003'>"": [], ""<class 'abc.NT_0005_P_00004'>"": [], ""<class 'abc.NT_0005_P_00005'>"": [], ""<class 'abc.NT_0005_P_00006'>"": [], ""<class 'abc.NT_0006_P_00001'>"": [], ""<class 'abc.NT_0006_P_00002'>"": [], ""<class 'abc.NT_0006_P_00003'>"": [], ""<class 'abc.NT_0006_P_00004'>"": [], ""<class 'abc.NT_0006_P_00005'>"": [], ""<class 'abc.NT_0006_P_00006'>"": [], ""<class 'abc.NT_0006_P_00007'>"": [], ""<class 'abc.NT_0007_P_00001'>"": [], ""<class 'abc.NT_0007_P_00002'>"": [], ""<class 'abc.NT_0007_P_00003'>"": [], ""<class 'abc.NT_0007_P_00004'>"": [], ""<class 'abc.NT_0007_P_00005'>"": [], ""<class 'abc.NT_0010_P_00001'>"": [], ""<class 'abc.NT_0008'>"": [1, 1, 0, 1, 0, 1, 1, 0, 0, 0, 53609], ""<class 'abc.NT_0008_P_00000'>"": [], ""<class 'abc.NT_0008_P_00001'>"": [], ""<class 'abc.NT_0008_P_00002'>"": [], ""<class 'abc.NT_0008_P_00003'>"": [], ""<class 'abc.NT_0008_P_00004'>"": [], ""<class 'abc.NT_0010_P_00002'>"": [], ""<class 'abc.NT_0010_P_00003'>"": [], ""<class 'abc.NT_0010_P_00004'>"": [], ""<class 'abc.NT_0009'>"": [], ""<class 'abc.NT_0009_P_00000'>"": [], ""<class 'abc.NT_0009_P_00001'>"": [], ""<class 'abc.NT_0009_P_00002'>"": [], ""<class 'abc.NT_0009_P_00003'>"": [], ""<class 'abc.NT_0009_P_00004'>"": [], ""<class 'abc.NT_0010_P_00005'>"": [], ""<class 'abc.NT_0010_P_00006'>"": [], '$leftovers': [53952, 55672, 74831, 33963, 25015, 25697, 7592, 13690, 41603, 28828, 1846, 59419, 50863, 95750, 68544, 33751, 67086, 76352, 50275, 33813, 72521, 72186, 98367, 89110, 82056, 74758, 66368, 72604, 26616, 95885, 5264, 24236, 31002, 72786, 81453, 1549, 58861, 79208, 25327, 61699, 15666, 70132, 5604, 37976, 96197, 2135, 75049, 31492, 45828, 69192, 23886, 73401, 14363, 57489, 62600, 98230, 9181, 95579, 43563, 90001, 10166, 37716, 81042, 70856, 13122, 24742, 63023, 17296, 11162, 35926, 83920, 36824, 91962, 58024, 27633, 13217, 56880, 30598, 66637, 54630, 58415, 54841, 82919, 35232, 49917, 17273, 79974, 17408, 31831, 87760, 29062, 14159, 29820, 5544, 41099, 45482, 2367, 64759, 21373, 78063, 60377, 57592, 80389, 75806, 7140, 12762, 52584, 44029, 83065, 36358, 92073, 35502, 89851, 86918, 68167, 22970, 33999, 40707, 73232, 67107, 4690, 27422, 72591, 34525, 90618, 2963, 85885, 80470, 94309, 72287, 86237, 30800, 21730, 52145, 25063, 99142, 45233, 92389, 19816, 53209, 72995, 23801, 95121, 45638, 11339, 15054, 40314, 16381, 79668, 56708, 97137, 22673, 80400, 80443, 24458, 37011, 58667, 75764, 53847, 74996, 93872, 46267, 41769, 85089, 9643, 86889, 97627, 33079, 933, 43196, 52217, 79122, 46989, 50182, 64937, 60213, 16879, 63767, 55027, 27313, 18196, 50575, 90581, 8996, 89436, 11012, 91016, 57772, 10236, 47256, 19254, 76575, 44892, 57875, 3503, 27780, 56113, 13767, 20496, 36810, 88578, 50995, 20368, 96919, 63509, 78725, 22186, 21940, 83357, 70821, 62407, 5751, 99417, 54484, 84347, 49869, 59120, 77472, 71055, 75216, 32877, 52229, 43027, 52944, 84829, 51449, 27475, 27630, 13347, 93840, 82893, 31266, 77927, 44060, 63854, 26220, 14191, 5875, 72995, 94210, 4812, 36293, 60877, 38524, 53538, 55421, 57401, 6707, 31836, 5558, 72593, 56812, 95547, 72912, 18618, 75443, 78171, 11735, 35054, 94765, 87027, 57565, 4412, 48777, 17618, 18044, 80027, 77395, 39289, 29056, 72558, 46347, 83019, 73372, 48356, 18386, 80834, 35099, 61279, 69867, 10554, 17785, 24597, 21526, 52000, 84035, 68241, 86236, 90584, 56916, 4321, 21106, 3209, 53370, 14502, 4043, 3741, 48190, 62568, 85240, 30739, 34688, 33162, 38929, 40707, 9334, 70094, 294, 70936, 86179, 55931, 16143, 22646, 9862, 78881, 12560, 83625, 7134, 61874, 91203, 46269, 47110, 83843, 5289, 74137, 88273, 14580, 47344, 60753, 19167, 40339, 79020, 71132, 72253, 89884, 55934, 54064, 74742, 75597, 86320, 15369, 63397, 46665, 17800, 14718, 59462, 83731, 50541, 53632, 34874, 68412, 2214, 3157, 78677, 23641, 67143, 58266, 39232, 74667, 18780, 43657, 73836, 21147, 90021, 98970, 11732, 28569, 99269, 41709, 68360, 42589, 70863, 97958, 97500, 40709, 92966, 21694, 40040, 15592, 22426, 52529, 8629, 24081, 50548, 58167, 84087, 80087, 55979, 12478, 75863, 55100, 52426, 86114, 99605, 40435, 5992, 58835, 61375, 29923, 65710, 80868, 92180, 69393, 41505, 62791, 18731, 18953, 11106, 22971, 47087, 67395, 8258, 12800, 44872, 82838, 62992, 14599, 48272, 40211, 34341, 21057, 28702, 52824, 50572, 82640, 12559, 6067, 48063, 59935, 26657, 3055, 87176, 89751, 87167, 14129, 36152, 74245, 44747, 51354, 75606, 24046, 98077, 96803, 82440, 70055, 51399, 43781, 35119, 45388, 14656, 55187, 5401, 8942, 17594, 59726, 44804, 51824, 97127, 93212, 46736, 55514, 73728, 42663, 19730, 19118, 31504, 24324, 14360, 71402, 35819, 66623, 33391, 84006, 2911, 97136, 67491, 11377, 49060, 65542, 72990, 114, 23028, 6641, 27228, 3801, 4956, 62586, 14141, 70080, 75547, 78994, 65918, 560, 46101, 31529, 66655, 31719, 5956, 96644, 67012, 78144, 3048, 45105, 7215, 83884, 11279, 16049, 66710, 25797, 40844, 87206, 63324, 41774, 57371, 78550, 22173, 30307, 13444, 29382, 32923, 31372, 98768, 620, 84539, 52981, 46001, 96637, 98145, 70426, 17494, 64405, 42589, 15179, 68644, 27071, 13450, 95253, 45532, 96961, 62333, 11781, 32318, 82849, 54636, 12447, 1814, 30737, 3786, 72534, 1553, 67307, 88836, 53336, 60684, 5299, 69670, 93727, 24264, 65067, 51522, 39043, 6477, 55629, 2045, 64874, 64874, 93396, 99449, 22991, 2252, 65473, 51372, 84312, 95735, 39003, 62906, 71229, 74579, 17862, 12605, 66123, 12351, 5404, 1510, 13832, 51398, 43597, 86043, 45546, 50420, 68348, 45911, 17136, 91393, 29118, 76555, 7357, 11300, 51742, 333, 26830, 75555, 2331, 96635, 13605, 21847, 8187, 79899, 51411, 91776, 29149, 96412, 70544, 75327, 30017, 64797, 45663, 36499, 35707, 5655, 58962, 70918, 30728, 28698, 2763, 45752, 53106, 82946, 39676, 58721, 64695, 96504, 11019, 19011, 33978, 82026, 62216, 86549, 70888, 51675, 18118, 44149, 304, 65154, 36993, 6719, 70749, 97700, 69122, 18232, 60931, 25664, 33495, 71133, 59877, 99870, 53079, 77835, 65833, 47081, 384, 86289, 42953, 38560, 17803, 33158, 87143, 3202, 80836, 24559, 25480, 24884, 20970, 78849, 96190, 23338, 56243, 28044, 1806, 43098, 94629, 1557, 75946, 69931, 66152, 83354, 38712, 69524, 66843, 29150, 61796, 59849, 85600, 73561, 8370, 32232, 13997, 66493, 75770, 25037, 41313, 81709, 42770, 35823, 5767, 84597, 6127, 36332, 59300, 14612, 84423, 75500, 4652, 15299, 11866, 73468, 89289, 30402, 81756, 68438, 35166, 55904, 13846, 18702, 799, 42978, 42363, 81775, 82039, 83706, 66787, 77082, 77233, 90355, 92042, 96322, 19227, 61963, 89603, 77545, 6052, 3841, 18717, 8234, 40730, 2563, 59226, 40967, 20584, 89858, 2564, 5878, 37612, 97484, 83865, 55142, 71000, 19072, 8974, 77980, 38107, 22222, 6344, 29047, 58559, 78236, 92489, 35351, 52880, 4784, 75272, 7172, 14821, 69925, 48597, 36800, 79837, 61052, 92728, 80840, 76556, 35926, 45963, 39089, 13982, 99317, 41515, 54213, 5759, 15167, 75711, 94811, 10683, 62537, 60034, 52454, 34102, 45807, 41806, 62006, 5254, 39376, 56753, 187, 90094, 45504, 96638, 10503, 14605, 12369, 14432, 31110, 66366, 82294, 58782, 82122, 93759, 61568, 45358, 83396, 56007, 22346, 66542, 25137, 68312, 52464, 36527, 57473, 69800, 52446, 72031, 53744, 47922, 16738, 49867, 32313, 76536, 62962, 51773, 12155, 8875, 76172, 34750, 32742, 97811, 88073, 51338, 30794, 91006, 86416, 39880, 1952, 1988, 834, 62791, 67483, 70617, 36464, 94648, 90108, 1096, 63154, 60062, 94902, 97514, 37054, 72006, 93872, 51641, 95146, 29421, 13699, 69458, 65880, 5195, 64127, 49560, 11459, 71639, 53906, 78595, 61247, 38, 96621, 9490, 10431, 14318, 66154, 77198, 68556, 55459, 96467, 72843, 20962, 56323, 81690, 9497, 25412, 82928, 49217, 52686, 94969, 92492, 21761, 71648, 29956, 62011, 95264, 32476, 14571, 57797, 89984, 56359, 10135, 93277, 26149, 81033, 35003, 9263, 28190, 31612, 31319, 51082, 62322, 43964, 54411, 62127, 34041, 1407, 30008, 37444, 91432, 17575, 63516, 79823, 24359, 57939, 44660, 66, 72073, 42472, 94120, 65635, 81958, 37791, 55580, 41268, 69239, 35124, 6540, 98481, 46755, 25404, 67577, 65846, 29030, 46115, 80925, 52269, 5028, 9163, 60505, 33992, 22030, 94004, 52956, 42555, 32674, 98143, 24692, 8450, 53283, 2014, 7396, 66, 78982, 83694, 22573, 2780, 14252, 55750, 49033, 93213, 40123, 40063, 85147, 53609, 43278, 5175, 49000, 61144, 18853, 22685, 65944, 30991, 71325, 99256, 76301, 95693, 34122]})"
774.0,9,128,20,429.3581657409668,10180,"Genotype(dna={""<class 'abc.NT_0010'>"": [0, 0, 0, 0, 0, 1, 85147], ""<class 'abc.NT_0010_P_00000'>"": [], ""<class 'abc.NT_0007'>"": [], ""<class 'abc.NT_0007_P_00000'>"": [], ""<class 'abc.NT_0004'>"": [], ""<class 'abc.NT_0004_P_00000'>"": [], ""<class 'int'>"": [77126, 43201, 14674, 75809, 4326, 67271, 38350, 87430, 97011, 55942, 4506, 59964, 42225, 57077, 24342, 14478, 93904, 80839, 76441, 74856, 50058, 3411, 8626, 26055, 29274, 58967, 78993, 14828, 751, 67511, 28585, 12825, 23966, 7277, 99825, 74879, 55352, 55331, 363, 45016, 14379, 61509, 2069, 28699, 80396, 62952, 61201, 59585, 6749, 85094, 61965, 7610, 26258, 28296, 93033, 83162, 30096, 44060, 62884, 81104, 35245, 6364, 80462, 83171, 68919, 29950, 26707, 81924, 38153, 22585, 59277, 34382, 15383, 94500, 26532, 22254, 60581, 3345, 80271, 57971, 66816, 27488, 49989, 88487, 67815, 33251, 9814, 70899, 70376, 6572, 16025, 47013, 16359, 28708, 8258, 32360, 60550, 42267, 55413, 66178, 58891, 3524, 17413, 2205, 74754, 63914, 19152, 98442, 7431, 89440, 82080, 50837, 75285, 21620, 27020, 21639, 55890, 54599, 20169, 33311, 32242, 53498, 46439, 80881, 76188, 26746, 1133, 75300, 28413, 28258, 74339, 48912, 89430, 54118, 78957, 8190, 11376, 81490, 34042, 77295, 38509, 25473, 21325, 74688, 33757, 73445, 1092, 88730, 91008, 96974, 36419, 85058, 83462, 49605, 19202, 97630, 772, 92230, 92668, 49000], ""<class 'abc.NT_0001'>"": [], ""<class 'abc.NT_0001_P_00000'>"": [], ""<class 'bool'>"": [94567, 26792, 43510, 17549, 32334, 79141, 31637, 40541, 53775, 17842, 69311, 43769, 97227, 1539, 80259, 78373, 75096, 56123, 57441, 16081, 65316, 16235, 17109, 80941, 79234, 78069, 69895, 52794, 33022, 9796, 7359, 78315, 34322, 23853, 844, 88015, 38332, 33443, 63109, 65469, 96270, 54808, 23847, 83837, 84120, 86023, 34733, 17939, 58788, 74731, 58899, 85894, 94868, 87736, 94803, 79241, 69192, 55877, 78874, 36565, 40804, 79151, 84620, 28560, 70055, 35083, 5624, 91838, 73200, 57692, 93844, 49188, 88083, 79346, 19552, 58622, 55206, 19601, 35191, 14712, 78821, 52959, 61452, 13366, 87131, 38741, 63663, 5480, 36721, 81387, 89872, 25618, 37326, 81250, 65858, 74057, 77241, 77936, 77620, 62546, 87885, 4720, 53507, 52797, 91566, 75573, 30809, 8533, 78169, 53227, 17504, 76054, 95332, 18131, 3746, 8357, 59409, 43362, 50357, 66110, 59621, 56020, 67103, 34074, 67268, 53023, 33617, 66382, 84834, 43871, 11081, 26348, 47197, 85835, 4310, 46301, 33767, 61666, 71524, 61482, 55090, 38849, 95324, 45414, 58081, 48962, 31423, 14456, 31766, 22437, 12039, 94697, 87951, 37997, 75770, 75627, 94621, 54774, 6977, 28274, 14326, 73207, 77563, 61868, 35583, 91136, 64724, 85540, 67704, 71541, 18881, 33866, 79351, 46010, 20293, 87453, 12273, 37918, 23105, 5631, 38294, 55444, 26861, 14547, 78014, 58417, 6625, 97742, 85703, 35222, 94130, 9869, 72191, 90426, 47638, 17917, 93700, 83016, 79750, 29518, 8683, 25170, 38117, 1270, 87580, 76026, 6813, 5175], ""<class 'abc.NT_0000'>"": [6, 81341, 2, 0, 0, 0, 0, 0, 5, 3, 0, 0, 0, 64878, 4, 6, 3, 3, 6, 5, 1, 1, 2, 5, 1, 5, 0, 1, 1, 1, 0, 6, 3, 4, 4, 2, 0, 5, 2, 0, 6, 4, 5, 6, 0, 3, 2, 5, 3, 5, 3, 2, 2, 2, 5, 1, 0, 6, 90454, 2, 3, 0, 5, 4, 3, 0, 0, 0, 0, 73098, 0, 0, 0, 0, 5, 3, 2, 1, 5, 4, 0, 2, 2, 1, 75691, 72824, 98505, 4, 1, 2, 3, 0, 0, 0, 0, 0, 0, 0, 0, 6, 1, 0, 4, 0, 5, 0, 0, 0, 0, 5, 3, 37973, 4, 6, 4, 3, 6, 4, 1, 16791, 3, 2, 5, 5, 6, 3, 0, 23028, 5, 25454, 1, 6, 1, 3, 5, 3, 6, 4, 1, 0, 0, 0, 0, 0, 2, 6, 2, 2, 6, 2, 1, 71077, 6, 1, 3, 6, 4, 6, 1, 43278, 18853, 22685, 65944], ""<class 'abc.NT_0000_P_00000'>"": [], ""<class 'abc.NT_0000_P_00001'>"": [], ""<class 'abc.NT_0000_P_00002'>"": [], ""<class 'abc.NT_0000_P_00003'>"": [], ""<class 'abc.NT_0000_P_00004'>"": [], ""<class 'abc.NT_0000_P_00005'>"": [], ""<class 'abc.NT_0000_P_00006'>"": [], ""<class 'abc.NT_0001_P_00001'>"": [], ""<class 'abc.NT_0001_P_00002'>"": [], ""<class 'abc.NT_0004_P_00001'>"": [], ""<class 'abc.NT_0003'>"": [], ""<class 'abc.NT_0003_P_00000'>"": [], ""<class 'abc.NT_0002'>"": [], ""<class 'abc.NT_0002_P_00000'>"": [], ""<class 'abc.NT_0002_P_00001'>"": [], ""<class 'abc.NT_0002_P_00002'>"": [], ""<class 'abc.NT_0002_P_00003'>"": [], ""<class 'abc.NT_0002_P_00004'>"": [], ""<class 'abc.NT_0002_P_00005'>"": [], ""<class 'abc.NT_0002_P_00006'>"": [], ""<class 'abc.NT_0002_P_00007'>"": [], ""<class 'abc.NT_0003_P_00001'>"": [], ""<class 'abc.NT_0006'>"": [0, 0, 0, 0, 0, 0, 0, 0, 0, 0, 61144], ""<class 'abc.NT_0006_P_00000'>"": [], ""<class 'abc.NT_0005'>"": [], ""<class 'abc.NT_0005_P_00000'>"": [], ""<class 'abc.NT_0005_P_00001'>"": [], ""<class 'abc.NT_0005_P_00002'>"": [], ""<class 'abc.NT_0005_P_00003'>"": [], ""<class 'abc.NT_0005_P_00004'>"": [], ""<class 'abc.NT_0005_P_00005'>"": [], ""<class 'abc.NT_0005_P_00006'>"": [], ""<class 'abc.NT_0006_P_00001'>"": [], ""<class 'abc.NT_0006_P_00002'>"": [], ""<class 'abc.NT_0006_P_00003'>"": [], ""<class 'abc.NT_0006_P_00004'>"": [], ""<class 'abc.NT_0006_P_00005'>"": [], ""<class 'abc.NT_0006_P_00006'>"": [], ""<class 'abc.NT_0006_P_00007'>"": [], ""<class 'abc.NT_0007_P_00001'>"": [], ""<class 'abc.NT_0007_P_00002'>"": [], ""<class 'abc.NT_0007_P_00003'>"": [], ""<class 'abc.NT_0007_P_00004'>"": [], ""<class 'abc.NT_0007_P_00005'>"": [], ""<class 'abc.NT_0010_P_00001'>"": [], ""<class 'abc.NT_0008'>"": [1, 1, 0, 1, 0, 1, 1, 0, 0, 0, 53609], ""<class 'abc.NT_0008_P_00000'>"": [], ""<class 'abc.NT_0008_P_00001'>"": [], ""<class 'abc.NT_0008_P_00002'>"": [], ""<class 'abc.NT_0008_P_00003'>"": [], ""<class 'abc.NT_0008_P_00004'>"": [], ""<class 'abc.NT_0010_P_00002'>"": [], ""<class 'abc.NT_0010_P_00003'>"": [], ""<class 'abc.NT_0010_P_00004'>"": [], ""<class 'abc.NT_0009'>"": [], ""<class 'abc.NT_0009_P_00000'>"": [], ""<class 'abc.NT_0009_P_00001'>"": [], ""<class 'abc.NT_0009_P_00002'>"": [], ""<class 'abc.NT_0009_P_00003'>"": [], ""<class 'abc.NT_0009_P_00004'>"": [], ""<class 'abc.NT_0010_P_00005'>"": [], ""<class 'abc.NT_0010_P_00006'>"": [], '$leftovers': [53952, 55672, 74831, 33963, 25015, 25697, 7592, 13690, 41603, 28828, 1846, 59419, 50863, 95750, 68544, 33751, 67086, 76352, 50275, 33813, 72521, 72186, 98367, 89110, 82056, 74758, 66368, 72604, 26616, 95885, 5264, 24236, 31002, 72786, 81453, 1549, 58861, 79208, 25327, 61699, 15666, 70132, 5604, 37976, 96197, 2135, 75049, 31492, 45828, 69192, 23886, 73401, 14363, 57489, 62600, 98230, 9181, 95579, 43563, 90001, 10166, 37716, 81042, 70856, 13122, 24742, 63023, 17296, 11162, 35926, 83920, 36824, 91962, 58024, 27633, 13217, 56880, 30598, 66637, 54630, 58415, 54841, 82919, 35232, 49917, 17273, 79974, 17408, 31831, 87760, 29062, 14159, 29820, 5544, 41099, 45482, 2367, 64759, 21373, 78063, 60377, 57592, 80389, 75806, 7140, 12762, 52584, 44029, 83065, 36358, 92073, 35502, 89851, 86918, 68167, 22970, 33999, 40707, 73232, 67107, 4690, 27422, 72591, 34525, 90618, 2963, 85885, 80470, 94309, 72287, 86237, 30800, 21730, 52145, 25063, 99142, 45233, 92389, 19816, 53209, 72995, 23801, 95121, 45638, 11339, 15054, 40314, 16381, 79668, 56708, 97137, 22673, 80400, 80443, 24458, 37011, 58667, 75764, 53847, 74996, 93872, 46267, 41769, 85089, 9643, 86889, 97627, 33079, 933, 43196, 52217, 79122, 46989, 50182, 64937, 60213, 16879, 63767, 55027, 27313, 18196, 50575, 90581, 8996, 89436, 11012, 91016, 57772, 10236, 47256, 19254, 76575, 44892, 57875, 3503, 27780, 56113, 13767, 20496, 36810, 88578, 50995, 20368, 96919, 63509, 78725, 22186, 21940, 83357, 70821, 62407, 5751, 99417, 54484, 84347, 49869, 59120, 77472, 71055, 75216, 32877, 52229, 43027, 52944, 84829, 51449, 27475, 27630, 13347, 93840, 82893, 31266, 77927, 44060, 63854, 26220, 14191, 5875, 72995, 94210, 4812, 36293, 60877, 38524, 53538, 55421, 57401, 6707, 31836, 5558, 72593, 56812, 95547, 72912, 18618, 75443, 78171, 11735, 35054, 94765, 87027, 57565, 4412, 48777, 17618, 18044, 80027, 77395, 39289, 29056, 72558, 46347, 83019, 73372, 48356, 18386, 80834, 35099, 61279, 69867, 10554, 17785, 24597, 21526, 52000, 84035, 68241, 86236, 90584, 56916, 4321, 21106, 3209, 53370, 14502, 4043, 3741, 48190, 62568, 85240, 30739, 34688, 33162, 38929, 40707, 9334, 70094, 294, 70936, 86179, 55931, 16143, 22646, 9862, 78881, 12560, 83625, 7134, 61874, 91203, 46269, 47110, 83843, 5289, 74137, 88273, 14580, 47344, 60753, 19167, 40339, 79020, 71132, 72253, 89884, 55934, 54064, 74742, 75597, 86320, 15369, 63397, 46665, 17800, 14718, 59462, 83731, 50541, 53632, 34874, 68412, 2214, 3157, 78677, 23641, 67143, 58266, 39232, 74667, 18780, 43657, 73836, 21147, 90021, 98970, 11732, 28569, 99269, 41709, 68360, 42589, 70863, 97958, 97500, 40709, 92966, 21694, 40040, 15592, 22426, 52529, 8629, 24081, 50548, 58167, 84087, 80087, 55979, 12478, 75863, 55100, 52426, 86114, 99605, 40435, 5992, 58835, 61375, 29923, 65710, 80868, 92180, 69393, 41505, 62791, 18731, 18953, 11106, 22971, 47087, 67395, 8258, 12800, 44872, 82838, 62992, 14599, 48272, 40211, 34341, 21057, 28702, 52824, 50572, 82640, 12559, 6067, 48063, 59935, 26657, 3055, 87176, 89751, 87167, 14129, 36152, 74245, 44747, 51354, 75606, 24046, 98077, 96803, 82440, 70055, 51399, 43781, 35119, 45388, 14656, 55187, 5401, 8942, 17594, 59726, 44804, 51824, 97127, 93212, 46736, 55514, 73728, 42663, 19730, 19118, 31504, 24324, 14360, 71402, 35819, 66623, 33391, 84006, 2911, 97136, 67491, 11377, 49060, 65542, 72990, 114, 23028, 6641, 27228, 3801, 4956, 62586, 14141, 70080, 75547, 78994, 65918, 560, 46101, 31529, 66655, 31719, 5956, 96644, 67012, 78144, 3048, 45105, 7215, 83884, 11279, 16049, 66710, 25797, 40844, 87206, 63324, 41774, 57371, 78550, 22173, 30307, 13444, 29382, 32923, 31372, 98768, 620, 84539, 52981, 46001, 96637, 98145, 70426, 17494, 64405, 42589, 15179, 68644, 27071, 13450, 95253, 45532, 96961, 62333, 11781, 32318, 82849, 54636, 12447, 1814, 30737, 3786, 72534, 1553, 67307, 88836, 53336, 60684, 5299, 69670, 93727, 24264, 65067, 51522, 39043, 6477, 55629, 2045, 64874, 64874, 93396, 99449, 22991, 2252, 65473, 51372, 84312, 95735, 39003, 62906, 71229, 74579, 17862, 12605, 66123, 12351, 5404, 1510, 13832, 51398, 43597, 86043, 45546, 50420, 68348, 45911, 17136, 91393, 29118, 76555, 7357, 11300, 51742, 333, 26830, 75555, 2331, 96635, 13605, 21847, 8187, 79899, 51411, 91776, 29149, 96412, 70544, 75327, 30017, 64797, 45663, 36499, 35707, 5655, 58962, 70918, 30728, 28698, 2763, 45752, 53106, 82946, 39676, 58721, 64695, 96504, 11019, 19011, 33978, 82026, 62216, 86549, 70888, 51675, 18118, 44149, 304, 65154, 36993, 6719, 70749, 97700, 69122, 18232, 60931, 25664, 33495, 71133, 59877, 99870, 53079, 77835, 65833, 47081, 384, 86289, 42953, 38560, 17803, 33158, 87143, 3202, 80836, 24559, 25480, 24884, 20970, 78849, 96190, 23338, 56243, 28044, 1806, 43098, 94629, 1557, 75946, 69931, 66152, 83354, 38712, 69524, 66843, 29150, 61796, 59849, 85600, 73561, 8370, 32232, 13997, 66493, 75770, 25037, 41313, 81709, 42770, 35823, 5767, 84597, 6127, 36332, 59300, 14612, 84423, 75500, 4652, 15299, 11866, 73468, 89289, 30402, 81756, 68438, 35166, 55904, 13846, 18702, 799, 42978, 42363, 81775, 82039, 83706, 66787, 77082, 77233, 90355, 92042, 96322, 19227, 61963, 89603, 77545, 6052, 3841, 18717, 8234, 40730, 2563, 59226, 40967, 20584, 89858, 2564, 5878, 37612, 97484, 83865, 55142, 71000, 19072, 8974, 77980, 38107, 22222, 6344, 29047, 58559, 78236, 92489, 35351, 52880, 4784, 75272, 7172, 14821, 69925, 48597, 36800, 79837, 61052, 92728, 80840, 76556, 35926, 45963, 39089, 13982, 99317, 41515, 54213, 5759, 15167, 75711, 94811, 10683, 62537, 60034, 52454, 34102, 45807, 41806, 62006, 5254, 39376, 56753, 187, 90094, 45504, 96638, 10503, 14605, 12369, 14432, 31110, 66366, 82294, 58782, 82122, 93759, 61568, 45358, 83396, 56007, 22346, 66542, 25137, 68312, 52464, 36527, 57473, 69800, 52446, 72031, 53744, 47922, 16738, 49867, 32313, 76536, 62962, 51773, 12155, 8875, 76172, 34750, 32742, 97811, 88073, 51338, 30794, 91006, 86416, 39880, 1952, 1988, 834, 62791, 67483, 70617, 36464, 94648, 90108, 1096, 63154, 60062, 94902, 97514, 37054, 72006, 93872, 51641, 95146, 29421, 13699, 69458, 65880, 5195, 64127, 49560, 11459, 71639, 53906, 78595, 61247, 38, 96621, 9490, 10431, 14318, 66154, 77198, 68556, 55459, 96467, 72843, 20962, 56323, 81690, 9497, 25412, 82928, 49217, 52686, 94969, 92492, 21761, 71648, 29956, 62011, 95264, 32476, 14571, 57797, 89984, 56359, 10135, 93277, 26149, 81033, 35003, 9263, 28190, 31612, 31319, 51082, 62322, 43964, 54411, 62127, 34041, 1407, 30008, 37444, 91432, 17575, 63516, 79823, 24359, 57939, 44660, 66, 72073, 42472, 94120, 65635, 81958, 37791, 55580, 41268, 69239, 35124, 6540, 98481, 46755, 25404, 67577, 65846, 29030, 46115, 80925, 52269, 5028, 9163, 60505, 33992, 22030, 94004, 52956, 42555, 32674, 98143, 24692, 8450, 53283, 2014, 7396, 66, 78982, 83694, 22573, 2780, 14252, 55750, 49033, 93213, 40123, 40063, 85147, 53609, 43278, 5175, 49000, 61144, 18853, 22685, 65944, 30991, 71325, 99256, 76301, 95693, 34122]})"
774.0,9,128,21,430.4182651042938,10180,"Genotype(dna={""<class 'abc.NT_0010'>"": [0, 0, 0, 0, 0, 1, 85147], ""<class 'abc.NT_0010_P_00000'>"": [], ""<class 'abc.NT_0007'>"": [], ""<class 'abc.NT_0007_P_00000'>"": [], ""<class 'abc.NT_0004'>"": [], ""<class 'abc.NT_0004_P_00000'>"": [], ""<class 'int'>"": [77126, 43201, 14674, 75809, 4326, 67271, 38350, 87430, 97011, 55942, 4506, 59964, 42225, 57077, 24342, 14478, 93904, 80839, 76441, 74856, 50058, 3411, 8626, 26055, 29274, 58967, 78993, 14828, 751, 67511, 28585, 12825, 23966, 7277, 99825, 74879, 55352, 55331, 363, 45016, 14379, 61509, 2069, 28699, 80396, 62952, 61201, 59585, 6749, 85094, 61965, 7610, 26258, 28296, 93033, 83162, 30096, 44060, 62884, 81104, 35245, 6364, 80462, 83171, 68919, 29950, 26707, 81924, 38153, 22585, 59277, 34382, 15383, 94500, 26532, 22254, 60581, 3345, 80271, 57971, 66816, 27488, 49989, 88487, 67815, 33251, 9814, 70899, 70376, 6572, 16025, 47013, 16359, 28708, 8258, 32360, 60550, 42267, 55413, 66178, 58891, 3524, 17413, 2205, 74754, 63914, 19152, 98442, 7431, 89440, 82080, 50837, 75285, 21620, 27020, 21639, 55890, 54599, 20169, 33311, 32242, 53498, 46439, 80881, 76188, 26746, 1133, 75300, 28413, 28258, 74339, 48912, 89430, 54118, 78957, 8190, 11376, 81490, 34042, 77295, 38509, 25473, 21325, 74688, 33757, 73445, 1092, 88730, 91008, 96974, 36419, 85058, 83462, 49605, 19202, 97630, 772, 92230, 92668, 49000], ""<class 'abc.NT_0001'>"": [], ""<class 'abc.NT_0001_P_00000'>"": [], ""<class 'bool'>"": [94567, 26792, 43510, 17549, 32334, 79141, 31637, 40541, 53775, 17842, 69311, 43769, 97227, 1539, 80259, 78373, 75096, 56123, 57441, 16081, 65316, 16235, 17109, 80941, 79234, 78069, 69895, 52794, 33022, 9796, 7359, 78315, 34322, 23853, 844, 88015, 38332, 33443, 63109, 65469, 96270, 54808, 23847, 83837, 84120, 86023, 34733, 17939, 58788, 74731, 58899, 85894, 94868, 87736, 94803, 79241, 69192, 55877, 78874, 36565, 40804, 79151, 84620, 28560, 70055, 35083, 5624, 91838, 73200, 57692, 93844, 49188, 88083, 79346, 19552, 58622, 55206, 19601, 35191, 14712, 78821, 52959, 61452, 13366, 87131, 38741, 63663, 5480, 36721, 81387, 89872, 25618, 37326, 81250, 65858, 74057, 77241, 77936, 77620, 62546, 87885, 4720, 53507, 52797, 91566, 75573, 30809, 8533, 78169, 53227, 17504, 76054, 95332, 18131, 3746, 8357, 59409, 43362, 50357, 66110, 59621, 56020, 67103, 34074, 67268, 53023, 33617, 66382, 84834, 43871, 11081, 26348, 47197, 85835, 4310, 46301, 33767, 61666, 71524, 61482, 55090, 38849, 95324, 45414, 58081, 48962, 31423, 14456, 31766, 22437, 12039, 94697, 87951, 37997, 75770, 75627, 94621, 54774, 6977, 28274, 14326, 73207, 77563, 61868, 35583, 91136, 64724, 85540, 67704, 71541, 18881, 33866, 79351, 46010, 20293, 87453, 12273, 37918, 23105, 5631, 38294, 55444, 26861, 14547, 78014, 58417, 6625, 97742, 85703, 35222, 94130, 9869, 72191, 90426, 47638, 17917, 93700, 83016, 79750, 29518, 8683, 25170, 38117, 1270, 87580, 76026, 6813, 5175], ""<class 'abc.NT_0000'>"": [6, 81341, 2, 0, 0, 0, 0, 0, 5, 3, 0, 0, 0, 64878, 4, 6, 3, 3, 6, 5, 1, 1, 2, 5, 1, 5, 0, 1, 1, 1, 0, 6, 3, 4, 4, 2, 0, 5, 2, 0, 6, 4, 5, 6, 0, 3, 2, 5, 3, 5, 3, 2, 2, 2, 5, 1, 0, 6, 90454, 2, 3, 0, 5, 4, 3, 0, 0, 0, 0, 73098, 0, 0, 0, 0, 5, 3, 2, 1, 5, 4, 0, 2, 2, 1, 75691, 72824, 98505, 4, 1, 2, 3, 0, 0, 0, 0, 0, 0, 0, 0, 6, 1, 0, 4, 0, 5, 0, 0, 0, 0, 5, 3, 37973, 4, 6, 4, 3, 6, 4, 1, 16791, 3, 2, 5, 5, 6, 3, 0, 23028, 5, 25454, 1, 6, 1, 3, 5, 3, 6, 4, 1, 0, 0, 0, 0, 0, 2, 6, 2, 2, 6, 2, 1, 71077, 6, 1, 3, 6, 4, 6, 1, 43278, 18853, 22685, 65944], ""<class 'abc.NT_0000_P_00000'>"": [], ""<class 'abc.NT_0000_P_00001'>"": [], ""<class 'abc.NT_0000_P_00002'>"": [], ""<class 'abc.NT_0000_P_00003'>"": [], ""<class 'abc.NT_0000_P_00004'>"": [], ""<class 'abc.NT_0000_P_00005'>"": [], ""<class 'abc.NT_0000_P_00006'>"": [], ""<class 'abc.NT_0001_P_00001'>"": [], ""<class 'abc.NT_0001_P_00002'>"": [], ""<class 'abc.NT_0004_P_00001'>"": [], ""<class 'abc.NT_0003'>"": [], ""<class 'abc.NT_0003_P_00000'>"": [], ""<class 'abc.NT_0002'>"": [], ""<class 'abc.NT_0002_P_00000'>"": [], ""<class 'abc.NT_0002_P_00001'>"": [], ""<class 'abc.NT_0002_P_00002'>"": [], ""<class 'abc.NT_0002_P_00003'>"": [], ""<class 'abc.NT_0002_P_00004'>"": [], ""<class 'abc.NT_0002_P_00005'>"": [], ""<class 'abc.NT_0002_P_00006'>"": [], ""<class 'abc.NT_0002_P_00007'>"": [], ""<class 'abc.NT_0003_P_00001'>"": [], ""<class 'abc.NT_0006'>"": [0, 0, 0, 0, 0, 0, 0, 0, 0, 0, 61144], ""<class 'abc.NT_0006_P_00000'>"": [], ""<class 'abc.NT_0005'>"": [], ""<class 'abc.NT_0005_P_00000'>"": [], ""<class 'abc.NT_0005_P_00001'>"": [], ""<class 'abc.NT_0005_P_00002'>"": [], ""<class 'abc.NT_0005_P_00003'>"": [], ""<class 'abc.NT_0005_P_00004'>"": [], ""<class 'abc.NT_0005_P_00005'>"": [], ""<class 'abc.NT_0005_P_00006'>"": [], ""<class 'abc.NT_0006_P_00001'>"": [], ""<class 'abc.NT_0006_P_00002'>"": [], ""<class 'abc.NT_0006_P_00003'>"": [], ""<class 'abc.NT_0006_P_00004'>"": [], ""<class 'abc.NT_0006_P_00005'>"": [], ""<class 'abc.NT_0006_P_00006'>"": [], ""<class 'abc.NT_0006_P_00007'>"": [], ""<class 'abc.NT_0007_P_00001'>"": [], ""<class 'abc.NT_0007_P_00002'>"": [], ""<class 'abc.NT_0007_P_00003'>"": [], ""<class 'abc.NT_0007_P_00004'>"": [], ""<class 'abc.NT_0007_P_00005'>"": [], ""<class 'abc.NT_0010_P_00001'>"": [], ""<class 'abc.NT_0008'>"": [1, 1, 0, 1, 0, 1, 1, 0, 0, 0, 53609], ""<class 'abc.NT_0008_P_00000'>"": [], ""<class 'abc.NT_0008_P_00001'>"": [], ""<class 'abc.NT_0008_P_00002'>"": [], ""<class 'abc.NT_0008_P_00003'>"": [], ""<class 'abc.NT_0008_P_00004'>"": [], ""<class 'abc.NT_0010_P_00002'>"": [], ""<class 'abc.NT_0010_P_00003'>"": [], ""<class 'abc.NT_0010_P_00004'>"": [], ""<class 'abc.NT_0009'>"": [], ""<class 'abc.NT_0009_P_00000'>"": [], ""<class 'abc.NT_0009_P_00001'>"": [], ""<class 'abc.NT_0009_P_00002'>"": [], ""<class 'abc.NT_0009_P_00003'>"": [], ""<class 'abc.NT_0009_P_00004'>"": [], ""<class 'abc.NT_0010_P_00005'>"": [], ""<class 'abc.NT_0010_P_00006'>"": [], '$leftovers': [53952, 55672, 74831, 33963, 25015, 25697, 7592, 13690, 41603, 28828, 1846, 59419, 50863, 95750, 68544, 33751, 67086, 76352, 50275, 33813, 72521, 72186, 98367, 89110, 82056, 74758, 66368, 72604, 26616, 95885, 5264, 24236, 31002, 72786, 81453, 1549, 58861, 79208, 25327, 61699, 15666, 70132, 5604, 37976, 96197, 2135, 75049, 31492, 45828, 69192, 23886, 73401, 14363, 57489, 62600, 98230, 9181, 95579, 43563, 90001, 10166, 37716, 81042, 70856, 13122, 24742, 63023, 17296, 11162, 35926, 83920, 36824, 91962, 58024, 27633, 13217, 56880, 30598, 66637, 54630, 58415, 54841, 82919, 35232, 49917, 17273, 79974, 17408, 31831, 87760, 29062, 14159, 29820, 5544, 41099, 45482, 2367, 64759, 21373, 78063, 60377, 57592, 80389, 75806, 7140, 12762, 52584, 44029, 83065, 36358, 92073, 35502, 89851, 86918, 68167, 22970, 33999, 40707, 73232, 67107, 4690, 27422, 72591, 34525, 90618, 2963, 85885, 80470, 94309, 72287, 86237, 30800, 21730, 52145, 25063, 99142, 45233, 92389, 19816, 53209, 72995, 23801, 95121, 45638, 11339, 15054, 40314, 16381, 79668, 56708, 97137, 22673, 80400, 80443, 24458, 37011, 58667, 75764, 53847, 74996, 93872, 46267, 41769, 85089, 9643, 86889, 97627, 33079, 933, 43196, 52217, 79122, 46989, 50182, 64937, 60213, 16879, 63767, 55027, 27313, 18196, 50575, 90581, 8996, 89436, 11012, 91016, 57772, 10236, 47256, 19254, 76575, 44892, 57875, 3503, 27780, 56113, 13767, 20496, 36810, 88578, 50995, 20368, 96919, 63509, 78725, 22186, 21940, 83357, 70821, 62407, 5751, 99417, 54484, 84347, 49869, 59120, 77472, 71055, 75216, 32877, 52229, 43027, 52944, 84829, 51449, 27475, 27630, 13347, 93840, 82893, 31266, 77927, 44060, 63854, 26220, 14191, 5875, 72995, 94210, 4812, 36293, 60877, 38524, 53538, 55421, 57401, 6707, 31836, 5558, 72593, 56812, 95547, 72912, 18618, 75443, 78171, 11735, 35054, 94765, 87027, 57565, 4412, 48777, 17618, 18044, 80027, 77395, 39289, 29056, 72558, 46347, 83019, 73372, 48356, 18386, 80834, 35099, 61279, 69867, 10554, 17785, 24597, 21526, 52000, 84035, 68241, 86236, 90584, 56916, 4321, 21106, 3209, 53370, 14502, 4043, 3741, 48190, 62568, 85240, 30739, 34688, 33162, 38929, 40707, 9334, 70094, 294, 70936, 86179, 55931, 16143, 22646, 9862, 78881, 12560, 83625, 7134, 61874, 91203, 46269, 47110, 83843, 5289, 74137, 88273, 14580, 47344, 60753, 19167, 40339, 79020, 71132, 72253, 89884, 55934, 54064, 74742, 75597, 86320, 15369, 63397, 46665, 17800, 14718, 59462, 83731, 50541, 53632, 34874, 68412, 2214, 3157, 78677, 23641, 67143, 58266, 39232, 74667, 18780, 43657, 73836, 21147, 90021, 98970, 11732, 28569, 99269, 41709, 68360, 42589, 70863, 97958, 97500, 40709, 92966, 21694, 40040, 15592, 22426, 52529, 8629, 24081, 50548, 58167, 84087, 80087, 55979, 12478, 75863, 55100, 52426, 86114, 99605, 40435, 5992, 58835, 61375, 29923, 65710, 80868, 92180, 69393, 41505, 62791, 18731, 18953, 11106, 22971, 47087, 67395, 8258, 12800, 44872, 82838, 62992, 14599, 48272, 40211, 34341, 21057, 28702, 52824, 50572, 82640, 12559, 6067, 48063, 59935, 26657, 3055, 87176, 89751, 87167, 14129, 36152, 74245, 44747, 51354, 75606, 24046, 98077, 96803, 82440, 70055, 51399, 43781, 35119, 45388, 14656, 55187, 5401, 8942, 17594, 59726, 44804, 51824, 97127, 93212, 46736, 55514, 73728, 42663, 19730, 19118, 31504, 24324, 14360, 71402, 35819, 66623, 33391, 84006, 2911, 97136, 67491, 11377, 49060, 65542, 72990, 114, 23028, 6641, 27228, 3801, 4956, 62586, 14141, 70080, 75547, 78994, 65918, 560, 46101, 31529, 66655, 31719, 5956, 96644, 67012, 78144, 3048, 45105, 7215, 83884, 11279, 16049, 66710, 25797, 40844, 87206, 63324, 41774, 57371, 78550, 22173, 30307, 13444, 29382, 32923, 31372, 98768, 620, 84539, 52981, 46001, 96637, 98145, 70426, 17494, 64405, 42589, 15179, 68644, 27071, 13450, 95253, 45532, 96961, 62333, 11781, 32318, 82849, 54636, 12447, 1814, 30737, 3786, 72534, 1553, 67307, 88836, 53336, 60684, 5299, 69670, 93727, 24264, 65067, 51522, 39043, 6477, 55629, 2045, 64874, 64874, 93396, 99449, 22991, 2252, 65473, 51372, 84312, 95735, 39003, 62906, 71229, 74579, 17862, 12605, 66123, 12351, 5404, 1510, 13832, 51398, 43597, 86043, 45546, 50420, 68348, 45911, 17136, 91393, 29118, 76555, 7357, 11300, 51742, 333, 26830, 75555, 2331, 96635, 13605, 21847, 8187, 79899, 51411, 91776, 29149, 96412, 70544, 75327, 30017, 64797, 45663, 36499, 35707, 5655, 58962, 70918, 30728, 28698, 2763, 45752, 53106, 82946, 39676, 58721, 64695, 96504, 11019, 19011, 33978, 82026, 62216, 86549, 70888, 51675, 18118, 44149, 304, 65154, 36993, 6719, 70749, 97700, 69122, 18232, 60931, 25664, 33495, 71133, 59877, 99870, 53079, 77835, 65833, 47081, 384, 86289, 42953, 38560, 17803, 33158, 87143, 3202, 80836, 24559, 25480, 24884, 20970, 78849, 96190, 23338, 56243, 28044, 1806, 43098, 94629, 1557, 75946, 69931, 66152, 83354, 38712, 69524, 66843, 29150, 61796, 59849, 85600, 73561, 8370, 32232, 13997, 66493, 75770, 25037, 41313, 81709, 42770, 35823, 5767, 84597, 6127, 36332, 59300, 14612, 84423, 75500, 4652, 15299, 11866, 73468, 89289, 30402, 81756, 68438, 35166, 55904, 13846, 18702, 799, 42978, 42363, 81775, 82039, 83706, 66787, 77082, 77233, 90355, 92042, 96322, 19227, 61963, 89603, 77545, 6052, 3841, 18717, 8234, 40730, 2563, 59226, 40967, 20584, 89858, 2564, 5878, 37612, 97484, 83865, 55142, 71000, 19072, 8974, 77980, 38107, 22222, 6344, 29047, 58559, 78236, 92489, 35351, 52880, 4784, 75272, 7172, 14821, 69925, 48597, 36800, 79837, 61052, 92728, 80840, 76556, 35926, 45963, 39089, 13982, 99317, 41515, 54213, 5759, 15167, 75711, 94811, 10683, 62537, 60034, 52454, 34102, 45807, 41806, 62006, 5254, 39376, 56753, 187, 90094, 45504, 96638, 10503, 14605, 12369, 14432, 31110, 66366, 82294, 58782, 82122, 93759, 61568, 45358, 83396, 56007, 22346, 66542, 25137, 68312, 52464, 36527, 57473, 69800, 52446, 72031, 53744, 47922, 16738, 49867, 32313, 76536, 62962, 51773, 12155, 8875, 76172, 34750, 32742, 97811, 88073, 51338, 30794, 91006, 86416, 39880, 1952, 1988, 834, 62791, 67483, 70617, 36464, 94648, 90108, 1096, 63154, 60062, 94902, 97514, 37054, 72006, 93872, 51641, 95146, 29421, 13699, 69458, 65880, 5195, 64127, 49560, 11459, 71639, 53906, 78595, 61247, 38, 96621, 9490, 10431, 14318, 66154, 77198, 68556, 55459, 96467, 72843, 20962, 56323, 81690, 9497, 25412, 82928, 49217, 52686, 94969, 92492, 21761, 71648, 29956, 62011, 95264, 32476, 14571, 57797, 89984, 56359, 10135, 93277, 26149, 81033, 35003, 9263, 28190, 31612, 31319, 51082, 62322, 43964, 54411, 62127, 34041, 1407, 30008, 37444, 91432, 17575, 63516, 79823, 24359, 57939, 44660, 66, 72073, 42472, 94120, 65635, 81958, 37791, 55580, 41268, 69239, 35124, 6540, 98481, 46755, 25404, 67577, 65846, 29030, 46115, 80925, 52269, 5028, 9163, 60505, 33992, 22030, 94004, 52956, 42555, 32674, 98143, 24692, 8450, 53283, 2014, 7396, 66, 78982, 83694, 22573, 2780, 14252, 55750, 49033, 93213, 40123, 40063, 85147, 53609, 43278, 5175, 49000, 61144, 18853, 22685, 65944, 30991, 71325, 99256, 76301, 95693, 34122]})"
774.0,9,128,22,431.3965063095093,10180,"Genotype(dna={""<class 'abc.NT_0010'>"": [0, 0, 0, 0, 0, 1, 85147], ""<class 'abc.NT_0010_P_00000'>"": [], ""<class 'abc.NT_0007'>"": [], ""<class 'abc.NT_0007_P_00000'>"": [], ""<class 'abc.NT_0004'>"": [], ""<class 'abc.NT_0004_P_00000'>"": [], ""<class 'int'>"": [77126, 43201, 14674, 75809, 4326, 67271, 38350, 87430, 97011, 55942, 4506, 59964, 42225, 57077, 24342, 14478, 93904, 80839, 76441, 74856, 50058, 3411, 8626, 26055, 29274, 58967, 78993, 14828, 751, 67511, 28585, 12825, 23966, 7277, 99825, 74879, 55352, 55331, 363, 45016, 14379, 61509, 2069, 28699, 80396, 62952, 61201, 59585, 6749, 85094, 61965, 7610, 26258, 28296, 93033, 83162, 30096, 44060, 62884, 81104, 35245, 6364, 80462, 83171, 68919, 29950, 26707, 81924, 38153, 22585, 59277, 34382, 15383, 94500, 26532, 22254, 60581, 3345, 80271, 57971, 66816, 27488, 49989, 88487, 67815, 33251, 9814, 70899, 70376, 6572, 16025, 47013, 16359, 28708, 8258, 32360, 60550, 42267, 55413, 66178, 58891, 3524, 17413, 2205, 74754, 63914, 19152, 98442, 7431, 89440, 82080, 50837, 75285, 21620, 27020, 21639, 55890, 54599, 20169, 33311, 32242, 53498, 46439, 80881, 76188, 26746, 1133, 75300, 28413, 28258, 74339, 48912, 89430, 54118, 78957, 8190, 11376, 81490, 34042, 77295, 38509, 25473, 21325, 74688, 33757, 73445, 1092, 88730, 91008, 96974, 36419, 85058, 83462, 49605, 19202, 97630, 772, 92230, 92668, 49000], ""<class 'abc.NT_0001'>"": [], ""<class 'abc.NT_0001_P_00000'>"": [], ""<class 'bool'>"": [94567, 26792, 43510, 17549, 32334, 79141, 31637, 40541, 53775, 17842, 69311, 43769, 97227, 1539, 80259, 78373, 75096, 56123, 57441, 16081, 65316, 16235, 17109, 80941, 79234, 78069, 69895, 52794, 33022, 9796, 7359, 78315, 34322, 23853, 844, 88015, 38332, 33443, 63109, 65469, 96270, 54808, 23847, 83837, 84120, 86023, 34733, 17939, 58788, 74731, 58899, 85894, 94868, 87736, 94803, 79241, 69192, 55877, 78874, 36565, 40804, 79151, 84620, 28560, 70055, 35083, 5624, 91838, 73200, 57692, 93844, 49188, 88083, 79346, 19552, 58622, 55206, 19601, 35191, 14712, 78821, 52959, 61452, 13366, 87131, 38741, 63663, 5480, 36721, 81387, 89872, 25618, 37326, 81250, 65858, 74057, 77241, 77936, 77620, 62546, 87885, 4720, 53507, 52797, 91566, 75573, 30809, 8533, 78169, 53227, 17504, 76054, 95332, 18131, 3746, 8357, 59409, 43362, 50357, 66110, 59621, 56020, 67103, 34074, 67268, 53023, 33617, 66382, 84834, 43871, 11081, 26348, 47197, 85835, 4310, 46301, 33767, 61666, 71524, 61482, 55090, 38849, 95324, 45414, 58081, 48962, 31423, 14456, 31766, 22437, 12039, 94697, 87951, 37997, 75770, 75627, 94621, 54774, 6977, 28274, 14326, 73207, 77563, 61868, 35583, 91136, 64724, 85540, 67704, 71541, 18881, 33866, 79351, 46010, 20293, 87453, 12273, 37918, 23105, 5631, 38294, 55444, 26861, 14547, 78014, 58417, 6625, 97742, 85703, 35222, 94130, 9869, 72191, 90426, 47638, 17917, 93700, 83016, 79750, 29518, 8683, 25170, 38117, 1270, 87580, 76026, 6813, 5175], ""<class 'abc.NT_0000'>"": [6, 81341, 2, 0, 0, 0, 0, 0, 5, 3, 0, 0, 0, 64878, 4, 6, 3, 3, 6, 5, 1, 1, 2, 5, 1, 5, 0, 1, 1, 1, 0, 6, 3, 4, 4, 2, 0, 5, 2, 0, 6, 4, 5, 6, 0, 3, 2, 5, 3, 5, 3, 2, 2, 2, 5, 1, 0, 6, 90454, 2, 3, 0, 5, 4, 3, 0, 0, 0, 0, 73098, 0, 0, 0, 0, 5, 3, 2, 1, 5, 4, 0, 2, 2, 1, 75691, 72824, 98505, 4, 1, 2, 3, 0, 0, 0, 0, 0, 0, 0, 0, 6, 1, 0, 4, 0, 5, 0, 0, 0, 0, 5, 3, 37973, 4, 6, 4, 3, 6, 4, 1, 16791, 3, 2, 5, 5, 6, 3, 0, 23028, 5, 25454, 1, 6, 1, 3, 5, 3, 6, 4, 1, 0, 0, 0, 0, 0, 2, 6, 2, 2, 6, 2, 1, 71077, 6, 1, 3, 6, 4, 6, 1, 43278, 18853, 22685, 65944], ""<class 'abc.NT_0000_P_00000'>"": [], ""<class 'abc.NT_0000_P_00001'>"": [], ""<class 'abc.NT_0000_P_00002'>"": [], ""<class 'abc.NT_0000_P_00003'>"": [], ""<class 'abc.NT_0000_P_00004'>"": [], ""<class 'abc.NT_0000_P_00005'>"": [], ""<class 'abc.NT_0000_P_00006'>"": [], ""<class 'abc.NT_0001_P_00001'>"": [], ""<class 'abc.NT_0001_P_00002'>"": [], ""<class 'abc.NT_0004_P_00001'>"": [], ""<class 'abc.NT_0003'>"": [], ""<class 'abc.NT_0003_P_00000'>"": [], ""<class 'abc.NT_0002'>"": [], ""<class 'abc.NT_0002_P_00000'>"": [], ""<class 'abc.NT_0002_P_00001'>"": [], ""<class 'abc.NT_0002_P_00002'>"": [], ""<class 'abc.NT_0002_P_00003'>"": [], ""<class 'abc.NT_0002_P_00004'>"": [], ""<class 'abc.NT_0002_P_00005'>"": [], ""<class 'abc.NT_0002_P_00006'>"": [], ""<class 'abc.NT_0002_P_00007'>"": [], ""<class 'abc.NT_0003_P_00001'>"": [], ""<class 'abc.NT_0006'>"": [0, 0, 0, 0, 0, 0, 0, 0, 0, 0, 61144], ""<class 'abc.NT_0006_P_00000'>"": [], ""<class 'abc.NT_0005'>"": [], ""<class 'abc.NT_0005_P_00000'>"": [], ""<class 'abc.NT_0005_P_00001'>"": [], ""<class 'abc.NT_0005_P_00002'>"": [], ""<class 'abc.NT_0005_P_00003'>"": [], ""<class 'abc.NT_0005_P_00004'>"": [], ""<class 'abc.NT_0005_P_00005'>"": [], ""<class 'abc.NT_0005_P_00006'>"": [], ""<class 'abc.NT_0006_P_00001'>"": [], ""<class 'abc.NT_0006_P_00002'>"": [], ""<class 'abc.NT_0006_P_00003'>"": [], ""<class 'abc.NT_0006_P_00004'>"": [], ""<class 'abc.NT_0006_P_00005'>"": [], ""<class 'abc.NT_0006_P_00006'>"": [], ""<class 'abc.NT_0006_P_00007'>"": [], ""<class 'abc.NT_0007_P_00001'>"": [], ""<class 'abc.NT_0007_P_00002'>"": [], ""<class 'abc.NT_0007_P_00003'>"": [], ""<class 'abc.NT_0007_P_00004'>"": [], ""<class 'abc.NT_0007_P_00005'>"": [], ""<class 'abc.NT_0010_P_00001'>"": [], ""<class 'abc.NT_0008'>"": [1, 1, 0, 1, 0, 1, 1, 0, 0, 0, 53609], ""<class 'abc.NT_0008_P_00000'>"": [], ""<class 'abc.NT_0008_P_00001'>"": [], ""<class 'abc.NT_0008_P_00002'>"": [], ""<class 'abc.NT_0008_P_00003'>"": [], ""<class 'abc.NT_0008_P_00004'>"": [], ""<class 'abc.NT_0010_P_00002'>"": [], ""<class 'abc.NT_0010_P_00003'>"": [], ""<class 'abc.NT_0010_P_00004'>"": [], ""<class 'abc.NT_0009'>"": [], ""<class 'abc.NT_0009_P_00000'>"": [], ""<class 'abc.NT_0009_P_00001'>"": [], ""<class 'abc.NT_0009_P_00002'>"": [], ""<class 'abc.NT_0009_P_00003'>"": [], ""<class 'abc.NT_0009_P_00004'>"": [], ""<class 'abc.NT_0010_P_00005'>"": [], ""<class 'abc.NT_0010_P_00006'>"": [], '$leftovers': [53952, 55672, 74831, 33963, 25015, 25697, 7592, 13690, 41603, 28828, 1846, 59419, 50863, 95750, 68544, 33751, 67086, 76352, 50275, 33813, 72521, 72186, 98367, 89110, 82056, 74758, 66368, 72604, 26616, 95885, 5264, 24236, 31002, 72786, 81453, 1549, 58861, 79208, 25327, 61699, 15666, 70132, 5604, 37976, 96197, 2135, 75049, 31492, 45828, 69192, 23886, 73401, 14363, 57489, 62600, 98230, 9181, 95579, 43563, 90001, 10166, 37716, 81042, 70856, 13122, 24742, 63023, 17296, 11162, 35926, 83920, 36824, 91962, 58024, 27633, 13217, 56880, 30598, 66637, 54630, 58415, 54841, 82919, 35232, 49917, 17273, 79974, 17408, 31831, 87760, 29062, 14159, 29820, 5544, 41099, 45482, 2367, 64759, 21373, 78063, 60377, 57592, 80389, 75806, 7140, 12762, 52584, 44029, 83065, 36358, 92073, 35502, 89851, 86918, 68167, 22970, 33999, 40707, 73232, 67107, 4690, 27422, 72591, 34525, 90618, 2963, 85885, 80470, 94309, 72287, 86237, 30800, 21730, 52145, 25063, 99142, 45233, 92389, 19816, 53209, 72995, 23801, 95121, 45638, 11339, 15054, 40314, 16381, 79668, 56708, 97137, 22673, 80400, 80443, 24458, 37011, 58667, 75764, 53847, 74996, 93872, 46267, 41769, 85089, 9643, 86889, 97627, 33079, 933, 43196, 52217, 79122, 46989, 50182, 64937, 60213, 16879, 63767, 55027, 27313, 18196, 50575, 90581, 8996, 89436, 11012, 91016, 57772, 10236, 47256, 19254, 76575, 44892, 57875, 3503, 27780, 56113, 13767, 20496, 36810, 88578, 50995, 20368, 96919, 63509, 78725, 22186, 21940, 83357, 70821, 62407, 5751, 99417, 54484, 84347, 49869, 59120, 77472, 71055, 75216, 32877, 52229, 43027, 52944, 84829, 51449, 27475, 27630, 13347, 93840, 82893, 31266, 77927, 44060, 63854, 26220, 14191, 5875, 72995, 94210, 4812, 36293, 60877, 38524, 53538, 55421, 57401, 6707, 31836, 5558, 72593, 56812, 95547, 72912, 18618, 75443, 78171, 11735, 35054, 94765, 87027, 57565, 4412, 48777, 17618, 18044, 80027, 77395, 39289, 29056, 72558, 46347, 83019, 73372, 48356, 18386, 80834, 35099, 61279, 69867, 10554, 17785, 24597, 21526, 52000, 84035, 68241, 86236, 90584, 56916, 4321, 21106, 3209, 53370, 14502, 4043, 3741, 48190, 62568, 85240, 30739, 34688, 33162, 38929, 40707, 9334, 70094, 294, 70936, 86179, 55931, 16143, 22646, 9862, 78881, 12560, 83625, 7134, 61874, 91203, 46269, 47110, 83843, 5289, 74137, 88273, 14580, 47344, 60753, 19167, 40339, 79020, 71132, 72253, 89884, 55934, 54064, 74742, 75597, 86320, 15369, 63397, 46665, 17800, 14718, 59462, 83731, 50541, 53632, 34874, 68412, 2214, 3157, 78677, 23641, 67143, 58266, 39232, 74667, 18780, 43657, 73836, 21147, 90021, 98970, 11732, 28569, 99269, 41709, 68360, 42589, 70863, 97958, 97500, 40709, 92966, 21694, 40040, 15592, 22426, 52529, 8629, 24081, 50548, 58167, 84087, 80087, 55979, 12478, 75863, 55100, 52426, 86114, 99605, 40435, 5992, 58835, 61375, 29923, 65710, 80868, 92180, 69393, 41505, 62791, 18731, 18953, 11106, 22971, 47087, 67395, 8258, 12800, 44872, 82838, 62992, 14599, 48272, 40211, 34341, 21057, 28702, 52824, 50572, 82640, 12559, 6067, 48063, 59935, 26657, 3055, 87176, 89751, 87167, 14129, 36152, 74245, 44747, 51354, 75606, 24046, 98077, 96803, 82440, 70055, 51399, 43781, 35119, 45388, 14656, 55187, 5401, 8942, 17594, 59726, 44804, 51824, 97127, 93212, 46736, 55514, 73728, 42663, 19730, 19118, 31504, 24324, 14360, 71402, 35819, 66623, 33391, 84006, 2911, 97136, 67491, 11377, 49060, 65542, 72990, 114, 23028, 6641, 27228, 3801, 4956, 62586, 14141, 70080, 75547, 78994, 65918, 560, 46101, 31529, 66655, 31719, 5956, 96644, 67012, 78144, 3048, 45105, 7215, 83884, 11279, 16049, 66710, 25797, 40844, 87206, 63324, 41774, 57371, 78550, 22173, 30307, 13444, 29382, 32923, 31372, 98768, 620, 84539, 52981, 46001, 96637, 98145, 70426, 17494, 64405, 42589, 15179, 68644, 27071, 13450, 95253, 45532, 96961, 62333, 11781, 32318, 82849, 54636, 12447, 1814, 30737, 3786, 72534, 1553, 67307, 88836, 53336, 60684, 5299, 69670, 93727, 24264, 65067, 51522, 39043, 6477, 55629, 2045, 64874, 64874, 93396, 99449, 22991, 2252, 65473, 51372, 84312, 95735, 39003, 62906, 71229, 74579, 17862, 12605, 66123, 12351, 5404, 1510, 13832, 51398, 43597, 86043, 45546, 50420, 68348, 45911, 17136, 91393, 29118, 76555, 7357, 11300, 51742, 333, 26830, 75555, 2331, 96635, 13605, 21847, 8187, 79899, 51411, 91776, 29149, 96412, 70544, 75327, 30017, 64797, 45663, 36499, 35707, 5655, 58962, 70918, 30728, 28698, 2763, 45752, 53106, 82946, 39676, 58721, 64695, 96504, 11019, 19011, 33978, 82026, 62216, 86549, 70888, 51675, 18118, 44149, 304, 65154, 36993, 6719, 70749, 97700, 69122, 18232, 60931, 25664, 33495, 71133, 59877, 99870, 53079, 77835, 65833, 47081, 384, 86289, 42953, 38560, 17803, 33158, 87143, 3202, 80836, 24559, 25480, 24884, 20970, 78849, 96190, 23338, 56243, 28044, 1806, 43098, 94629, 1557, 75946, 69931, 66152, 83354, 38712, 69524, 66843, 29150, 61796, 59849, 85600, 73561, 8370, 32232, 13997, 66493, 75770, 25037, 41313, 81709, 42770, 35823, 5767, 84597, 6127, 36332, 59300, 14612, 84423, 75500, 4652, 15299, 11866, 73468, 89289, 30402, 81756, 68438, 35166, 55904, 13846, 18702, 799, 42978, 42363, 81775, 82039, 83706, 66787, 77082, 77233, 90355, 92042, 96322, 19227, 61963, 89603, 77545, 6052, 3841, 18717, 8234, 40730, 2563, 59226, 40967, 20584, 89858, 2564, 5878, 37612, 97484, 83865, 55142, 71000, 19072, 8974, 77980, 38107, 22222, 6344, 29047, 58559, 78236, 92489, 35351, 52880, 4784, 75272, 7172, 14821, 69925, 48597, 36800, 79837, 61052, 92728, 80840, 76556, 35926, 45963, 39089, 13982, 99317, 41515, 54213, 5759, 15167, 75711, 94811, 10683, 62537, 60034, 52454, 34102, 45807, 41806, 62006, 5254, 39376, 56753, 187, 90094, 45504, 96638, 10503, 14605, 12369, 14432, 31110, 66366, 82294, 58782, 82122, 93759, 61568, 45358, 83396, 56007, 22346, 66542, 25137, 68312, 52464, 36527, 57473, 69800, 52446, 72031, 53744, 47922, 16738, 49867, 32313, 76536, 62962, 51773, 12155, 8875, 76172, 34750, 32742, 97811, 88073, 51338, 30794, 91006, 86416, 39880, 1952, 1988, 834, 62791, 67483, 70617, 36464, 94648, 90108, 1096, 63154, 60062, 94902, 97514, 37054, 72006, 93872, 51641, 95146, 29421, 13699, 69458, 65880, 5195, 64127, 49560, 11459, 71639, 53906, 78595, 61247, 38, 96621, 9490, 10431, 14318, 66154, 77198, 68556, 55459, 96467, 72843, 20962, 56323, 81690, 9497, 25412, 82928, 49217, 52686, 94969, 92492, 21761, 71648, 29956, 62011, 95264, 32476, 14571, 57797, 89984, 56359, 10135, 93277, 26149, 81033, 35003, 9263, 28190, 31612, 31319, 51082, 62322, 43964, 54411, 62127, 34041, 1407, 30008, 37444, 91432, 17575, 63516, 79823, 24359, 57939, 44660, 66, 72073, 42472, 94120, 65635, 81958, 37791, 55580, 41268, 69239, 35124, 6540, 98481, 46755, 25404, 67577, 65846, 29030, 46115, 80925, 52269, 5028, 9163, 60505, 33992, 22030, 94004, 52956, 42555, 32674, 98143, 24692, 8450, 53283, 2014, 7396, 66, 78982, 83694, 22573, 2780, 14252, 55750, 49033, 93213, 40123, 40063, 85147, 53609, 43278, 5175, 49000, 61144, 18853, 22685, 65944, 30991, 71325, 99256, 76301, 95693, 34122]})"
774.0,9,128,23,432.1390037536621,10180,"Genotype(dna={""<class 'abc.NT_0010'>"": [0, 0, 0, 0, 0, 1, 85147], ""<class 'abc.NT_0010_P_00000'>"": [], ""<class 'abc.NT_0007'>"": [], ""<class 'abc.NT_0007_P_00000'>"": [], ""<class 'abc.NT_0004'>"": [], ""<class 'abc.NT_0004_P_00000'>"": [], ""<class 'int'>"": [77126, 43201, 14674, 75809, 4326, 67271, 38350, 87430, 97011, 55942, 4506, 59964, 42225, 57077, 24342, 14478, 93904, 80839, 76441, 74856, 50058, 3411, 8626, 26055, 29274, 58967, 78993, 14828, 751, 67511, 28585, 12825, 23966, 7277, 99825, 74879, 55352, 55331, 363, 45016, 14379, 61509, 2069, 28699, 80396, 62952, 61201, 59585, 6749, 85094, 61965, 7610, 26258, 28296, 93033, 83162, 30096, 44060, 62884, 81104, 35245, 6364, 80462, 83171, 68919, 29950, 26707, 81924, 38153, 22585, 59277, 34382, 15383, 94500, 26532, 22254, 60581, 3345, 80271, 57971, 66816, 27488, 49989, 88487, 67815, 33251, 9814, 70899, 70376, 6572, 16025, 47013, 16359, 28708, 8258, 32360, 60550, 42267, 55413, 66178, 58891, 3524, 17413, 2205, 74754, 63914, 19152, 98442, 7431, 89440, 82080, 50837, 75285, 21620, 27020, 21639, 55890, 54599, 20169, 33311, 32242, 53498, 46439, 80881, 76188, 26746, 1133, 75300, 28413, 28258, 74339, 48912, 89430, 54118, 78957, 8190, 11376, 81490, 34042, 77295, 38509, 25473, 21325, 74688, 33757, 73445, 1092, 88730, 91008, 96974, 36419, 85058, 83462, 49605, 19202, 97630, 772, 92230, 92668, 49000], ""<class 'abc.NT_0001'>"": [], ""<class 'abc.NT_0001_P_00000'>"": [], ""<class 'bool'>"": [94567, 26792, 43510, 17549, 32334, 79141, 31637, 40541, 53775, 17842, 69311, 43769, 97227, 1539, 80259, 78373, 75096, 56123, 57441, 16081, 65316, 16235, 17109, 80941, 79234, 78069, 69895, 52794, 33022, 9796, 7359, 78315, 34322, 23853, 844, 88015, 38332, 33443, 63109, 65469, 96270, 54808, 23847, 83837, 84120, 86023, 34733, 17939, 58788, 74731, 58899, 85894, 94868, 87736, 94803, 79241, 69192, 55877, 78874, 36565, 40804, 79151, 84620, 28560, 70055, 35083, 5624, 91838, 73200, 57692, 93844, 49188, 88083, 79346, 19552, 58622, 55206, 19601, 35191, 14712, 78821, 52959, 61452, 13366, 87131, 38741, 63663, 5480, 36721, 81387, 89872, 25618, 37326, 81250, 65858, 74057, 77241, 77936, 77620, 62546, 87885, 4720, 53507, 52797, 91566, 75573, 30809, 8533, 78169, 53227, 17504, 76054, 95332, 18131, 3746, 8357, 59409, 43362, 50357, 66110, 59621, 56020, 67103, 34074, 67268, 53023, 33617, 66382, 84834, 43871, 11081, 26348, 47197, 85835, 4310, 46301, 33767, 61666, 71524, 61482, 55090, 38849, 95324, 45414, 58081, 48962, 31423, 14456, 31766, 22437, 12039, 94697, 87951, 37997, 75770, 75627, 94621, 54774, 6977, 28274, 14326, 73207, 77563, 61868, 35583, 91136, 64724, 85540, 67704, 71541, 18881, 33866, 79351, 46010, 20293, 87453, 12273, 37918, 23105, 5631, 38294, 55444, 26861, 14547, 78014, 58417, 6625, 97742, 85703, 35222, 94130, 9869, 72191, 90426, 47638, 17917, 93700, 83016, 79750, 29518, 8683, 25170, 38117, 1270, 87580, 76026, 6813, 5175], ""<class 'abc.NT_0000'>"": [6, 81341, 2, 0, 0, 0, 0, 0, 5, 3, 0, 0, 0, 64878, 4, 6, 3, 3, 6, 5, 1, 1, 2, 5, 1, 5, 0, 1, 1, 1, 0, 6, 3, 4, 4, 2, 0, 5, 2, 0, 6, 4, 5, 6, 0, 3, 2, 5, 3, 5, 3, 2, 2, 2, 5, 1, 0, 6, 90454, 2, 3, 0, 5, 4, 3, 0, 0, 0, 0, 73098, 0, 0, 0, 0, 5, 3, 2, 1, 5, 4, 0, 2, 2, 1, 75691, 72824, 98505, 4, 1, 2, 3, 0, 0, 0, 0, 0, 0, 0, 0, 6, 1, 0, 4, 0, 5, 0, 0, 0, 0, 5, 3, 37973, 4, 6, 4, 3, 6, 4, 1, 16791, 3, 2, 5, 5, 6, 3, 0, 23028, 5, 25454, 1, 6, 1, 3, 5, 3, 6, 4, 1, 0, 0, 0, 0, 0, 2, 6, 2, 2, 6, 2, 1, 71077, 6, 1, 3, 6, 4, 6, 1, 43278, 18853, 22685, 65944], ""<class 'abc.NT_0000_P_00000'>"": [], ""<class 'abc.NT_0000_P_00001'>"": [], ""<class 'abc.NT_0000_P_00002'>"": [], ""<class 'abc.NT_0000_P_00003'>"": [], ""<class 'abc.NT_0000_P_00004'>"": [], ""<class 'abc.NT_0000_P_00005'>"": [], ""<class 'abc.NT_0000_P_00006'>"": [], ""<class 'abc.NT_0001_P_00001'>"": [], ""<class 'abc.NT_0001_P_00002'>"": [], ""<class 'abc.NT_0004_P_00001'>"": [], ""<class 'abc.NT_0003'>"": [], ""<class 'abc.NT_0003_P_00000'>"": [], ""<class 'abc.NT_0002'>"": [], ""<class 'abc.NT_0002_P_00000'>"": [], ""<class 'abc.NT_0002_P_00001'>"": [], ""<class 'abc.NT_0002_P_00002'>"": [], ""<class 'abc.NT_0002_P_00003'>"": [], ""<class 'abc.NT_0002_P_00004'>"": [], ""<class 'abc.NT_0002_P_00005'>"": [], ""<class 'abc.NT_0002_P_00006'>"": [], ""<class 'abc.NT_0002_P_00007'>"": [], ""<class 'abc.NT_0003_P_00001'>"": [], ""<class 'abc.NT_0006'>"": [0, 0, 0, 0, 0, 0, 0, 0, 0, 0, 61144], ""<class 'abc.NT_0006_P_00000'>"": [], ""<class 'abc.NT_0005'>"": [], ""<class 'abc.NT_0005_P_00000'>"": [], ""<class 'abc.NT_0005_P_00001'>"": [], ""<class 'abc.NT_0005_P_00002'>"": [], ""<class 'abc.NT_0005_P_00003'>"": [], ""<class 'abc.NT_0005_P_00004'>"": [], ""<class 'abc.NT_0005_P_00005'>"": [], ""<class 'abc.NT_0005_P_00006'>"": [], ""<class 'abc.NT_0006_P_00001'>"": [], ""<class 'abc.NT_0006_P_00002'>"": [], ""<class 'abc.NT_0006_P_00003'>"": [], ""<class 'abc.NT_0006_P_00004'>"": [], ""<class 'abc.NT_0006_P_00005'>"": [], ""<class 'abc.NT_0006_P_00006'>"": [], ""<class 'abc.NT_0006_P_00007'>"": [], ""<class 'abc.NT_0007_P_00001'>"": [], ""<class 'abc.NT_0007_P_00002'>"": [], ""<class 'abc.NT_0007_P_00003'>"": [], ""<class 'abc.NT_0007_P_00004'>"": [], ""<class 'abc.NT_0007_P_00005'>"": [], ""<class 'abc.NT_0010_P_00001'>"": [], ""<class 'abc.NT_0008'>"": [1, 1, 0, 1, 0, 1, 1, 0, 0, 0, 53609], ""<class 'abc.NT_0008_P_00000'>"": [], ""<class 'abc.NT_0008_P_00001'>"": [], ""<class 'abc.NT_0008_P_00002'>"": [], ""<class 'abc.NT_0008_P_00003'>"": [], ""<class 'abc.NT_0008_P_00004'>"": [], ""<class 'abc.NT_0010_P_00002'>"": [], ""<class 'abc.NT_0010_P_00003'>"": [], ""<class 'abc.NT_0010_P_00004'>"": [], ""<class 'abc.NT_0009'>"": [], ""<class 'abc.NT_0009_P_00000'>"": [], ""<class 'abc.NT_0009_P_00001'>"": [], ""<class 'abc.NT_0009_P_00002'>"": [], ""<class 'abc.NT_0009_P_00003'>"": [], ""<class 'abc.NT_0009_P_00004'>"": [], ""<class 'abc.NT_0010_P_00005'>"": [], ""<class 'abc.NT_0010_P_00006'>"": [], '$leftovers': [53952, 55672, 74831, 33963, 25015, 25697, 7592, 13690, 41603, 28828, 1846, 59419, 50863, 95750, 68544, 33751, 67086, 76352, 50275, 33813, 72521, 72186, 98367, 89110, 82056, 74758, 66368, 72604, 26616, 95885, 5264, 24236, 31002, 72786, 81453, 1549, 58861, 79208, 25327, 61699, 15666, 70132, 5604, 37976, 96197, 2135, 75049, 31492, 45828, 69192, 23886, 73401, 14363, 57489, 62600, 98230, 9181, 95579, 43563, 90001, 10166, 37716, 81042, 70856, 13122, 24742, 63023, 17296, 11162, 35926, 83920, 36824, 91962, 58024, 27633, 13217, 56880, 30598, 66637, 54630, 58415, 54841, 82919, 35232, 49917, 17273, 79974, 17408, 31831, 87760, 29062, 14159, 29820, 5544, 41099, 45482, 2367, 64759, 21373, 78063, 60377, 57592, 80389, 75806, 7140, 12762, 52584, 44029, 83065, 36358, 92073, 35502, 89851, 86918, 68167, 22970, 33999, 40707, 73232, 67107, 4690, 27422, 72591, 34525, 90618, 2963, 85885, 80470, 94309, 72287, 86237, 30800, 21730, 52145, 25063, 99142, 45233, 92389, 19816, 53209, 72995, 23801, 95121, 45638, 11339, 15054, 40314, 16381, 79668, 56708, 97137, 22673, 80400, 80443, 24458, 37011, 58667, 75764, 53847, 74996, 93872, 46267, 41769, 85089, 9643, 86889, 97627, 33079, 933, 43196, 52217, 79122, 46989, 50182, 64937, 60213, 16879, 63767, 55027, 27313, 18196, 50575, 90581, 8996, 89436, 11012, 91016, 57772, 10236, 47256, 19254, 76575, 44892, 57875, 3503, 27780, 56113, 13767, 20496, 36810, 88578, 50995, 20368, 96919, 63509, 78725, 22186, 21940, 83357, 70821, 62407, 5751, 99417, 54484, 84347, 49869, 59120, 77472, 71055, 75216, 32877, 52229, 43027, 52944, 84829, 51449, 27475, 27630, 13347, 93840, 82893, 31266, 77927, 44060, 63854, 26220, 14191, 5875, 72995, 94210, 4812, 36293, 60877, 38524, 53538, 55421, 57401, 6707, 31836, 5558, 72593, 56812, 95547, 72912, 18618, 75443, 78171, 11735, 35054, 94765, 87027, 57565, 4412, 48777, 17618, 18044, 80027, 77395, 39289, 29056, 72558, 46347, 83019, 73372, 48356, 18386, 80834, 35099, 61279, 69867, 10554, 17785, 24597, 21526, 52000, 84035, 68241, 86236, 90584, 56916, 4321, 21106, 3209, 53370, 14502, 4043, 3741, 48190, 62568, 85240, 30739, 34688, 33162, 38929, 40707, 9334, 70094, 294, 70936, 86179, 55931, 16143, 22646, 9862, 78881, 12560, 83625, 7134, 61874, 91203, 46269, 47110, 83843, 5289, 74137, 88273, 14580, 47344, 60753, 19167, 40339, 79020, 71132, 72253, 89884, 55934, 54064, 74742, 75597, 86320, 15369, 63397, 46665, 17800, 14718, 59462, 83731, 50541, 53632, 34874, 68412, 2214, 3157, 78677, 23641, 67143, 58266, 39232, 74667, 18780, 43657, 73836, 21147, 90021, 98970, 11732, 28569, 99269, 41709, 68360, 42589, 70863, 97958, 97500, 40709, 92966, 21694, 40040, 15592, 22426, 52529, 8629, 24081, 50548, 58167, 84087, 80087, 55979, 12478, 75863, 55100, 52426, 86114, 99605, 40435, 5992, 58835, 61375, 29923, 65710, 80868, 92180, 69393, 41505, 62791, 18731, 18953, 11106, 22971, 47087, 67395, 8258, 12800, 44872, 82838, 62992, 14599, 48272, 40211, 34341, 21057, 28702, 52824, 50572, 82640, 12559, 6067, 48063, 59935, 26657, 3055, 87176, 89751, 87167, 14129, 36152, 74245, 44747, 51354, 75606, 24046, 98077, 96803, 82440, 70055, 51399, 43781, 35119, 45388, 14656, 55187, 5401, 8942, 17594, 59726, 44804, 51824, 97127, 93212, 46736, 55514, 73728, 42663, 19730, 19118, 31504, 24324, 14360, 71402, 35819, 66623, 33391, 84006, 2911, 97136, 67491, 11377, 49060, 65542, 72990, 114, 23028, 6641, 27228, 3801, 4956, 62586, 14141, 70080, 75547, 78994, 65918, 560, 46101, 31529, 66655, 31719, 5956, 96644, 67012, 78144, 3048, 45105, 7215, 83884, 11279, 16049, 66710, 25797, 40844, 87206, 63324, 41774, 57371, 78550, 22173, 30307, 13444, 29382, 32923, 31372, 98768, 620, 84539, 52981, 46001, 96637, 98145, 70426, 17494, 64405, 42589, 15179, 68644, 27071, 13450, 95253, 45532, 96961, 62333, 11781, 32318, 82849, 54636, 12447, 1814, 30737, 3786, 72534, 1553, 67307, 88836, 53336, 60684, 5299, 69670, 93727, 24264, 65067, 51522, 39043, 6477, 55629, 2045, 64874, 64874, 93396, 99449, 22991, 2252, 65473, 51372, 84312, 95735, 39003, 62906, 71229, 74579, 17862, 12605, 66123, 12351, 5404, 1510, 13832, 51398, 43597, 86043, 45546, 50420, 68348, 45911, 17136, 91393, 29118, 76555, 7357, 11300, 51742, 333, 26830, 75555, 2331, 96635, 13605, 21847, 8187, 79899, 51411, 91776, 29149, 96412, 70544, 75327, 30017, 64797, 45663, 36499, 35707, 5655, 58962, 70918, 30728, 28698, 2763, 45752, 53106, 82946, 39676, 58721, 64695, 96504, 11019, 19011, 33978, 82026, 62216, 86549, 70888, 51675, 18118, 44149, 304, 65154, 36993, 6719, 70749, 97700, 69122, 18232, 60931, 25664, 33495, 71133, 59877, 99870, 53079, 77835, 65833, 47081, 384, 86289, 42953, 38560, 17803, 33158, 87143, 3202, 80836, 24559, 25480, 24884, 20970, 78849, 96190, 23338, 56243, 28044, 1806, 43098, 94629, 1557, 75946, 69931, 66152, 83354, 38712, 69524, 66843, 29150, 61796, 59849, 85600, 73561, 8370, 32232, 13997, 66493, 75770, 25037, 41313, 81709, 42770, 35823, 5767, 84597, 6127, 36332, 59300, 14612, 84423, 75500, 4652, 15299, 11866, 73468, 89289, 30402, 81756, 68438, 35166, 55904, 13846, 18702, 799, 42978, 42363, 81775, 82039, 83706, 66787, 77082, 77233, 90355, 92042, 96322, 19227, 61963, 89603, 77545, 6052, 3841, 18717, 8234, 40730, 2563, 59226, 40967, 20584, 89858, 2564, 5878, 37612, 97484, 83865, 55142, 71000, 19072, 8974, 77980, 38107, 22222, 6344, 29047, 58559, 78236, 92489, 35351, 52880, 4784, 75272, 7172, 14821, 69925, 48597, 36800, 79837, 61052, 92728, 80840, 76556, 35926, 45963, 39089, 13982, 99317, 41515, 54213, 5759, 15167, 75711, 94811, 10683, 62537, 60034, 52454, 34102, 45807, 41806, 62006, 5254, 39376, 56753, 187, 90094, 45504, 96638, 10503, 14605, 12369, 14432, 31110, 66366, 82294, 58782, 82122, 93759, 61568, 45358, 83396, 56007, 22346, 66542, 25137, 68312, 52464, 36527, 57473, 69800, 52446, 72031, 53744, 47922, 16738, 49867, 32313, 76536, 62962, 51773, 12155, 8875, 76172, 34750, 32742, 97811, 88073, 51338, 30794, 91006, 86416, 39880, 1952, 1988, 834, 62791, 67483, 70617, 36464, 94648, 90108, 1096, 63154, 60062, 94902, 97514, 37054, 72006, 93872, 51641, 95146, 29421, 13699, 69458, 65880, 5195, 64127, 49560, 11459, 71639, 53906, 78595, 61247, 38, 96621, 9490, 10431, 14318, 66154, 77198, 68556, 55459, 96467, 72843, 20962, 56323, 81690, 9497, 25412, 82928, 49217, 52686, 94969, 92492, 21761, 71648, 29956, 62011, 95264, 32476, 14571, 57797, 89984, 56359, 10135, 93277, 26149, 81033, 35003, 9263, 28190, 31612, 31319, 51082, 62322, 43964, 54411, 62127, 34041, 1407, 30008, 37444, 91432, 17575, 63516, 79823, 24359, 57939, 44660, 66, 72073, 42472, 94120, 65635, 81958, 37791, 55580, 41268, 69239, 35124, 6540, 98481, 46755, 25404, 67577, 65846, 29030, 46115, 80925, 52269, 5028, 9163, 60505, 33992, 22030, 94004, 52956, 42555, 32674, 98143, 24692, 8450, 53283, 2014, 7396, 66, 78982, 83694, 22573, 2780, 14252, 55750, 49033, 93213, 40123, 40063, 85147, 53609, 43278, 5175, 49000, 61144, 18853, 22685, 65944, 30991, 71325, 99256, 76301, 95693, 34122]})"
774.0,9,128,24,432.87731289863586,10180,"Genotype(dna={""<class 'abc.NT_0010'>"": [0, 0, 0, 0, 0, 1, 85147], ""<class 'abc.NT_0010_P_00000'>"": [], ""<class 'abc.NT_0007'>"": [], ""<class 'abc.NT_0007_P_00000'>"": [], ""<class 'abc.NT_0004'>"": [], ""<class 'abc.NT_0004_P_00000'>"": [], ""<class 'int'>"": [77126, 43201, 14674, 75809, 4326, 67271, 38350, 87430, 97011, 55942, 4506, 59964, 42225, 57077, 24342, 14478, 93904, 80839, 76441, 74856, 50058, 3411, 8626, 26055, 29274, 58967, 78993, 14828, 751, 67511, 28585, 12825, 23966, 7277, 99825, 74879, 55352, 55331, 363, 45016, 14379, 61509, 2069, 28699, 80396, 62952, 61201, 59585, 6749, 85094, 61965, 7610, 26258, 28296, 93033, 83162, 30096, 44060, 62884, 81104, 35245, 6364, 80462, 83171, 68919, 29950, 26707, 81924, 38153, 22585, 59277, 34382, 15383, 94500, 26532, 22254, 60581, 3345, 80271, 57971, 66816, 27488, 49989, 88487, 67815, 33251, 9814, 70899, 70376, 6572, 16025, 47013, 16359, 28708, 8258, 32360, 60550, 42267, 55413, 66178, 58891, 3524, 17413, 2205, 74754, 63914, 19152, 98442, 7431, 89440, 82080, 50837, 75285, 21620, 27020, 21639, 55890, 54599, 20169, 33311, 32242, 53498, 46439, 80881, 76188, 26746, 1133, 75300, 28413, 28258, 74339, 48912, 89430, 54118, 78957, 8190, 11376, 81490, 34042, 77295, 38509, 25473, 21325, 74688, 33757, 73445, 1092, 88730, 91008, 96974, 36419, 85058, 83462, 49605, 19202, 97630, 772, 92230, 92668, 49000], ""<class 'abc.NT_0001'>"": [], ""<class 'abc.NT_0001_P_00000'>"": [], ""<class 'bool'>"": [94567, 26792, 43510, 17549, 32334, 79141, 31637, 40541, 53775, 17842, 69311, 43769, 97227, 1539, 80259, 78373, 75096, 56123, 57441, 16081, 65316, 16235, 17109, 80941, 79234, 78069, 69895, 52794, 33022, 9796, 7359, 78315, 34322, 23853, 844, 88015, 38332, 33443, 63109, 65469, 96270, 54808, 23847, 83837, 84120, 86023, 34733, 17939, 58788, 74731, 58899, 85894, 94868, 87736, 94803, 79241, 69192, 55877, 78874, 36565, 40804, 79151, 84620, 28560, 70055, 35083, 5624, 91838, 73200, 57692, 93844, 49188, 88083, 79346, 19552, 58622, 55206, 19601, 35191, 14712, 78821, 52959, 61452, 13366, 87131, 38741, 63663, 5480, 36721, 81387, 89872, 25618, 37326, 81250, 65858, 74057, 77241, 77936, 77620, 62546, 87885, 4720, 53507, 52797, 91566, 75573, 30809, 8533, 78169, 53227, 17504, 76054, 95332, 18131, 3746, 8357, 59409, 43362, 50357, 66110, 59621, 56020, 67103, 34074, 67268, 53023, 33617, 66382, 84834, 43871, 11081, 26348, 47197, 85835, 4310, 46301, 33767, 61666, 71524, 61482, 55090, 38849, 95324, 45414, 58081, 48962, 31423, 14456, 31766, 22437, 12039, 94697, 87951, 37997, 75770, 75627, 94621, 54774, 6977, 28274, 14326, 73207, 77563, 61868, 35583, 91136, 64724, 85540, 67704, 71541, 18881, 33866, 79351, 46010, 20293, 87453, 12273, 37918, 23105, 5631, 38294, 55444, 26861, 14547, 78014, 58417, 6625, 97742, 85703, 35222, 94130, 9869, 72191, 90426, 47638, 17917, 93700, 83016, 79750, 29518, 8683, 25170, 38117, 1270, 87580, 76026, 6813, 5175], ""<class 'abc.NT_0000'>"": [6, 81341, 2, 0, 0, 0, 0, 0, 5, 3, 0, 0, 0, 64878, 4, 6, 3, 3, 6, 5, 1, 1, 2, 5, 1, 5, 0, 1, 1, 1, 0, 6, 3, 4, 4, 2, 0, 5, 2, 0, 6, 4, 5, 6, 0, 3, 2, 5, 3, 5, 3, 2, 2, 2, 5, 1, 0, 6, 90454, 2, 3, 0, 5, 4, 3, 0, 0, 0, 0, 73098, 0, 0, 0, 0, 5, 3, 2, 1, 5, 4, 0, 2, 2, 1, 75691, 72824, 98505, 4, 1, 2, 3, 0, 0, 0, 0, 0, 0, 0, 0, 6, 1, 0, 4, 0, 5, 0, 0, 0, 0, 5, 3, 37973, 4, 6, 4, 3, 6, 4, 1, 16791, 3, 2, 5, 5, 6, 3, 0, 23028, 5, 25454, 1, 6, 1, 3, 5, 3, 6, 4, 1, 0, 0, 0, 0, 0, 2, 6, 2, 2, 6, 2, 1, 71077, 6, 1, 3, 6, 4, 6, 1, 43278, 18853, 22685, 65944], ""<class 'abc.NT_0000_P_00000'>"": [], ""<class 'abc.NT_0000_P_00001'>"": [], ""<class 'abc.NT_0000_P_00002'>"": [], ""<class 'abc.NT_0000_P_00003'>"": [], ""<class 'abc.NT_0000_P_00004'>"": [], ""<class 'abc.NT_0000_P_00005'>"": [], ""<class 'abc.NT_0000_P_00006'>"": [], ""<class 'abc.NT_0001_P_00001'>"": [], ""<class 'abc.NT_0001_P_00002'>"": [], ""<class 'abc.NT_0004_P_00001'>"": [], ""<class 'abc.NT_0003'>"": [], ""<class 'abc.NT_0003_P_00000'>"": [], ""<class 'abc.NT_0002'>"": [], ""<class 'abc.NT_0002_P_00000'>"": [], ""<class 'abc.NT_0002_P_00001'>"": [], ""<class 'abc.NT_0002_P_00002'>"": [], ""<class 'abc.NT_0002_P_00003'>"": [], ""<class 'abc.NT_0002_P_00004'>"": [], ""<class 'abc.NT_0002_P_00005'>"": [], ""<class 'abc.NT_0002_P_00006'>"": [], ""<class 'abc.NT_0002_P_00007'>"": [], ""<class 'abc.NT_0003_P_00001'>"": [], ""<class 'abc.NT_0006'>"": [0, 0, 0, 0, 0, 0, 0, 0, 0, 0, 61144], ""<class 'abc.NT_0006_P_00000'>"": [], ""<class 'abc.NT_0005'>"": [], ""<class 'abc.NT_0005_P_00000'>"": [], ""<class 'abc.NT_0005_P_00001'>"": [], ""<class 'abc.NT_0005_P_00002'>"": [], ""<class 'abc.NT_0005_P_00003'>"": [], ""<class 'abc.NT_0005_P_00004'>"": [], ""<class 'abc.NT_0005_P_00005'>"": [], ""<class 'abc.NT_0005_P_00006'>"": [], ""<class 'abc.NT_0006_P_00001'>"": [], ""<class 'abc.NT_0006_P_00002'>"": [], ""<class 'abc.NT_0006_P_00003'>"": [], ""<class 'abc.NT_0006_P_00004'>"": [], ""<class 'abc.NT_0006_P_00005'>"": [], ""<class 'abc.NT_0006_P_00006'>"": [], ""<class 'abc.NT_0006_P_00007'>"": [], ""<class 'abc.NT_0007_P_00001'>"": [], ""<class 'abc.NT_0007_P_00002'>"": [], ""<class 'abc.NT_0007_P_00003'>"": [], ""<class 'abc.NT_0007_P_00004'>"": [], ""<class 'abc.NT_0007_P_00005'>"": [], ""<class 'abc.NT_0010_P_00001'>"": [], ""<class 'abc.NT_0008'>"": [1, 1, 0, 1, 0, 1, 1, 0, 0, 0, 53609], ""<class 'abc.NT_0008_P_00000'>"": [], ""<class 'abc.NT_0008_P_00001'>"": [], ""<class 'abc.NT_0008_P_00002'>"": [], ""<class 'abc.NT_0008_P_00003'>"": [], ""<class 'abc.NT_0008_P_00004'>"": [], ""<class 'abc.NT_0010_P_00002'>"": [], ""<class 'abc.NT_0010_P_00003'>"": [], ""<class 'abc.NT_0010_P_00004'>"": [], ""<class 'abc.NT_0009'>"": [], ""<class 'abc.NT_0009_P_00000'>"": [], ""<class 'abc.NT_0009_P_00001'>"": [], ""<class 'abc.NT_0009_P_00002'>"": [], ""<class 'abc.NT_0009_P_00003'>"": [], ""<class 'abc.NT_0009_P_00004'>"": [], ""<class 'abc.NT_0010_P_00005'>"": [], ""<class 'abc.NT_0010_P_00006'>"": [], '$leftovers': [53952, 55672, 74831, 33963, 25015, 25697, 7592, 13690, 41603, 28828, 1846, 59419, 50863, 95750, 68544, 33751, 67086, 76352, 50275, 33813, 72521, 72186, 98367, 89110, 82056, 74758, 66368, 72604, 26616, 95885, 5264, 24236, 31002, 72786, 81453, 1549, 58861, 79208, 25327, 61699, 15666, 70132, 5604, 37976, 96197, 2135, 75049, 31492, 45828, 69192, 23886, 73401, 14363, 57489, 62600, 98230, 9181, 95579, 43563, 90001, 10166, 37716, 81042, 70856, 13122, 24742, 63023, 17296, 11162, 35926, 83920, 36824, 91962, 58024, 27633, 13217, 56880, 30598, 66637, 54630, 58415, 54841, 82919, 35232, 49917, 17273, 79974, 17408, 31831, 87760, 29062, 14159, 29820, 5544, 41099, 45482, 2367, 64759, 21373, 78063, 60377, 57592, 80389, 75806, 7140, 12762, 52584, 44029, 83065, 36358, 92073, 35502, 89851, 86918, 68167, 22970, 33999, 40707, 73232, 67107, 4690, 27422, 72591, 34525, 90618, 2963, 85885, 80470, 94309, 72287, 86237, 30800, 21730, 52145, 25063, 99142, 45233, 92389, 19816, 53209, 72995, 23801, 95121, 45638, 11339, 15054, 40314, 16381, 79668, 56708, 97137, 22673, 80400, 80443, 24458, 37011, 58667, 75764, 53847, 74996, 93872, 46267, 41769, 85089, 9643, 86889, 97627, 33079, 933, 43196, 52217, 79122, 46989, 50182, 64937, 60213, 16879, 63767, 55027, 27313, 18196, 50575, 90581, 8996, 89436, 11012, 91016, 57772, 10236, 47256, 19254, 76575, 44892, 57875, 3503, 27780, 56113, 13767, 20496, 36810, 88578, 50995, 20368, 96919, 63509, 78725, 22186, 21940, 83357, 70821, 62407, 5751, 99417, 54484, 84347, 49869, 59120, 77472, 71055, 75216, 32877, 52229, 43027, 52944, 84829, 51449, 27475, 27630, 13347, 93840, 82893, 31266, 77927, 44060, 63854, 26220, 14191, 5875, 72995, 94210, 4812, 36293, 60877, 38524, 53538, 55421, 57401, 6707, 31836, 5558, 72593, 56812, 95547, 72912, 18618, 75443, 78171, 11735, 35054, 94765, 87027, 57565, 4412, 48777, 17618, 18044, 80027, 77395, 39289, 29056, 72558, 46347, 83019, 73372, 48356, 18386, 80834, 35099, 61279, 69867, 10554, 17785, 24597, 21526, 52000, 84035, 68241, 86236, 90584, 56916, 4321, 21106, 3209, 53370, 14502, 4043, 3741, 48190, 62568, 85240, 30739, 34688, 33162, 38929, 40707, 9334, 70094, 294, 70936, 86179, 55931, 16143, 22646, 9862, 78881, 12560, 83625, 7134, 61874, 91203, 46269, 47110, 83843, 5289, 74137, 88273, 14580, 47344, 60753, 19167, 40339, 79020, 71132, 72253, 89884, 55934, 54064, 74742, 75597, 86320, 15369, 63397, 46665, 17800, 14718, 59462, 83731, 50541, 53632, 34874, 68412, 2214, 3157, 78677, 23641, 67143, 58266, 39232, 74667, 18780, 43657, 73836, 21147, 90021, 98970, 11732, 28569, 99269, 41709, 68360, 42589, 70863, 97958, 97500, 40709, 92966, 21694, 40040, 15592, 22426, 52529, 8629, 24081, 50548, 58167, 84087, 80087, 55979, 12478, 75863, 55100, 52426, 86114, 99605, 40435, 5992, 58835, 61375, 29923, 65710, 80868, 92180, 69393, 41505, 62791, 18731, 18953, 11106, 22971, 47087, 67395, 8258, 12800, 44872, 82838, 62992, 14599, 48272, 40211, 34341, 21057, 28702, 52824, 50572, 82640, 12559, 6067, 48063, 59935, 26657, 3055, 87176, 89751, 87167, 14129, 36152, 74245, 44747, 51354, 75606, 24046, 98077, 96803, 82440, 70055, 51399, 43781, 35119, 45388, 14656, 55187, 5401, 8942, 17594, 59726, 44804, 51824, 97127, 93212, 46736, 55514, 73728, 42663, 19730, 19118, 31504, 24324, 14360, 71402, 35819, 66623, 33391, 84006, 2911, 97136, 67491, 11377, 49060, 65542, 72990, 114, 23028, 6641, 27228, 3801, 4956, 62586, 14141, 70080, 75547, 78994, 65918, 560, 46101, 31529, 66655, 31719, 5956, 96644, 67012, 78144, 3048, 45105, 7215, 83884, 11279, 16049, 66710, 25797, 40844, 87206, 63324, 41774, 57371, 78550, 22173, 30307, 13444, 29382, 32923, 31372, 98768, 620, 84539, 52981, 46001, 96637, 98145, 70426, 17494, 64405, 42589, 15179, 68644, 27071, 13450, 95253, 45532, 96961, 62333, 11781, 32318, 82849, 54636, 12447, 1814, 30737, 3786, 72534, 1553, 67307, 88836, 53336, 60684, 5299, 69670, 93727, 24264, 65067, 51522, 39043, 6477, 55629, 2045, 64874, 64874, 93396, 99449, 22991, 2252, 65473, 51372, 84312, 95735, 39003, 62906, 71229, 74579, 17862, 12605, 66123, 12351, 5404, 1510, 13832, 51398, 43597, 86043, 45546, 50420, 68348, 45911, 17136, 91393, 29118, 76555, 7357, 11300, 51742, 333, 26830, 75555, 2331, 96635, 13605, 21847, 8187, 79899, 51411, 91776, 29149, 96412, 70544, 75327, 30017, 64797, 45663, 36499, 35707, 5655, 58962, 70918, 30728, 28698, 2763, 45752, 53106, 82946, 39676, 58721, 64695, 96504, 11019, 19011, 33978, 82026, 62216, 86549, 70888, 51675, 18118, 44149, 304, 65154, 36993, 6719, 70749, 97700, 69122, 18232, 60931, 25664, 33495, 71133, 59877, 99870, 53079, 77835, 65833, 47081, 384, 86289, 42953, 38560, 17803, 33158, 87143, 3202, 80836, 24559, 25480, 24884, 20970, 78849, 96190, 23338, 56243, 28044, 1806, 43098, 94629, 1557, 75946, 69931, 66152, 83354, 38712, 69524, 66843, 29150, 61796, 59849, 85600, 73561, 8370, 32232, 13997, 66493, 75770, 25037, 41313, 81709, 42770, 35823, 5767, 84597, 6127, 36332, 59300, 14612, 84423, 75500, 4652, 15299, 11866, 73468, 89289, 30402, 81756, 68438, 35166, 55904, 13846, 18702, 799, 42978, 42363, 81775, 82039, 83706, 66787, 77082, 77233, 90355, 92042, 96322, 19227, 61963, 89603, 77545, 6052, 3841, 18717, 8234, 40730, 2563, 59226, 40967, 20584, 89858, 2564, 5878, 37612, 97484, 83865, 55142, 71000, 19072, 8974, 77980, 38107, 22222, 6344, 29047, 58559, 78236, 92489, 35351, 52880, 4784, 75272, 7172, 14821, 69925, 48597, 36800, 79837, 61052, 92728, 80840, 76556, 35926, 45963, 39089, 13982, 99317, 41515, 54213, 5759, 15167, 75711, 94811, 10683, 62537, 60034, 52454, 34102, 45807, 41806, 62006, 5254, 39376, 56753, 187, 90094, 45504, 96638, 10503, 14605, 12369, 14432, 31110, 66366, 82294, 58782, 82122, 93759, 61568, 45358, 83396, 56007, 22346, 66542, 25137, 68312, 52464, 36527, 57473, 69800, 52446, 72031, 53744, 47922, 16738, 49867, 32313, 76536, 62962, 51773, 12155, 8875, 76172, 34750, 32742, 97811, 88073, 51338, 30794, 91006, 86416, 39880, 1952, 1988, 834, 62791, 67483, 70617, 36464, 94648, 90108, 1096, 63154, 60062, 94902, 97514, 37054, 72006, 93872, 51641, 95146, 29421, 13699, 69458, 65880, 5195, 64127, 49560, 11459, 71639, 53906, 78595, 61247, 38, 96621, 9490, 10431, 14318, 66154, 77198, 68556, 55459, 96467, 72843, 20962, 56323, 81690, 9497, 25412, 82928, 49217, 52686, 94969, 92492, 21761, 71648, 29956, 62011, 95264, 32476, 14571, 57797, 89984, 56359, 10135, 93277, 26149, 81033, 35003, 9263, 28190, 31612, 31319, 51082, 62322, 43964, 54411, 62127, 34041, 1407, 30008, 37444, 91432, 17575, 63516, 79823, 24359, 57939, 44660, 66, 72073, 42472, 94120, 65635, 81958, 37791, 55580, 41268, 69239, 35124, 6540, 98481, 46755, 25404, 67577, 65846, 29030, 46115, 80925, 52269, 5028, 9163, 60505, 33992, 22030, 94004, 52956, 42555, 32674, 98143, 24692, 8450, 53283, 2014, 7396, 66, 78982, 83694, 22573, 2780, 14252, 55750, 49033, 93213, 40123, 40063, 85147, 53609, 43278, 5175, 49000, 61144, 18853, 22685, 65944, 30991, 71325, 99256, 76301, 95693, 34122]})"
774.0,9,128,25,434.02577447891235,10180,"Genotype(dna={""<class 'abc.NT_0010'>"": [0, 0, 0, 0, 0, 1, 85147], ""<class 'abc.NT_0010_P_00000'>"": [], ""<class 'abc.NT_0007'>"": [], ""<class 'abc.NT_0007_P_00000'>"": [], ""<class 'abc.NT_0004'>"": [], ""<class 'abc.NT_0004_P_00000'>"": [], ""<class 'int'>"": [77126, 43201, 14674, 75809, 4326, 67271, 38350, 87430, 97011, 55942, 4506, 59964, 42225, 57077, 24342, 14478, 93904, 80839, 76441, 74856, 50058, 3411, 8626, 26055, 29274, 58967, 78993, 14828, 751, 67511, 28585, 12825, 23966, 7277, 99825, 74879, 55352, 55331, 363, 45016, 14379, 61509, 2069, 28699, 80396, 62952, 61201, 59585, 6749, 85094, 61965, 7610, 26258, 28296, 93033, 83162, 30096, 44060, 62884, 81104, 35245, 6364, 80462, 83171, 68919, 29950, 26707, 81924, 38153, 22585, 59277, 34382, 15383, 94500, 26532, 22254, 60581, 3345, 80271, 57971, 66816, 27488, 49989, 88487, 67815, 33251, 9814, 70899, 70376, 6572, 16025, 47013, 16359, 28708, 8258, 32360, 60550, 42267, 55413, 66178, 58891, 3524, 17413, 2205, 74754, 63914, 19152, 98442, 7431, 89440, 82080, 50837, 75285, 21620, 27020, 21639, 55890, 54599, 20169, 33311, 32242, 53498, 46439, 80881, 76188, 26746, 1133, 75300, 28413, 28258, 74339, 48912, 89430, 54118, 78957, 8190, 11376, 81490, 34042, 77295, 38509, 25473, 21325, 74688, 33757, 73445, 1092, 88730, 91008, 96974, 36419, 85058, 83462, 49605, 19202, 97630, 772, 92230, 92668, 49000], ""<class 'abc.NT_0001'>"": [], ""<class 'abc.NT_0001_P_00000'>"": [], ""<class 'bool'>"": [94567, 26792, 43510, 17549, 32334, 79141, 31637, 40541, 53775, 17842, 69311, 43769, 97227, 1539, 80259, 78373, 75096, 56123, 57441, 16081, 65316, 16235, 17109, 80941, 79234, 78069, 69895, 52794, 33022, 9796, 7359, 78315, 34322, 23853, 844, 88015, 38332, 33443, 63109, 65469, 96270, 54808, 23847, 83837, 84120, 86023, 34733, 17939, 58788, 74731, 58899, 85894, 94868, 87736, 94803, 79241, 69192, 55877, 78874, 36565, 40804, 79151, 84620, 28560, 70055, 35083, 5624, 91838, 73200, 57692, 93844, 49188, 88083, 79346, 19552, 58622, 55206, 19601, 35191, 14712, 78821, 52959, 61452, 13366, 87131, 38741, 63663, 5480, 36721, 81387, 89872, 25618, 37326, 81250, 65858, 74057, 77241, 77936, 77620, 62546, 87885, 4720, 53507, 52797, 91566, 75573, 30809, 8533, 78169, 53227, 17504, 76054, 95332, 18131, 3746, 8357, 59409, 43362, 50357, 66110, 59621, 56020, 67103, 34074, 67268, 53023, 33617, 66382, 84834, 43871, 11081, 26348, 47197, 85835, 4310, 46301, 33767, 61666, 71524, 61482, 55090, 38849, 95324, 45414, 58081, 48962, 31423, 14456, 31766, 22437, 12039, 94697, 87951, 37997, 75770, 75627, 94621, 54774, 6977, 28274, 14326, 73207, 77563, 61868, 35583, 91136, 64724, 85540, 67704, 71541, 18881, 33866, 79351, 46010, 20293, 87453, 12273, 37918, 23105, 5631, 38294, 55444, 26861, 14547, 78014, 58417, 6625, 97742, 85703, 35222, 94130, 9869, 72191, 90426, 47638, 17917, 93700, 83016, 79750, 29518, 8683, 25170, 38117, 1270, 87580, 76026, 6813, 5175], ""<class 'abc.NT_0000'>"": [6, 81341, 2, 0, 0, 0, 0, 0, 5, 3, 0, 0, 0, 64878, 4, 6, 3, 3, 6, 5, 1, 1, 2, 5, 1, 5, 0, 1, 1, 1, 0, 6, 3, 4, 4, 2, 0, 5, 2, 0, 6, 4, 5, 6, 0, 3, 2, 5, 3, 5, 3, 2, 2, 2, 5, 1, 0, 6, 90454, 2, 3, 0, 5, 4, 3, 0, 0, 0, 0, 73098, 0, 0, 0, 0, 5, 3, 2, 1, 5, 4, 0, 2, 2, 1, 75691, 72824, 98505, 4, 1, 2, 3, 0, 0, 0, 0, 0, 0, 0, 0, 6, 1, 0, 4, 0, 5, 0, 0, 0, 0, 5, 3, 37973, 4, 6, 4, 3, 6, 4, 1, 16791, 3, 2, 5, 5, 6, 3, 0, 23028, 5, 25454, 1, 6, 1, 3, 5, 3, 6, 4, 1, 0, 0, 0, 0, 0, 2, 6, 2, 2, 6, 2, 1, 71077, 6, 1, 3, 6, 4, 6, 1, 43278, 18853, 22685, 65944], ""<class 'abc.NT_0000_P_00000'>"": [], ""<class 'abc.NT_0000_P_00001'>"": [], ""<class 'abc.NT_0000_P_00002'>"": [], ""<class 'abc.NT_0000_P_00003'>"": [], ""<class 'abc.NT_0000_P_00004'>"": [], ""<class 'abc.NT_0000_P_00005'>"": [], ""<class 'abc.NT_0000_P_00006'>"": [], ""<class 'abc.NT_0001_P_00001'>"": [], ""<class 'abc.NT_0001_P_00002'>"": [], ""<class 'abc.NT_0004_P_00001'>"": [], ""<class 'abc.NT_0003'>"": [], ""<class 'abc.NT_0003_P_00000'>"": [], ""<class 'abc.NT_0002'>"": [], ""<class 'abc.NT_0002_P_00000'>"": [], ""<class 'abc.NT_0002_P_00001'>"": [], ""<class 'abc.NT_0002_P_00002'>"": [], ""<class 'abc.NT_0002_P_00003'>"": [], ""<class 'abc.NT_0002_P_00004'>"": [], ""<class 'abc.NT_0002_P_00005'>"": [], ""<class 'abc.NT_0002_P_00006'>"": [], ""<class 'abc.NT_0002_P_00007'>"": [], ""<class 'abc.NT_0003_P_00001'>"": [], ""<class 'abc.NT_0006'>"": [0, 0, 0, 0, 0, 0, 0, 0, 0, 0, 61144], ""<class 'abc.NT_0006_P_00000'>"": [], ""<class 'abc.NT_0005'>"": [], ""<class 'abc.NT_0005_P_00000'>"": [], ""<class 'abc.NT_0005_P_00001'>"": [], ""<class 'abc.NT_0005_P_00002'>"": [], ""<class 'abc.NT_0005_P_00003'>"": [], ""<class 'abc.NT_0005_P_00004'>"": [], ""<class 'abc.NT_0005_P_00005'>"": [], ""<class 'abc.NT_0005_P_00006'>"": [], ""<class 'abc.NT_0006_P_00001'>"": [], ""<class 'abc.NT_0006_P_00002'>"": [], ""<class 'abc.NT_0006_P_00003'>"": [], ""<class 'abc.NT_0006_P_00004'>"": [], ""<class 'abc.NT_0006_P_00005'>"": [], ""<class 'abc.NT_0006_P_00006'>"": [], ""<class 'abc.NT_0006_P_00007'>"": [], ""<class 'abc.NT_0007_P_00001'>"": [], ""<class 'abc.NT_0007_P_00002'>"": [], ""<class 'abc.NT_0007_P_00003'>"": [], ""<class 'abc.NT_0007_P_00004'>"": [], ""<class 'abc.NT_0007_P_00005'>"": [], ""<class 'abc.NT_0010_P_00001'>"": [], ""<class 'abc.NT_0008'>"": [1, 1, 0, 1, 0, 1, 1, 0, 0, 0, 53609], ""<class 'abc.NT_0008_P_00000'>"": [], ""<class 'abc.NT_0008_P_00001'>"": [], ""<class 'abc.NT_0008_P_00002'>"": [], ""<class 'abc.NT_0008_P_00003'>"": [], ""<class 'abc.NT_0008_P_00004'>"": [], ""<class 'abc.NT_0010_P_00002'>"": [], ""<class 'abc.NT_0010_P_00003'>"": [], ""<class 'abc.NT_0010_P_00004'>"": [], ""<class 'abc.NT_0009'>"": [], ""<class 'abc.NT_0009_P_00000'>"": [], ""<class 'abc.NT_0009_P_00001'>"": [], ""<class 'abc.NT_0009_P_00002'>"": [], ""<class 'abc.NT_0009_P_00003'>"": [], ""<class 'abc.NT_0009_P_00004'>"": [], ""<class 'abc.NT_0010_P_00005'>"": [], ""<class 'abc.NT_0010_P_00006'>"": [], '$leftovers': [53952, 55672, 74831, 33963, 25015, 25697, 7592, 13690, 41603, 28828, 1846, 59419, 50863, 95750, 68544, 33751, 67086, 76352, 50275, 33813, 72521, 72186, 98367, 89110, 82056, 74758, 66368, 72604, 26616, 95885, 5264, 24236, 31002, 72786, 81453, 1549, 58861, 79208, 25327, 61699, 15666, 70132, 5604, 37976, 96197, 2135, 75049, 31492, 45828, 69192, 23886, 73401, 14363, 57489, 62600, 98230, 9181, 95579, 43563, 90001, 10166, 37716, 81042, 70856, 13122, 24742, 63023, 17296, 11162, 35926, 83920, 36824, 91962, 58024, 27633, 13217, 56880, 30598, 66637, 54630, 58415, 54841, 82919, 35232, 49917, 17273, 79974, 17408, 31831, 87760, 29062, 14159, 29820, 5544, 41099, 45482, 2367, 64759, 21373, 78063, 60377, 57592, 80389, 75806, 7140, 12762, 52584, 44029, 83065, 36358, 92073, 35502, 89851, 86918, 68167, 22970, 33999, 40707, 73232, 67107, 4690, 27422, 72591, 34525, 90618, 2963, 85885, 80470, 94309, 72287, 86237, 30800, 21730, 52145, 25063, 99142, 45233, 92389, 19816, 53209, 72995, 23801, 95121, 45638, 11339, 15054, 40314, 16381, 79668, 56708, 97137, 22673, 80400, 80443, 24458, 37011, 58667, 75764, 53847, 74996, 93872, 46267, 41769, 85089, 9643, 86889, 97627, 33079, 933, 43196, 52217, 79122, 46989, 50182, 64937, 60213, 16879, 63767, 55027, 27313, 18196, 50575, 90581, 8996, 89436, 11012, 91016, 57772, 10236, 47256, 19254, 76575, 44892, 57875, 3503, 27780, 56113, 13767, 20496, 36810, 88578, 50995, 20368, 96919, 63509, 78725, 22186, 21940, 83357, 70821, 62407, 5751, 99417, 54484, 84347, 49869, 59120, 77472, 71055, 75216, 32877, 52229, 43027, 52944, 84829, 51449, 27475, 27630, 13347, 93840, 82893, 31266, 77927, 44060, 63854, 26220, 14191, 5875, 72995, 94210, 4812, 36293, 60877, 38524, 53538, 55421, 57401, 6707, 31836, 5558, 72593, 56812, 95547, 72912, 18618, 75443, 78171, 11735, 35054, 94765, 87027, 57565, 4412, 48777, 17618, 18044, 80027, 77395, 39289, 29056, 72558, 46347, 83019, 73372, 48356, 18386, 80834, 35099, 61279, 69867, 10554, 17785, 24597, 21526, 52000, 84035, 68241, 86236, 90584, 56916, 4321, 21106, 3209, 53370, 14502, 4043, 3741, 48190, 62568, 85240, 30739, 34688, 33162, 38929, 40707, 9334, 70094, 294, 70936, 86179, 55931, 16143, 22646, 9862, 78881, 12560, 83625, 7134, 61874, 91203, 46269, 47110, 83843, 5289, 74137, 88273, 14580, 47344, 60753, 19167, 40339, 79020, 71132, 72253, 89884, 55934, 54064, 74742, 75597, 86320, 15369, 63397, 46665, 17800, 14718, 59462, 83731, 50541, 53632, 34874, 68412, 2214, 3157, 78677, 23641, 67143, 58266, 39232, 74667, 18780, 43657, 73836, 21147, 90021, 98970, 11732, 28569, 99269, 41709, 68360, 42589, 70863, 97958, 97500, 40709, 92966, 21694, 40040, 15592, 22426, 52529, 8629, 24081, 50548, 58167, 84087, 80087, 55979, 12478, 75863, 55100, 52426, 86114, 99605, 40435, 5992, 58835, 61375, 29923, 65710, 80868, 92180, 69393, 41505, 62791, 18731, 18953, 11106, 22971, 47087, 67395, 8258, 12800, 44872, 82838, 62992, 14599, 48272, 40211, 34341, 21057, 28702, 52824, 50572, 82640, 12559, 6067, 48063, 59935, 26657, 3055, 87176, 89751, 87167, 14129, 36152, 74245, 44747, 51354, 75606, 24046, 98077, 96803, 82440, 70055, 51399, 43781, 35119, 45388, 14656, 55187, 5401, 8942, 17594, 59726, 44804, 51824, 97127, 93212, 46736, 55514, 73728, 42663, 19730, 19118, 31504, 24324, 14360, 71402, 35819, 66623, 33391, 84006, 2911, 97136, 67491, 11377, 49060, 65542, 72990, 114, 23028, 6641, 27228, 3801, 4956, 62586, 14141, 70080, 75547, 78994, 65918, 560, 46101, 31529, 66655, 31719, 5956, 96644, 67012, 78144, 3048, 45105, 7215, 83884, 11279, 16049, 66710, 25797, 40844, 87206, 63324, 41774, 57371, 78550, 22173, 30307, 13444, 29382, 32923, 31372, 98768, 620, 84539, 52981, 46001, 96637, 98145, 70426, 17494, 64405, 42589, 15179, 68644, 27071, 13450, 95253, 45532, 96961, 62333, 11781, 32318, 82849, 54636, 12447, 1814, 30737, 3786, 72534, 1553, 67307, 88836, 53336, 60684, 5299, 69670, 93727, 24264, 65067, 51522, 39043, 6477, 55629, 2045, 64874, 64874, 93396, 99449, 22991, 2252, 65473, 51372, 84312, 95735, 39003, 62906, 71229, 74579, 17862, 12605, 66123, 12351, 5404, 1510, 13832, 51398, 43597, 86043, 45546, 50420, 68348, 45911, 17136, 91393, 29118, 76555, 7357, 11300, 51742, 333, 26830, 75555, 2331, 96635, 13605, 21847, 8187, 79899, 51411, 91776, 29149, 96412, 70544, 75327, 30017, 64797, 45663, 36499, 35707, 5655, 58962, 70918, 30728, 28698, 2763, 45752, 53106, 82946, 39676, 58721, 64695, 96504, 11019, 19011, 33978, 82026, 62216, 86549, 70888, 51675, 18118, 44149, 304, 65154, 36993, 6719, 70749, 97700, 69122, 18232, 60931, 25664, 33495, 71133, 59877, 99870, 53079, 77835, 65833, 47081, 384, 86289, 42953, 38560, 17803, 33158, 87143, 3202, 80836, 24559, 25480, 24884, 20970, 78849, 96190, 23338, 56243, 28044, 1806, 43098, 94629, 1557, 75946, 69931, 66152, 83354, 38712, 69524, 66843, 29150, 61796, 59849, 85600, 73561, 8370, 32232, 13997, 66493, 75770, 25037, 41313, 81709, 42770, 35823, 5767, 84597, 6127, 36332, 59300, 14612, 84423, 75500, 4652, 15299, 11866, 73468, 89289, 30402, 81756, 68438, 35166, 55904, 13846, 18702, 799, 42978, 42363, 81775, 82039, 83706, 66787, 77082, 77233, 90355, 92042, 96322, 19227, 61963, 89603, 77545, 6052, 3841, 18717, 8234, 40730, 2563, 59226, 40967, 20584, 89858, 2564, 5878, 37612, 97484, 83865, 55142, 71000, 19072, 8974, 77980, 38107, 22222, 6344, 29047, 58559, 78236, 92489, 35351, 52880, 4784, 75272, 7172, 14821, 69925, 48597, 36800, 79837, 61052, 92728, 80840, 76556, 35926, 45963, 39089, 13982, 99317, 41515, 54213, 5759, 15167, 75711, 94811, 10683, 62537, 60034, 52454, 34102, 45807, 41806, 62006, 5254, 39376, 56753, 187, 90094, 45504, 96638, 10503, 14605, 12369, 14432, 31110, 66366, 82294, 58782, 82122, 93759, 61568, 45358, 83396, 56007, 22346, 66542, 25137, 68312, 52464, 36527, 57473, 69800, 52446, 72031, 53744, 47922, 16738, 49867, 32313, 76536, 62962, 51773, 12155, 8875, 76172, 34750, 32742, 97811, 88073, 51338, 30794, 91006, 86416, 39880, 1952, 1988, 834, 62791, 67483, 70617, 36464, 94648, 90108, 1096, 63154, 60062, 94902, 97514, 37054, 72006, 93872, 51641, 95146, 29421, 13699, 69458, 65880, 5195, 64127, 49560, 11459, 71639, 53906, 78595, 61247, 38, 96621, 9490, 10431, 14318, 66154, 77198, 68556, 55459, 96467, 72843, 20962, 56323, 81690, 9497, 25412, 82928, 49217, 52686, 94969, 92492, 21761, 71648, 29956, 62011, 95264, 32476, 14571, 57797, 89984, 56359, 10135, 93277, 26149, 81033, 35003, 9263, 28190, 31612, 31319, 51082, 62322, 43964, 54411, 62127, 34041, 1407, 30008, 37444, 91432, 17575, 63516, 79823, 24359, 57939, 44660, 66, 72073, 42472, 94120, 65635, 81958, 37791, 55580, 41268, 69239, 35124, 6540, 98481, 46755, 25404, 67577, 65846, 29030, 46115, 80925, 52269, 5028, 9163, 60505, 33992, 22030, 94004, 52956, 42555, 32674, 98143, 24692, 8450, 53283, 2014, 7396, 66, 78982, 83694, 22573, 2780, 14252, 55750, 49033, 93213, 40123, 40063, 85147, 53609, 43278, 5175, 49000, 61144, 18853, 22685, 65944, 30991, 71325, 99256, 76301, 95693, 34122]})"
774.0,9,128,26,434.813538312912,10180,"Genotype(dna={""<class 'abc.NT_0010'>"": [0, 0, 0, 0, 0, 1, 85147], ""<class 'abc.NT_0010_P_00000'>"": [], ""<class 'abc.NT_0007'>"": [], ""<class 'abc.NT_0007_P_00000'>"": [], ""<class 'abc.NT_0004'>"": [], ""<class 'abc.NT_0004_P_00000'>"": [], ""<class 'int'>"": [77126, 43201, 14674, 75809, 4326, 67271, 38350, 87430, 97011, 55942, 4506, 59964, 42225, 57077, 24342, 14478, 93904, 80839, 76441, 74856, 50058, 3411, 8626, 26055, 29274, 58967, 78993, 14828, 751, 67511, 28585, 12825, 23966, 7277, 99825, 74879, 55352, 55331, 363, 45016, 14379, 61509, 2069, 28699, 80396, 62952, 61201, 59585, 6749, 85094, 61965, 7610, 26258, 28296, 93033, 83162, 30096, 44060, 62884, 81104, 35245, 6364, 80462, 83171, 68919, 29950, 26707, 81924, 38153, 22585, 59277, 34382, 15383, 94500, 26532, 22254, 60581, 3345, 80271, 57971, 66816, 27488, 49989, 88487, 67815, 33251, 9814, 70899, 70376, 6572, 16025, 47013, 16359, 28708, 8258, 32360, 60550, 42267, 55413, 66178, 58891, 3524, 17413, 2205, 74754, 63914, 19152, 98442, 7431, 89440, 82080, 50837, 75285, 21620, 27020, 21639, 55890, 54599, 20169, 33311, 32242, 53498, 46439, 80881, 76188, 26746, 1133, 75300, 28413, 28258, 74339, 48912, 89430, 54118, 78957, 8190, 11376, 81490, 34042, 77295, 38509, 25473, 21325, 74688, 33757, 73445, 1092, 88730, 91008, 96974, 36419, 85058, 83462, 49605, 19202, 97630, 772, 92230, 92668, 49000], ""<class 'abc.NT_0001'>"": [], ""<class 'abc.NT_0001_P_00000'>"": [], ""<class 'bool'>"": [94567, 26792, 43510, 17549, 32334, 79141, 31637, 40541, 53775, 17842, 69311, 43769, 97227, 1539, 80259, 78373, 75096, 56123, 57441, 16081, 65316, 16235, 17109, 80941, 79234, 78069, 69895, 52794, 33022, 9796, 7359, 78315, 34322, 23853, 844, 88015, 38332, 33443, 63109, 65469, 96270, 54808, 23847, 83837, 84120, 86023, 34733, 17939, 58788, 74731, 58899, 85894, 94868, 87736, 94803, 79241, 69192, 55877, 78874, 36565, 40804, 79151, 84620, 28560, 70055, 35083, 5624, 91838, 73200, 57692, 93844, 49188, 88083, 79346, 19552, 58622, 55206, 19601, 35191, 14712, 78821, 52959, 61452, 13366, 87131, 38741, 63663, 5480, 36721, 81387, 89872, 25618, 37326, 81250, 65858, 74057, 77241, 77936, 77620, 62546, 87885, 4720, 53507, 52797, 91566, 75573, 30809, 8533, 78169, 53227, 17504, 76054, 95332, 18131, 3746, 8357, 59409, 43362, 50357, 66110, 59621, 56020, 67103, 34074, 67268, 53023, 33617, 66382, 84834, 43871, 11081, 26348, 47197, 85835, 4310, 46301, 33767, 61666, 71524, 61482, 55090, 38849, 95324, 45414, 58081, 48962, 31423, 14456, 31766, 22437, 12039, 94697, 87951, 37997, 75770, 75627, 94621, 54774, 6977, 28274, 14326, 73207, 77563, 61868, 35583, 91136, 64724, 85540, 67704, 71541, 18881, 33866, 79351, 46010, 20293, 87453, 12273, 37918, 23105, 5631, 38294, 55444, 26861, 14547, 78014, 58417, 6625, 97742, 85703, 35222, 94130, 9869, 72191, 90426, 47638, 17917, 93700, 83016, 79750, 29518, 8683, 25170, 38117, 1270, 87580, 76026, 6813, 5175], ""<class 'abc.NT_0000'>"": [6, 81341, 2, 0, 0, 0, 0, 0, 5, 3, 0, 0, 0, 64878, 4, 6, 3, 3, 6, 5, 1, 1, 2, 5, 1, 5, 0, 1, 1, 1, 0, 6, 3, 4, 4, 2, 0, 5, 2, 0, 6, 4, 5, 6, 0, 3, 2, 5, 3, 5, 3, 2, 2, 2, 5, 1, 0, 6, 90454, 2, 3, 0, 5, 4, 3, 0, 0, 0, 0, 73098, 0, 0, 0, 0, 5, 3, 2, 1, 5, 4, 0, 2, 2, 1, 75691, 72824, 98505, 4, 1, 2, 3, 0, 0, 0, 0, 0, 0, 0, 0, 6, 1, 0, 4, 0, 5, 0, 0, 0, 0, 5, 3, 37973, 4, 6, 4, 3, 6, 4, 1, 16791, 3, 2, 5, 5, 6, 3, 0, 23028, 5, 25454, 1, 6, 1, 3, 5, 3, 6, 4, 1, 0, 0, 0, 0, 0, 2, 6, 2, 2, 6, 2, 1, 71077, 6, 1, 3, 6, 4, 6, 1, 43278, 18853, 22685, 65944], ""<class 'abc.NT_0000_P_00000'>"": [], ""<class 'abc.NT_0000_P_00001'>"": [], ""<class 'abc.NT_0000_P_00002'>"": [], ""<class 'abc.NT_0000_P_00003'>"": [], ""<class 'abc.NT_0000_P_00004'>"": [], ""<class 'abc.NT_0000_P_00005'>"": [], ""<class 'abc.NT_0000_P_00006'>"": [], ""<class 'abc.NT_0001_P_00001'>"": [], ""<class 'abc.NT_0001_P_00002'>"": [], ""<class 'abc.NT_0004_P_00001'>"": [], ""<class 'abc.NT_0003'>"": [], ""<class 'abc.NT_0003_P_00000'>"": [], ""<class 'abc.NT_0002'>"": [], ""<class 'abc.NT_0002_P_00000'>"": [], ""<class 'abc.NT_0002_P_00001'>"": [], ""<class 'abc.NT_0002_P_00002'>"": [], ""<class 'abc.NT_0002_P_00003'>"": [], ""<class 'abc.NT_0002_P_00004'>"": [], ""<class 'abc.NT_0002_P_00005'>"": [], ""<class 'abc.NT_0002_P_00006'>"": [], ""<class 'abc.NT_0002_P_00007'>"": [], ""<class 'abc.NT_0003_P_00001'>"": [], ""<class 'abc.NT_0006'>"": [0, 0, 0, 0, 0, 0, 0, 0, 0, 0, 61144], ""<class 'abc.NT_0006_P_00000'>"": [], ""<class 'abc.NT_0005'>"": [], ""<class 'abc.NT_0005_P_00000'>"": [], ""<class 'abc.NT_0005_P_00001'>"": [], ""<class 'abc.NT_0005_P_00002'>"": [], ""<class 'abc.NT_0005_P_00003'>"": [], ""<class 'abc.NT_0005_P_00004'>"": [], ""<class 'abc.NT_0005_P_00005'>"": [], ""<class 'abc.NT_0005_P_00006'>"": [], ""<class 'abc.NT_0006_P_00001'>"": [], ""<class 'abc.NT_0006_P_00002'>"": [], ""<class 'abc.NT_0006_P_00003'>"": [], ""<class 'abc.NT_0006_P_00004'>"": [], ""<class 'abc.NT_0006_P_00005'>"": [], ""<class 'abc.NT_0006_P_00006'>"": [], ""<class 'abc.NT_0006_P_00007'>"": [], ""<class 'abc.NT_0007_P_00001'>"": [], ""<class 'abc.NT_0007_P_00002'>"": [], ""<class 'abc.NT_0007_P_00003'>"": [], ""<class 'abc.NT_0007_P_00004'>"": [], ""<class 'abc.NT_0007_P_00005'>"": [], ""<class 'abc.NT_0010_P_00001'>"": [], ""<class 'abc.NT_0008'>"": [1, 1, 0, 1, 0, 1, 1, 0, 0, 0, 53609], ""<class 'abc.NT_0008_P_00000'>"": [], ""<class 'abc.NT_0008_P_00001'>"": [], ""<class 'abc.NT_0008_P_00002'>"": [], ""<class 'abc.NT_0008_P_00003'>"": [], ""<class 'abc.NT_0008_P_00004'>"": [], ""<class 'abc.NT_0010_P_00002'>"": [], ""<class 'abc.NT_0010_P_00003'>"": [], ""<class 'abc.NT_0010_P_00004'>"": [], ""<class 'abc.NT_0009'>"": [], ""<class 'abc.NT_0009_P_00000'>"": [], ""<class 'abc.NT_0009_P_00001'>"": [], ""<class 'abc.NT_0009_P_00002'>"": [], ""<class 'abc.NT_0009_P_00003'>"": [], ""<class 'abc.NT_0009_P_00004'>"": [], ""<class 'abc.NT_0010_P_00005'>"": [], ""<class 'abc.NT_0010_P_00006'>"": [], '$leftovers': [53952, 55672, 74831, 33963, 25015, 25697, 7592, 13690, 41603, 28828, 1846, 59419, 50863, 95750, 68544, 33751, 67086, 76352, 50275, 33813, 72521, 72186, 98367, 89110, 82056, 74758, 66368, 72604, 26616, 95885, 5264, 24236, 31002, 72786, 81453, 1549, 58861, 79208, 25327, 61699, 15666, 70132, 5604, 37976, 96197, 2135, 75049, 31492, 45828, 69192, 23886, 73401, 14363, 57489, 62600, 98230, 9181, 95579, 43563, 90001, 10166, 37716, 81042, 70856, 13122, 24742, 63023, 17296, 11162, 35926, 83920, 36824, 91962, 58024, 27633, 13217, 56880, 30598, 66637, 54630, 58415, 54841, 82919, 35232, 49917, 17273, 79974, 17408, 31831, 87760, 29062, 14159, 29820, 5544, 41099, 45482, 2367, 64759, 21373, 78063, 60377, 57592, 80389, 75806, 7140, 12762, 52584, 44029, 83065, 36358, 92073, 35502, 89851, 86918, 68167, 22970, 33999, 40707, 73232, 67107, 4690, 27422, 72591, 34525, 90618, 2963, 85885, 80470, 94309, 72287, 86237, 30800, 21730, 52145, 25063, 99142, 45233, 92389, 19816, 53209, 72995, 23801, 95121, 45638, 11339, 15054, 40314, 16381, 79668, 56708, 97137, 22673, 80400, 80443, 24458, 37011, 58667, 75764, 53847, 74996, 93872, 46267, 41769, 85089, 9643, 86889, 97627, 33079, 933, 43196, 52217, 79122, 46989, 50182, 64937, 60213, 16879, 63767, 55027, 27313, 18196, 50575, 90581, 8996, 89436, 11012, 91016, 57772, 10236, 47256, 19254, 76575, 44892, 57875, 3503, 27780, 56113, 13767, 20496, 36810, 88578, 50995, 20368, 96919, 63509, 78725, 22186, 21940, 83357, 70821, 62407, 5751, 99417, 54484, 84347, 49869, 59120, 77472, 71055, 75216, 32877, 52229, 43027, 52944, 84829, 51449, 27475, 27630, 13347, 93840, 82893, 31266, 77927, 44060, 63854, 26220, 14191, 5875, 72995, 94210, 4812, 36293, 60877, 38524, 53538, 55421, 57401, 6707, 31836, 5558, 72593, 56812, 95547, 72912, 18618, 75443, 78171, 11735, 35054, 94765, 87027, 57565, 4412, 48777, 17618, 18044, 80027, 77395, 39289, 29056, 72558, 46347, 83019, 73372, 48356, 18386, 80834, 35099, 61279, 69867, 10554, 17785, 24597, 21526, 52000, 84035, 68241, 86236, 90584, 56916, 4321, 21106, 3209, 53370, 14502, 4043, 3741, 48190, 62568, 85240, 30739, 34688, 33162, 38929, 40707, 9334, 70094, 294, 70936, 86179, 55931, 16143, 22646, 9862, 78881, 12560, 83625, 7134, 61874, 91203, 46269, 47110, 83843, 5289, 74137, 88273, 14580, 47344, 60753, 19167, 40339, 79020, 71132, 72253, 89884, 55934, 54064, 74742, 75597, 86320, 15369, 63397, 46665, 17800, 14718, 59462, 83731, 50541, 53632, 34874, 68412, 2214, 3157, 78677, 23641, 67143, 58266, 39232, 74667, 18780, 43657, 73836, 21147, 90021, 98970, 11732, 28569, 99269, 41709, 68360, 42589, 70863, 97958, 97500, 40709, 92966, 21694, 40040, 15592, 22426, 52529, 8629, 24081, 50548, 58167, 84087, 80087, 55979, 12478, 75863, 55100, 52426, 86114, 99605, 40435, 5992, 58835, 61375, 29923, 65710, 80868, 92180, 69393, 41505, 62791, 18731, 18953, 11106, 22971, 47087, 67395, 8258, 12800, 44872, 82838, 62992, 14599, 48272, 40211, 34341, 21057, 28702, 52824, 50572, 82640, 12559, 6067, 48063, 59935, 26657, 3055, 87176, 89751, 87167, 14129, 36152, 74245, 44747, 51354, 75606, 24046, 98077, 96803, 82440, 70055, 51399, 43781, 35119, 45388, 14656, 55187, 5401, 8942, 17594, 59726, 44804, 51824, 97127, 93212, 46736, 55514, 73728, 42663, 19730, 19118, 31504, 24324, 14360, 71402, 35819, 66623, 33391, 84006, 2911, 97136, 67491, 11377, 49060, 65542, 72990, 114, 23028, 6641, 27228, 3801, 4956, 62586, 14141, 70080, 75547, 78994, 65918, 560, 46101, 31529, 66655, 31719, 5956, 96644, 67012, 78144, 3048, 45105, 7215, 83884, 11279, 16049, 66710, 25797, 40844, 87206, 63324, 41774, 57371, 78550, 22173, 30307, 13444, 29382, 32923, 31372, 98768, 620, 84539, 52981, 46001, 96637, 98145, 70426, 17494, 64405, 42589, 15179, 68644, 27071, 13450, 95253, 45532, 96961, 62333, 11781, 32318, 82849, 54636, 12447, 1814, 30737, 3786, 72534, 1553, 67307, 88836, 53336, 60684, 5299, 69670, 93727, 24264, 65067, 51522, 39043, 6477, 55629, 2045, 64874, 64874, 93396, 99449, 22991, 2252, 65473, 51372, 84312, 95735, 39003, 62906, 71229, 74579, 17862, 12605, 66123, 12351, 5404, 1510, 13832, 51398, 43597, 86043, 45546, 50420, 68348, 45911, 17136, 91393, 29118, 76555, 7357, 11300, 51742, 333, 26830, 75555, 2331, 96635, 13605, 21847, 8187, 79899, 51411, 91776, 29149, 96412, 70544, 75327, 30017, 64797, 45663, 36499, 35707, 5655, 58962, 70918, 30728, 28698, 2763, 45752, 53106, 82946, 39676, 58721, 64695, 96504, 11019, 19011, 33978, 82026, 62216, 86549, 70888, 51675, 18118, 44149, 304, 65154, 36993, 6719, 70749, 97700, 69122, 18232, 60931, 25664, 33495, 71133, 59877, 99870, 53079, 77835, 65833, 47081, 384, 86289, 42953, 38560, 17803, 33158, 87143, 3202, 80836, 24559, 25480, 24884, 20970, 78849, 96190, 23338, 56243, 28044, 1806, 43098, 94629, 1557, 75946, 69931, 66152, 83354, 38712, 69524, 66843, 29150, 61796, 59849, 85600, 73561, 8370, 32232, 13997, 66493, 75770, 25037, 41313, 81709, 42770, 35823, 5767, 84597, 6127, 36332, 59300, 14612, 84423, 75500, 4652, 15299, 11866, 73468, 89289, 30402, 81756, 68438, 35166, 55904, 13846, 18702, 799, 42978, 42363, 81775, 82039, 83706, 66787, 77082, 77233, 90355, 92042, 96322, 19227, 61963, 89603, 77545, 6052, 3841, 18717, 8234, 40730, 2563, 59226, 40967, 20584, 89858, 2564, 5878, 37612, 97484, 83865, 55142, 71000, 19072, 8974, 77980, 38107, 22222, 6344, 29047, 58559, 78236, 92489, 35351, 52880, 4784, 75272, 7172, 14821, 69925, 48597, 36800, 79837, 61052, 92728, 80840, 76556, 35926, 45963, 39089, 13982, 99317, 41515, 54213, 5759, 15167, 75711, 94811, 10683, 62537, 60034, 52454, 34102, 45807, 41806, 62006, 5254, 39376, 56753, 187, 90094, 45504, 96638, 10503, 14605, 12369, 14432, 31110, 66366, 82294, 58782, 82122, 93759, 61568, 45358, 83396, 56007, 22346, 66542, 25137, 68312, 52464, 36527, 57473, 69800, 52446, 72031, 53744, 47922, 16738, 49867, 32313, 76536, 62962, 51773, 12155, 8875, 76172, 34750, 32742, 97811, 88073, 51338, 30794, 91006, 86416, 39880, 1952, 1988, 834, 62791, 67483, 70617, 36464, 94648, 90108, 1096, 63154, 60062, 94902, 97514, 37054, 72006, 93872, 51641, 95146, 29421, 13699, 69458, 65880, 5195, 64127, 49560, 11459, 71639, 53906, 78595, 61247, 38, 96621, 9490, 10431, 14318, 66154, 77198, 68556, 55459, 96467, 72843, 20962, 56323, 81690, 9497, 25412, 82928, 49217, 52686, 94969, 92492, 21761, 71648, 29956, 62011, 95264, 32476, 14571, 57797, 89984, 56359, 10135, 93277, 26149, 81033, 35003, 9263, 28190, 31612, 31319, 51082, 62322, 43964, 54411, 62127, 34041, 1407, 30008, 37444, 91432, 17575, 63516, 79823, 24359, 57939, 44660, 66, 72073, 42472, 94120, 65635, 81958, 37791, 55580, 41268, 69239, 35124, 6540, 98481, 46755, 25404, 67577, 65846, 29030, 46115, 80925, 52269, 5028, 9163, 60505, 33992, 22030, 94004, 52956, 42555, 32674, 98143, 24692, 8450, 53283, 2014, 7396, 66, 78982, 83694, 22573, 2780, 14252, 55750, 49033, 93213, 40123, 40063, 85147, 53609, 43278, 5175, 49000, 61144, 18853, 22685, 65944, 30991, 71325, 99256, 76301, 95693, 34122]})"
774.0,9,128,27,435.8231728076935,10180,"Genotype(dna={""<class 'abc.NT_0010'>"": [0, 0, 0, 0, 0, 1, 85147], ""<class 'abc.NT_0010_P_00000'>"": [], ""<class 'abc.NT_0007'>"": [], ""<class 'abc.NT_0007_P_00000'>"": [], ""<class 'abc.NT_0004'>"": [], ""<class 'abc.NT_0004_P_00000'>"": [], ""<class 'int'>"": [77126, 43201, 14674, 75809, 4326, 67271, 38350, 87430, 97011, 55942, 4506, 59964, 42225, 57077, 24342, 14478, 93904, 80839, 76441, 74856, 50058, 3411, 8626, 26055, 29274, 58967, 78993, 14828, 751, 67511, 28585, 12825, 23966, 7277, 99825, 74879, 55352, 55331, 363, 45016, 14379, 61509, 2069, 28699, 80396, 62952, 61201, 59585, 6749, 85094, 61965, 7610, 26258, 28296, 93033, 83162, 30096, 44060, 62884, 81104, 35245, 6364, 80462, 83171, 68919, 29950, 26707, 81924, 38153, 22585, 59277, 34382, 15383, 94500, 26532, 22254, 60581, 3345, 80271, 57971, 66816, 27488, 49989, 88487, 67815, 33251, 9814, 70899, 70376, 6572, 16025, 47013, 16359, 28708, 8258, 32360, 60550, 42267, 55413, 66178, 58891, 3524, 17413, 2205, 74754, 63914, 19152, 98442, 7431, 89440, 82080, 50837, 75285, 21620, 27020, 21639, 55890, 54599, 20169, 33311, 32242, 53498, 46439, 80881, 76188, 26746, 1133, 75300, 28413, 28258, 74339, 48912, 89430, 54118, 78957, 8190, 11376, 81490, 34042, 77295, 38509, 25473, 21325, 74688, 33757, 73445, 1092, 88730, 91008, 96974, 36419, 85058, 83462, 49605, 19202, 97630, 772, 92230, 92668, 49000], ""<class 'abc.NT_0001'>"": [], ""<class 'abc.NT_0001_P_00000'>"": [], ""<class 'bool'>"": [94567, 26792, 43510, 17549, 32334, 79141, 31637, 40541, 53775, 17842, 69311, 43769, 97227, 1539, 80259, 78373, 75096, 56123, 57441, 16081, 65316, 16235, 17109, 80941, 79234, 78069, 69895, 52794, 33022, 9796, 7359, 78315, 34322, 23853, 844, 88015, 38332, 33443, 63109, 65469, 96270, 54808, 23847, 83837, 84120, 86023, 34733, 17939, 58788, 74731, 58899, 85894, 94868, 87736, 94803, 79241, 69192, 55877, 78874, 36565, 40804, 79151, 84620, 28560, 70055, 35083, 5624, 91838, 73200, 57692, 93844, 49188, 88083, 79346, 19552, 58622, 55206, 19601, 35191, 14712, 78821, 52959, 61452, 13366, 87131, 38741, 63663, 5480, 36721, 81387, 89872, 25618, 37326, 81250, 65858, 74057, 77241, 77936, 77620, 62546, 87885, 4720, 53507, 52797, 91566, 75573, 30809, 8533, 78169, 53227, 17504, 76054, 95332, 18131, 3746, 8357, 59409, 43362, 50357, 66110, 59621, 56020, 67103, 34074, 67268, 53023, 33617, 66382, 84834, 43871, 11081, 26348, 47197, 85835, 4310, 46301, 33767, 61666, 71524, 61482, 55090, 38849, 95324, 45414, 58081, 48962, 31423, 14456, 31766, 22437, 12039, 94697, 87951, 37997, 75770, 75627, 94621, 54774, 6977, 28274, 14326, 73207, 77563, 61868, 35583, 91136, 64724, 85540, 67704, 71541, 18881, 33866, 79351, 46010, 20293, 87453, 12273, 37918, 23105, 5631, 38294, 55444, 26861, 14547, 78014, 58417, 6625, 97742, 85703, 35222, 94130, 9869, 72191, 90426, 47638, 17917, 93700, 83016, 79750, 29518, 8683, 25170, 38117, 1270, 87580, 76026, 6813, 5175], ""<class 'abc.NT_0000'>"": [6, 81341, 2, 0, 0, 0, 0, 0, 5, 3, 0, 0, 0, 64878, 4, 6, 3, 3, 6, 5, 1, 1, 2, 5, 1, 5, 0, 1, 1, 1, 0, 6, 3, 4, 4, 2, 0, 5, 2, 0, 6, 4, 5, 6, 0, 3, 2, 5, 3, 5, 3, 2, 2, 2, 5, 1, 0, 6, 90454, 2, 3, 0, 5, 4, 3, 0, 0, 0, 0, 73098, 0, 0, 0, 0, 5, 3, 2, 1, 5, 4, 0, 2, 2, 1, 75691, 72824, 98505, 4, 1, 2, 3, 0, 0, 0, 0, 0, 0, 0, 0, 6, 1, 0, 4, 0, 5, 0, 0, 0, 0, 5, 3, 37973, 4, 6, 4, 3, 6, 4, 1, 16791, 3, 2, 5, 5, 6, 3, 0, 23028, 5, 25454, 1, 6, 1, 3, 5, 3, 6, 4, 1, 0, 0, 0, 0, 0, 2, 6, 2, 2, 6, 2, 1, 71077, 6, 1, 3, 6, 4, 6, 1, 43278, 18853, 22685, 65944], ""<class 'abc.NT_0000_P_00000'>"": [], ""<class 'abc.NT_0000_P_00001'>"": [], ""<class 'abc.NT_0000_P_00002'>"": [], ""<class 'abc.NT_0000_P_00003'>"": [], ""<class 'abc.NT_0000_P_00004'>"": [], ""<class 'abc.NT_0000_P_00005'>"": [], ""<class 'abc.NT_0000_P_00006'>"": [], ""<class 'abc.NT_0001_P_00001'>"": [], ""<class 'abc.NT_0001_P_00002'>"": [], ""<class 'abc.NT_0004_P_00001'>"": [], ""<class 'abc.NT_0003'>"": [], ""<class 'abc.NT_0003_P_00000'>"": [], ""<class 'abc.NT_0002'>"": [], ""<class 'abc.NT_0002_P_00000'>"": [], ""<class 'abc.NT_0002_P_00001'>"": [], ""<class 'abc.NT_0002_P_00002'>"": [], ""<class 'abc.NT_0002_P_00003'>"": [], ""<class 'abc.NT_0002_P_00004'>"": [], ""<class 'abc.NT_0002_P_00005'>"": [], ""<class 'abc.NT_0002_P_00006'>"": [], ""<class 'abc.NT_0002_P_00007'>"": [], ""<class 'abc.NT_0003_P_00001'>"": [], ""<class 'abc.NT_0006'>"": [0, 0, 0, 0, 0, 0, 0, 0, 0, 0, 61144], ""<class 'abc.NT_0006_P_00000'>"": [], ""<class 'abc.NT_0005'>"": [], ""<class 'abc.NT_0005_P_00000'>"": [], ""<class 'abc.NT_0005_P_00001'>"": [], ""<class 'abc.NT_0005_P_00002'>"": [], ""<class 'abc.NT_0005_P_00003'>"": [], ""<class 'abc.NT_0005_P_00004'>"": [], ""<class 'abc.NT_0005_P_00005'>"": [], ""<class 'abc.NT_0005_P_00006'>"": [], ""<class 'abc.NT_0006_P_00001'>"": [], ""<class 'abc.NT_0006_P_00002'>"": [], ""<class 'abc.NT_0006_P_00003'>"": [], ""<class 'abc.NT_0006_P_00004'>"": [], ""<class 'abc.NT_0006_P_00005'>"": [], ""<class 'abc.NT_0006_P_00006'>"": [], ""<class 'abc.NT_0006_P_00007'>"": [], ""<class 'abc.NT_0007_P_00001'>"": [], ""<class 'abc.NT_0007_P_00002'>"": [], ""<class 'abc.NT_0007_P_00003'>"": [], ""<class 'abc.NT_0007_P_00004'>"": [], ""<class 'abc.NT_0007_P_00005'>"": [], ""<class 'abc.NT_0010_P_00001'>"": [], ""<class 'abc.NT_0008'>"": [1, 1, 0, 1, 0, 1, 1, 0, 0, 0, 53609], ""<class 'abc.NT_0008_P_00000'>"": [], ""<class 'abc.NT_0008_P_00001'>"": [], ""<class 'abc.NT_0008_P_00002'>"": [], ""<class 'abc.NT_0008_P_00003'>"": [], ""<class 'abc.NT_0008_P_00004'>"": [], ""<class 'abc.NT_0010_P_00002'>"": [], ""<class 'abc.NT_0010_P_00003'>"": [], ""<class 'abc.NT_0010_P_00004'>"": [], ""<class 'abc.NT_0009'>"": [], ""<class 'abc.NT_0009_P_00000'>"": [], ""<class 'abc.NT_0009_P_00001'>"": [], ""<class 'abc.NT_0009_P_00002'>"": [], ""<class 'abc.NT_0009_P_00003'>"": [], ""<class 'abc.NT_0009_P_00004'>"": [], ""<class 'abc.NT_0010_P_00005'>"": [], ""<class 'abc.NT_0010_P_00006'>"": [], '$leftovers': [53952, 55672, 74831, 33963, 25015, 25697, 7592, 13690, 41603, 28828, 1846, 59419, 50863, 95750, 68544, 33751, 67086, 76352, 50275, 33813, 72521, 72186, 98367, 89110, 82056, 74758, 66368, 72604, 26616, 95885, 5264, 24236, 31002, 72786, 81453, 1549, 58861, 79208, 25327, 61699, 15666, 70132, 5604, 37976, 96197, 2135, 75049, 31492, 45828, 69192, 23886, 73401, 14363, 57489, 62600, 98230, 9181, 95579, 43563, 90001, 10166, 37716, 81042, 70856, 13122, 24742, 63023, 17296, 11162, 35926, 83920, 36824, 91962, 58024, 27633, 13217, 56880, 30598, 66637, 54630, 58415, 54841, 82919, 35232, 49917, 17273, 79974, 17408, 31831, 87760, 29062, 14159, 29820, 5544, 41099, 45482, 2367, 64759, 21373, 78063, 60377, 57592, 80389, 75806, 7140, 12762, 52584, 44029, 83065, 36358, 92073, 35502, 89851, 86918, 68167, 22970, 33999, 40707, 73232, 67107, 4690, 27422, 72591, 34525, 90618, 2963, 85885, 80470, 94309, 72287, 86237, 30800, 21730, 52145, 25063, 99142, 45233, 92389, 19816, 53209, 72995, 23801, 95121, 45638, 11339, 15054, 40314, 16381, 79668, 56708, 97137, 22673, 80400, 80443, 24458, 37011, 58667, 75764, 53847, 74996, 93872, 46267, 41769, 85089, 9643, 86889, 97627, 33079, 933, 43196, 52217, 79122, 46989, 50182, 64937, 60213, 16879, 63767, 55027, 27313, 18196, 50575, 90581, 8996, 89436, 11012, 91016, 57772, 10236, 47256, 19254, 76575, 44892, 57875, 3503, 27780, 56113, 13767, 20496, 36810, 88578, 50995, 20368, 96919, 63509, 78725, 22186, 21940, 83357, 70821, 62407, 5751, 99417, 54484, 84347, 49869, 59120, 77472, 71055, 75216, 32877, 52229, 43027, 52944, 84829, 51449, 27475, 27630, 13347, 93840, 82893, 31266, 77927, 44060, 63854, 26220, 14191, 5875, 72995, 94210, 4812, 36293, 60877, 38524, 53538, 55421, 57401, 6707, 31836, 5558, 72593, 56812, 95547, 72912, 18618, 75443, 78171, 11735, 35054, 94765, 87027, 57565, 4412, 48777, 17618, 18044, 80027, 77395, 39289, 29056, 72558, 46347, 83019, 73372, 48356, 18386, 80834, 35099, 61279, 69867, 10554, 17785, 24597, 21526, 52000, 84035, 68241, 86236, 90584, 56916, 4321, 21106, 3209, 53370, 14502, 4043, 3741, 48190, 62568, 85240, 30739, 34688, 33162, 38929, 40707, 9334, 70094, 294, 70936, 86179, 55931, 16143, 22646, 9862, 78881, 12560, 83625, 7134, 61874, 91203, 46269, 47110, 83843, 5289, 74137, 88273, 14580, 47344, 60753, 19167, 40339, 79020, 71132, 72253, 89884, 55934, 54064, 74742, 75597, 86320, 15369, 63397, 46665, 17800, 14718, 59462, 83731, 50541, 53632, 34874, 68412, 2214, 3157, 78677, 23641, 67143, 58266, 39232, 74667, 18780, 43657, 73836, 21147, 90021, 98970, 11732, 28569, 99269, 41709, 68360, 42589, 70863, 97958, 97500, 40709, 92966, 21694, 40040, 15592, 22426, 52529, 8629, 24081, 50548, 58167, 84087, 80087, 55979, 12478, 75863, 55100, 52426, 86114, 99605, 40435, 5992, 58835, 61375, 29923, 65710, 80868, 92180, 69393, 41505, 62791, 18731, 18953, 11106, 22971, 47087, 67395, 8258, 12800, 44872, 82838, 62992, 14599, 48272, 40211, 34341, 21057, 28702, 52824, 50572, 82640, 12559, 6067, 48063, 59935, 26657, 3055, 87176, 89751, 87167, 14129, 36152, 74245, 44747, 51354, 75606, 24046, 98077, 96803, 82440, 70055, 51399, 43781, 35119, 45388, 14656, 55187, 5401, 8942, 17594, 59726, 44804, 51824, 97127, 93212, 46736, 55514, 73728, 42663, 19730, 19118, 31504, 24324, 14360, 71402, 35819, 66623, 33391, 84006, 2911, 97136, 67491, 11377, 49060, 65542, 72990, 114, 23028, 6641, 27228, 3801, 4956, 62586, 14141, 70080, 75547, 78994, 65918, 560, 46101, 31529, 66655, 31719, 5956, 96644, 67012, 78144, 3048, 45105, 7215, 83884, 11279, 16049, 66710, 25797, 40844, 87206, 63324, 41774, 57371, 78550, 22173, 30307, 13444, 29382, 32923, 31372, 98768, 620, 84539, 52981, 46001, 96637, 98145, 70426, 17494, 64405, 42589, 15179, 68644, 27071, 13450, 95253, 45532, 96961, 62333, 11781, 32318, 82849, 54636, 12447, 1814, 30737, 3786, 72534, 1553, 67307, 88836, 53336, 60684, 5299, 69670, 93727, 24264, 65067, 51522, 39043, 6477, 55629, 2045, 64874, 64874, 93396, 99449, 22991, 2252, 65473, 51372, 84312, 95735, 39003, 62906, 71229, 74579, 17862, 12605, 66123, 12351, 5404, 1510, 13832, 51398, 43597, 86043, 45546, 50420, 68348, 45911, 17136, 91393, 29118, 76555, 7357, 11300, 51742, 333, 26830, 75555, 2331, 96635, 13605, 21847, 8187, 79899, 51411, 91776, 29149, 96412, 70544, 75327, 30017, 64797, 45663, 36499, 35707, 5655, 58962, 70918, 30728, 28698, 2763, 45752, 53106, 82946, 39676, 58721, 64695, 96504, 11019, 19011, 33978, 82026, 62216, 86549, 70888, 51675, 18118, 44149, 304, 65154, 36993, 6719, 70749, 97700, 69122, 18232, 60931, 25664, 33495, 71133, 59877, 99870, 53079, 77835, 65833, 47081, 384, 86289, 42953, 38560, 17803, 33158, 87143, 3202, 80836, 24559, 25480, 24884, 20970, 78849, 96190, 23338, 56243, 28044, 1806, 43098, 94629, 1557, 75946, 69931, 66152, 83354, 38712, 69524, 66843, 29150, 61796, 59849, 85600, 73561, 8370, 32232, 13997, 66493, 75770, 25037, 41313, 81709, 42770, 35823, 5767, 84597, 6127, 36332, 59300, 14612, 84423, 75500, 4652, 15299, 11866, 73468, 89289, 30402, 81756, 68438, 35166, 55904, 13846, 18702, 799, 42978, 42363, 81775, 82039, 83706, 66787, 77082, 77233, 90355, 92042, 96322, 19227, 61963, 89603, 77545, 6052, 3841, 18717, 8234, 40730, 2563, 59226, 40967, 20584, 89858, 2564, 5878, 37612, 97484, 83865, 55142, 71000, 19072, 8974, 77980, 38107, 22222, 6344, 29047, 58559, 78236, 92489, 35351, 52880, 4784, 75272, 7172, 14821, 69925, 48597, 36800, 79837, 61052, 92728, 80840, 76556, 35926, 45963, 39089, 13982, 99317, 41515, 54213, 5759, 15167, 75711, 94811, 10683, 62537, 60034, 52454, 34102, 45807, 41806, 62006, 5254, 39376, 56753, 187, 90094, 45504, 96638, 10503, 14605, 12369, 14432, 31110, 66366, 82294, 58782, 82122, 93759, 61568, 45358, 83396, 56007, 22346, 66542, 25137, 68312, 52464, 36527, 57473, 69800, 52446, 72031, 53744, 47922, 16738, 49867, 32313, 76536, 62962, 51773, 12155, 8875, 76172, 34750, 32742, 97811, 88073, 51338, 30794, 91006, 86416, 39880, 1952, 1988, 834, 62791, 67483, 70617, 36464, 94648, 90108, 1096, 63154, 60062, 94902, 97514, 37054, 72006, 93872, 51641, 95146, 29421, 13699, 69458, 65880, 5195, 64127, 49560, 11459, 71639, 53906, 78595, 61247, 38, 96621, 9490, 10431, 14318, 66154, 77198, 68556, 55459, 96467, 72843, 20962, 56323, 81690, 9497, 25412, 82928, 49217, 52686, 94969, 92492, 21761, 71648, 29956, 62011, 95264, 32476, 14571, 57797, 89984, 56359, 10135, 93277, 26149, 81033, 35003, 9263, 28190, 31612, 31319, 51082, 62322, 43964, 54411, 62127, 34041, 1407, 30008, 37444, 91432, 17575, 63516, 79823, 24359, 57939, 44660, 66, 72073, 42472, 94120, 65635, 81958, 37791, 55580, 41268, 69239, 35124, 6540, 98481, 46755, 25404, 67577, 65846, 29030, 46115, 80925, 52269, 5028, 9163, 60505, 33992, 22030, 94004, 52956, 42555, 32674, 98143, 24692, 8450, 53283, 2014, 7396, 66, 78982, 83694, 22573, 2780, 14252, 55750, 49033, 93213, 40123, 40063, 85147, 53609, 43278, 5175, 49000, 61144, 18853, 22685, 65944, 30991, 71325, 99256, 76301, 95693, 34122]})"
774.0,9,128,28,436.7430884838104,10180,"Genotype(dna={""<class 'abc.NT_0010'>"": [0, 0, 0, 0, 0, 1, 85147], ""<class 'abc.NT_0010_P_00000'>"": [], ""<class 'abc.NT_0007'>"": [], ""<class 'abc.NT_0007_P_00000'>"": [], ""<class 'abc.NT_0004'>"": [], ""<class 'abc.NT_0004_P_00000'>"": [], ""<class 'int'>"": [77126, 43201, 14674, 75809, 4326, 67271, 38350, 87430, 97011, 55942, 4506, 59964, 42225, 57077, 24342, 14478, 93904, 80839, 76441, 74856, 50058, 3411, 8626, 26055, 29274, 58967, 78993, 14828, 751, 67511, 28585, 12825, 23966, 7277, 99825, 74879, 55352, 55331, 363, 45016, 14379, 61509, 2069, 28699, 80396, 62952, 61201, 59585, 6749, 85094, 61965, 7610, 26258, 28296, 93033, 83162, 30096, 44060, 62884, 81104, 35245, 6364, 80462, 83171, 68919, 29950, 26707, 81924, 38153, 22585, 59277, 34382, 15383, 94500, 26532, 22254, 60581, 3345, 80271, 57971, 66816, 27488, 49989, 88487, 67815, 33251, 9814, 70899, 70376, 6572, 16025, 47013, 16359, 28708, 8258, 32360, 60550, 42267, 55413, 66178, 58891, 3524, 17413, 2205, 74754, 63914, 19152, 98442, 7431, 89440, 82080, 50837, 75285, 21620, 27020, 21639, 55890, 54599, 20169, 33311, 32242, 53498, 46439, 80881, 76188, 26746, 1133, 75300, 28413, 28258, 74339, 48912, 89430, 54118, 78957, 8190, 11376, 81490, 34042, 77295, 38509, 25473, 21325, 74688, 33757, 73445, 1092, 88730, 91008, 96974, 36419, 85058, 83462, 49605, 19202, 97630, 772, 92230, 92668, 49000], ""<class 'abc.NT_0001'>"": [], ""<class 'abc.NT_0001_P_00000'>"": [], ""<class 'bool'>"": [94567, 26792, 43510, 17549, 32334, 79141, 31637, 40541, 53775, 17842, 69311, 43769, 97227, 1539, 80259, 78373, 75096, 56123, 57441, 16081, 65316, 16235, 17109, 80941, 79234, 78069, 69895, 52794, 33022, 9796, 7359, 78315, 34322, 23853, 844, 88015, 38332, 33443, 63109, 65469, 96270, 54808, 23847, 83837, 84120, 86023, 34733, 17939, 58788, 74731, 58899, 85894, 94868, 87736, 94803, 79241, 69192, 55877, 78874, 36565, 40804, 79151, 84620, 28560, 70055, 35083, 5624, 91838, 73200, 57692, 93844, 49188, 88083, 79346, 19552, 58622, 55206, 19601, 35191, 14712, 78821, 52959, 61452, 13366, 87131, 38741, 63663, 5480, 36721, 81387, 89872, 25618, 37326, 81250, 65858, 74057, 77241, 77936, 77620, 62546, 87885, 4720, 53507, 52797, 91566, 75573, 30809, 8533, 78169, 53227, 17504, 76054, 95332, 18131, 3746, 8357, 59409, 43362, 50357, 66110, 59621, 56020, 67103, 34074, 67268, 53023, 33617, 66382, 84834, 43871, 11081, 26348, 47197, 85835, 4310, 46301, 33767, 61666, 71524, 61482, 55090, 38849, 95324, 45414, 58081, 48962, 31423, 14456, 31766, 22437, 12039, 94697, 87951, 37997, 75770, 75627, 94621, 54774, 6977, 28274, 14326, 73207, 77563, 61868, 35583, 91136, 64724, 85540, 67704, 71541, 18881, 33866, 79351, 46010, 20293, 87453, 12273, 37918, 23105, 5631, 38294, 55444, 26861, 14547, 78014, 58417, 6625, 97742, 85703, 35222, 94130, 9869, 72191, 90426, 47638, 17917, 93700, 83016, 79750, 29518, 8683, 25170, 38117, 1270, 87580, 76026, 6813, 5175], ""<class 'abc.NT_0000'>"": [6, 81341, 2, 0, 0, 0, 0, 0, 5, 3, 0, 0, 0, 64878, 4, 6, 3, 3, 6, 5, 1, 1, 2, 5, 1, 5, 0, 1, 1, 1, 0, 6, 3, 4, 4, 2, 0, 5, 2, 0, 6, 4, 5, 6, 0, 3, 2, 5, 3, 5, 3, 2, 2, 2, 5, 1, 0, 6, 90454, 2, 3, 0, 5, 4, 3, 0, 0, 0, 0, 73098, 0, 0, 0, 0, 5, 3, 2, 1, 5, 4, 0, 2, 2, 1, 75691, 72824, 98505, 4, 1, 2, 3, 0, 0, 0, 0, 0, 0, 0, 0, 6, 1, 0, 4, 0, 5, 0, 0, 0, 0, 5, 3, 37973, 4, 6, 4, 3, 6, 4, 1, 16791, 3, 2, 5, 5, 6, 3, 0, 23028, 5, 25454, 1, 6, 1, 3, 5, 3, 6, 4, 1, 0, 0, 0, 0, 0, 2, 6, 2, 2, 6, 2, 1, 71077, 6, 1, 3, 6, 4, 6, 1, 43278, 18853, 22685, 65944], ""<class 'abc.NT_0000_P_00000'>"": [], ""<class 'abc.NT_0000_P_00001'>"": [], ""<class 'abc.NT_0000_P_00002'>"": [], ""<class 'abc.NT_0000_P_00003'>"": [], ""<class 'abc.NT_0000_P_00004'>"": [], ""<class 'abc.NT_0000_P_00005'>"": [], ""<class 'abc.NT_0000_P_00006'>"": [], ""<class 'abc.NT_0001_P_00001'>"": [], ""<class 'abc.NT_0001_P_00002'>"": [], ""<class 'abc.NT_0004_P_00001'>"": [], ""<class 'abc.NT_0003'>"": [], ""<class 'abc.NT_0003_P_00000'>"": [], ""<class 'abc.NT_0002'>"": [], ""<class 'abc.NT_0002_P_00000'>"": [], ""<class 'abc.NT_0002_P_00001'>"": [], ""<class 'abc.NT_0002_P_00002'>"": [], ""<class 'abc.NT_0002_P_00003'>"": [], ""<class 'abc.NT_0002_P_00004'>"": [], ""<class 'abc.NT_0002_P_00005'>"": [], ""<class 'abc.NT_0002_P_00006'>"": [], ""<class 'abc.NT_0002_P_00007'>"": [], ""<class 'abc.NT_0003_P_00001'>"": [], ""<class 'abc.NT_0006'>"": [0, 0, 0, 0, 0, 0, 0, 0, 0, 0, 61144], ""<class 'abc.NT_0006_P_00000'>"": [], ""<class 'abc.NT_0005'>"": [], ""<class 'abc.NT_0005_P_00000'>"": [], ""<class 'abc.NT_0005_P_00001'>"": [], ""<class 'abc.NT_0005_P_00002'>"": [], ""<class 'abc.NT_0005_P_00003'>"": [], ""<class 'abc.NT_0005_P_00004'>"": [], ""<class 'abc.NT_0005_P_00005'>"": [], ""<class 'abc.NT_0005_P_00006'>"": [], ""<class 'abc.NT_0006_P_00001'>"": [], ""<class 'abc.NT_0006_P_00002'>"": [], ""<class 'abc.NT_0006_P_00003'>"": [], ""<class 'abc.NT_0006_P_00004'>"": [], ""<class 'abc.NT_0006_P_00005'>"": [], ""<class 'abc.NT_0006_P_00006'>"": [], ""<class 'abc.NT_0006_P_00007'>"": [], ""<class 'abc.NT_0007_P_00001'>"": [], ""<class 'abc.NT_0007_P_00002'>"": [], ""<class 'abc.NT_0007_P_00003'>"": [], ""<class 'abc.NT_0007_P_00004'>"": [], ""<class 'abc.NT_0007_P_00005'>"": [], ""<class 'abc.NT_0010_P_00001'>"": [], ""<class 'abc.NT_0008'>"": [1, 1, 0, 1, 0, 1, 1, 0, 0, 0, 53609], ""<class 'abc.NT_0008_P_00000'>"": [], ""<class 'abc.NT_0008_P_00001'>"": [], ""<class 'abc.NT_0008_P_00002'>"": [], ""<class 'abc.NT_0008_P_00003'>"": [], ""<class 'abc.NT_0008_P_00004'>"": [], ""<class 'abc.NT_0010_P_00002'>"": [], ""<class 'abc.NT_0010_P_00003'>"": [], ""<class 'abc.NT_0010_P_00004'>"": [], ""<class 'abc.NT_0009'>"": [], ""<class 'abc.NT_0009_P_00000'>"": [], ""<class 'abc.NT_0009_P_00001'>"": [], ""<class 'abc.NT_0009_P_00002'>"": [], ""<class 'abc.NT_0009_P_00003'>"": [], ""<class 'abc.NT_0009_P_00004'>"": [], ""<class 'abc.NT_0010_P_00005'>"": [], ""<class 'abc.NT_0010_P_00006'>"": [], '$leftovers': [53952, 55672, 74831, 33963, 25015, 25697, 7592, 13690, 41603, 28828, 1846, 59419, 50863, 95750, 68544, 33751, 67086, 76352, 50275, 33813, 72521, 72186, 98367, 89110, 82056, 74758, 66368, 72604, 26616, 95885, 5264, 24236, 31002, 72786, 81453, 1549, 58861, 79208, 25327, 61699, 15666, 70132, 5604, 37976, 96197, 2135, 75049, 31492, 45828, 69192, 23886, 73401, 14363, 57489, 62600, 98230, 9181, 95579, 43563, 90001, 10166, 37716, 81042, 70856, 13122, 24742, 63023, 17296, 11162, 35926, 83920, 36824, 91962, 58024, 27633, 13217, 56880, 30598, 66637, 54630, 58415, 54841, 82919, 35232, 49917, 17273, 79974, 17408, 31831, 87760, 29062, 14159, 29820, 5544, 41099, 45482, 2367, 64759, 21373, 78063, 60377, 57592, 80389, 75806, 7140, 12762, 52584, 44029, 83065, 36358, 92073, 35502, 89851, 86918, 68167, 22970, 33999, 40707, 73232, 67107, 4690, 27422, 72591, 34525, 90618, 2963, 85885, 80470, 94309, 72287, 86237, 30800, 21730, 52145, 25063, 99142, 45233, 92389, 19816, 53209, 72995, 23801, 95121, 45638, 11339, 15054, 40314, 16381, 79668, 56708, 97137, 22673, 80400, 80443, 24458, 37011, 58667, 75764, 53847, 74996, 93872, 46267, 41769, 85089, 9643, 86889, 97627, 33079, 933, 43196, 52217, 79122, 46989, 50182, 64937, 60213, 16879, 63767, 55027, 27313, 18196, 50575, 90581, 8996, 89436, 11012, 91016, 57772, 10236, 47256, 19254, 76575, 44892, 57875, 3503, 27780, 56113, 13767, 20496, 36810, 88578, 50995, 20368, 96919, 63509, 78725, 22186, 21940, 83357, 70821, 62407, 5751, 99417, 54484, 84347, 49869, 59120, 77472, 71055, 75216, 32877, 52229, 43027, 52944, 84829, 51449, 27475, 27630, 13347, 93840, 82893, 31266, 77927, 44060, 63854, 26220, 14191, 5875, 72995, 94210, 4812, 36293, 60877, 38524, 53538, 55421, 57401, 6707, 31836, 5558, 72593, 56812, 95547, 72912, 18618, 75443, 78171, 11735, 35054, 94765, 87027, 57565, 4412, 48777, 17618, 18044, 80027, 77395, 39289, 29056, 72558, 46347, 83019, 73372, 48356, 18386, 80834, 35099, 61279, 69867, 10554, 17785, 24597, 21526, 52000, 84035, 68241, 86236, 90584, 56916, 4321, 21106, 3209, 53370, 14502, 4043, 3741, 48190, 62568, 85240, 30739, 34688, 33162, 38929, 40707, 9334, 70094, 294, 70936, 86179, 55931, 16143, 22646, 9862, 78881, 12560, 83625, 7134, 61874, 91203, 46269, 47110, 83843, 5289, 74137, 88273, 14580, 47344, 60753, 19167, 40339, 79020, 71132, 72253, 89884, 55934, 54064, 74742, 75597, 86320, 15369, 63397, 46665, 17800, 14718, 59462, 83731, 50541, 53632, 34874, 68412, 2214, 3157, 78677, 23641, 67143, 58266, 39232, 74667, 18780, 43657, 73836, 21147, 90021, 98970, 11732, 28569, 99269, 41709, 68360, 42589, 70863, 97958, 97500, 40709, 92966, 21694, 40040, 15592, 22426, 52529, 8629, 24081, 50548, 58167, 84087, 80087, 55979, 12478, 75863, 55100, 52426, 86114, 99605, 40435, 5992, 58835, 61375, 29923, 65710, 80868, 92180, 69393, 41505, 62791, 18731, 18953, 11106, 22971, 47087, 67395, 8258, 12800, 44872, 82838, 62992, 14599, 48272, 40211, 34341, 21057, 28702, 52824, 50572, 82640, 12559, 6067, 48063, 59935, 26657, 3055, 87176, 89751, 87167, 14129, 36152, 74245, 44747, 51354, 75606, 24046, 98077, 96803, 82440, 70055, 51399, 43781, 35119, 45388, 14656, 55187, 5401, 8942, 17594, 59726, 44804, 51824, 97127, 93212, 46736, 55514, 73728, 42663, 19730, 19118, 31504, 24324, 14360, 71402, 35819, 66623, 33391, 84006, 2911, 97136, 67491, 11377, 49060, 65542, 72990, 114, 23028, 6641, 27228, 3801, 4956, 62586, 14141, 70080, 75547, 78994, 65918, 560, 46101, 31529, 66655, 31719, 5956, 96644, 67012, 78144, 3048, 45105, 7215, 83884, 11279, 16049, 66710, 25797, 40844, 87206, 63324, 41774, 57371, 78550, 22173, 30307, 13444, 29382, 32923, 31372, 98768, 620, 84539, 52981, 46001, 96637, 98145, 70426, 17494, 64405, 42589, 15179, 68644, 27071, 13450, 95253, 45532, 96961, 62333, 11781, 32318, 82849, 54636, 12447, 1814, 30737, 3786, 72534, 1553, 67307, 88836, 53336, 60684, 5299, 69670, 93727, 24264, 65067, 51522, 39043, 6477, 55629, 2045, 64874, 64874, 93396, 99449, 22991, 2252, 65473, 51372, 84312, 95735, 39003, 62906, 71229, 74579, 17862, 12605, 66123, 12351, 5404, 1510, 13832, 51398, 43597, 86043, 45546, 50420, 68348, 45911, 17136, 91393, 29118, 76555, 7357, 11300, 51742, 333, 26830, 75555, 2331, 96635, 13605, 21847, 8187, 79899, 51411, 91776, 29149, 96412, 70544, 75327, 30017, 64797, 45663, 36499, 35707, 5655, 58962, 70918, 30728, 28698, 2763, 45752, 53106, 82946, 39676, 58721, 64695, 96504, 11019, 19011, 33978, 82026, 62216, 86549, 70888, 51675, 18118, 44149, 304, 65154, 36993, 6719, 70749, 97700, 69122, 18232, 60931, 25664, 33495, 71133, 59877, 99870, 53079, 77835, 65833, 47081, 384, 86289, 42953, 38560, 17803, 33158, 87143, 3202, 80836, 24559, 25480, 24884, 20970, 78849, 96190, 23338, 56243, 28044, 1806, 43098, 94629, 1557, 75946, 69931, 66152, 83354, 38712, 69524, 66843, 29150, 61796, 59849, 85600, 73561, 8370, 32232, 13997, 66493, 75770, 25037, 41313, 81709, 42770, 35823, 5767, 84597, 6127, 36332, 59300, 14612, 84423, 75500, 4652, 15299, 11866, 73468, 89289, 30402, 81756, 68438, 35166, 55904, 13846, 18702, 799, 42978, 42363, 81775, 82039, 83706, 66787, 77082, 77233, 90355, 92042, 96322, 19227, 61963, 89603, 77545, 6052, 3841, 18717, 8234, 40730, 2563, 59226, 40967, 20584, 89858, 2564, 5878, 37612, 97484, 83865, 55142, 71000, 19072, 8974, 77980, 38107, 22222, 6344, 29047, 58559, 78236, 92489, 35351, 52880, 4784, 75272, 7172, 14821, 69925, 48597, 36800, 79837, 61052, 92728, 80840, 76556, 35926, 45963, 39089, 13982, 99317, 41515, 54213, 5759, 15167, 75711, 94811, 10683, 62537, 60034, 52454, 34102, 45807, 41806, 62006, 5254, 39376, 56753, 187, 90094, 45504, 96638, 10503, 14605, 12369, 14432, 31110, 66366, 82294, 58782, 82122, 93759, 61568, 45358, 83396, 56007, 22346, 66542, 25137, 68312, 52464, 36527, 57473, 69800, 52446, 72031, 53744, 47922, 16738, 49867, 32313, 76536, 62962, 51773, 12155, 8875, 76172, 34750, 32742, 97811, 88073, 51338, 30794, 91006, 86416, 39880, 1952, 1988, 834, 62791, 67483, 70617, 36464, 94648, 90108, 1096, 63154, 60062, 94902, 97514, 37054, 72006, 93872, 51641, 95146, 29421, 13699, 69458, 65880, 5195, 64127, 49560, 11459, 71639, 53906, 78595, 61247, 38, 96621, 9490, 10431, 14318, 66154, 77198, 68556, 55459, 96467, 72843, 20962, 56323, 81690, 9497, 25412, 82928, 49217, 52686, 94969, 92492, 21761, 71648, 29956, 62011, 95264, 32476, 14571, 57797, 89984, 56359, 10135, 93277, 26149, 81033, 35003, 9263, 28190, 31612, 31319, 51082, 62322, 43964, 54411, 62127, 34041, 1407, 30008, 37444, 91432, 17575, 63516, 79823, 24359, 57939, 44660, 66, 72073, 42472, 94120, 65635, 81958, 37791, 55580, 41268, 69239, 35124, 6540, 98481, 46755, 25404, 67577, 65846, 29030, 46115, 80925, 52269, 5028, 9163, 60505, 33992, 22030, 94004, 52956, 42555, 32674, 98143, 24692, 8450, 53283, 2014, 7396, 66, 78982, 83694, 22573, 2780, 14252, 55750, 49033, 93213, 40123, 40063, 85147, 53609, 43278, 5175, 49000, 61144, 18853, 22685, 65944, 30991, 71325, 99256, 76301, 95693, 34122]})"
774.0,9,128,29,437.6400592327118,10180,"Genotype(dna={""<class 'abc.NT_0010'>"": [0, 0, 0, 0, 0, 1, 85147], ""<class 'abc.NT_0010_P_00000'>"": [], ""<class 'abc.NT_0007'>"": [], ""<class 'abc.NT_0007_P_00000'>"": [], ""<class 'abc.NT_0004'>"": [], ""<class 'abc.NT_0004_P_00000'>"": [], ""<class 'int'>"": [77126, 43201, 14674, 75809, 4326, 67271, 38350, 87430, 97011, 55942, 4506, 59964, 42225, 57077, 24342, 14478, 93904, 80839, 76441, 74856, 50058, 3411, 8626, 26055, 29274, 58967, 78993, 14828, 751, 67511, 28585, 12825, 23966, 7277, 99825, 74879, 55352, 55331, 363, 45016, 14379, 61509, 2069, 28699, 80396, 62952, 61201, 59585, 6749, 85094, 61965, 7610, 26258, 28296, 93033, 83162, 30096, 44060, 62884, 81104, 35245, 6364, 80462, 83171, 68919, 29950, 26707, 81924, 38153, 22585, 59277, 34382, 15383, 94500, 26532, 22254, 60581, 3345, 80271, 57971, 66816, 27488, 49989, 88487, 67815, 33251, 9814, 70899, 70376, 6572, 16025, 47013, 16359, 28708, 8258, 32360, 60550, 42267, 55413, 66178, 58891, 3524, 17413, 2205, 74754, 63914, 19152, 98442, 7431, 89440, 82080, 50837, 75285, 21620, 27020, 21639, 55890, 54599, 20169, 33311, 32242, 53498, 46439, 80881, 76188, 26746, 1133, 75300, 28413, 28258, 74339, 48912, 89430, 54118, 78957, 8190, 11376, 81490, 34042, 77295, 38509, 25473, 21325, 74688, 33757, 73445, 1092, 88730, 91008, 96974, 36419, 85058, 83462, 49605, 19202, 97630, 772, 92230, 92668, 49000], ""<class 'abc.NT_0001'>"": [], ""<class 'abc.NT_0001_P_00000'>"": [], ""<class 'bool'>"": [94567, 26792, 43510, 17549, 32334, 79141, 31637, 40541, 53775, 17842, 69311, 43769, 97227, 1539, 80259, 78373, 75096, 56123, 57441, 16081, 65316, 16235, 17109, 80941, 79234, 78069, 69895, 52794, 33022, 9796, 7359, 78315, 34322, 23853, 844, 88015, 38332, 33443, 63109, 65469, 96270, 54808, 23847, 83837, 84120, 86023, 34733, 17939, 58788, 74731, 58899, 85894, 94868, 87736, 94803, 79241, 69192, 55877, 78874, 36565, 40804, 79151, 84620, 28560, 70055, 35083, 5624, 91838, 73200, 57692, 93844, 49188, 88083, 79346, 19552, 58622, 55206, 19601, 35191, 14712, 78821, 52959, 61452, 13366, 87131, 38741, 63663, 5480, 36721, 81387, 89872, 25618, 37326, 81250, 65858, 74057, 77241, 77936, 77620, 62546, 87885, 4720, 53507, 52797, 91566, 75573, 30809, 8533, 78169, 53227, 17504, 76054, 95332, 18131, 3746, 8357, 59409, 43362, 50357, 66110, 59621, 56020, 67103, 34074, 67268, 53023, 33617, 66382, 84834, 43871, 11081, 26348, 47197, 85835, 4310, 46301, 33767, 61666, 71524, 61482, 55090, 38849, 95324, 45414, 58081, 48962, 31423, 14456, 31766, 22437, 12039, 94697, 87951, 37997, 75770, 75627, 94621, 54774, 6977, 28274, 14326, 73207, 77563, 61868, 35583, 91136, 64724, 85540, 67704, 71541, 18881, 33866, 79351, 46010, 20293, 87453, 12273, 37918, 23105, 5631, 38294, 55444, 26861, 14547, 78014, 58417, 6625, 97742, 85703, 35222, 94130, 9869, 72191, 90426, 47638, 17917, 93700, 83016, 79750, 29518, 8683, 25170, 38117, 1270, 87580, 76026, 6813, 5175], ""<class 'abc.NT_0000'>"": [6, 81341, 2, 0, 0, 0, 0, 0, 5, 3, 0, 0, 0, 64878, 4, 6, 3, 3, 6, 5, 1, 1, 2, 5, 1, 5, 0, 1, 1, 1, 0, 6, 3, 4, 4, 2, 0, 5, 2, 0, 6, 4, 5, 6, 0, 3, 2, 5, 3, 5, 3, 2, 2, 2, 5, 1, 0, 6, 90454, 2, 3, 0, 5, 4, 3, 0, 0, 0, 0, 73098, 0, 0, 0, 0, 5, 3, 2, 1, 5, 4, 0, 2, 2, 1, 75691, 72824, 98505, 4, 1, 2, 3, 0, 0, 0, 0, 0, 0, 0, 0, 6, 1, 0, 4, 0, 5, 0, 0, 0, 0, 5, 3, 37973, 4, 6, 4, 3, 6, 4, 1, 16791, 3, 2, 5, 5, 6, 3, 0, 23028, 5, 25454, 1, 6, 1, 3, 5, 3, 6, 4, 1, 0, 0, 0, 0, 0, 2, 6, 2, 2, 6, 2, 1, 71077, 6, 1, 3, 6, 4, 6, 1, 43278, 18853, 22685, 65944], ""<class 'abc.NT_0000_P_00000'>"": [], ""<class 'abc.NT_0000_P_00001'>"": [], ""<class 'abc.NT_0000_P_00002'>"": [], ""<class 'abc.NT_0000_P_00003'>"": [], ""<class 'abc.NT_0000_P_00004'>"": [], ""<class 'abc.NT_0000_P_00005'>"": [], ""<class 'abc.NT_0000_P_00006'>"": [], ""<class 'abc.NT_0001_P_00001'>"": [], ""<class 'abc.NT_0001_P_00002'>"": [], ""<class 'abc.NT_0004_P_00001'>"": [], ""<class 'abc.NT_0003'>"": [], ""<class 'abc.NT_0003_P_00000'>"": [], ""<class 'abc.NT_0002'>"": [], ""<class 'abc.NT_0002_P_00000'>"": [], ""<class 'abc.NT_0002_P_00001'>"": [], ""<class 'abc.NT_0002_P_00002'>"": [], ""<class 'abc.NT_0002_P_00003'>"": [], ""<class 'abc.NT_0002_P_00004'>"": [], ""<class 'abc.NT_0002_P_00005'>"": [], ""<class 'abc.NT_0002_P_00006'>"": [], ""<class 'abc.NT_0002_P_00007'>"": [], ""<class 'abc.NT_0003_P_00001'>"": [], ""<class 'abc.NT_0006'>"": [0, 0, 0, 0, 0, 0, 0, 0, 0, 0, 61144], ""<class 'abc.NT_0006_P_00000'>"": [], ""<class 'abc.NT_0005'>"": [], ""<class 'abc.NT_0005_P_00000'>"": [], ""<class 'abc.NT_0005_P_00001'>"": [], ""<class 'abc.NT_0005_P_00002'>"": [], ""<class 'abc.NT_0005_P_00003'>"": [], ""<class 'abc.NT_0005_P_00004'>"": [], ""<class 'abc.NT_0005_P_00005'>"": [], ""<class 'abc.NT_0005_P_00006'>"": [], ""<class 'abc.NT_0006_P_00001'>"": [], ""<class 'abc.NT_0006_P_00002'>"": [], ""<class 'abc.NT_0006_P_00003'>"": [], ""<class 'abc.NT_0006_P_00004'>"": [], ""<class 'abc.NT_0006_P_00005'>"": [], ""<class 'abc.NT_0006_P_00006'>"": [], ""<class 'abc.NT_0006_P_00007'>"": [], ""<class 'abc.NT_0007_P_00001'>"": [], ""<class 'abc.NT_0007_P_00002'>"": [], ""<class 'abc.NT_0007_P_00003'>"": [], ""<class 'abc.NT_0007_P_00004'>"": [], ""<class 'abc.NT_0007_P_00005'>"": [], ""<class 'abc.NT_0010_P_00001'>"": [], ""<class 'abc.NT_0008'>"": [1, 1, 0, 1, 0, 1, 1, 0, 0, 0, 53609], ""<class 'abc.NT_0008_P_00000'>"": [], ""<class 'abc.NT_0008_P_00001'>"": [], ""<class 'abc.NT_0008_P_00002'>"": [], ""<class 'abc.NT_0008_P_00003'>"": [], ""<class 'abc.NT_0008_P_00004'>"": [], ""<class 'abc.NT_0010_P_00002'>"": [], ""<class 'abc.NT_0010_P_00003'>"": [], ""<class 'abc.NT_0010_P_00004'>"": [], ""<class 'abc.NT_0009'>"": [], ""<class 'abc.NT_0009_P_00000'>"": [], ""<class 'abc.NT_0009_P_00001'>"": [], ""<class 'abc.NT_0009_P_00002'>"": [], ""<class 'abc.NT_0009_P_00003'>"": [], ""<class 'abc.NT_0009_P_00004'>"": [], ""<class 'abc.NT_0010_P_00005'>"": [], ""<class 'abc.NT_0010_P_00006'>"": [], '$leftovers': [53952, 55672, 74831, 33963, 25015, 25697, 7592, 13690, 41603, 28828, 1846, 59419, 50863, 95750, 68544, 33751, 67086, 76352, 50275, 33813, 72521, 72186, 98367, 89110, 82056, 74758, 66368, 72604, 26616, 95885, 5264, 24236, 31002, 72786, 81453, 1549, 58861, 79208, 25327, 61699, 15666, 70132, 5604, 37976, 96197, 2135, 75049, 31492, 45828, 69192, 23886, 73401, 14363, 57489, 62600, 98230, 9181, 95579, 43563, 90001, 10166, 37716, 81042, 70856, 13122, 24742, 63023, 17296, 11162, 35926, 83920, 36824, 91962, 58024, 27633, 13217, 56880, 30598, 66637, 54630, 58415, 54841, 82919, 35232, 49917, 17273, 79974, 17408, 31831, 87760, 29062, 14159, 29820, 5544, 41099, 45482, 2367, 64759, 21373, 78063, 60377, 57592, 80389, 75806, 7140, 12762, 52584, 44029, 83065, 36358, 92073, 35502, 89851, 86918, 68167, 22970, 33999, 40707, 73232, 67107, 4690, 27422, 72591, 34525, 90618, 2963, 85885, 80470, 94309, 72287, 86237, 30800, 21730, 52145, 25063, 99142, 45233, 92389, 19816, 53209, 72995, 23801, 95121, 45638, 11339, 15054, 40314, 16381, 79668, 56708, 97137, 22673, 80400, 80443, 24458, 37011, 58667, 75764, 53847, 74996, 93872, 46267, 41769, 85089, 9643, 86889, 97627, 33079, 933, 43196, 52217, 79122, 46989, 50182, 64937, 60213, 16879, 63767, 55027, 27313, 18196, 50575, 90581, 8996, 89436, 11012, 91016, 57772, 10236, 47256, 19254, 76575, 44892, 57875, 3503, 27780, 56113, 13767, 20496, 36810, 88578, 50995, 20368, 96919, 63509, 78725, 22186, 21940, 83357, 70821, 62407, 5751, 99417, 54484, 84347, 49869, 59120, 77472, 71055, 75216, 32877, 52229, 43027, 52944, 84829, 51449, 27475, 27630, 13347, 93840, 82893, 31266, 77927, 44060, 63854, 26220, 14191, 5875, 72995, 94210, 4812, 36293, 60877, 38524, 53538, 55421, 57401, 6707, 31836, 5558, 72593, 56812, 95547, 72912, 18618, 75443, 78171, 11735, 35054, 94765, 87027, 57565, 4412, 48777, 17618, 18044, 80027, 77395, 39289, 29056, 72558, 46347, 83019, 73372, 48356, 18386, 80834, 35099, 61279, 69867, 10554, 17785, 24597, 21526, 52000, 84035, 68241, 86236, 90584, 56916, 4321, 21106, 3209, 53370, 14502, 4043, 3741, 48190, 62568, 85240, 30739, 34688, 33162, 38929, 40707, 9334, 70094, 294, 70936, 86179, 55931, 16143, 22646, 9862, 78881, 12560, 83625, 7134, 61874, 91203, 46269, 47110, 83843, 5289, 74137, 88273, 14580, 47344, 60753, 19167, 40339, 79020, 71132, 72253, 89884, 55934, 54064, 74742, 75597, 86320, 15369, 63397, 46665, 17800, 14718, 59462, 83731, 50541, 53632, 34874, 68412, 2214, 3157, 78677, 23641, 67143, 58266, 39232, 74667, 18780, 43657, 73836, 21147, 90021, 98970, 11732, 28569, 99269, 41709, 68360, 42589, 70863, 97958, 97500, 40709, 92966, 21694, 40040, 15592, 22426, 52529, 8629, 24081, 50548, 58167, 84087, 80087, 55979, 12478, 75863, 55100, 52426, 86114, 99605, 40435, 5992, 58835, 61375, 29923, 65710, 80868, 92180, 69393, 41505, 62791, 18731, 18953, 11106, 22971, 47087, 67395, 8258, 12800, 44872, 82838, 62992, 14599, 48272, 40211, 34341, 21057, 28702, 52824, 50572, 82640, 12559, 6067, 48063, 59935, 26657, 3055, 87176, 89751, 87167, 14129, 36152, 74245, 44747, 51354, 75606, 24046, 98077, 96803, 82440, 70055, 51399, 43781, 35119, 45388, 14656, 55187, 5401, 8942, 17594, 59726, 44804, 51824, 97127, 93212, 46736, 55514, 73728, 42663, 19730, 19118, 31504, 24324, 14360, 71402, 35819, 66623, 33391, 84006, 2911, 97136, 67491, 11377, 49060, 65542, 72990, 114, 23028, 6641, 27228, 3801, 4956, 62586, 14141, 70080, 75547, 78994, 65918, 560, 46101, 31529, 66655, 31719, 5956, 96644, 67012, 78144, 3048, 45105, 7215, 83884, 11279, 16049, 66710, 25797, 40844, 87206, 63324, 41774, 57371, 78550, 22173, 30307, 13444, 29382, 32923, 31372, 98768, 620, 84539, 52981, 46001, 96637, 98145, 70426, 17494, 64405, 42589, 15179, 68644, 27071, 13450, 95253, 45532, 96961, 62333, 11781, 32318, 82849, 54636, 12447, 1814, 30737, 3786, 72534, 1553, 67307, 88836, 53336, 60684, 5299, 69670, 93727, 24264, 65067, 51522, 39043, 6477, 55629, 2045, 64874, 64874, 93396, 99449, 22991, 2252, 65473, 51372, 84312, 95735, 39003, 62906, 71229, 74579, 17862, 12605, 66123, 12351, 5404, 1510, 13832, 51398, 43597, 86043, 45546, 50420, 68348, 45911, 17136, 91393, 29118, 76555, 7357, 11300, 51742, 333, 26830, 75555, 2331, 96635, 13605, 21847, 8187, 79899, 51411, 91776, 29149, 96412, 70544, 75327, 30017, 64797, 45663, 36499, 35707, 5655, 58962, 70918, 30728, 28698, 2763, 45752, 53106, 82946, 39676, 58721, 64695, 96504, 11019, 19011, 33978, 82026, 62216, 86549, 70888, 51675, 18118, 44149, 304, 65154, 36993, 6719, 70749, 97700, 69122, 18232, 60931, 25664, 33495, 71133, 59877, 99870, 53079, 77835, 65833, 47081, 384, 86289, 42953, 38560, 17803, 33158, 87143, 3202, 80836, 24559, 25480, 24884, 20970, 78849, 96190, 23338, 56243, 28044, 1806, 43098, 94629, 1557, 75946, 69931, 66152, 83354, 38712, 69524, 66843, 29150, 61796, 59849, 85600, 73561, 8370, 32232, 13997, 66493, 75770, 25037, 41313, 81709, 42770, 35823, 5767, 84597, 6127, 36332, 59300, 14612, 84423, 75500, 4652, 15299, 11866, 73468, 89289, 30402, 81756, 68438, 35166, 55904, 13846, 18702, 799, 42978, 42363, 81775, 82039, 83706, 66787, 77082, 77233, 90355, 92042, 96322, 19227, 61963, 89603, 77545, 6052, 3841, 18717, 8234, 40730, 2563, 59226, 40967, 20584, 89858, 2564, 5878, 37612, 97484, 83865, 55142, 71000, 19072, 8974, 77980, 38107, 22222, 6344, 29047, 58559, 78236, 92489, 35351, 52880, 4784, 75272, 7172, 14821, 69925, 48597, 36800, 79837, 61052, 92728, 80840, 76556, 35926, 45963, 39089, 13982, 99317, 41515, 54213, 5759, 15167, 75711, 94811, 10683, 62537, 60034, 52454, 34102, 45807, 41806, 62006, 5254, 39376, 56753, 187, 90094, 45504, 96638, 10503, 14605, 12369, 14432, 31110, 66366, 82294, 58782, 82122, 93759, 61568, 45358, 83396, 56007, 22346, 66542, 25137, 68312, 52464, 36527, 57473, 69800, 52446, 72031, 53744, 47922, 16738, 49867, 32313, 76536, 62962, 51773, 12155, 8875, 76172, 34750, 32742, 97811, 88073, 51338, 30794, 91006, 86416, 39880, 1952, 1988, 834, 62791, 67483, 70617, 36464, 94648, 90108, 1096, 63154, 60062, 94902, 97514, 37054, 72006, 93872, 51641, 95146, 29421, 13699, 69458, 65880, 5195, 64127, 49560, 11459, 71639, 53906, 78595, 61247, 38, 96621, 9490, 10431, 14318, 66154, 77198, 68556, 55459, 96467, 72843, 20962, 56323, 81690, 9497, 25412, 82928, 49217, 52686, 94969, 92492, 21761, 71648, 29956, 62011, 95264, 32476, 14571, 57797, 89984, 56359, 10135, 93277, 26149, 81033, 35003, 9263, 28190, 31612, 31319, 51082, 62322, 43964, 54411, 62127, 34041, 1407, 30008, 37444, 91432, 17575, 63516, 79823, 24359, 57939, 44660, 66, 72073, 42472, 94120, 65635, 81958, 37791, 55580, 41268, 69239, 35124, 6540, 98481, 46755, 25404, 67577, 65846, 29030, 46115, 80925, 52269, 5028, 9163, 60505, 33992, 22030, 94004, 52956, 42555, 32674, 98143, 24692, 8450, 53283, 2014, 7396, 66, 78982, 83694, 22573, 2780, 14252, 55750, 49033, 93213, 40123, 40063, 85147, 53609, 43278, 5175, 49000, 61144, 18853, 22685, 65944, 30991, 71325, 99256, 76301, 95693, 34122]})"
774.0,9,128,30,438.5635554790497,10180,"Genotype(dna={""<class 'abc.NT_0010'>"": [0, 0, 0, 0, 0, 1, 85147], ""<class 'abc.NT_0010_P_00000'>"": [], ""<class 'abc.NT_0007'>"": [], ""<class 'abc.NT_0007_P_00000'>"": [], ""<class 'abc.NT_0004'>"": [], ""<class 'abc.NT_0004_P_00000'>"": [], ""<class 'int'>"": [77126, 43201, 14674, 75809, 4326, 67271, 38350, 87430, 97011, 55942, 4506, 59964, 42225, 57077, 24342, 14478, 93904, 80839, 76441, 74856, 50058, 3411, 8626, 26055, 29274, 58967, 78993, 14828, 751, 67511, 28585, 12825, 23966, 7277, 99825, 74879, 55352, 55331, 363, 45016, 14379, 61509, 2069, 28699, 80396, 62952, 61201, 59585, 6749, 85094, 61965, 7610, 26258, 28296, 93033, 83162, 30096, 44060, 62884, 81104, 35245, 6364, 80462, 83171, 68919, 29950, 26707, 81924, 38153, 22585, 59277, 34382, 15383, 94500, 26532, 22254, 60581, 3345, 80271, 57971, 66816, 27488, 49989, 88487, 67815, 33251, 9814, 70899, 70376, 6572, 16025, 47013, 16359, 28708, 8258, 32360, 60550, 42267, 55413, 66178, 58891, 3524, 17413, 2205, 74754, 63914, 19152, 98442, 7431, 89440, 82080, 50837, 75285, 21620, 27020, 21639, 55890, 54599, 20169, 33311, 32242, 53498, 46439, 80881, 76188, 26746, 1133, 75300, 28413, 28258, 74339, 48912, 89430, 54118, 78957, 8190, 11376, 81490, 34042, 77295, 38509, 25473, 21325, 74688, 33757, 73445, 1092, 88730, 91008, 96974, 36419, 85058, 83462, 49605, 19202, 97630, 772, 92230, 92668, 49000], ""<class 'abc.NT_0001'>"": [], ""<class 'abc.NT_0001_P_00000'>"": [], ""<class 'bool'>"": [94567, 26792, 43510, 17549, 32334, 79141, 31637, 40541, 53775, 17842, 69311, 43769, 97227, 1539, 80259, 78373, 75096, 56123, 57441, 16081, 65316, 16235, 17109, 80941, 79234, 78069, 69895, 52794, 33022, 9796, 7359, 78315, 34322, 23853, 844, 88015, 38332, 33443, 63109, 65469, 96270, 54808, 23847, 83837, 84120, 86023, 34733, 17939, 58788, 74731, 58899, 85894, 94868, 87736, 94803, 79241, 69192, 55877, 78874, 36565, 40804, 79151, 84620, 28560, 70055, 35083, 5624, 91838, 73200, 57692, 93844, 49188, 88083, 79346, 19552, 58622, 55206, 19601, 35191, 14712, 78821, 52959, 61452, 13366, 87131, 38741, 63663, 5480, 36721, 81387, 89872, 25618, 37326, 81250, 65858, 74057, 77241, 77936, 77620, 62546, 87885, 4720, 53507, 52797, 91566, 75573, 30809, 8533, 78169, 53227, 17504, 76054, 95332, 18131, 3746, 8357, 59409, 43362, 50357, 66110, 59621, 56020, 67103, 34074, 67268, 53023, 33617, 66382, 84834, 43871, 11081, 26348, 47197, 85835, 4310, 46301, 33767, 61666, 71524, 61482, 55090, 38849, 95324, 45414, 58081, 48962, 31423, 14456, 31766, 22437, 12039, 94697, 87951, 37997, 75770, 75627, 94621, 54774, 6977, 28274, 14326, 73207, 77563, 61868, 35583, 91136, 64724, 85540, 67704, 71541, 18881, 33866, 79351, 46010, 20293, 87453, 12273, 37918, 23105, 5631, 38294, 55444, 26861, 14547, 78014, 58417, 6625, 97742, 85703, 35222, 94130, 9869, 72191, 90426, 47638, 17917, 93700, 83016, 79750, 29518, 8683, 25170, 38117, 1270, 87580, 76026, 6813, 5175], ""<class 'abc.NT_0000'>"": [6, 81341, 2, 0, 0, 0, 0, 0, 5, 3, 0, 0, 0, 64878, 4, 6, 3, 3, 6, 5, 1, 1, 2, 5, 1, 5, 0, 1, 1, 1, 0, 6, 3, 4, 4, 2, 0, 5, 2, 0, 6, 4, 5, 6, 0, 3, 2, 5, 3, 5, 3, 2, 2, 2, 5, 1, 0, 6, 90454, 2, 3, 0, 5, 4, 3, 0, 0, 0, 0, 73098, 0, 0, 0, 0, 5, 3, 2, 1, 5, 4, 0, 2, 2, 1, 75691, 72824, 98505, 4, 1, 2, 3, 0, 0, 0, 0, 0, 0, 0, 0, 6, 1, 0, 4, 0, 5, 0, 0, 0, 0, 5, 3, 37973, 4, 6, 4, 3, 6, 4, 1, 16791, 3, 2, 5, 5, 6, 3, 0, 23028, 5, 25454, 1, 6, 1, 3, 5, 3, 6, 4, 1, 0, 0, 0, 0, 0, 2, 6, 2, 2, 6, 2, 1, 71077, 6, 1, 3, 6, 4, 6, 1, 43278, 18853, 22685, 65944], ""<class 'abc.NT_0000_P_00000'>"": [], ""<class 'abc.NT_0000_P_00001'>"": [], ""<class 'abc.NT_0000_P_00002'>"": [], ""<class 'abc.NT_0000_P_00003'>"": [], ""<class 'abc.NT_0000_P_00004'>"": [], ""<class 'abc.NT_0000_P_00005'>"": [], ""<class 'abc.NT_0000_P_00006'>"": [], ""<class 'abc.NT_0001_P_00001'>"": [], ""<class 'abc.NT_0001_P_00002'>"": [], ""<class 'abc.NT_0004_P_00001'>"": [], ""<class 'abc.NT_0003'>"": [], ""<class 'abc.NT_0003_P_00000'>"": [], ""<class 'abc.NT_0002'>"": [], ""<class 'abc.NT_0002_P_00000'>"": [], ""<class 'abc.NT_0002_P_00001'>"": [], ""<class 'abc.NT_0002_P_00002'>"": [], ""<class 'abc.NT_0002_P_00003'>"": [], ""<class 'abc.NT_0002_P_00004'>"": [], ""<class 'abc.NT_0002_P_00005'>"": [], ""<class 'abc.NT_0002_P_00006'>"": [], ""<class 'abc.NT_0002_P_00007'>"": [], ""<class 'abc.NT_0003_P_00001'>"": [], ""<class 'abc.NT_0006'>"": [0, 0, 0, 0, 0, 0, 0, 0, 0, 0, 61144], ""<class 'abc.NT_0006_P_00000'>"": [], ""<class 'abc.NT_0005'>"": [], ""<class 'abc.NT_0005_P_00000'>"": [], ""<class 'abc.NT_0005_P_00001'>"": [], ""<class 'abc.NT_0005_P_00002'>"": [], ""<class 'abc.NT_0005_P_00003'>"": [], ""<class 'abc.NT_0005_P_00004'>"": [], ""<class 'abc.NT_0005_P_00005'>"": [], ""<class 'abc.NT_0005_P_00006'>"": [], ""<class 'abc.NT_0006_P_00001'>"": [], ""<class 'abc.NT_0006_P_00002'>"": [], ""<class 'abc.NT_0006_P_00003'>"": [], ""<class 'abc.NT_0006_P_00004'>"": [], ""<class 'abc.NT_0006_P_00005'>"": [], ""<class 'abc.NT_0006_P_00006'>"": [], ""<class 'abc.NT_0006_P_00007'>"": [], ""<class 'abc.NT_0007_P_00001'>"": [], ""<class 'abc.NT_0007_P_00002'>"": [], ""<class 'abc.NT_0007_P_00003'>"": [], ""<class 'abc.NT_0007_P_00004'>"": [], ""<class 'abc.NT_0007_P_00005'>"": [], ""<class 'abc.NT_0010_P_00001'>"": [], ""<class 'abc.NT_0008'>"": [1, 1, 0, 1, 0, 1, 1, 0, 0, 0, 53609], ""<class 'abc.NT_0008_P_00000'>"": [], ""<class 'abc.NT_0008_P_00001'>"": [], ""<class 'abc.NT_0008_P_00002'>"": [], ""<class 'abc.NT_0008_P_00003'>"": [], ""<class 'abc.NT_0008_P_00004'>"": [], ""<class 'abc.NT_0010_P_00002'>"": [], ""<class 'abc.NT_0010_P_00003'>"": [], ""<class 'abc.NT_0010_P_00004'>"": [], ""<class 'abc.NT_0009'>"": [], ""<class 'abc.NT_0009_P_00000'>"": [], ""<class 'abc.NT_0009_P_00001'>"": [], ""<class 'abc.NT_0009_P_00002'>"": [], ""<class 'abc.NT_0009_P_00003'>"": [], ""<class 'abc.NT_0009_P_00004'>"": [], ""<class 'abc.NT_0010_P_00005'>"": [], ""<class 'abc.NT_0010_P_00006'>"": [], '$leftovers': [53952, 55672, 74831, 33963, 25015, 25697, 7592, 13690, 41603, 28828, 1846, 59419, 50863, 95750, 68544, 33751, 67086, 76352, 50275, 33813, 72521, 72186, 98367, 89110, 82056, 74758, 66368, 72604, 26616, 95885, 5264, 24236, 31002, 72786, 81453, 1549, 58861, 79208, 25327, 61699, 15666, 70132, 5604, 37976, 96197, 2135, 75049, 31492, 45828, 69192, 23886, 73401, 14363, 57489, 62600, 98230, 9181, 95579, 43563, 90001, 10166, 37716, 81042, 70856, 13122, 24742, 63023, 17296, 11162, 35926, 83920, 36824, 91962, 58024, 27633, 13217, 56880, 30598, 66637, 54630, 58415, 54841, 82919, 35232, 49917, 17273, 79974, 17408, 31831, 87760, 29062, 14159, 29820, 5544, 41099, 45482, 2367, 64759, 21373, 78063, 60377, 57592, 80389, 75806, 7140, 12762, 52584, 44029, 83065, 36358, 92073, 35502, 89851, 86918, 68167, 22970, 33999, 40707, 73232, 67107, 4690, 27422, 72591, 34525, 90618, 2963, 85885, 80470, 94309, 72287, 86237, 30800, 21730, 52145, 25063, 99142, 45233, 92389, 19816, 53209, 72995, 23801, 95121, 45638, 11339, 15054, 40314, 16381, 79668, 56708, 97137, 22673, 80400, 80443, 24458, 37011, 58667, 75764, 53847, 74996, 93872, 46267, 41769, 85089, 9643, 86889, 97627, 33079, 933, 43196, 52217, 79122, 46989, 50182, 64937, 60213, 16879, 63767, 55027, 27313, 18196, 50575, 90581, 8996, 89436, 11012, 91016, 57772, 10236, 47256, 19254, 76575, 44892, 57875, 3503, 27780, 56113, 13767, 20496, 36810, 88578, 50995, 20368, 96919, 63509, 78725, 22186, 21940, 83357, 70821, 62407, 5751, 99417, 54484, 84347, 49869, 59120, 77472, 71055, 75216, 32877, 52229, 43027, 52944, 84829, 51449, 27475, 27630, 13347, 93840, 82893, 31266, 77927, 44060, 63854, 26220, 14191, 5875, 72995, 94210, 4812, 36293, 60877, 38524, 53538, 55421, 57401, 6707, 31836, 5558, 72593, 56812, 95547, 72912, 18618, 75443, 78171, 11735, 35054, 94765, 87027, 57565, 4412, 48777, 17618, 18044, 80027, 77395, 39289, 29056, 72558, 46347, 83019, 73372, 48356, 18386, 80834, 35099, 61279, 69867, 10554, 17785, 24597, 21526, 52000, 84035, 68241, 86236, 90584, 56916, 4321, 21106, 3209, 53370, 14502, 4043, 3741, 48190, 62568, 85240, 30739, 34688, 33162, 38929, 40707, 9334, 70094, 294, 70936, 86179, 55931, 16143, 22646, 9862, 78881, 12560, 83625, 7134, 61874, 91203, 46269, 47110, 83843, 5289, 74137, 88273, 14580, 47344, 60753, 19167, 40339, 79020, 71132, 72253, 89884, 55934, 54064, 74742, 75597, 86320, 15369, 63397, 46665, 17800, 14718, 59462, 83731, 50541, 53632, 34874, 68412, 2214, 3157, 78677, 23641, 67143, 58266, 39232, 74667, 18780, 43657, 73836, 21147, 90021, 98970, 11732, 28569, 99269, 41709, 68360, 42589, 70863, 97958, 97500, 40709, 92966, 21694, 40040, 15592, 22426, 52529, 8629, 24081, 50548, 58167, 84087, 80087, 55979, 12478, 75863, 55100, 52426, 86114, 99605, 40435, 5992, 58835, 61375, 29923, 65710, 80868, 92180, 69393, 41505, 62791, 18731, 18953, 11106, 22971, 47087, 67395, 8258, 12800, 44872, 82838, 62992, 14599, 48272, 40211, 34341, 21057, 28702, 52824, 50572, 82640, 12559, 6067, 48063, 59935, 26657, 3055, 87176, 89751, 87167, 14129, 36152, 74245, 44747, 51354, 75606, 24046, 98077, 96803, 82440, 70055, 51399, 43781, 35119, 45388, 14656, 55187, 5401, 8942, 17594, 59726, 44804, 51824, 97127, 93212, 46736, 55514, 73728, 42663, 19730, 19118, 31504, 24324, 14360, 71402, 35819, 66623, 33391, 84006, 2911, 97136, 67491, 11377, 49060, 65542, 72990, 114, 23028, 6641, 27228, 3801, 4956, 62586, 14141, 70080, 75547, 78994, 65918, 560, 46101, 31529, 66655, 31719, 5956, 96644, 67012, 78144, 3048, 45105, 7215, 83884, 11279, 16049, 66710, 25797, 40844, 87206, 63324, 41774, 57371, 78550, 22173, 30307, 13444, 29382, 32923, 31372, 98768, 620, 84539, 52981, 46001, 96637, 98145, 70426, 17494, 64405, 42589, 15179, 68644, 27071, 13450, 95253, 45532, 96961, 62333, 11781, 32318, 82849, 54636, 12447, 1814, 30737, 3786, 72534, 1553, 67307, 88836, 53336, 60684, 5299, 69670, 93727, 24264, 65067, 51522, 39043, 6477, 55629, 2045, 64874, 64874, 93396, 99449, 22991, 2252, 65473, 51372, 84312, 95735, 39003, 62906, 71229, 74579, 17862, 12605, 66123, 12351, 5404, 1510, 13832, 51398, 43597, 86043, 45546, 50420, 68348, 45911, 17136, 91393, 29118, 76555, 7357, 11300, 51742, 333, 26830, 75555, 2331, 96635, 13605, 21847, 8187, 79899, 51411, 91776, 29149, 96412, 70544, 75327, 30017, 64797, 45663, 36499, 35707, 5655, 58962, 70918, 30728, 28698, 2763, 45752, 53106, 82946, 39676, 58721, 64695, 96504, 11019, 19011, 33978, 82026, 62216, 86549, 70888, 51675, 18118, 44149, 304, 65154, 36993, 6719, 70749, 97700, 69122, 18232, 60931, 25664, 33495, 71133, 59877, 99870, 53079, 77835, 65833, 47081, 384, 86289, 42953, 38560, 17803, 33158, 87143, 3202, 80836, 24559, 25480, 24884, 20970, 78849, 96190, 23338, 56243, 28044, 1806, 43098, 94629, 1557, 75946, 69931, 66152, 83354, 38712, 69524, 66843, 29150, 61796, 59849, 85600, 73561, 8370, 32232, 13997, 66493, 75770, 25037, 41313, 81709, 42770, 35823, 5767, 84597, 6127, 36332, 59300, 14612, 84423, 75500, 4652, 15299, 11866, 73468, 89289, 30402, 81756, 68438, 35166, 55904, 13846, 18702, 799, 42978, 42363, 81775, 82039, 83706, 66787, 77082, 77233, 90355, 92042, 96322, 19227, 61963, 89603, 77545, 6052, 3841, 18717, 8234, 40730, 2563, 59226, 40967, 20584, 89858, 2564, 5878, 37612, 97484, 83865, 55142, 71000, 19072, 8974, 77980, 38107, 22222, 6344, 29047, 58559, 78236, 92489, 35351, 52880, 4784, 75272, 7172, 14821, 69925, 48597, 36800, 79837, 61052, 92728, 80840, 76556, 35926, 45963, 39089, 13982, 99317, 41515, 54213, 5759, 15167, 75711, 94811, 10683, 62537, 60034, 52454, 34102, 45807, 41806, 62006, 5254, 39376, 56753, 187, 90094, 45504, 96638, 10503, 14605, 12369, 14432, 31110, 66366, 82294, 58782, 82122, 93759, 61568, 45358, 83396, 56007, 22346, 66542, 25137, 68312, 52464, 36527, 57473, 69800, 52446, 72031, 53744, 47922, 16738, 49867, 32313, 76536, 62962, 51773, 12155, 8875, 76172, 34750, 32742, 97811, 88073, 51338, 30794, 91006, 86416, 39880, 1952, 1988, 834, 62791, 67483, 70617, 36464, 94648, 90108, 1096, 63154, 60062, 94902, 97514, 37054, 72006, 93872, 51641, 95146, 29421, 13699, 69458, 65880, 5195, 64127, 49560, 11459, 71639, 53906, 78595, 61247, 38, 96621, 9490, 10431, 14318, 66154, 77198, 68556, 55459, 96467, 72843, 20962, 56323, 81690, 9497, 25412, 82928, 49217, 52686, 94969, 92492, 21761, 71648, 29956, 62011, 95264, 32476, 14571, 57797, 89984, 56359, 10135, 93277, 26149, 81033, 35003, 9263, 28190, 31612, 31319, 51082, 62322, 43964, 54411, 62127, 34041, 1407, 30008, 37444, 91432, 17575, 63516, 79823, 24359, 57939, 44660, 66, 72073, 42472, 94120, 65635, 81958, 37791, 55580, 41268, 69239, 35124, 6540, 98481, 46755, 25404, 67577, 65846, 29030, 46115, 80925, 52269, 5028, 9163, 60505, 33992, 22030, 94004, 52956, 42555, 32674, 98143, 24692, 8450, 53283, 2014, 7396, 66, 78982, 83694, 22573, 2780, 14252, 55750, 49033, 93213, 40123, 40063, 85147, 53609, 43278, 5175, 49000, 61144, 18853, 22685, 65944, 30991, 71325, 99256, 76301, 95693, 34122]})"
762.0,9,128,31,439.4190709590912,10180,"Genotype(dna={""<class 'abc.NT_0010'>"": [0, 0, 0, 0, 0, 1, 85147], ""<class 'abc.NT_0010_P_00000'>"": [], ""<class 'abc.NT_0007'>"": [], ""<class 'abc.NT_0007_P_00000'>"": [], ""<class 'abc.NT_0004'>"": [], ""<class 'abc.NT_0004_P_00000'>"": [], ""<class 'int'>"": [77126, 43201, 14674, 75809, 4326, 67271, 38350, 87430, 97011, 55942, 4506, 59964, 42225, 57077, 24342, 14478, 93904, 80839, 76441, 74856, 50058, 3411, 8626, 26055, 29274, 58967, 78993, 14828, 751, 67511, 28585, 12825, 23966, 7277, 99825, 74879, 55352, 55331, 363, 45016, 14379, 61509, 2069, 28699, 80396, 62952, 61201, 59585, 6749, 85094, 61965, 7610, 26258, 28296, 93033, 83162, 30096, 44060, 62884, 81104, 35245, 6364, 80462, 83171, 68919, 29950, 26707, 81924, 38153, 22585, 59277, 34382, 15383, 94500, 26532, 22254, 60581, 3345, 80271, 57971, 66816, 27488, 49989, 88487, 67815, 33251, 9814, 70899, 70376, 6572, 16025, 47013, 16359, 28708, 8258, 32360, 60550, 42267, 55413, 66178, 58891, 3524, 17413, 2205, 74754, 63914, 19152, 98442, 7431, 89440, 82080, 50837, 75285, 21620, 27020, 21639, 55890, 54599, 20169, 33311, 32242, 53498, 46439, 80881, 76188, 26746, 1133, 75300, 28413, 28258, 74339, 48912, 89430, 54118, 78957, 8190, 11376, 81490, 34042, 77295, 38509, 25473, 21325, 74688, 33757, 73445, 1092, 88730, 91008, 96974, 36419, 85058, 83462, 49605, 19202, 97630, 772, 92230, 92668, 49000], ""<class 'abc.NT_0001'>"": [], ""<class 'abc.NT_0001_P_00000'>"": [], ""<class 'bool'>"": [94567, 26792, 43510, 17549, 32334, 79141, 31637, 37685, 53775, 17842, 69311, 43769, 19620, 1539, 80259, 78373, 75096, 56123, 57441, 16081, 65316, 16235, 17109, 80941, 57509, 78069, 69895, 52794, 33022, 9796, 7359, 78315, 34322, 23853, 844, 20206, 38332, 33443, 63109, 65469, 96270, 54808, 23847, 83837, 84120, 86023, 34733, 17939, 58788, 74731, 58899, 85894, 20245, 87736, 94803, 79241, 69192, 55877, 78874, 36565, 40804, 79151, 84620, 28560, 70055, 35083, 5624, 88341, 73200, 57692, 93844, 49188, 88083, 79346, 19552, 58622, 55206, 19601, 35191, 14712, 78821, 37849, 61452, 13366, 87131, 38741, 63663, 5480, 36721, 81387, 89872, 25618, 87405, 81250, 65858, 74057, 77241, 77936, 77620, 62546, 87885, 4720, 53507, 97930, 91566, 75573, 30809, 8533, 78169, 53227, 17504, 76054, 95332, 18131, 3746, 8357, 59409, 43362, 50357, 66110, 59621, 56020, 67103, 34074, 67268, 53023, 33617, 66382, 84834, 43871, 11081, 26348, 47197, 85835, 4310, 46301, 33767, 61666, 71524, 61482, 55090, 38849, 95324, 45414, 58081, 48962, 31423, 14456, 31766, 22437, 12039, 94697, 87951, 37997, 75770, 63065, 94621, 54774, 6977, 28274, 14326, 73207, 77563, 61868, 35583, 91136, 64724, 85540, 67704, 71541, 18881, 33866, 79351, 46010, 20293, 87453, 12273, 37918, 23105, 5631, 38294, 55444, 26861, 14547, 78014, 58417, 6625, 97742, 85703, 35222, 94130, 9869, 72191, 90426, 47638, 17917, 93700, 83016, 79750, 29518, 8683, 25170, 38117, 1270, 87580, 76026, 6813, 5175], ""<class 'abc.NT_0000'>"": [6, 81341, 2, 0, 0, 0, 0, 0, 5, 3, 0, 0, 0, 64878, 4, 6, 3, 3, 6, 5, 1, 1, 2, 5, 1, 5, 0, 1, 1, 1, 0, 6, 3, 4, 4, 2, 0, 5, 2, 0, 6, 4, 5, 6, 0, 3, 2, 5, 3, 5, 3, 2, 2, 2, 5, 1, 0, 6, 90454, 2, 3, 0, 5, 4, 3, 0, 0, 0, 0, 73098, 0, 0, 0, 0, 5, 3, 2, 1, 5, 4, 0, 2, 2, 1, 75691, 72824, 98505, 4, 1, 2, 3, 0, 0, 0, 0, 0, 0, 0, 0, 6, 1, 0, 4, 0, 5, 0, 0, 0, 0, 5, 3, 37973, 4, 6, 4, 3, 6, 4, 1, 16791, 3, 2, 5, 5, 6, 3, 0, 23028, 5, 25454, 1, 6, 1, 3, 5, 3, 6, 4, 1, 0, 0, 0, 0, 0, 2, 6, 2, 2, 6, 2, 1, 71077, 6, 1, 3, 6, 4, 6, 1, 43278, 18853, 22685, 65944], ""<class 'abc.NT_0000_P_00000'>"": [], ""<class 'abc.NT_0000_P_00001'>"": [], ""<class 'abc.NT_0000_P_00002'>"": [], ""<class 'abc.NT_0000_P_00003'>"": [], ""<class 'abc.NT_0000_P_00004'>"": [], ""<class 'abc.NT_0000_P_00005'>"": [], ""<class 'abc.NT_0000_P_00006'>"": [], ""<class 'abc.NT_0001_P_00001'>"": [], ""<class 'abc.NT_0001_P_00002'>"": [], ""<class 'abc.NT_0004_P_00001'>"": [], ""<class 'abc.NT_0003'>"": [], ""<class 'abc.NT_0003_P_00000'>"": [], ""<class 'abc.NT_0002'>"": [], ""<class 'abc.NT_0002_P_00000'>"": [], ""<class 'abc.NT_0002_P_00001'>"": [], ""<class 'abc.NT_0002_P_00002'>"": [], ""<class 'abc.NT_0002_P_00003'>"": [], ""<class 'abc.NT_0002_P_00004'>"": [], ""<class 'abc.NT_0002_P_00005'>"": [], ""<class 'abc.NT_0002_P_00006'>"": [], ""<class 'abc.NT_0002_P_00007'>"": [], ""<class 'abc.NT_0003_P_00001'>"": [], ""<class 'abc.NT_0006'>"": [0, 0, 0, 0, 0, 0, 0, 0, 0, 0, 61144], ""<class 'abc.NT_0006_P_00000'>"": [], ""<class 'abc.NT_0005'>"": [], ""<class 'abc.NT_0005_P_00000'>"": [], ""<class 'abc.NT_0005_P_00001'>"": [], ""<class 'abc.NT_0005_P_00002'>"": [], ""<class 'abc.NT_0005_P_00003'>"": [], ""<class 'abc.NT_0005_P_00004'>"": [], ""<class 'abc.NT_0005_P_00005'>"": [], ""<class 'abc.NT_0005_P_00006'>"": [], ""<class 'abc.NT_0006_P_00001'>"": [], ""<class 'abc.NT_0006_P_00002'>"": [], ""<class 'abc.NT_0006_P_00003'>"": [], ""<class 'abc.NT_0006_P_00004'>"": [], ""<class 'abc.NT_0006_P_00005'>"": [], ""<class 'abc.NT_0006_P_00006'>"": [], ""<class 'abc.NT_0006_P_00007'>"": [], ""<class 'abc.NT_0007_P_00001'>"": [], ""<class 'abc.NT_0007_P_00002'>"": [], ""<class 'abc.NT_0007_P_00003'>"": [], ""<class 'abc.NT_0007_P_00004'>"": [], ""<class 'abc.NT_0007_P_00005'>"": [], ""<class 'abc.NT_0010_P_00001'>"": [], ""<class 'abc.NT_0008'>"": [1, 1, 0, 1, 0, 1, 1, 0, 0, 0, 53609], ""<class 'abc.NT_0008_P_00000'>"": [], ""<class 'abc.NT_0008_P_00001'>"": [], ""<class 'abc.NT_0008_P_00002'>"": [], ""<class 'abc.NT_0008_P_00003'>"": [], ""<class 'abc.NT_0008_P_00004'>"": [], ""<class 'abc.NT_0010_P_00002'>"": [], ""<class 'abc.NT_0010_P_00003'>"": [], ""<class 'abc.NT_0010_P_00004'>"": [], ""<class 'abc.NT_0009'>"": [], ""<class 'abc.NT_0009_P_00000'>"": [], ""<class 'abc.NT_0009_P_00001'>"": [], ""<class 'abc.NT_0009_P_00002'>"": [], ""<class 'abc.NT_0009_P_00003'>"": [], ""<class 'abc.NT_0009_P_00004'>"": [], ""<class 'abc.NT_0010_P_00005'>"": [], ""<class 'abc.NT_0010_P_00006'>"": [], '$leftovers': [53952, 55672, 74831, 33963, 25015, 25697, 7592, 13690, 41603, 28828, 1846, 59419, 50863, 95750, 68544, 33751, 67086, 76352, 50275, 33813, 72521, 72186, 98367, 89110, 82056, 74758, 66368, 72604, 26616, 95885, 5264, 24236, 31002, 72786, 81453, 1549, 58861, 79208, 25327, 61699, 15666, 70132, 5604, 37976, 96197, 2135, 75049, 31492, 45828, 69192, 23886, 73401, 14363, 57489, 62600, 98230, 9181, 95579, 43563, 90001, 10166, 37716, 81042, 70856, 13122, 24742, 63023, 17296, 11162, 35926, 83920, 36824, 91962, 58024, 27633, 13217, 56880, 30598, 66637, 54630, 58415, 54841, 82919, 35232, 49917, 17273, 79974, 17408, 31831, 87760, 29062, 14159, 29820, 5544, 41099, 45482, 2367, 64759, 21373, 78063, 60377, 57592, 80389, 75806, 7140, 12762, 52584, 44029, 83065, 36358, 92073, 35502, 89851, 86918, 68167, 22970, 33999, 40707, 73232, 67107, 4690, 27422, 72591, 34525, 90618, 2963, 85885, 80470, 94309, 72287, 86237, 30800, 21730, 52145, 25063, 99142, 45233, 92389, 19816, 53209, 72995, 23801, 95121, 45638, 11339, 15054, 40314, 16381, 79668, 56708, 97137, 22673, 80400, 80443, 24458, 37011, 58667, 75764, 53847, 74996, 93872, 46267, 41769, 85089, 9643, 86889, 97627, 33079, 933, 43196, 52217, 79122, 46989, 50182, 64937, 60213, 16879, 63767, 55027, 27313, 18196, 50575, 90581, 8996, 89436, 11012, 91016, 57772, 10236, 47256, 19254, 76575, 44892, 57875, 3503, 27780, 56113, 13767, 20496, 36810, 88578, 50995, 20368, 96919, 63509, 78725, 22186, 21940, 83357, 70821, 62407, 5751, 99417, 54484, 84347, 49869, 59120, 77472, 71055, 75216, 32877, 52229, 43027, 52944, 84829, 51449, 27475, 27630, 13347, 93840, 82893, 31266, 77927, 44060, 63854, 26220, 14191, 5875, 72995, 94210, 4812, 36293, 60877, 38524, 53538, 55421, 57401, 6707, 31836, 5558, 72593, 56812, 95547, 72912, 18618, 75443, 78171, 11735, 35054, 94765, 87027, 57565, 4412, 48777, 17618, 18044, 80027, 77395, 39289, 29056, 72558, 46347, 83019, 73372, 48356, 18386, 80834, 35099, 61279, 69867, 10554, 17785, 24597, 21526, 52000, 84035, 68241, 86236, 90584, 56916, 4321, 21106, 3209, 53370, 14502, 4043, 3741, 48190, 62568, 85240, 30739, 34688, 33162, 38929, 40707, 9334, 70094, 294, 70936, 86179, 55931, 16143, 22646, 9862, 78881, 12560, 83625, 7134, 61874, 91203, 46269, 47110, 83843, 5289, 74137, 88273, 14580, 47344, 60753, 19167, 40339, 79020, 71132, 72253, 89884, 55934, 54064, 74742, 75597, 86320, 15369, 63397, 46665, 17800, 14718, 59462, 83731, 50541, 53632, 34874, 68412, 2214, 3157, 78677, 23641, 67143, 58266, 39232, 74667, 18780, 43657, 73836, 21147, 90021, 98970, 11732, 28569, 99269, 41709, 68360, 42589, 70863, 97958, 97500, 40709, 92966, 21694, 40040, 15592, 22426, 52529, 8629, 24081, 50548, 58167, 84087, 80087, 55979, 12478, 75863, 55100, 52426, 86114, 99605, 40435, 5992, 58835, 61375, 29923, 65710, 80868, 92180, 69393, 41505, 62791, 18731, 18953, 11106, 22971, 47087, 67395, 8258, 12800, 44872, 82838, 62992, 14599, 48272, 40211, 34341, 21057, 28702, 52824, 50572, 82640, 12559, 6067, 48063, 59935, 26657, 3055, 87176, 89751, 87167, 14129, 36152, 74245, 44747, 51354, 75606, 24046, 98077, 96803, 82440, 70055, 51399, 43781, 35119, 45388, 14656, 55187, 5401, 8942, 17594, 59726, 44804, 51824, 97127, 93212, 46736, 55514, 73728, 42663, 19730, 19118, 31504, 24324, 14360, 71402, 35819, 66623, 33391, 84006, 2911, 97136, 67491, 11377, 49060, 65542, 72990, 114, 23028, 6641, 27228, 3801, 4956, 62586, 14141, 70080, 75547, 78994, 65918, 560, 46101, 31529, 66655, 31719, 5956, 96644, 67012, 78144, 3048, 45105, 7215, 83884, 11279, 16049, 66710, 25797, 40844, 87206, 63324, 41774, 57371, 78550, 22173, 30307, 13444, 29382, 32923, 31372, 98768, 620, 84539, 52981, 46001, 96637, 98145, 70426, 17494, 64405, 42589, 15179, 68644, 27071, 13450, 95253, 45532, 96961, 62333, 11781, 32318, 82849, 54636, 12447, 1814, 30737, 3786, 72534, 1553, 67307, 88836, 53336, 60684, 5299, 69670, 93727, 24264, 65067, 51522, 39043, 6477, 55629, 2045, 64874, 64874, 93396, 99449, 22991, 2252, 65473, 51372, 84312, 95735, 39003, 62906, 71229, 74579, 17862, 12605, 66123, 12351, 5404, 1510, 13832, 51398, 43597, 86043, 45546, 50420, 68348, 45911, 17136, 91393, 29118, 76555, 7357, 11300, 51742, 333, 26830, 75555, 2331, 96635, 13605, 21847, 8187, 79899, 51411, 91776, 29149, 96412, 70544, 75327, 30017, 64797, 45663, 36499, 35707, 5655, 58962, 70918, 30728, 28698, 2763, 45752, 53106, 82946, 39676, 58721, 64695, 96504, 11019, 19011, 33978, 82026, 62216, 86549, 70888, 51675, 18118, 44149, 304, 65154, 36993, 6719, 70749, 97700, 69122, 18232, 60931, 25664, 33495, 71133, 59877, 99870, 53079, 77835, 65833, 47081, 384, 86289, 42953, 38560, 17803, 33158, 87143, 3202, 80836, 24559, 25480, 24884, 20970, 78849, 96190, 23338, 56243, 28044, 1806, 43098, 94629, 1557, 75946, 69931, 66152, 83354, 38712, 69524, 66843, 29150, 61796, 59849, 85600, 73561, 8370, 32232, 13997, 66493, 75770, 25037, 41313, 81709, 42770, 35823, 5767, 84597, 6127, 36332, 59300, 14612, 84423, 75500, 4652, 15299, 11866, 73468, 89289, 30402, 81756, 68438, 35166, 55904, 13846, 18702, 799, 42978, 42363, 81775, 82039, 83706, 66787, 77082, 77233, 90355, 92042, 96322, 19227, 61963, 89603, 77545, 6052, 3841, 18717, 8234, 40730, 2563, 59226, 40967, 20584, 89858, 2564, 5878, 37612, 97484, 83865, 55142, 71000, 19072, 8974, 77980, 38107, 22222, 6344, 29047, 58559, 78236, 92489, 35351, 52880, 4784, 75272, 7172, 14821, 69925, 48597, 36800, 79837, 61052, 92728, 80840, 76556, 35926, 45963, 39089, 13982, 99317, 41515, 54213, 5759, 15167, 75711, 94811, 10683, 62537, 60034, 52454, 34102, 45807, 41806, 62006, 5254, 39376, 56753, 187, 90094, 45504, 96638, 10503, 14605, 12369, 14432, 31110, 66366, 82294, 58782, 82122, 93759, 61568, 45358, 83396, 56007, 22346, 66542, 25137, 68312, 52464, 36527, 57473, 69800, 52446, 72031, 53744, 47922, 16738, 49867, 32313, 76536, 62962, 51773, 12155, 8875, 76172, 34750, 32742, 97811, 88073, 51338, 30794, 91006, 86416, 39880, 1952, 1988, 834, 62791, 67483, 70617, 36464, 94648, 90108, 1096, 63154, 60062, 94902, 97514, 37054, 72006, 93872, 51641, 95146, 29421, 13699, 69458, 65880, 5195, 64127, 49560, 11459, 71639, 53906, 78595, 61247, 38, 96621, 9490, 10431, 14318, 66154, 77198, 68556, 55459, 96467, 72843, 20962, 56323, 81690, 9497, 25412, 82928, 49217, 52686, 94969, 92492, 21761, 71648, 29956, 62011, 95264, 32476, 14571, 57797, 89984, 56359, 10135, 93277, 26149, 81033, 35003, 9263, 28190, 31612, 31319, 51082, 62322, 43964, 54411, 62127, 34041, 1407, 30008, 37444, 91432, 17575, 63516, 79823, 24359, 57939, 44660, 66, 72073, 42472, 94120, 65635, 81958, 37791, 55580, 41268, 69239, 35124, 6540, 98481, 46755, 25404, 67577, 65846, 29030, 46115, 80925, 52269, 5028, 9163, 60505, 33992, 22030, 94004, 52956, 42555, 32674, 98143, 24692, 8450, 53283, 2014, 7396, 66, 78982, 83694, 22573, 2780, 14252, 55750, 49033, 93213, 40123, 40063, 85147, 53609, 43278, 5175, 49000, 61144, 18853, 22685, 65944, 30991, 71325, 99256, 76301, 95693, 34122]})"
739.0,9,128,32,440.3101997375488,10180,"Genotype(dna={""<class 'abc.NT_0010'>"": [0, 0, 0, 0, 0, 1, 85147], ""<class 'abc.NT_0010_P_00000'>"": [], ""<class 'abc.NT_0007'>"": [], ""<class 'abc.NT_0007_P_00000'>"": [], ""<class 'abc.NT_0004'>"": [], ""<class 'abc.NT_0004_P_00000'>"": [], ""<class 'int'>"": [77126, 43201, 70789, 75809, 4326, 67271, 38350, 87430, 97011, 55942, 4506, 59964, 42225, 57077, 24342, 14478, 93904, 80839, 76441, 74856, 50058, 3411, 8626, 26055, 29274, 58967, 78993, 14828, 751, 67511, 28585, 12825, 23966, 7277, 99825, 74879, 55352, 55331, 363, 45016, 14379, 61509, 2069, 28699, 80396, 73351, 75557, 59585, 6749, 85094, 61965, 7610, 26258, 28296, 93033, 83162, 30096, 44060, 62884, 2091, 35245, 6364, 80462, 83171, 68919, 29950, 26707, 81924, 38153, 22585, 59277, 34382, 68715, 94500, 26532, 36726, 60581, 3345, 80271, 58978, 66816, 27488, 49989, 88487, 67815, 33251, 9814, 70899, 70376, 99445, 16025, 47013, 16359, 51100, 8258, 32360, 60550, 42267, 55413, 66178, 58891, 3524, 17413, 2205, 64779, 63914, 19152, 44391, 7431, 78639, 82080, 50837, 75285, 21620, 27020, 45595, 55890, 54599, 20169, 33311, 32242, 53498, 46439, 80881, 76188, 26746, 1133, 75300, 28413, 28258, 74339, 48912, 89430, 54118, 78957, 8190, 11376, 81490, 34042, 77295, 38509, 25473, 21325, 74688, 33757, 73445, 1092, 88730, 91008, 96974, 36419, 85058, 83462, 49605, 19202, 51394, 772, 92230, 92668, 29889], ""<class 'abc.NT_0001'>"": [], ""<class 'abc.NT_0001_P_00000'>"": [], ""<class 'bool'>"": [94567, 26792, 43510, 17549, 32334, 79141, 31637, 64567, 53775, 17842, 69311, 43769, 97227, 1539, 80259, 78373, 75096, 56123, 57441, 16081, 65316, 25292, 17109, 80941, 79234, 78069, 69895, 52794, 33022, 9796, 7359, 78315, 95070, 23853, 844, 88015, 38332, 33443, 63109, 65469, 50133, 54808, 23847, 83837, 84120, 86023, 34733, 17939, 58788, 74731, 58899, 85894, 94868, 87736, 94803, 79241, 69192, 55877, 78874, 36565, 40804, 62427, 84620, 28560, 70055, 35083, 5624, 91838, 73200, 57692, 93844, 49188, 88083, 79346, 19552, 58622, 55206, 19601, 35191, 14712, 78821, 52959, 61452, 13366, 87131, 38741, 63663, 62649, 36721, 81387, 89872, 25618, 37326, 81250, 65858, 74057, 77241, 77936, 77620, 62546, 87885, 4720, 53507, 52797, 91566, 75573, 30809, 8533, 78169, 53227, 17504, 76054, 95332, 18131, 3746, 8357, 59409, 43362, 50357, 66110, 93450, 56020, 67103, 34074, 67268, 53023, 33617, 66382, 84834, 43871, 11081, 26348, 47197, 85835, 4310, 46301, 33767, 61666, 71524, 61482, 55090, 38849, 95324, 45414, 58081, 48962, 31423, 14456, 31766, 22437, 12039, 94697, 87951, 37997, 75770, 75627, 94621, 54774, 6977, 28274, 14326, 73207, 77563, 61868, 35583, 91136, 64724, 85540, 67704, 93186, 18881, 33866, 79351, 46010, 20293, 87453, 12273, 37918, 23105, 5631, 38294, 55444, 26861, 14547, 78014, 58417, 6625, 97742, 30201, 35222, 94130, 9869, 72191, 90426, 47638, 17917, 93700, 83016, 79750, 29518, 8683, 25170, 38117, 1270, 87580, 76026, 6813, 5175], ""<class 'abc.NT_0000'>"": [6, 81341, 2, 0, 0, 0, 0, 0, 5, 3, 0, 0, 0, 64878, 4, 6, 3, 3, 6, 5, 1, 1, 2, 5, 1, 5, 0, 1, 1, 1, 0, 6, 3, 4, 4, 2, 0, 5, 2, 0, 6, 4, 5, 6, 0, 3, 2, 5, 3, 5, 3, 2, 2, 2, 5, 1, 0, 6, 90454, 2, 3, 0, 5, 4, 3, 0, 0, 0, 0, 73098, 0, 0, 0, 0, 5, 3, 2, 1, 5, 4, 0, 2, 2, 1, 75691, 72824, 98505, 4, 1, 2, 3, 0, 0, 0, 0, 0, 0, 0, 0, 6, 1, 0, 4, 0, 5, 0, 0, 0, 0, 5, 3, 37973, 4, 6, 4, 3, 6, 4, 1, 16791, 3, 2, 5, 5, 6, 3, 0, 23028, 5, 25454, 1, 6, 1, 3, 5, 3, 6, 4, 1, 0, 0, 0, 0, 0, 2, 6, 2, 2, 6, 2, 1, 71077, 6, 1, 3, 6, 4, 6, 1, 43278, 18853, 22685, 65944], ""<class 'abc.NT_0000_P_00000'>"": [], ""<class 'abc.NT_0000_P_00001'>"": [], ""<class 'abc.NT_0000_P_00002'>"": [], ""<class 'abc.NT_0000_P_00003'>"": [], ""<class 'abc.NT_0000_P_00004'>"": [], ""<class 'abc.NT_0000_P_00005'>"": [], ""<class 'abc.NT_0000_P_00006'>"": [], ""<class 'abc.NT_0001_P_00001'>"": [], ""<class 'abc.NT_0001_P_00002'>"": [], ""<class 'abc.NT_0004_P_00001'>"": [], ""<class 'abc.NT_0003'>"": [], ""<class 'abc.NT_0003_P_00000'>"": [], ""<class 'abc.NT_0002'>"": [], ""<class 'abc.NT_0002_P_00000'>"": [], ""<class 'abc.NT_0002_P_00001'>"": [], ""<class 'abc.NT_0002_P_00002'>"": [], ""<class 'abc.NT_0002_P_00003'>"": [], ""<class 'abc.NT_0002_P_00004'>"": [], ""<class 'abc.NT_0002_P_00005'>"": [], ""<class 'abc.NT_0002_P_00006'>"": [], ""<class 'abc.NT_0002_P_00007'>"": [], ""<class 'abc.NT_0003_P_00001'>"": [], ""<class 'abc.NT_0006'>"": [0, 0, 0, 0, 0, 0, 0, 0, 0, 0, 0, 60378, 37837], ""<class 'abc.NT_0006_P_00000'>"": [], ""<class 'abc.NT_0005'>"": [], ""<class 'abc.NT_0005_P_00000'>"": [], ""<class 'abc.NT_0005_P_00001'>"": [], ""<class 'abc.NT_0005_P_00002'>"": [], ""<class 'abc.NT_0005_P_00003'>"": [], ""<class 'abc.NT_0005_P_00004'>"": [], ""<class 'abc.NT_0005_P_00005'>"": [], ""<class 'abc.NT_0005_P_00006'>"": [], ""<class 'abc.NT_0006_P_00001'>"": [], ""<class 'abc.NT_0006_P_00002'>"": [], ""<class 'abc.NT_0006_P_00003'>"": [], ""<class 'abc.NT_0006_P_00004'>"": [], ""<class 'abc.NT_0006_P_00005'>"": [], ""<class 'abc.NT_0006_P_00006'>"": [], ""<class 'abc.NT_0006_P_00007'>"": [], ""<class 'abc.NT_0007_P_00001'>"": [], ""<class 'abc.NT_0007_P_00002'>"": [], ""<class 'abc.NT_0007_P_00003'>"": [], ""<class 'abc.NT_0007_P_00004'>"": [], ""<class 'abc.NT_0007_P_00005'>"": [], ""<class 'abc.NT_0010_P_00001'>"": [], ""<class 'abc.NT_0008'>"": [1, 1, 0, 1, 0, 1, 1, 0, 0, 0, 53609], ""<class 'abc.NT_0008_P_00000'>"": [], ""<class 'abc.NT_0008_P_00001'>"": [], ""<class 'abc.NT_0008_P_00002'>"": [], ""<class 'abc.NT_0008_P_00003'>"": [], ""<class 'abc.NT_0008_P_00004'>"": [], ""<class 'abc.NT_0010_P_00002'>"": [], ""<class 'abc.NT_0010_P_00003'>"": [], ""<class 'abc.NT_0010_P_00004'>"": [], ""<class 'abc.NT_0009'>"": [], ""<class 'abc.NT_0009_P_00000'>"": [], ""<class 'abc.NT_0009_P_00001'>"": [], ""<class 'abc.NT_0009_P_00002'>"": [], ""<class 'abc.NT_0009_P_00003'>"": [], ""<class 'abc.NT_0009_P_00004'>"": [], ""<class 'abc.NT_0010_P_00005'>"": [], ""<class 'abc.NT_0010_P_00006'>"": [], '$leftovers': [30991, 71325, 99256, 76301, 95693, 34122, 53952, 55672, 74831, 33963, 25015, 25697, 7592, 13690, 41603, 28828, 1846, 59419, 50863, 95750, 68544, 33751, 67086, 76352, 50275, 33813, 72521, 72186, 98367, 89110, 82056, 74758, 66368, 72604, 26616, 95885, 5264, 24236, 31002, 72786, 81453, 1549, 58861, 79208, 25327, 61699, 15666, 70132, 5604, 37976, 96197, 2135, 75049, 31492, 45828, 69192, 23886, 73401, 14363, 57489, 62600, 98230, 9181, 95579, 43563, 90001, 10166, 37716, 81042, 70856, 13122, 24742, 63023, 17296, 11162, 35926, 83920, 36824, 91962, 58024, 27633, 13217, 56880, 30598, 66637, 54630, 58415, 54841, 82919, 35232, 49917, 17273, 79974, 17408, 31831, 87760, 29062, 14159, 29820, 5544, 41099, 45482, 2367, 64759, 21373, 78063, 60377, 57592, 80389, 75806, 7140, 12762, 52584, 44029, 83065, 36358, 92073, 35502, 89851, 86918, 68167, 22970, 33999, 40707, 73232, 67107, 4690, 27422, 72591, 34525, 90618, 2963, 85885, 80470, 94309, 72287, 86237, 30800, 21730, 52145, 25063, 99142, 45233, 92389, 19816, 53209, 72995, 23801, 95121, 45638, 11339, 15054, 40314, 16381, 79668, 56708, 97137, 22673, 80400, 80443, 24458, 37011, 58667, 75764, 53847, 74996, 93872, 46267, 41769, 85089, 9643, 86889, 97627, 33079, 933, 43196, 52217, 79122, 46989, 50182, 64937, 60213, 16879, 63767, 55027, 27313, 18196, 50575, 90581, 8996, 89436, 11012, 91016, 57772, 10236, 47256, 19254, 76575, 44892, 57875, 3503, 27780, 56113, 13767, 20496, 36810, 88578, 50995, 20368, 96919, 63509, 78725, 22186, 21940, 83357, 70821, 62407, 5751, 99417, 54484, 84347, 49869, 59120, 77472, 71055, 75216, 32877, 52229, 43027, 52944, 84829, 51449, 27475, 27630, 13347, 93840, 82893, 31266, 77927, 44060, 63854, 26220, 14191, 5875, 72995, 94210, 4812, 36293, 60877, 38524, 53538, 55421, 57401, 6707, 31836, 5558, 72593, 56812, 95547, 72912, 18618, 75443, 78171, 11735, 35054, 94765, 87027, 57565, 4412, 48777, 17618, 18044, 80027, 77395, 39289, 29056, 72558, 46347, 83019, 73372, 48356, 18386, 80834, 35099, 61279, 69867, 10554, 17785, 24597, 21526, 52000, 84035, 68241, 86236, 90584, 56916, 4321, 21106, 3209, 53370, 14502, 4043, 3741, 48190, 62568, 85240, 30739, 34688, 33162, 38929, 40707, 9334, 70094, 294, 70936, 86179, 55931, 16143, 22646, 9862, 78881, 12560, 83625, 7134, 61874, 91203, 46269, 47110, 83843, 5289, 74137, 88273, 14580, 47344, 60753, 19167, 40339, 79020, 71132, 72253, 89884, 55934, 54064, 74742, 75597, 86320, 15369, 63397, 46665, 17800, 14718, 59462, 83731, 50541, 53632, 34874, 68412, 2214, 3157, 78677, 23641, 67143, 58266, 39232, 74667, 18780, 43657, 73836, 21147, 90021, 98970, 11732, 28569, 99269, 41709, 68360, 42589, 70863, 97958, 97500, 40709, 92966, 21694, 40040, 15592, 22426, 52529, 8629, 24081, 50548, 58167, 84087, 80087, 55979, 12478, 75863, 55100, 52426, 86114, 99605, 40435, 5992, 58835, 61375, 29923, 65710, 80868, 92180, 69393, 41505, 62791, 18731, 18953, 11106, 22971, 47087, 67395, 8258, 12800, 44872, 82838, 62992, 14599, 48272, 40211, 34341, 21057, 28702, 52824, 50572, 82640, 12559, 6067, 48063, 59935, 26657, 3055, 87176, 89751, 87167, 14129, 36152, 74245, 44747, 51354, 75606, 24046, 98077, 96803, 82440, 70055, 51399, 43781, 35119, 45388, 14656, 55187, 5401, 8942, 17594, 59726, 44804, 51824, 97127, 93212, 46736, 55514, 73728, 42663, 19730, 19118, 31504, 24324, 14360, 71402, 35819, 66623, 33391, 84006, 2911, 97136, 67491, 11377, 49060, 65542, 72990, 114, 23028, 6641, 27228, 3801, 4956, 62586, 14141, 70080, 75547, 78994, 65918, 560, 46101, 31529, 66655, 31719, 5956, 96644, 67012, 78144, 3048, 45105, 7215, 83884, 11279, 16049, 66710, 25797, 40844, 87206, 63324, 41774, 57371, 78550, 22173, 30307, 13444, 29382, 32923, 31372, 98768, 620, 84539, 52981, 46001, 96637, 98145, 70426, 17494, 64405, 42589, 15179, 68644, 27071, 13450, 95253, 45532, 96961, 62333, 11781, 32318, 82849, 54636, 12447, 1814, 30737, 3786, 72534, 1553, 67307, 88836, 53336, 60684, 5299, 69670, 93727, 24264, 65067, 51522, 39043, 6477, 55629, 2045, 64874, 64874, 93396, 99449, 22991, 2252, 65473, 51372, 84312, 95735, 39003, 62906, 71229, 74579, 17862, 12605, 66123, 12351, 5404, 1510, 13832, 51398, 43597, 86043, 45546, 50420, 68348, 45911, 17136, 91393, 29118, 76555, 7357, 11300, 51742, 333, 26830, 75555, 2331, 96635, 13605, 21847, 8187, 79899, 51411, 91776, 29149, 96412, 70544, 75327, 30017, 64797, 45663, 36499, 35707, 5655, 58962, 70918, 30728, 28698, 2763, 45752, 53106, 82946, 39676, 58721, 64695, 96504, 11019, 19011, 33978, 82026, 62216, 86549, 70888, 51675, 18118, 44149, 304, 65154, 36993, 6719, 70749, 97700, 69122, 18232, 60931, 25664, 33495, 71133, 59877, 99870, 53079, 77835, 65833, 47081, 384, 86289, 42953, 38560, 17803, 33158, 87143, 3202, 80836, 24559, 25480, 24884, 20970, 78849, 96190, 23338, 56243, 28044, 1806, 43098, 94629, 1557, 75946, 69931, 66152, 83354, 38712, 69524, 66843, 29150, 61796, 59849, 85600, 73561, 8370, 32232, 13997, 66493, 75770, 25037, 41313, 81709, 42770, 35823, 5767, 84597, 6127, 36332, 59300, 14612, 84423, 75500, 4652, 15299, 11866, 73468, 89289, 30402, 81756, 68438, 35166, 55904, 13846, 18702, 799, 42978, 42363, 81775, 82039, 83706, 66787, 77082, 77233, 90355, 92042, 96322, 19227, 61963, 89603, 77545, 6052, 3841, 18717, 8234, 40730, 2563, 59226, 40967, 20584, 89858, 2564, 5878, 37612, 97484, 83865, 55142, 71000, 19072, 8974, 77980, 38107, 22222, 6344, 29047, 58559, 78236, 92489, 35351, 52880, 4784, 75272, 7172, 14821, 69925, 48597, 36800, 79837, 61052, 92728, 80840, 76556, 35926, 45963, 39089, 13982, 99317, 41515, 54213, 5759, 15167, 75711, 94811, 10683, 62537, 60034, 52454, 34102, 45807, 41806, 62006, 5254, 39376, 56753, 187, 90094, 45504, 96638, 10503, 14605, 12369, 14432, 31110, 66366, 82294, 58782, 82122, 93759, 61568, 45358, 83396, 56007, 22346, 66542, 25137, 68312, 52464, 36527, 57473, 69800, 52446, 72031, 53744, 47922, 16738, 49867, 32313, 76536, 62962, 51773, 12155, 8875, 76172, 34750, 32742, 97811, 88073, 51338, 30794, 91006, 86416, 39880, 1952, 1988, 834, 62791, 67483, 70617, 36464, 94648, 90108, 1096, 63154, 60062, 94902, 97514, 37054, 72006, 93872, 51641, 95146, 29421, 13699, 69458, 65880, 5195, 64127, 49560, 11459, 71639, 53906, 78595, 61247, 38, 96621, 9490, 10431, 14318, 66154, 77198, 68556, 55459, 96467, 72843, 20962, 56323, 81690, 9497, 25412, 82928, 49217, 52686, 94969, 92492, 21761, 71648, 29956, 62011, 95264, 32476, 14571, 57797, 89984, 56359, 10135, 93277, 26149, 81033, 35003, 9263, 28190, 31612, 31319, 51082, 62322, 43964, 54411, 62127, 34041, 1407, 30008, 37444, 91432, 17575, 63516, 79823, 24359, 57939, 44660, 66, 72073, 42472, 94120, 65635, 81958, 37791, 55580, 41268, 69239, 35124, 6540, 98481, 46755, 25404, 67577, 65846, 29030, 46115, 80925, 52269, 5028, 9163, 60505, 33992, 22030, 94004, 52956, 42555, 32674, 98143, 24692, 8450, 53283, 2014, 7396, 66, 78982, 83694, 22573, 2780, 14252, 55750, 49033, 93213, 40123, 40063, 85147, 53609, 43278, 5175, 49000, 61144, 18853, 22685, 65944]})"
739.0,9,128,33,441.61905813217163,10180,"Genotype(dna={""<class 'abc.NT_0010'>"": [0, 0, 0, 0, 0, 1, 85147], ""<class 'abc.NT_0010_P_00000'>"": [], ""<class 'abc.NT_0007'>"": [], ""<class 'abc.NT_0007_P_00000'>"": [], ""<class 'abc.NT_0004'>"": [], ""<class 'abc.NT_0004_P_00000'>"": [], ""<class 'int'>"": [77126, 43201, 70789, 75809, 4326, 67271, 38350, 87430, 97011, 55942, 4506, 59964, 42225, 57077, 24342, 14478, 93904, 80839, 76441, 74856, 50058, 3411, 8626, 26055, 29274, 58967, 78993, 14828, 751, 67511, 28585, 12825, 23966, 7277, 99825, 74879, 55352, 55331, 363, 45016, 14379, 61509, 2069, 28699, 80396, 73351, 75557, 59585, 6749, 85094, 61965, 7610, 26258, 28296, 93033, 83162, 30096, 44060, 62884, 2091, 35245, 6364, 80462, 83171, 68919, 29950, 26707, 81924, 38153, 22585, 59277, 34382, 68715, 94500, 26532, 36726, 60581, 3345, 80271, 58978, 66816, 27488, 49989, 88487, 67815, 33251, 9814, 70899, 70376, 99445, 16025, 47013, 16359, 51100, 8258, 32360, 60550, 42267, 55413, 66178, 58891, 3524, 17413, 2205, 64779, 63914, 19152, 44391, 7431, 78639, 82080, 50837, 75285, 21620, 27020, 45595, 55890, 54599, 20169, 33311, 32242, 53498, 46439, 80881, 76188, 26746, 1133, 75300, 28413, 28258, 74339, 48912, 89430, 54118, 78957, 8190, 11376, 81490, 34042, 77295, 38509, 25473, 21325, 74688, 33757, 73445, 1092, 88730, 91008, 96974, 36419, 85058, 83462, 49605, 19202, 51394, 772, 92230, 92668, 29889], ""<class 'abc.NT_0001'>"": [], ""<class 'abc.NT_0001_P_00000'>"": [], ""<class 'bool'>"": [94567, 26792, 43510, 17549, 32334, 79141, 31637, 64567, 53775, 17842, 69311, 43769, 97227, 1539, 80259, 78373, 75096, 56123, 57441, 16081, 65316, 25292, 17109, 80941, 79234, 78069, 69895, 52794, 33022, 9796, 7359, 78315, 95070, 23853, 844, 88015, 38332, 33443, 63109, 65469, 50133, 54808, 23847, 83837, 84120, 86023, 34733, 17939, 58788, 74731, 58899, 85894, 94868, 87736, 94803, 79241, 69192, 55877, 78874, 36565, 40804, 62427, 84620, 28560, 70055, 35083, 5624, 91838, 73200, 57692, 93844, 49188, 88083, 79346, 19552, 58622, 55206, 19601, 35191, 14712, 78821, 52959, 61452, 13366, 87131, 38741, 63663, 62649, 36721, 81387, 89872, 25618, 37326, 81250, 65858, 74057, 77241, 77936, 77620, 62546, 87885, 4720, 53507, 52797, 91566, 75573, 30809, 8533, 78169, 53227, 17504, 76054, 95332, 18131, 3746, 8357, 59409, 43362, 50357, 66110, 93450, 56020, 67103, 34074, 67268, 53023, 33617, 66382, 84834, 43871, 11081, 26348, 47197, 85835, 4310, 46301, 33767, 61666, 71524, 61482, 55090, 38849, 95324, 45414, 58081, 48962, 31423, 14456, 31766, 22437, 12039, 94697, 87951, 37997, 75770, 75627, 94621, 54774, 6977, 28274, 14326, 73207, 77563, 61868, 35583, 91136, 64724, 85540, 67704, 93186, 18881, 33866, 79351, 46010, 20293, 87453, 12273, 37918, 23105, 5631, 38294, 55444, 26861, 14547, 78014, 58417, 6625, 97742, 30201, 35222, 94130, 9869, 72191, 90426, 47638, 17917, 93700, 83016, 79750, 29518, 8683, 25170, 38117, 1270, 87580, 76026, 6813, 5175], ""<class 'abc.NT_0000'>"": [6, 81341, 2, 0, 0, 0, 0, 0, 5, 3, 0, 0, 0, 64878, 4, 6, 3, 3, 6, 5, 1, 1, 2, 5, 1, 5, 0, 1, 1, 1, 0, 6, 3, 4, 4, 2, 0, 5, 2, 0, 6, 4, 5, 6, 0, 3, 2, 5, 3, 5, 3, 2, 2, 2, 5, 1, 0, 6, 90454, 2, 3, 0, 5, 4, 3, 0, 0, 0, 0, 73098, 0, 0, 0, 0, 5, 3, 2, 1, 5, 4, 0, 2, 2, 1, 75691, 72824, 98505, 4, 1, 2, 3, 0, 0, 0, 0, 0, 0, 0, 0, 6, 1, 0, 4, 0, 5, 0, 0, 0, 0, 5, 3, 37973, 4, 6, 4, 3, 6, 4, 1, 16791, 3, 2, 5, 5, 6, 3, 0, 23028, 5, 25454, 1, 6, 1, 3, 5, 3, 6, 4, 1, 0, 0, 0, 0, 0, 2, 6, 2, 2, 6, 2, 1, 71077, 6, 1, 3, 6, 4, 6, 1, 43278, 18853, 22685, 65944], ""<class 'abc.NT_0000_P_00000'>"": [], ""<class 'abc.NT_0000_P_00001'>"": [], ""<class 'abc.NT_0000_P_00002'>"": [], ""<class 'abc.NT_0000_P_00003'>"": [], ""<class 'abc.NT_0000_P_00004'>"": [], ""<class 'abc.NT_0000_P_00005'>"": [], ""<class 'abc.NT_0000_P_00006'>"": [], ""<class 'abc.NT_0001_P_00001'>"": [], ""<class 'abc.NT_0001_P_00002'>"": [], ""<class 'abc.NT_0004_P_00001'>"": [], ""<class 'abc.NT_0003'>"": [], ""<class 'abc.NT_0003_P_00000'>"": [], ""<class 'abc.NT_0002'>"": [], ""<class 'abc.NT_0002_P_00000'>"": [], ""<class 'abc.NT_0002_P_00001'>"": [], ""<class 'abc.NT_0002_P_00002'>"": [], ""<class 'abc.NT_0002_P_00003'>"": [], ""<class 'abc.NT_0002_P_00004'>"": [], ""<class 'abc.NT_0002_P_00005'>"": [], ""<class 'abc.NT_0002_P_00006'>"": [], ""<class 'abc.NT_0002_P_00007'>"": [], ""<class 'abc.NT_0003_P_00001'>"": [], ""<class 'abc.NT_0006'>"": [0, 0, 0, 0, 0, 0, 0, 0, 0, 0, 0, 60378, 37837], ""<class 'abc.NT_0006_P_00000'>"": [], ""<class 'abc.NT_0005'>"": [], ""<class 'abc.NT_0005_P_00000'>"": [], ""<class 'abc.NT_0005_P_00001'>"": [], ""<class 'abc.NT_0005_P_00002'>"": [], ""<class 'abc.NT_0005_P_00003'>"": [], ""<class 'abc.NT_0005_P_00004'>"": [], ""<class 'abc.NT_0005_P_00005'>"": [], ""<class 'abc.NT_0005_P_00006'>"": [], ""<class 'abc.NT_0006_P_00001'>"": [], ""<class 'abc.NT_0006_P_00002'>"": [], ""<class 'abc.NT_0006_P_00003'>"": [], ""<class 'abc.NT_0006_P_00004'>"": [], ""<class 'abc.NT_0006_P_00005'>"": [], ""<class 'abc.NT_0006_P_00006'>"": [], ""<class 'abc.NT_0006_P_00007'>"": [], ""<class 'abc.NT_0007_P_00001'>"": [], ""<class 'abc.NT_0007_P_00002'>"": [], ""<class 'abc.NT_0007_P_00003'>"": [], ""<class 'abc.NT_0007_P_00004'>"": [], ""<class 'abc.NT_0007_P_00005'>"": [], ""<class 'abc.NT_0010_P_00001'>"": [], ""<class 'abc.NT_0008'>"": [1, 1, 0, 1, 0, 1, 1, 0, 0, 0, 53609], ""<class 'abc.NT_0008_P_00000'>"": [], ""<class 'abc.NT_0008_P_00001'>"": [], ""<class 'abc.NT_0008_P_00002'>"": [], ""<class 'abc.NT_0008_P_00003'>"": [], ""<class 'abc.NT_0008_P_00004'>"": [], ""<class 'abc.NT_0010_P_00002'>"": [], ""<class 'abc.NT_0010_P_00003'>"": [], ""<class 'abc.NT_0010_P_00004'>"": [], ""<class 'abc.NT_0009'>"": [], ""<class 'abc.NT_0009_P_00000'>"": [], ""<class 'abc.NT_0009_P_00001'>"": [], ""<class 'abc.NT_0009_P_00002'>"": [], ""<class 'abc.NT_0009_P_00003'>"": [], ""<class 'abc.NT_0009_P_00004'>"": [], ""<class 'abc.NT_0010_P_00005'>"": [], ""<class 'abc.NT_0010_P_00006'>"": [], '$leftovers': [30991, 71325, 99256, 76301, 95693, 34122, 53952, 55672, 74831, 33963, 25015, 25697, 7592, 13690, 41603, 28828, 1846, 59419, 50863, 95750, 68544, 33751, 67086, 76352, 50275, 33813, 72521, 72186, 98367, 89110, 82056, 74758, 66368, 72604, 26616, 95885, 5264, 24236, 31002, 72786, 81453, 1549, 58861, 79208, 25327, 61699, 15666, 70132, 5604, 37976, 96197, 2135, 75049, 31492, 45828, 69192, 23886, 73401, 14363, 57489, 62600, 98230, 9181, 95579, 43563, 90001, 10166, 37716, 81042, 70856, 13122, 24742, 63023, 17296, 11162, 35926, 83920, 36824, 91962, 58024, 27633, 13217, 56880, 30598, 66637, 54630, 58415, 54841, 82919, 35232, 49917, 17273, 79974, 17408, 31831, 87760, 29062, 14159, 29820, 5544, 41099, 45482, 2367, 64759, 21373, 78063, 60377, 57592, 80389, 75806, 7140, 12762, 52584, 44029, 83065, 36358, 92073, 35502, 89851, 86918, 68167, 22970, 33999, 40707, 73232, 67107, 4690, 27422, 72591, 34525, 90618, 2963, 85885, 80470, 94309, 72287, 86237, 30800, 21730, 52145, 25063, 99142, 45233, 92389, 19816, 53209, 72995, 23801, 95121, 45638, 11339, 15054, 40314, 16381, 79668, 56708, 97137, 22673, 80400, 80443, 24458, 37011, 58667, 75764, 53847, 74996, 93872, 46267, 41769, 85089, 9643, 86889, 97627, 33079, 933, 43196, 52217, 79122, 46989, 50182, 64937, 60213, 16879, 63767, 55027, 27313, 18196, 50575, 90581, 8996, 89436, 11012, 91016, 57772, 10236, 47256, 19254, 76575, 44892, 57875, 3503, 27780, 56113, 13767, 20496, 36810, 88578, 50995, 20368, 96919, 63509, 78725, 22186, 21940, 83357, 70821, 62407, 5751, 99417, 54484, 84347, 49869, 59120, 77472, 71055, 75216, 32877, 52229, 43027, 52944, 84829, 51449, 27475, 27630, 13347, 93840, 82893, 31266, 77927, 44060, 63854, 26220, 14191, 5875, 72995, 94210, 4812, 36293, 60877, 38524, 53538, 55421, 57401, 6707, 31836, 5558, 72593, 56812, 95547, 72912, 18618, 75443, 78171, 11735, 35054, 94765, 87027, 57565, 4412, 48777, 17618, 18044, 80027, 77395, 39289, 29056, 72558, 46347, 83019, 73372, 48356, 18386, 80834, 35099, 61279, 69867, 10554, 17785, 24597, 21526, 52000, 84035, 68241, 86236, 90584, 56916, 4321, 21106, 3209, 53370, 14502, 4043, 3741, 48190, 62568, 85240, 30739, 34688, 33162, 38929, 40707, 9334, 70094, 294, 70936, 86179, 55931, 16143, 22646, 9862, 78881, 12560, 83625, 7134, 61874, 91203, 46269, 47110, 83843, 5289, 74137, 88273, 14580, 47344, 60753, 19167, 40339, 79020, 71132, 72253, 89884, 55934, 54064, 74742, 75597, 86320, 15369, 63397, 46665, 17800, 14718, 59462, 83731, 50541, 53632, 34874, 68412, 2214, 3157, 78677, 23641, 67143, 58266, 39232, 74667, 18780, 43657, 73836, 21147, 90021, 98970, 11732, 28569, 99269, 41709, 68360, 42589, 70863, 97958, 97500, 40709, 92966, 21694, 40040, 15592, 22426, 52529, 8629, 24081, 50548, 58167, 84087, 80087, 55979, 12478, 75863, 55100, 52426, 86114, 99605, 40435, 5992, 58835, 61375, 29923, 65710, 80868, 92180, 69393, 41505, 62791, 18731, 18953, 11106, 22971, 47087, 67395, 8258, 12800, 44872, 82838, 62992, 14599, 48272, 40211, 34341, 21057, 28702, 52824, 50572, 82640, 12559, 6067, 48063, 59935, 26657, 3055, 87176, 89751, 87167, 14129, 36152, 74245, 44747, 51354, 75606, 24046, 98077, 96803, 82440, 70055, 51399, 43781, 35119, 45388, 14656, 55187, 5401, 8942, 17594, 59726, 44804, 51824, 97127, 93212, 46736, 55514, 73728, 42663, 19730, 19118, 31504, 24324, 14360, 71402, 35819, 66623, 33391, 84006, 2911, 97136, 67491, 11377, 49060, 65542, 72990, 114, 23028, 6641, 27228, 3801, 4956, 62586, 14141, 70080, 75547, 78994, 65918, 560, 46101, 31529, 66655, 31719, 5956, 96644, 67012, 78144, 3048, 45105, 7215, 83884, 11279, 16049, 66710, 25797, 40844, 87206, 63324, 41774, 57371, 78550, 22173, 30307, 13444, 29382, 32923, 31372, 98768, 620, 84539, 52981, 46001, 96637, 98145, 70426, 17494, 64405, 42589, 15179, 68644, 27071, 13450, 95253, 45532, 96961, 62333, 11781, 32318, 82849, 54636, 12447, 1814, 30737, 3786, 72534, 1553, 67307, 88836, 53336, 60684, 5299, 69670, 93727, 24264, 65067, 51522, 39043, 6477, 55629, 2045, 64874, 64874, 93396, 99449, 22991, 2252, 65473, 51372, 84312, 95735, 39003, 62906, 71229, 74579, 17862, 12605, 66123, 12351, 5404, 1510, 13832, 51398, 43597, 86043, 45546, 50420, 68348, 45911, 17136, 91393, 29118, 76555, 7357, 11300, 51742, 333, 26830, 75555, 2331, 96635, 13605, 21847, 8187, 79899, 51411, 91776, 29149, 96412, 70544, 75327, 30017, 64797, 45663, 36499, 35707, 5655, 58962, 70918, 30728, 28698, 2763, 45752, 53106, 82946, 39676, 58721, 64695, 96504, 11019, 19011, 33978, 82026, 62216, 86549, 70888, 51675, 18118, 44149, 304, 65154, 36993, 6719, 70749, 97700, 69122, 18232, 60931, 25664, 33495, 71133, 59877, 99870, 53079, 77835, 65833, 47081, 384, 86289, 42953, 38560, 17803, 33158, 87143, 3202, 80836, 24559, 25480, 24884, 20970, 78849, 96190, 23338, 56243, 28044, 1806, 43098, 94629, 1557, 75946, 69931, 66152, 83354, 38712, 69524, 66843, 29150, 61796, 59849, 85600, 73561, 8370, 32232, 13997, 66493, 75770, 25037, 41313, 81709, 42770, 35823, 5767, 84597, 6127, 36332, 59300, 14612, 84423, 75500, 4652, 15299, 11866, 73468, 89289, 30402, 81756, 68438, 35166, 55904, 13846, 18702, 799, 42978, 42363, 81775, 82039, 83706, 66787, 77082, 77233, 90355, 92042, 96322, 19227, 61963, 89603, 77545, 6052, 3841, 18717, 8234, 40730, 2563, 59226, 40967, 20584, 89858, 2564, 5878, 37612, 97484, 83865, 55142, 71000, 19072, 8974, 77980, 38107, 22222, 6344, 29047, 58559, 78236, 92489, 35351, 52880, 4784, 75272, 7172, 14821, 69925, 48597, 36800, 79837, 61052, 92728, 80840, 76556, 35926, 45963, 39089, 13982, 99317, 41515, 54213, 5759, 15167, 75711, 94811, 10683, 62537, 60034, 52454, 34102, 45807, 41806, 62006, 5254, 39376, 56753, 187, 90094, 45504, 96638, 10503, 14605, 12369, 14432, 31110, 66366, 82294, 58782, 82122, 93759, 61568, 45358, 83396, 56007, 22346, 66542, 25137, 68312, 52464, 36527, 57473, 69800, 52446, 72031, 53744, 47922, 16738, 49867, 32313, 76536, 62962, 51773, 12155, 8875, 76172, 34750, 32742, 97811, 88073, 51338, 30794, 91006, 86416, 39880, 1952, 1988, 834, 62791, 67483, 70617, 36464, 94648, 90108, 1096, 63154, 60062, 94902, 97514, 37054, 72006, 93872, 51641, 95146, 29421, 13699, 69458, 65880, 5195, 64127, 49560, 11459, 71639, 53906, 78595, 61247, 38, 96621, 9490, 10431, 14318, 66154, 77198, 68556, 55459, 96467, 72843, 20962, 56323, 81690, 9497, 25412, 82928, 49217, 52686, 94969, 92492, 21761, 71648, 29956, 62011, 95264, 32476, 14571, 57797, 89984, 56359, 10135, 93277, 26149, 81033, 35003, 9263, 28190, 31612, 31319, 51082, 62322, 43964, 54411, 62127, 34041, 1407, 30008, 37444, 91432, 17575, 63516, 79823, 24359, 57939, 44660, 66, 72073, 42472, 94120, 65635, 81958, 37791, 55580, 41268, 69239, 35124, 6540, 98481, 46755, 25404, 67577, 65846, 29030, 46115, 80925, 52269, 5028, 9163, 60505, 33992, 22030, 94004, 52956, 42555, 32674, 98143, 24692, 8450, 53283, 2014, 7396, 66, 78982, 83694, 22573, 2780, 14252, 55750, 49033, 93213, 40123, 40063, 85147, 53609, 43278, 5175, 49000, 61144, 18853, 22685, 65944]})"
739.0,9,128,34,442.9872901439667,10180,"Genotype(dna={""<class 'abc.NT_0010'>"": [0, 0, 0, 0, 0, 1, 85147], ""<class 'abc.NT_0010_P_00000'>"": [], ""<class 'abc.NT_0007'>"": [], ""<class 'abc.NT_0007_P_00000'>"": [], ""<class 'abc.NT_0004'>"": [], ""<class 'abc.NT_0004_P_00000'>"": [], ""<class 'int'>"": [77126, 43201, 70789, 75809, 4326, 67271, 38350, 87430, 97011, 55942, 4506, 59964, 42225, 57077, 24342, 14478, 93904, 80839, 76441, 74856, 50058, 3411, 8626, 26055, 29274, 58967, 78993, 14828, 751, 67511, 28585, 12825, 23966, 7277, 99825, 74879, 55352, 55331, 363, 45016, 14379, 61509, 2069, 28699, 80396, 73351, 75557, 59585, 6749, 85094, 61965, 7610, 26258, 28296, 93033, 83162, 30096, 44060, 62884, 2091, 35245, 6364, 80462, 83171, 68919, 29950, 26707, 81924, 38153, 22585, 59277, 34382, 68715, 94500, 26532, 36726, 60581, 3345, 80271, 58978, 66816, 27488, 49989, 88487, 67815, 33251, 9814, 70899, 70376, 99445, 16025, 47013, 16359, 51100, 8258, 32360, 60550, 42267, 55413, 66178, 58891, 3524, 17413, 2205, 64779, 63914, 19152, 44391, 7431, 78639, 82080, 50837, 75285, 21620, 27020, 45595, 55890, 54599, 20169, 33311, 32242, 53498, 46439, 80881, 76188, 26746, 1133, 75300, 28413, 28258, 74339, 48912, 89430, 54118, 78957, 8190, 11376, 81490, 34042, 77295, 38509, 25473, 21325, 74688, 33757, 73445, 1092, 88730, 91008, 96974, 36419, 85058, 83462, 49605, 19202, 51394, 772, 92230, 92668, 29889], ""<class 'abc.NT_0001'>"": [], ""<class 'abc.NT_0001_P_00000'>"": [], ""<class 'bool'>"": [94567, 26792, 43510, 17549, 32334, 79141, 31637, 64567, 53775, 17842, 69311, 43769, 97227, 1539, 80259, 78373, 75096, 56123, 57441, 16081, 65316, 25292, 17109, 80941, 79234, 78069, 69895, 52794, 33022, 9796, 7359, 78315, 95070, 23853, 844, 88015, 38332, 33443, 63109, 65469, 50133, 54808, 23847, 83837, 84120, 86023, 34733, 17939, 58788, 74731, 58899, 85894, 94868, 87736, 94803, 79241, 69192, 55877, 78874, 36565, 40804, 62427, 84620, 28560, 70055, 35083, 5624, 91838, 73200, 57692, 93844, 49188, 88083, 79346, 19552, 58622, 55206, 19601, 35191, 14712, 78821, 52959, 61452, 13366, 87131, 38741, 63663, 62649, 36721, 81387, 89872, 25618, 37326, 81250, 65858, 74057, 77241, 77936, 77620, 62546, 87885, 4720, 53507, 52797, 91566, 75573, 30809, 8533, 78169, 53227, 17504, 76054, 95332, 18131, 3746, 8357, 59409, 43362, 50357, 66110, 93450, 56020, 67103, 34074, 67268, 53023, 33617, 66382, 84834, 43871, 11081, 26348, 47197, 85835, 4310, 46301, 33767, 61666, 71524, 61482, 55090, 38849, 95324, 45414, 58081, 48962, 31423, 14456, 31766, 22437, 12039, 94697, 87951, 37997, 75770, 75627, 94621, 54774, 6977, 28274, 14326, 73207, 77563, 61868, 35583, 91136, 64724, 85540, 67704, 93186, 18881, 33866, 79351, 46010, 20293, 87453, 12273, 37918, 23105, 5631, 38294, 55444, 26861, 14547, 78014, 58417, 6625, 97742, 30201, 35222, 94130, 9869, 72191, 90426, 47638, 17917, 93700, 83016, 79750, 29518, 8683, 25170, 38117, 1270, 87580, 76026, 6813, 5175], ""<class 'abc.NT_0000'>"": [6, 81341, 2, 0, 0, 0, 0, 0, 5, 3, 0, 0, 0, 64878, 4, 6, 3, 3, 6, 5, 1, 1, 2, 5, 1, 5, 0, 1, 1, 1, 0, 6, 3, 4, 4, 2, 0, 5, 2, 0, 6, 4, 5, 6, 0, 3, 2, 5, 3, 5, 3, 2, 2, 2, 5, 1, 0, 6, 90454, 2, 3, 0, 5, 4, 3, 0, 0, 0, 0, 73098, 0, 0, 0, 0, 5, 3, 2, 1, 5, 4, 0, 2, 2, 1, 75691, 72824, 98505, 4, 1, 2, 3, 0, 0, 0, 0, 0, 0, 0, 0, 6, 1, 0, 4, 0, 5, 0, 0, 0, 0, 5, 3, 37973, 4, 6, 4, 3, 6, 4, 1, 16791, 3, 2, 5, 5, 6, 3, 0, 23028, 5, 25454, 1, 6, 1, 3, 5, 3, 6, 4, 1, 0, 0, 0, 0, 0, 2, 6, 2, 2, 6, 2, 1, 71077, 6, 1, 3, 6, 4, 6, 1, 43278, 18853, 22685, 65944], ""<class 'abc.NT_0000_P_00000'>"": [], ""<class 'abc.NT_0000_P_00001'>"": [], ""<class 'abc.NT_0000_P_00002'>"": [], ""<class 'abc.NT_0000_P_00003'>"": [], ""<class 'abc.NT_0000_P_00004'>"": [], ""<class 'abc.NT_0000_P_00005'>"": [], ""<class 'abc.NT_0000_P_00006'>"": [], ""<class 'abc.NT_0001_P_00001'>"": [], ""<class 'abc.NT_0001_P_00002'>"": [], ""<class 'abc.NT_0004_P_00001'>"": [], ""<class 'abc.NT_0003'>"": [], ""<class 'abc.NT_0003_P_00000'>"": [], ""<class 'abc.NT_0002'>"": [], ""<class 'abc.NT_0002_P_00000'>"": [], ""<class 'abc.NT_0002_P_00001'>"": [], ""<class 'abc.NT_0002_P_00002'>"": [], ""<class 'abc.NT_0002_P_00003'>"": [], ""<class 'abc.NT_0002_P_00004'>"": [], ""<class 'abc.NT_0002_P_00005'>"": [], ""<class 'abc.NT_0002_P_00006'>"": [], ""<class 'abc.NT_0002_P_00007'>"": [], ""<class 'abc.NT_0003_P_00001'>"": [], ""<class 'abc.NT_0006'>"": [0, 0, 0, 0, 0, 0, 0, 0, 0, 0, 0, 60378, 37837], ""<class 'abc.NT_0006_P_00000'>"": [], ""<class 'abc.NT_0005'>"": [], ""<class 'abc.NT_0005_P_00000'>"": [], ""<class 'abc.NT_0005_P_00001'>"": [], ""<class 'abc.NT_0005_P_00002'>"": [], ""<class 'abc.NT_0005_P_00003'>"": [], ""<class 'abc.NT_0005_P_00004'>"": [], ""<class 'abc.NT_0005_P_00005'>"": [], ""<class 'abc.NT_0005_P_00006'>"": [], ""<class 'abc.NT_0006_P_00001'>"": [], ""<class 'abc.NT_0006_P_00002'>"": [], ""<class 'abc.NT_0006_P_00003'>"": [], ""<class 'abc.NT_0006_P_00004'>"": [], ""<class 'abc.NT_0006_P_00005'>"": [], ""<class 'abc.NT_0006_P_00006'>"": [], ""<class 'abc.NT_0006_P_00007'>"": [], ""<class 'abc.NT_0007_P_00001'>"": [], ""<class 'abc.NT_0007_P_00002'>"": [], ""<class 'abc.NT_0007_P_00003'>"": [], ""<class 'abc.NT_0007_P_00004'>"": [], ""<class 'abc.NT_0007_P_00005'>"": [], ""<class 'abc.NT_0010_P_00001'>"": [], ""<class 'abc.NT_0008'>"": [1, 1, 0, 1, 0, 1, 1, 0, 0, 0, 53609], ""<class 'abc.NT_0008_P_00000'>"": [], ""<class 'abc.NT_0008_P_00001'>"": [], ""<class 'abc.NT_0008_P_00002'>"": [], ""<class 'abc.NT_0008_P_00003'>"": [], ""<class 'abc.NT_0008_P_00004'>"": [], ""<class 'abc.NT_0010_P_00002'>"": [], ""<class 'abc.NT_0010_P_00003'>"": [], ""<class 'abc.NT_0010_P_00004'>"": [], ""<class 'abc.NT_0009'>"": [], ""<class 'abc.NT_0009_P_00000'>"": [], ""<class 'abc.NT_0009_P_00001'>"": [], ""<class 'abc.NT_0009_P_00002'>"": [], ""<class 'abc.NT_0009_P_00003'>"": [], ""<class 'abc.NT_0009_P_00004'>"": [], ""<class 'abc.NT_0010_P_00005'>"": [], ""<class 'abc.NT_0010_P_00006'>"": [], '$leftovers': [30991, 71325, 99256, 76301, 95693, 34122, 53952, 55672, 74831, 33963, 25015, 25697, 7592, 13690, 41603, 28828, 1846, 59419, 50863, 95750, 68544, 33751, 67086, 76352, 50275, 33813, 72521, 72186, 98367, 89110, 82056, 74758, 66368, 72604, 26616, 95885, 5264, 24236, 31002, 72786, 81453, 1549, 58861, 79208, 25327, 61699, 15666, 70132, 5604, 37976, 96197, 2135, 75049, 31492, 45828, 69192, 23886, 73401, 14363, 57489, 62600, 98230, 9181, 95579, 43563, 90001, 10166, 37716, 81042, 70856, 13122, 24742, 63023, 17296, 11162, 35926, 83920, 36824, 91962, 58024, 27633, 13217, 56880, 30598, 66637, 54630, 58415, 54841, 82919, 35232, 49917, 17273, 79974, 17408, 31831, 87760, 29062, 14159, 29820, 5544, 41099, 45482, 2367, 64759, 21373, 78063, 60377, 57592, 80389, 75806, 7140, 12762, 52584, 44029, 83065, 36358, 92073, 35502, 89851, 86918, 68167, 22970, 33999, 40707, 73232, 67107, 4690, 27422, 72591, 34525, 90618, 2963, 85885, 80470, 94309, 72287, 86237, 30800, 21730, 52145, 25063, 99142, 45233, 92389, 19816, 53209, 72995, 23801, 95121, 45638, 11339, 15054, 40314, 16381, 79668, 56708, 97137, 22673, 80400, 80443, 24458, 37011, 58667, 75764, 53847, 74996, 93872, 46267, 41769, 85089, 9643, 86889, 97627, 33079, 933, 43196, 52217, 79122, 46989, 50182, 64937, 60213, 16879, 63767, 55027, 27313, 18196, 50575, 90581, 8996, 89436, 11012, 91016, 57772, 10236, 47256, 19254, 76575, 44892, 57875, 3503, 27780, 56113, 13767, 20496, 36810, 88578, 50995, 20368, 96919, 63509, 78725, 22186, 21940, 83357, 70821, 62407, 5751, 99417, 54484, 84347, 49869, 59120, 77472, 71055, 75216, 32877, 52229, 43027, 52944, 84829, 51449, 27475, 27630, 13347, 93840, 82893, 31266, 77927, 44060, 63854, 26220, 14191, 5875, 72995, 94210, 4812, 36293, 60877, 38524, 53538, 55421, 57401, 6707, 31836, 5558, 72593, 56812, 95547, 72912, 18618, 75443, 78171, 11735, 35054, 94765, 87027, 57565, 4412, 48777, 17618, 18044, 80027, 77395, 39289, 29056, 72558, 46347, 83019, 73372, 48356, 18386, 80834, 35099, 61279, 69867, 10554, 17785, 24597, 21526, 52000, 84035, 68241, 86236, 90584, 56916, 4321, 21106, 3209, 53370, 14502, 4043, 3741, 48190, 62568, 85240, 30739, 34688, 33162, 38929, 40707, 9334, 70094, 294, 70936, 86179, 55931, 16143, 22646, 9862, 78881, 12560, 83625, 7134, 61874, 91203, 46269, 47110, 83843, 5289, 74137, 88273, 14580, 47344, 60753, 19167, 40339, 79020, 71132, 72253, 89884, 55934, 54064, 74742, 75597, 86320, 15369, 63397, 46665, 17800, 14718, 59462, 83731, 50541, 53632, 34874, 68412, 2214, 3157, 78677, 23641, 67143, 58266, 39232, 74667, 18780, 43657, 73836, 21147, 90021, 98970, 11732, 28569, 99269, 41709, 68360, 42589, 70863, 97958, 97500, 40709, 92966, 21694, 40040, 15592, 22426, 52529, 8629, 24081, 50548, 58167, 84087, 80087, 55979, 12478, 75863, 55100, 52426, 86114, 99605, 40435, 5992, 58835, 61375, 29923, 65710, 80868, 92180, 69393, 41505, 62791, 18731, 18953, 11106, 22971, 47087, 67395, 8258, 12800, 44872, 82838, 62992, 14599, 48272, 40211, 34341, 21057, 28702, 52824, 50572, 82640, 12559, 6067, 48063, 59935, 26657, 3055, 87176, 89751, 87167, 14129, 36152, 74245, 44747, 51354, 75606, 24046, 98077, 96803, 82440, 70055, 51399, 43781, 35119, 45388, 14656, 55187, 5401, 8942, 17594, 59726, 44804, 51824, 97127, 93212, 46736, 55514, 73728, 42663, 19730, 19118, 31504, 24324, 14360, 71402, 35819, 66623, 33391, 84006, 2911, 97136, 67491, 11377, 49060, 65542, 72990, 114, 23028, 6641, 27228, 3801, 4956, 62586, 14141, 70080, 75547, 78994, 65918, 560, 46101, 31529, 66655, 31719, 5956, 96644, 67012, 78144, 3048, 45105, 7215, 83884, 11279, 16049, 66710, 25797, 40844, 87206, 63324, 41774, 57371, 78550, 22173, 30307, 13444, 29382, 32923, 31372, 98768, 620, 84539, 52981, 46001, 96637, 98145, 70426, 17494, 64405, 42589, 15179, 68644, 27071, 13450, 95253, 45532, 96961, 62333, 11781, 32318, 82849, 54636, 12447, 1814, 30737, 3786, 72534, 1553, 67307, 88836, 53336, 60684, 5299, 69670, 93727, 24264, 65067, 51522, 39043, 6477, 55629, 2045, 64874, 64874, 93396, 99449, 22991, 2252, 65473, 51372, 84312, 95735, 39003, 62906, 71229, 74579, 17862, 12605, 66123, 12351, 5404, 1510, 13832, 51398, 43597, 86043, 45546, 50420, 68348, 45911, 17136, 91393, 29118, 76555, 7357, 11300, 51742, 333, 26830, 75555, 2331, 96635, 13605, 21847, 8187, 79899, 51411, 91776, 29149, 96412, 70544, 75327, 30017, 64797, 45663, 36499, 35707, 5655, 58962, 70918, 30728, 28698, 2763, 45752, 53106, 82946, 39676, 58721, 64695, 96504, 11019, 19011, 33978, 82026, 62216, 86549, 70888, 51675, 18118, 44149, 304, 65154, 36993, 6719, 70749, 97700, 69122, 18232, 60931, 25664, 33495, 71133, 59877, 99870, 53079, 77835, 65833, 47081, 384, 86289, 42953, 38560, 17803, 33158, 87143, 3202, 80836, 24559, 25480, 24884, 20970, 78849, 96190, 23338, 56243, 28044, 1806, 43098, 94629, 1557, 75946, 69931, 66152, 83354, 38712, 69524, 66843, 29150, 61796, 59849, 85600, 73561, 8370, 32232, 13997, 66493, 75770, 25037, 41313, 81709, 42770, 35823, 5767, 84597, 6127, 36332, 59300, 14612, 84423, 75500, 4652, 15299, 11866, 73468, 89289, 30402, 81756, 68438, 35166, 55904, 13846, 18702, 799, 42978, 42363, 81775, 82039, 83706, 66787, 77082, 77233, 90355, 92042, 96322, 19227, 61963, 89603, 77545, 6052, 3841, 18717, 8234, 40730, 2563, 59226, 40967, 20584, 89858, 2564, 5878, 37612, 97484, 83865, 55142, 71000, 19072, 8974, 77980, 38107, 22222, 6344, 29047, 58559, 78236, 92489, 35351, 52880, 4784, 75272, 7172, 14821, 69925, 48597, 36800, 79837, 61052, 92728, 80840, 76556, 35926, 45963, 39089, 13982, 99317, 41515, 54213, 5759, 15167, 75711, 94811, 10683, 62537, 60034, 52454, 34102, 45807, 41806, 62006, 5254, 39376, 56753, 187, 90094, 45504, 96638, 10503, 14605, 12369, 14432, 31110, 66366, 82294, 58782, 82122, 93759, 61568, 45358, 83396, 56007, 22346, 66542, 25137, 68312, 52464, 36527, 57473, 69800, 52446, 72031, 53744, 47922, 16738, 49867, 32313, 76536, 62962, 51773, 12155, 8875, 76172, 34750, 32742, 97811, 88073, 51338, 30794, 91006, 86416, 39880, 1952, 1988, 834, 62791, 67483, 70617, 36464, 94648, 90108, 1096, 63154, 60062, 94902, 97514, 37054, 72006, 93872, 51641, 95146, 29421, 13699, 69458, 65880, 5195, 64127, 49560, 11459, 71639, 53906, 78595, 61247, 38, 96621, 9490, 10431, 14318, 66154, 77198, 68556, 55459, 96467, 72843, 20962, 56323, 81690, 9497, 25412, 82928, 49217, 52686, 94969, 92492, 21761, 71648, 29956, 62011, 95264, 32476, 14571, 57797, 89984, 56359, 10135, 93277, 26149, 81033, 35003, 9263, 28190, 31612, 31319, 51082, 62322, 43964, 54411, 62127, 34041, 1407, 30008, 37444, 91432, 17575, 63516, 79823, 24359, 57939, 44660, 66, 72073, 42472, 94120, 65635, 81958, 37791, 55580, 41268, 69239, 35124, 6540, 98481, 46755, 25404, 67577, 65846, 29030, 46115, 80925, 52269, 5028, 9163, 60505, 33992, 22030, 94004, 52956, 42555, 32674, 98143, 24692, 8450, 53283, 2014, 7396, 66, 78982, 83694, 22573, 2780, 14252, 55750, 49033, 93213, 40123, 40063, 85147, 53609, 43278, 5175, 49000, 61144, 18853, 22685, 65944]})"
739.0,9,128,35,443.6767838001251,10180,"Genotype(dna={""<class 'abc.NT_0010'>"": [0, 0, 0, 0, 0, 1, 85147], ""<class 'abc.NT_0010_P_00000'>"": [], ""<class 'abc.NT_0007'>"": [], ""<class 'abc.NT_0007_P_00000'>"": [], ""<class 'abc.NT_0004'>"": [], ""<class 'abc.NT_0004_P_00000'>"": [], ""<class 'int'>"": [77126, 43201, 70789, 75809, 4326, 67271, 38350, 87430, 97011, 55942, 4506, 59964, 42225, 57077, 24342, 14478, 93904, 80839, 76441, 74856, 50058, 3411, 8626, 26055, 29274, 58967, 78993, 14828, 751, 67511, 28585, 12825, 23966, 7277, 99825, 74879, 55352, 55331, 363, 45016, 14379, 61509, 2069, 28699, 80396, 73351, 75557, 59585, 6749, 85094, 61965, 7610, 26258, 28296, 93033, 83162, 30096, 44060, 62884, 2091, 35245, 6364, 80462, 83171, 68919, 29950, 26707, 81924, 38153, 22585, 59277, 34382, 68715, 94500, 26532, 36726, 60581, 3345, 80271, 58978, 66816, 27488, 49989, 88487, 67815, 33251, 9814, 70899, 70376, 99445, 16025, 47013, 16359, 51100, 8258, 32360, 60550, 42267, 55413, 66178, 58891, 3524, 17413, 2205, 64779, 63914, 19152, 44391, 7431, 78639, 82080, 50837, 75285, 21620, 27020, 45595, 55890, 54599, 20169, 33311, 32242, 53498, 46439, 80881, 76188, 26746, 1133, 75300, 28413, 28258, 74339, 48912, 89430, 54118, 78957, 8190, 11376, 81490, 34042, 77295, 38509, 25473, 21325, 74688, 33757, 73445, 1092, 88730, 91008, 96974, 36419, 85058, 83462, 49605, 19202, 51394, 772, 92230, 92668, 29889], ""<class 'abc.NT_0001'>"": [], ""<class 'abc.NT_0001_P_00000'>"": [], ""<class 'bool'>"": [94567, 26792, 43510, 17549, 32334, 79141, 31637, 64567, 53775, 17842, 69311, 43769, 97227, 1539, 80259, 78373, 75096, 56123, 57441, 16081, 65316, 25292, 17109, 80941, 79234, 78069, 69895, 52794, 33022, 9796, 7359, 78315, 95070, 23853, 844, 88015, 38332, 33443, 63109, 65469, 50133, 54808, 23847, 83837, 84120, 86023, 34733, 17939, 58788, 74731, 58899, 85894, 94868, 87736, 94803, 79241, 69192, 55877, 78874, 36565, 40804, 62427, 84620, 28560, 70055, 35083, 5624, 91838, 73200, 57692, 93844, 49188, 88083, 79346, 19552, 58622, 55206, 19601, 35191, 14712, 78821, 52959, 61452, 13366, 87131, 38741, 63663, 62649, 36721, 81387, 89872, 25618, 37326, 81250, 65858, 74057, 77241, 77936, 77620, 62546, 87885, 4720, 53507, 52797, 91566, 75573, 30809, 8533, 78169, 53227, 17504, 76054, 95332, 18131, 3746, 8357, 59409, 43362, 50357, 66110, 93450, 56020, 67103, 34074, 67268, 53023, 33617, 66382, 84834, 43871, 11081, 26348, 47197, 85835, 4310, 46301, 33767, 61666, 71524, 61482, 55090, 38849, 95324, 45414, 58081, 48962, 31423, 14456, 31766, 22437, 12039, 94697, 87951, 37997, 75770, 75627, 94621, 54774, 6977, 28274, 14326, 73207, 77563, 61868, 35583, 91136, 64724, 85540, 67704, 93186, 18881, 33866, 79351, 46010, 20293, 87453, 12273, 37918, 23105, 5631, 38294, 55444, 26861, 14547, 78014, 58417, 6625, 97742, 30201, 35222, 94130, 9869, 72191, 90426, 47638, 17917, 93700, 83016, 79750, 29518, 8683, 25170, 38117, 1270, 87580, 76026, 6813, 5175], ""<class 'abc.NT_0000'>"": [6, 81341, 2, 0, 0, 0, 0, 0, 5, 3, 0, 0, 0, 64878, 4, 6, 3, 3, 6, 5, 1, 1, 2, 5, 1, 5, 0, 1, 1, 1, 0, 6, 3, 4, 4, 2, 0, 5, 2, 0, 6, 4, 5, 6, 0, 3, 2, 5, 3, 5, 3, 2, 2, 2, 5, 1, 0, 6, 90454, 2, 3, 0, 5, 4, 3, 0, 0, 0, 0, 73098, 0, 0, 0, 0, 5, 3, 2, 1, 5, 4, 0, 2, 2, 1, 75691, 72824, 98505, 4, 1, 2, 3, 0, 0, 0, 0, 0, 0, 0, 0, 6, 1, 0, 4, 0, 5, 0, 0, 0, 0, 5, 3, 37973, 4, 6, 4, 3, 6, 4, 1, 16791, 3, 2, 5, 5, 6, 3, 0, 23028, 5, 25454, 1, 6, 1, 3, 5, 3, 6, 4, 1, 0, 0, 0, 0, 0, 2, 6, 2, 2, 6, 2, 1, 71077, 6, 1, 3, 6, 4, 6, 1, 43278, 18853, 22685, 65944], ""<class 'abc.NT_0000_P_00000'>"": [], ""<class 'abc.NT_0000_P_00001'>"": [], ""<class 'abc.NT_0000_P_00002'>"": [], ""<class 'abc.NT_0000_P_00003'>"": [], ""<class 'abc.NT_0000_P_00004'>"": [], ""<class 'abc.NT_0000_P_00005'>"": [], ""<class 'abc.NT_0000_P_00006'>"": [], ""<class 'abc.NT_0001_P_00001'>"": [], ""<class 'abc.NT_0001_P_00002'>"": [], ""<class 'abc.NT_0004_P_00001'>"": [], ""<class 'abc.NT_0003'>"": [], ""<class 'abc.NT_0003_P_00000'>"": [], ""<class 'abc.NT_0002'>"": [], ""<class 'abc.NT_0002_P_00000'>"": [], ""<class 'abc.NT_0002_P_00001'>"": [], ""<class 'abc.NT_0002_P_00002'>"": [], ""<class 'abc.NT_0002_P_00003'>"": [], ""<class 'abc.NT_0002_P_00004'>"": [], ""<class 'abc.NT_0002_P_00005'>"": [], ""<class 'abc.NT_0002_P_00006'>"": [], ""<class 'abc.NT_0002_P_00007'>"": [], ""<class 'abc.NT_0003_P_00001'>"": [], ""<class 'abc.NT_0006'>"": [0, 0, 0, 0, 0, 0, 0, 0, 0, 0, 0, 60378, 37837], ""<class 'abc.NT_0006_P_00000'>"": [], ""<class 'abc.NT_0005'>"": [], ""<class 'abc.NT_0005_P_00000'>"": [], ""<class 'abc.NT_0005_P_00001'>"": [], ""<class 'abc.NT_0005_P_00002'>"": [], ""<class 'abc.NT_0005_P_00003'>"": [], ""<class 'abc.NT_0005_P_00004'>"": [], ""<class 'abc.NT_0005_P_00005'>"": [], ""<class 'abc.NT_0005_P_00006'>"": [], ""<class 'abc.NT_0006_P_00001'>"": [], ""<class 'abc.NT_0006_P_00002'>"": [], ""<class 'abc.NT_0006_P_00003'>"": [], ""<class 'abc.NT_0006_P_00004'>"": [], ""<class 'abc.NT_0006_P_00005'>"": [], ""<class 'abc.NT_0006_P_00006'>"": [], ""<class 'abc.NT_0006_P_00007'>"": [], ""<class 'abc.NT_0007_P_00001'>"": [], ""<class 'abc.NT_0007_P_00002'>"": [], ""<class 'abc.NT_0007_P_00003'>"": [], ""<class 'abc.NT_0007_P_00004'>"": [], ""<class 'abc.NT_0007_P_00005'>"": [], ""<class 'abc.NT_0010_P_00001'>"": [], ""<class 'abc.NT_0008'>"": [1, 1, 0, 1, 0, 1, 1, 0, 0, 0, 53609], ""<class 'abc.NT_0008_P_00000'>"": [], ""<class 'abc.NT_0008_P_00001'>"": [], ""<class 'abc.NT_0008_P_00002'>"": [], ""<class 'abc.NT_0008_P_00003'>"": [], ""<class 'abc.NT_0008_P_00004'>"": [], ""<class 'abc.NT_0010_P_00002'>"": [], ""<class 'abc.NT_0010_P_00003'>"": [], ""<class 'abc.NT_0010_P_00004'>"": [], ""<class 'abc.NT_0009'>"": [], ""<class 'abc.NT_0009_P_00000'>"": [], ""<class 'abc.NT_0009_P_00001'>"": [], ""<class 'abc.NT_0009_P_00002'>"": [], ""<class 'abc.NT_0009_P_00003'>"": [], ""<class 'abc.NT_0009_P_00004'>"": [], ""<class 'abc.NT_0010_P_00005'>"": [], ""<class 'abc.NT_0010_P_00006'>"": [], '$leftovers': [30991, 71325, 99256, 76301, 95693, 34122, 53952, 55672, 74831, 33963, 25015, 25697, 7592, 13690, 41603, 28828, 1846, 59419, 50863, 95750, 68544, 33751, 67086, 76352, 50275, 33813, 72521, 72186, 98367, 89110, 82056, 74758, 66368, 72604, 26616, 95885, 5264, 24236, 31002, 72786, 81453, 1549, 58861, 79208, 25327, 61699, 15666, 70132, 5604, 37976, 96197, 2135, 75049, 31492, 45828, 69192, 23886, 73401, 14363, 57489, 62600, 98230, 9181, 95579, 43563, 90001, 10166, 37716, 81042, 70856, 13122, 24742, 63023, 17296, 11162, 35926, 83920, 36824, 91962, 58024, 27633, 13217, 56880, 30598, 66637, 54630, 58415, 54841, 82919, 35232, 49917, 17273, 79974, 17408, 31831, 87760, 29062, 14159, 29820, 5544, 41099, 45482, 2367, 64759, 21373, 78063, 60377, 57592, 80389, 75806, 7140, 12762, 52584, 44029, 83065, 36358, 92073, 35502, 89851, 86918, 68167, 22970, 33999, 40707, 73232, 67107, 4690, 27422, 72591, 34525, 90618, 2963, 85885, 80470, 94309, 72287, 86237, 30800, 21730, 52145, 25063, 99142, 45233, 92389, 19816, 53209, 72995, 23801, 95121, 45638, 11339, 15054, 40314, 16381, 79668, 56708, 97137, 22673, 80400, 80443, 24458, 37011, 58667, 75764, 53847, 74996, 93872, 46267, 41769, 85089, 9643, 86889, 97627, 33079, 933, 43196, 52217, 79122, 46989, 50182, 64937, 60213, 16879, 63767, 55027, 27313, 18196, 50575, 90581, 8996, 89436, 11012, 91016, 57772, 10236, 47256, 19254, 76575, 44892, 57875, 3503, 27780, 56113, 13767, 20496, 36810, 88578, 50995, 20368, 96919, 63509, 78725, 22186, 21940, 83357, 70821, 62407, 5751, 99417, 54484, 84347, 49869, 59120, 77472, 71055, 75216, 32877, 52229, 43027, 52944, 84829, 51449, 27475, 27630, 13347, 93840, 82893, 31266, 77927, 44060, 63854, 26220, 14191, 5875, 72995, 94210, 4812, 36293, 60877, 38524, 53538, 55421, 57401, 6707, 31836, 5558, 72593, 56812, 95547, 72912, 18618, 75443, 78171, 11735, 35054, 94765, 87027, 57565, 4412, 48777, 17618, 18044, 80027, 77395, 39289, 29056, 72558, 46347, 83019, 73372, 48356, 18386, 80834, 35099, 61279, 69867, 10554, 17785, 24597, 21526, 52000, 84035, 68241, 86236, 90584, 56916, 4321, 21106, 3209, 53370, 14502, 4043, 3741, 48190, 62568, 85240, 30739, 34688, 33162, 38929, 40707, 9334, 70094, 294, 70936, 86179, 55931, 16143, 22646, 9862, 78881, 12560, 83625, 7134, 61874, 91203, 46269, 47110, 83843, 5289, 74137, 88273, 14580, 47344, 60753, 19167, 40339, 79020, 71132, 72253, 89884, 55934, 54064, 74742, 75597, 86320, 15369, 63397, 46665, 17800, 14718, 59462, 83731, 50541, 53632, 34874, 68412, 2214, 3157, 78677, 23641, 67143, 58266, 39232, 74667, 18780, 43657, 73836, 21147, 90021, 98970, 11732, 28569, 99269, 41709, 68360, 42589, 70863, 97958, 97500, 40709, 92966, 21694, 40040, 15592, 22426, 52529, 8629, 24081, 50548, 58167, 84087, 80087, 55979, 12478, 75863, 55100, 52426, 86114, 99605, 40435, 5992, 58835, 61375, 29923, 65710, 80868, 92180, 69393, 41505, 62791, 18731, 18953, 11106, 22971, 47087, 67395, 8258, 12800, 44872, 82838, 62992, 14599, 48272, 40211, 34341, 21057, 28702, 52824, 50572, 82640, 12559, 6067, 48063, 59935, 26657, 3055, 87176, 89751, 87167, 14129, 36152, 74245, 44747, 51354, 75606, 24046, 98077, 96803, 82440, 70055, 51399, 43781, 35119, 45388, 14656, 55187, 5401, 8942, 17594, 59726, 44804, 51824, 97127, 93212, 46736, 55514, 73728, 42663, 19730, 19118, 31504, 24324, 14360, 71402, 35819, 66623, 33391, 84006, 2911, 97136, 67491, 11377, 49060, 65542, 72990, 114, 23028, 6641, 27228, 3801, 4956, 62586, 14141, 70080, 75547, 78994, 65918, 560, 46101, 31529, 66655, 31719, 5956, 96644, 67012, 78144, 3048, 45105, 7215, 83884, 11279, 16049, 66710, 25797, 40844, 87206, 63324, 41774, 57371, 78550, 22173, 30307, 13444, 29382, 32923, 31372, 98768, 620, 84539, 52981, 46001, 96637, 98145, 70426, 17494, 64405, 42589, 15179, 68644, 27071, 13450, 95253, 45532, 96961, 62333, 11781, 32318, 82849, 54636, 12447, 1814, 30737, 3786, 72534, 1553, 67307, 88836, 53336, 60684, 5299, 69670, 93727, 24264, 65067, 51522, 39043, 6477, 55629, 2045, 64874, 64874, 93396, 99449, 22991, 2252, 65473, 51372, 84312, 95735, 39003, 62906, 71229, 74579, 17862, 12605, 66123, 12351, 5404, 1510, 13832, 51398, 43597, 86043, 45546, 50420, 68348, 45911, 17136, 91393, 29118, 76555, 7357, 11300, 51742, 333, 26830, 75555, 2331, 96635, 13605, 21847, 8187, 79899, 51411, 91776, 29149, 96412, 70544, 75327, 30017, 64797, 45663, 36499, 35707, 5655, 58962, 70918, 30728, 28698, 2763, 45752, 53106, 82946, 39676, 58721, 64695, 96504, 11019, 19011, 33978, 82026, 62216, 86549, 70888, 51675, 18118, 44149, 304, 65154, 36993, 6719, 70749, 97700, 69122, 18232, 60931, 25664, 33495, 71133, 59877, 99870, 53079, 77835, 65833, 47081, 384, 86289, 42953, 38560, 17803, 33158, 87143, 3202, 80836, 24559, 25480, 24884, 20970, 78849, 96190, 23338, 56243, 28044, 1806, 43098, 94629, 1557, 75946, 69931, 66152, 83354, 38712, 69524, 66843, 29150, 61796, 59849, 85600, 73561, 8370, 32232, 13997, 66493, 75770, 25037, 41313, 81709, 42770, 35823, 5767, 84597, 6127, 36332, 59300, 14612, 84423, 75500, 4652, 15299, 11866, 73468, 89289, 30402, 81756, 68438, 35166, 55904, 13846, 18702, 799, 42978, 42363, 81775, 82039, 83706, 66787, 77082, 77233, 90355, 92042, 96322, 19227, 61963, 89603, 77545, 6052, 3841, 18717, 8234, 40730, 2563, 59226, 40967, 20584, 89858, 2564, 5878, 37612, 97484, 83865, 55142, 71000, 19072, 8974, 77980, 38107, 22222, 6344, 29047, 58559, 78236, 92489, 35351, 52880, 4784, 75272, 7172, 14821, 69925, 48597, 36800, 79837, 61052, 92728, 80840, 76556, 35926, 45963, 39089, 13982, 99317, 41515, 54213, 5759, 15167, 75711, 94811, 10683, 62537, 60034, 52454, 34102, 45807, 41806, 62006, 5254, 39376, 56753, 187, 90094, 45504, 96638, 10503, 14605, 12369, 14432, 31110, 66366, 82294, 58782, 82122, 93759, 61568, 45358, 83396, 56007, 22346, 66542, 25137, 68312, 52464, 36527, 57473, 69800, 52446, 72031, 53744, 47922, 16738, 49867, 32313, 76536, 62962, 51773, 12155, 8875, 76172, 34750, 32742, 97811, 88073, 51338, 30794, 91006, 86416, 39880, 1952, 1988, 834, 62791, 67483, 70617, 36464, 94648, 90108, 1096, 63154, 60062, 94902, 97514, 37054, 72006, 93872, 51641, 95146, 29421, 13699, 69458, 65880, 5195, 64127, 49560, 11459, 71639, 53906, 78595, 61247, 38, 96621, 9490, 10431, 14318, 66154, 77198, 68556, 55459, 96467, 72843, 20962, 56323, 81690, 9497, 25412, 82928, 49217, 52686, 94969, 92492, 21761, 71648, 29956, 62011, 95264, 32476, 14571, 57797, 89984, 56359, 10135, 93277, 26149, 81033, 35003, 9263, 28190, 31612, 31319, 51082, 62322, 43964, 54411, 62127, 34041, 1407, 30008, 37444, 91432, 17575, 63516, 79823, 24359, 57939, 44660, 66, 72073, 42472, 94120, 65635, 81958, 37791, 55580, 41268, 69239, 35124, 6540, 98481, 46755, 25404, 67577, 65846, 29030, 46115, 80925, 52269, 5028, 9163, 60505, 33992, 22030, 94004, 52956, 42555, 32674, 98143, 24692, 8450, 53283, 2014, 7396, 66, 78982, 83694, 22573, 2780, 14252, 55750, 49033, 93213, 40123, 40063, 85147, 53609, 43278, 5175, 49000, 61144, 18853, 22685, 65944]})"
739.0,9,128,36,444.66021370887756,10180,"Genotype(dna={""<class 'abc.NT_0010'>"": [0, 0, 0, 0, 0, 1, 85147], ""<class 'abc.NT_0010_P_00000'>"": [], ""<class 'abc.NT_0007'>"": [], ""<class 'abc.NT_0007_P_00000'>"": [], ""<class 'abc.NT_0004'>"": [], ""<class 'abc.NT_0004_P_00000'>"": [], ""<class 'int'>"": [77126, 43201, 70789, 75809, 4326, 67271, 38350, 87430, 97011, 55942, 4506, 59964, 42225, 57077, 24342, 14478, 93904, 80839, 76441, 74856, 50058, 3411, 8626, 26055, 29274, 58967, 78993, 14828, 751, 67511, 28585, 12825, 23966, 7277, 99825, 74879, 55352, 55331, 363, 45016, 14379, 61509, 2069, 28699, 80396, 73351, 75557, 59585, 6749, 85094, 61965, 7610, 26258, 28296, 93033, 83162, 30096, 44060, 62884, 2091, 35245, 6364, 80462, 83171, 68919, 29950, 26707, 81924, 38153, 22585, 59277, 34382, 68715, 94500, 26532, 36726, 60581, 3345, 80271, 58978, 66816, 27488, 49989, 88487, 67815, 33251, 9814, 70899, 70376, 99445, 16025, 47013, 16359, 51100, 8258, 32360, 60550, 42267, 55413, 66178, 58891, 3524, 17413, 2205, 64779, 63914, 19152, 44391, 7431, 78639, 82080, 50837, 75285, 21620, 27020, 45595, 55890, 54599, 20169, 33311, 32242, 53498, 46439, 80881, 76188, 26746, 1133, 75300, 28413, 28258, 74339, 48912, 89430, 54118, 78957, 8190, 11376, 81490, 34042, 77295, 38509, 25473, 21325, 74688, 33757, 73445, 1092, 88730, 91008, 96974, 36419, 85058, 83462, 49605, 19202, 51394, 772, 92230, 92668, 29889], ""<class 'abc.NT_0001'>"": [], ""<class 'abc.NT_0001_P_00000'>"": [], ""<class 'bool'>"": [94567, 26792, 43510, 17549, 32334, 79141, 31637, 64567, 53775, 17842, 69311, 43769, 97227, 1539, 80259, 78373, 75096, 56123, 57441, 16081, 65316, 25292, 17109, 80941, 79234, 78069, 69895, 52794, 33022, 9796, 7359, 78315, 95070, 23853, 844, 88015, 38332, 33443, 63109, 65469, 50133, 54808, 23847, 83837, 84120, 86023, 34733, 17939, 58788, 74731, 58899, 85894, 94868, 87736, 94803, 79241, 69192, 55877, 78874, 36565, 40804, 62427, 84620, 28560, 70055, 35083, 5624, 91838, 73200, 57692, 93844, 49188, 88083, 79346, 19552, 58622, 55206, 19601, 35191, 14712, 78821, 52959, 61452, 13366, 87131, 38741, 63663, 62649, 36721, 81387, 89872, 25618, 37326, 81250, 65858, 74057, 77241, 77936, 77620, 62546, 87885, 4720, 53507, 52797, 91566, 75573, 30809, 8533, 78169, 53227, 17504, 76054, 95332, 18131, 3746, 8357, 59409, 43362, 50357, 66110, 93450, 56020, 67103, 34074, 67268, 53023, 33617, 66382, 84834, 43871, 11081, 26348, 47197, 85835, 4310, 46301, 33767, 61666, 71524, 61482, 55090, 38849, 95324, 45414, 58081, 48962, 31423, 14456, 31766, 22437, 12039, 94697, 87951, 37997, 75770, 75627, 94621, 54774, 6977, 28274, 14326, 73207, 77563, 61868, 35583, 91136, 64724, 85540, 67704, 93186, 18881, 33866, 79351, 46010, 20293, 87453, 12273, 37918, 23105, 5631, 38294, 55444, 26861, 14547, 78014, 58417, 6625, 97742, 30201, 35222, 94130, 9869, 72191, 90426, 47638, 17917, 93700, 83016, 79750, 29518, 8683, 25170, 38117, 1270, 87580, 76026, 6813, 5175], ""<class 'abc.NT_0000'>"": [6, 81341, 2, 0, 0, 0, 0, 0, 5, 3, 0, 0, 0, 64878, 4, 6, 3, 3, 6, 5, 1, 1, 2, 5, 1, 5, 0, 1, 1, 1, 0, 6, 3, 4, 4, 2, 0, 5, 2, 0, 6, 4, 5, 6, 0, 3, 2, 5, 3, 5, 3, 2, 2, 2, 5, 1, 0, 6, 90454, 2, 3, 0, 5, 4, 3, 0, 0, 0, 0, 73098, 0, 0, 0, 0, 5, 3, 2, 1, 5, 4, 0, 2, 2, 1, 75691, 72824, 98505, 4, 1, 2, 3, 0, 0, 0, 0, 0, 0, 0, 0, 6, 1, 0, 4, 0, 5, 0, 0, 0, 0, 5, 3, 37973, 4, 6, 4, 3, 6, 4, 1, 16791, 3, 2, 5, 5, 6, 3, 0, 23028, 5, 25454, 1, 6, 1, 3, 5, 3, 6, 4, 1, 0, 0, 0, 0, 0, 2, 6, 2, 2, 6, 2, 1, 71077, 6, 1, 3, 6, 4, 6, 1, 43278, 18853, 22685, 65944], ""<class 'abc.NT_0000_P_00000'>"": [], ""<class 'abc.NT_0000_P_00001'>"": [], ""<class 'abc.NT_0000_P_00002'>"": [], ""<class 'abc.NT_0000_P_00003'>"": [], ""<class 'abc.NT_0000_P_00004'>"": [], ""<class 'abc.NT_0000_P_00005'>"": [], ""<class 'abc.NT_0000_P_00006'>"": [], ""<class 'abc.NT_0001_P_00001'>"": [], ""<class 'abc.NT_0001_P_00002'>"": [], ""<class 'abc.NT_0004_P_00001'>"": [], ""<class 'abc.NT_0003'>"": [], ""<class 'abc.NT_0003_P_00000'>"": [], ""<class 'abc.NT_0002'>"": [], ""<class 'abc.NT_0002_P_00000'>"": [], ""<class 'abc.NT_0002_P_00001'>"": [], ""<class 'abc.NT_0002_P_00002'>"": [], ""<class 'abc.NT_0002_P_00003'>"": [], ""<class 'abc.NT_0002_P_00004'>"": [], ""<class 'abc.NT_0002_P_00005'>"": [], ""<class 'abc.NT_0002_P_00006'>"": [], ""<class 'abc.NT_0002_P_00007'>"": [], ""<class 'abc.NT_0003_P_00001'>"": [], ""<class 'abc.NT_0006'>"": [0, 0, 0, 0, 0, 0, 0, 0, 0, 0, 0, 60378, 37837], ""<class 'abc.NT_0006_P_00000'>"": [], ""<class 'abc.NT_0005'>"": [], ""<class 'abc.NT_0005_P_00000'>"": [], ""<class 'abc.NT_0005_P_00001'>"": [], ""<class 'abc.NT_0005_P_00002'>"": [], ""<class 'abc.NT_0005_P_00003'>"": [], ""<class 'abc.NT_0005_P_00004'>"": [], ""<class 'abc.NT_0005_P_00005'>"": [], ""<class 'abc.NT_0005_P_00006'>"": [], ""<class 'abc.NT_0006_P_00001'>"": [], ""<class 'abc.NT_0006_P_00002'>"": [], ""<class 'abc.NT_0006_P_00003'>"": [], ""<class 'abc.NT_0006_P_00004'>"": [], ""<class 'abc.NT_0006_P_00005'>"": [], ""<class 'abc.NT_0006_P_00006'>"": [], ""<class 'abc.NT_0006_P_00007'>"": [], ""<class 'abc.NT_0007_P_00001'>"": [], ""<class 'abc.NT_0007_P_00002'>"": [], ""<class 'abc.NT_0007_P_00003'>"": [], ""<class 'abc.NT_0007_P_00004'>"": [], ""<class 'abc.NT_0007_P_00005'>"": [], ""<class 'abc.NT_0010_P_00001'>"": [], ""<class 'abc.NT_0008'>"": [1, 1, 0, 1, 0, 1, 1, 0, 0, 0, 53609], ""<class 'abc.NT_0008_P_00000'>"": [], ""<class 'abc.NT_0008_P_00001'>"": [], ""<class 'abc.NT_0008_P_00002'>"": [], ""<class 'abc.NT_0008_P_00003'>"": [], ""<class 'abc.NT_0008_P_00004'>"": [], ""<class 'abc.NT_0010_P_00002'>"": [], ""<class 'abc.NT_0010_P_00003'>"": [], ""<class 'abc.NT_0010_P_00004'>"": [], ""<class 'abc.NT_0009'>"": [], ""<class 'abc.NT_0009_P_00000'>"": [], ""<class 'abc.NT_0009_P_00001'>"": [], ""<class 'abc.NT_0009_P_00002'>"": [], ""<class 'abc.NT_0009_P_00003'>"": [], ""<class 'abc.NT_0009_P_00004'>"": [], ""<class 'abc.NT_0010_P_00005'>"": [], ""<class 'abc.NT_0010_P_00006'>"": [], '$leftovers': [30991, 71325, 99256, 76301, 95693, 34122, 53952, 55672, 74831, 33963, 25015, 25697, 7592, 13690, 41603, 28828, 1846, 59419, 50863, 95750, 68544, 33751, 67086, 76352, 50275, 33813, 72521, 72186, 98367, 89110, 82056, 74758, 66368, 72604, 26616, 95885, 5264, 24236, 31002, 72786, 81453, 1549, 58861, 79208, 25327, 61699, 15666, 70132, 5604, 37976, 96197, 2135, 75049, 31492, 45828, 69192, 23886, 73401, 14363, 57489, 62600, 98230, 9181, 95579, 43563, 90001, 10166, 37716, 81042, 70856, 13122, 24742, 63023, 17296, 11162, 35926, 83920, 36824, 91962, 58024, 27633, 13217, 56880, 30598, 66637, 54630, 58415, 54841, 82919, 35232, 49917, 17273, 79974, 17408, 31831, 87760, 29062, 14159, 29820, 5544, 41099, 45482, 2367, 64759, 21373, 78063, 60377, 57592, 80389, 75806, 7140, 12762, 52584, 44029, 83065, 36358, 92073, 35502, 89851, 86918, 68167, 22970, 33999, 40707, 73232, 67107, 4690, 27422, 72591, 34525, 90618, 2963, 85885, 80470, 94309, 72287, 86237, 30800, 21730, 52145, 25063, 99142, 45233, 92389, 19816, 53209, 72995, 23801, 95121, 45638, 11339, 15054, 40314, 16381, 79668, 56708, 97137, 22673, 80400, 80443, 24458, 37011, 58667, 75764, 53847, 74996, 93872, 46267, 41769, 85089, 9643, 86889, 97627, 33079, 933, 43196, 52217, 79122, 46989, 50182, 64937, 60213, 16879, 63767, 55027, 27313, 18196, 50575, 90581, 8996, 89436, 11012, 91016, 57772, 10236, 47256, 19254, 76575, 44892, 57875, 3503, 27780, 56113, 13767, 20496, 36810, 88578, 50995, 20368, 96919, 63509, 78725, 22186, 21940, 83357, 70821, 62407, 5751, 99417, 54484, 84347, 49869, 59120, 77472, 71055, 75216, 32877, 52229, 43027, 52944, 84829, 51449, 27475, 27630, 13347, 93840, 82893, 31266, 77927, 44060, 63854, 26220, 14191, 5875, 72995, 94210, 4812, 36293, 60877, 38524, 53538, 55421, 57401, 6707, 31836, 5558, 72593, 56812, 95547, 72912, 18618, 75443, 78171, 11735, 35054, 94765, 87027, 57565, 4412, 48777, 17618, 18044, 80027, 77395, 39289, 29056, 72558, 46347, 83019, 73372, 48356, 18386, 80834, 35099, 61279, 69867, 10554, 17785, 24597, 21526, 52000, 84035, 68241, 86236, 90584, 56916, 4321, 21106, 3209, 53370, 14502, 4043, 3741, 48190, 62568, 85240, 30739, 34688, 33162, 38929, 40707, 9334, 70094, 294, 70936, 86179, 55931, 16143, 22646, 9862, 78881, 12560, 83625, 7134, 61874, 91203, 46269, 47110, 83843, 5289, 74137, 88273, 14580, 47344, 60753, 19167, 40339, 79020, 71132, 72253, 89884, 55934, 54064, 74742, 75597, 86320, 15369, 63397, 46665, 17800, 14718, 59462, 83731, 50541, 53632, 34874, 68412, 2214, 3157, 78677, 23641, 67143, 58266, 39232, 74667, 18780, 43657, 73836, 21147, 90021, 98970, 11732, 28569, 99269, 41709, 68360, 42589, 70863, 97958, 97500, 40709, 92966, 21694, 40040, 15592, 22426, 52529, 8629, 24081, 50548, 58167, 84087, 80087, 55979, 12478, 75863, 55100, 52426, 86114, 99605, 40435, 5992, 58835, 61375, 29923, 65710, 80868, 92180, 69393, 41505, 62791, 18731, 18953, 11106, 22971, 47087, 67395, 8258, 12800, 44872, 82838, 62992, 14599, 48272, 40211, 34341, 21057, 28702, 52824, 50572, 82640, 12559, 6067, 48063, 59935, 26657, 3055, 87176, 89751, 87167, 14129, 36152, 74245, 44747, 51354, 75606, 24046, 98077, 96803, 82440, 70055, 51399, 43781, 35119, 45388, 14656, 55187, 5401, 8942, 17594, 59726, 44804, 51824, 97127, 93212, 46736, 55514, 73728, 42663, 19730, 19118, 31504, 24324, 14360, 71402, 35819, 66623, 33391, 84006, 2911, 97136, 67491, 11377, 49060, 65542, 72990, 114, 23028, 6641, 27228, 3801, 4956, 62586, 14141, 70080, 75547, 78994, 65918, 560, 46101, 31529, 66655, 31719, 5956, 96644, 67012, 78144, 3048, 45105, 7215, 83884, 11279, 16049, 66710, 25797, 40844, 87206, 63324, 41774, 57371, 78550, 22173, 30307, 13444, 29382, 32923, 31372, 98768, 620, 84539, 52981, 46001, 96637, 98145, 70426, 17494, 64405, 42589, 15179, 68644, 27071, 13450, 95253, 45532, 96961, 62333, 11781, 32318, 82849, 54636, 12447, 1814, 30737, 3786, 72534, 1553, 67307, 88836, 53336, 60684, 5299, 69670, 93727, 24264, 65067, 51522, 39043, 6477, 55629, 2045, 64874, 64874, 93396, 99449, 22991, 2252, 65473, 51372, 84312, 95735, 39003, 62906, 71229, 74579, 17862, 12605, 66123, 12351, 5404, 1510, 13832, 51398, 43597, 86043, 45546, 50420, 68348, 45911, 17136, 91393, 29118, 76555, 7357, 11300, 51742, 333, 26830, 75555, 2331, 96635, 13605, 21847, 8187, 79899, 51411, 91776, 29149, 96412, 70544, 75327, 30017, 64797, 45663, 36499, 35707, 5655, 58962, 70918, 30728, 28698, 2763, 45752, 53106, 82946, 39676, 58721, 64695, 96504, 11019, 19011, 33978, 82026, 62216, 86549, 70888, 51675, 18118, 44149, 304, 65154, 36993, 6719, 70749, 97700, 69122, 18232, 60931, 25664, 33495, 71133, 59877, 99870, 53079, 77835, 65833, 47081, 384, 86289, 42953, 38560, 17803, 33158, 87143, 3202, 80836, 24559, 25480, 24884, 20970, 78849, 96190, 23338, 56243, 28044, 1806, 43098, 94629, 1557, 75946, 69931, 66152, 83354, 38712, 69524, 66843, 29150, 61796, 59849, 85600, 73561, 8370, 32232, 13997, 66493, 75770, 25037, 41313, 81709, 42770, 35823, 5767, 84597, 6127, 36332, 59300, 14612, 84423, 75500, 4652, 15299, 11866, 73468, 89289, 30402, 81756, 68438, 35166, 55904, 13846, 18702, 799, 42978, 42363, 81775, 82039, 83706, 66787, 77082, 77233, 90355, 92042, 96322, 19227, 61963, 89603, 77545, 6052, 3841, 18717, 8234, 40730, 2563, 59226, 40967, 20584, 89858, 2564, 5878, 37612, 97484, 83865, 55142, 71000, 19072, 8974, 77980, 38107, 22222, 6344, 29047, 58559, 78236, 92489, 35351, 52880, 4784, 75272, 7172, 14821, 69925, 48597, 36800, 79837, 61052, 92728, 80840, 76556, 35926, 45963, 39089, 13982, 99317, 41515, 54213, 5759, 15167, 75711, 94811, 10683, 62537, 60034, 52454, 34102, 45807, 41806, 62006, 5254, 39376, 56753, 187, 90094, 45504, 96638, 10503, 14605, 12369, 14432, 31110, 66366, 82294, 58782, 82122, 93759, 61568, 45358, 83396, 56007, 22346, 66542, 25137, 68312, 52464, 36527, 57473, 69800, 52446, 72031, 53744, 47922, 16738, 49867, 32313, 76536, 62962, 51773, 12155, 8875, 76172, 34750, 32742, 97811, 88073, 51338, 30794, 91006, 86416, 39880, 1952, 1988, 834, 62791, 67483, 70617, 36464, 94648, 90108, 1096, 63154, 60062, 94902, 97514, 37054, 72006, 93872, 51641, 95146, 29421, 13699, 69458, 65880, 5195, 64127, 49560, 11459, 71639, 53906, 78595, 61247, 38, 96621, 9490, 10431, 14318, 66154, 77198, 68556, 55459, 96467, 72843, 20962, 56323, 81690, 9497, 25412, 82928, 49217, 52686, 94969, 92492, 21761, 71648, 29956, 62011, 95264, 32476, 14571, 57797, 89984, 56359, 10135, 93277, 26149, 81033, 35003, 9263, 28190, 31612, 31319, 51082, 62322, 43964, 54411, 62127, 34041, 1407, 30008, 37444, 91432, 17575, 63516, 79823, 24359, 57939, 44660, 66, 72073, 42472, 94120, 65635, 81958, 37791, 55580, 41268, 69239, 35124, 6540, 98481, 46755, 25404, 67577, 65846, 29030, 46115, 80925, 52269, 5028, 9163, 60505, 33992, 22030, 94004, 52956, 42555, 32674, 98143, 24692, 8450, 53283, 2014, 7396, 66, 78982, 83694, 22573, 2780, 14252, 55750, 49033, 93213, 40123, 40063, 85147, 53609, 43278, 5175, 49000, 61144, 18853, 22685, 65944]})"
739.0,9,128,37,445.4111678600311,10180,"Genotype(dna={""<class 'abc.NT_0010'>"": [0, 0, 0, 0, 0, 1, 85147], ""<class 'abc.NT_0010_P_00000'>"": [], ""<class 'abc.NT_0007'>"": [], ""<class 'abc.NT_0007_P_00000'>"": [], ""<class 'abc.NT_0004'>"": [], ""<class 'abc.NT_0004_P_00000'>"": [], ""<class 'int'>"": [77126, 43201, 70789, 75809, 4326, 67271, 38350, 87430, 97011, 55942, 4506, 59964, 42225, 57077, 24342, 14478, 93904, 80839, 76441, 74856, 50058, 3411, 8626, 26055, 29274, 58967, 78993, 14828, 751, 67511, 28585, 12825, 23966, 7277, 99825, 74879, 55352, 55331, 363, 45016, 14379, 61509, 2069, 28699, 80396, 73351, 75557, 59585, 6749, 85094, 61965, 7610, 26258, 28296, 93033, 83162, 30096, 44060, 62884, 2091, 35245, 6364, 80462, 83171, 68919, 29950, 26707, 81924, 38153, 22585, 59277, 34382, 68715, 94500, 26532, 36726, 60581, 3345, 80271, 58978, 66816, 27488, 49989, 88487, 67815, 33251, 9814, 70899, 70376, 99445, 16025, 47013, 16359, 51100, 8258, 32360, 60550, 42267, 55413, 66178, 58891, 3524, 17413, 2205, 64779, 63914, 19152, 44391, 7431, 78639, 82080, 50837, 75285, 21620, 27020, 45595, 55890, 54599, 20169, 33311, 32242, 53498, 46439, 80881, 76188, 26746, 1133, 75300, 28413, 28258, 74339, 48912, 89430, 54118, 78957, 8190, 11376, 81490, 34042, 77295, 38509, 25473, 21325, 74688, 33757, 73445, 1092, 88730, 91008, 96974, 36419, 85058, 83462, 49605, 19202, 51394, 772, 92230, 92668, 29889], ""<class 'abc.NT_0001'>"": [], ""<class 'abc.NT_0001_P_00000'>"": [], ""<class 'bool'>"": [94567, 26792, 43510, 17549, 32334, 79141, 31637, 64567, 53775, 17842, 69311, 43769, 97227, 1539, 80259, 78373, 75096, 56123, 57441, 16081, 65316, 25292, 17109, 80941, 79234, 78069, 69895, 52794, 33022, 9796, 7359, 78315, 95070, 23853, 844, 88015, 38332, 33443, 63109, 65469, 50133, 54808, 23847, 83837, 84120, 86023, 34733, 17939, 58788, 74731, 58899, 85894, 94868, 87736, 94803, 79241, 69192, 55877, 78874, 36565, 40804, 62427, 84620, 28560, 70055, 35083, 5624, 91838, 73200, 57692, 93844, 49188, 88083, 79346, 19552, 58622, 55206, 19601, 35191, 14712, 78821, 52959, 61452, 13366, 87131, 38741, 63663, 62649, 36721, 81387, 89872, 25618, 37326, 81250, 65858, 74057, 77241, 77936, 77620, 62546, 87885, 4720, 53507, 52797, 91566, 75573, 30809, 8533, 78169, 53227, 17504, 76054, 95332, 18131, 3746, 8357, 59409, 43362, 50357, 66110, 93450, 56020, 67103, 34074, 67268, 53023, 33617, 66382, 84834, 43871, 11081, 26348, 47197, 85835, 4310, 46301, 33767, 61666, 71524, 61482, 55090, 38849, 95324, 45414, 58081, 48962, 31423, 14456, 31766, 22437, 12039, 94697, 87951, 37997, 75770, 75627, 94621, 54774, 6977, 28274, 14326, 73207, 77563, 61868, 35583, 91136, 64724, 85540, 67704, 93186, 18881, 33866, 79351, 46010, 20293, 87453, 12273, 37918, 23105, 5631, 38294, 55444, 26861, 14547, 78014, 58417, 6625, 97742, 30201, 35222, 94130, 9869, 72191, 90426, 47638, 17917, 93700, 83016, 79750, 29518, 8683, 25170, 38117, 1270, 87580, 76026, 6813, 5175], ""<class 'abc.NT_0000'>"": [6, 81341, 2, 0, 0, 0, 0, 0, 5, 3, 0, 0, 0, 64878, 4, 6, 3, 3, 6, 5, 1, 1, 2, 5, 1, 5, 0, 1, 1, 1, 0, 6, 3, 4, 4, 2, 0, 5, 2, 0, 6, 4, 5, 6, 0, 3, 2, 5, 3, 5, 3, 2, 2, 2, 5, 1, 0, 6, 90454, 2, 3, 0, 5, 4, 3, 0, 0, 0, 0, 73098, 0, 0, 0, 0, 5, 3, 2, 1, 5, 4, 0, 2, 2, 1, 75691, 72824, 98505, 4, 1, 2, 3, 0, 0, 0, 0, 0, 0, 0, 0, 6, 1, 0, 4, 0, 5, 0, 0, 0, 0, 5, 3, 37973, 4, 6, 4, 3, 6, 4, 1, 16791, 3, 2, 5, 5, 6, 3, 0, 23028, 5, 25454, 1, 6, 1, 3, 5, 3, 6, 4, 1, 0, 0, 0, 0, 0, 2, 6, 2, 2, 6, 2, 1, 71077, 6, 1, 3, 6, 4, 6, 1, 43278, 18853, 22685, 65944], ""<class 'abc.NT_0000_P_00000'>"": [], ""<class 'abc.NT_0000_P_00001'>"": [], ""<class 'abc.NT_0000_P_00002'>"": [], ""<class 'abc.NT_0000_P_00003'>"": [], ""<class 'abc.NT_0000_P_00004'>"": [], ""<class 'abc.NT_0000_P_00005'>"": [], ""<class 'abc.NT_0000_P_00006'>"": [], ""<class 'abc.NT_0001_P_00001'>"": [], ""<class 'abc.NT_0001_P_00002'>"": [], ""<class 'abc.NT_0004_P_00001'>"": [], ""<class 'abc.NT_0003'>"": [], ""<class 'abc.NT_0003_P_00000'>"": [], ""<class 'abc.NT_0002'>"": [], ""<class 'abc.NT_0002_P_00000'>"": [], ""<class 'abc.NT_0002_P_00001'>"": [], ""<class 'abc.NT_0002_P_00002'>"": [], ""<class 'abc.NT_0002_P_00003'>"": [], ""<class 'abc.NT_0002_P_00004'>"": [], ""<class 'abc.NT_0002_P_00005'>"": [], ""<class 'abc.NT_0002_P_00006'>"": [], ""<class 'abc.NT_0002_P_00007'>"": [], ""<class 'abc.NT_0003_P_00001'>"": [], ""<class 'abc.NT_0006'>"": [0, 0, 0, 0, 0, 0, 0, 0, 0, 0, 0, 60378, 37837], ""<class 'abc.NT_0006_P_00000'>"": [], ""<class 'abc.NT_0005'>"": [], ""<class 'abc.NT_0005_P_00000'>"": [], ""<class 'abc.NT_0005_P_00001'>"": [], ""<class 'abc.NT_0005_P_00002'>"": [], ""<class 'abc.NT_0005_P_00003'>"": [], ""<class 'abc.NT_0005_P_00004'>"": [], ""<class 'abc.NT_0005_P_00005'>"": [], ""<class 'abc.NT_0005_P_00006'>"": [], ""<class 'abc.NT_0006_P_00001'>"": [], ""<class 'abc.NT_0006_P_00002'>"": [], ""<class 'abc.NT_0006_P_00003'>"": [], ""<class 'abc.NT_0006_P_00004'>"": [], ""<class 'abc.NT_0006_P_00005'>"": [], ""<class 'abc.NT_0006_P_00006'>"": [], ""<class 'abc.NT_0006_P_00007'>"": [], ""<class 'abc.NT_0007_P_00001'>"": [], ""<class 'abc.NT_0007_P_00002'>"": [], ""<class 'abc.NT_0007_P_00003'>"": [], ""<class 'abc.NT_0007_P_00004'>"": [], ""<class 'abc.NT_0007_P_00005'>"": [], ""<class 'abc.NT_0010_P_00001'>"": [], ""<class 'abc.NT_0008'>"": [1, 1, 0, 1, 0, 1, 1, 0, 0, 0, 53609], ""<class 'abc.NT_0008_P_00000'>"": [], ""<class 'abc.NT_0008_P_00001'>"": [], ""<class 'abc.NT_0008_P_00002'>"": [], ""<class 'abc.NT_0008_P_00003'>"": [], ""<class 'abc.NT_0008_P_00004'>"": [], ""<class 'abc.NT_0010_P_00002'>"": [], ""<class 'abc.NT_0010_P_00003'>"": [], ""<class 'abc.NT_0010_P_00004'>"": [], ""<class 'abc.NT_0009'>"": [], ""<class 'abc.NT_0009_P_00000'>"": [], ""<class 'abc.NT_0009_P_00001'>"": [], ""<class 'abc.NT_0009_P_00002'>"": [], ""<class 'abc.NT_0009_P_00003'>"": [], ""<class 'abc.NT_0009_P_00004'>"": [], ""<class 'abc.NT_0010_P_00005'>"": [], ""<class 'abc.NT_0010_P_00006'>"": [], '$leftovers': [30991, 71325, 99256, 76301, 95693, 34122, 53952, 55672, 74831, 33963, 25015, 25697, 7592, 13690, 41603, 28828, 1846, 59419, 50863, 95750, 68544, 33751, 67086, 76352, 50275, 33813, 72521, 72186, 98367, 89110, 82056, 74758, 66368, 72604, 26616, 95885, 5264, 24236, 31002, 72786, 81453, 1549, 58861, 79208, 25327, 61699, 15666, 70132, 5604, 37976, 96197, 2135, 75049, 31492, 45828, 69192, 23886, 73401, 14363, 57489, 62600, 98230, 9181, 95579, 43563, 90001, 10166, 37716, 81042, 70856, 13122, 24742, 63023, 17296, 11162, 35926, 83920, 36824, 91962, 58024, 27633, 13217, 56880, 30598, 66637, 54630, 58415, 54841, 82919, 35232, 49917, 17273, 79974, 17408, 31831, 87760, 29062, 14159, 29820, 5544, 41099, 45482, 2367, 64759, 21373, 78063, 60377, 57592, 80389, 75806, 7140, 12762, 52584, 44029, 83065, 36358, 92073, 35502, 89851, 86918, 68167, 22970, 33999, 40707, 73232, 67107, 4690, 27422, 72591, 34525, 90618, 2963, 85885, 80470, 94309, 72287, 86237, 30800, 21730, 52145, 25063, 99142, 45233, 92389, 19816, 53209, 72995, 23801, 95121, 45638, 11339, 15054, 40314, 16381, 79668, 56708, 97137, 22673, 80400, 80443, 24458, 37011, 58667, 75764, 53847, 74996, 93872, 46267, 41769, 85089, 9643, 86889, 97627, 33079, 933, 43196, 52217, 79122, 46989, 50182, 64937, 60213, 16879, 63767, 55027, 27313, 18196, 50575, 90581, 8996, 89436, 11012, 91016, 57772, 10236, 47256, 19254, 76575, 44892, 57875, 3503, 27780, 56113, 13767, 20496, 36810, 88578, 50995, 20368, 96919, 63509, 78725, 22186, 21940, 83357, 70821, 62407, 5751, 99417, 54484, 84347, 49869, 59120, 77472, 71055, 75216, 32877, 52229, 43027, 52944, 84829, 51449, 27475, 27630, 13347, 93840, 82893, 31266, 77927, 44060, 63854, 26220, 14191, 5875, 72995, 94210, 4812, 36293, 60877, 38524, 53538, 55421, 57401, 6707, 31836, 5558, 72593, 56812, 95547, 72912, 18618, 75443, 78171, 11735, 35054, 94765, 87027, 57565, 4412, 48777, 17618, 18044, 80027, 77395, 39289, 29056, 72558, 46347, 83019, 73372, 48356, 18386, 80834, 35099, 61279, 69867, 10554, 17785, 24597, 21526, 52000, 84035, 68241, 86236, 90584, 56916, 4321, 21106, 3209, 53370, 14502, 4043, 3741, 48190, 62568, 85240, 30739, 34688, 33162, 38929, 40707, 9334, 70094, 294, 70936, 86179, 55931, 16143, 22646, 9862, 78881, 12560, 83625, 7134, 61874, 91203, 46269, 47110, 83843, 5289, 74137, 88273, 14580, 47344, 60753, 19167, 40339, 79020, 71132, 72253, 89884, 55934, 54064, 74742, 75597, 86320, 15369, 63397, 46665, 17800, 14718, 59462, 83731, 50541, 53632, 34874, 68412, 2214, 3157, 78677, 23641, 67143, 58266, 39232, 74667, 18780, 43657, 73836, 21147, 90021, 98970, 11732, 28569, 99269, 41709, 68360, 42589, 70863, 97958, 97500, 40709, 92966, 21694, 40040, 15592, 22426, 52529, 8629, 24081, 50548, 58167, 84087, 80087, 55979, 12478, 75863, 55100, 52426, 86114, 99605, 40435, 5992, 58835, 61375, 29923, 65710, 80868, 92180, 69393, 41505, 62791, 18731, 18953, 11106, 22971, 47087, 67395, 8258, 12800, 44872, 82838, 62992, 14599, 48272, 40211, 34341, 21057, 28702, 52824, 50572, 82640, 12559, 6067, 48063, 59935, 26657, 3055, 87176, 89751, 87167, 14129, 36152, 74245, 44747, 51354, 75606, 24046, 98077, 96803, 82440, 70055, 51399, 43781, 35119, 45388, 14656, 55187, 5401, 8942, 17594, 59726, 44804, 51824, 97127, 93212, 46736, 55514, 73728, 42663, 19730, 19118, 31504, 24324, 14360, 71402, 35819, 66623, 33391, 84006, 2911, 97136, 67491, 11377, 49060, 65542, 72990, 114, 23028, 6641, 27228, 3801, 4956, 62586, 14141, 70080, 75547, 78994, 65918, 560, 46101, 31529, 66655, 31719, 5956, 96644, 67012, 78144, 3048, 45105, 7215, 83884, 11279, 16049, 66710, 25797, 40844, 87206, 63324, 41774, 57371, 78550, 22173, 30307, 13444, 29382, 32923, 31372, 98768, 620, 84539, 52981, 46001, 96637, 98145, 70426, 17494, 64405, 42589, 15179, 68644, 27071, 13450, 95253, 45532, 96961, 62333, 11781, 32318, 82849, 54636, 12447, 1814, 30737, 3786, 72534, 1553, 67307, 88836, 53336, 60684, 5299, 69670, 93727, 24264, 65067, 51522, 39043, 6477, 55629, 2045, 64874, 64874, 93396, 99449, 22991, 2252, 65473, 51372, 84312, 95735, 39003, 62906, 71229, 74579, 17862, 12605, 66123, 12351, 5404, 1510, 13832, 51398, 43597, 86043, 45546, 50420, 68348, 45911, 17136, 91393, 29118, 76555, 7357, 11300, 51742, 333, 26830, 75555, 2331, 96635, 13605, 21847, 8187, 79899, 51411, 91776, 29149, 96412, 70544, 75327, 30017, 64797, 45663, 36499, 35707, 5655, 58962, 70918, 30728, 28698, 2763, 45752, 53106, 82946, 39676, 58721, 64695, 96504, 11019, 19011, 33978, 82026, 62216, 86549, 70888, 51675, 18118, 44149, 304, 65154, 36993, 6719, 70749, 97700, 69122, 18232, 60931, 25664, 33495, 71133, 59877, 99870, 53079, 77835, 65833, 47081, 384, 86289, 42953, 38560, 17803, 33158, 87143, 3202, 80836, 24559, 25480, 24884, 20970, 78849, 96190, 23338, 56243, 28044, 1806, 43098, 94629, 1557, 75946, 69931, 66152, 83354, 38712, 69524, 66843, 29150, 61796, 59849, 85600, 73561, 8370, 32232, 13997, 66493, 75770, 25037, 41313, 81709, 42770, 35823, 5767, 84597, 6127, 36332, 59300, 14612, 84423, 75500, 4652, 15299, 11866, 73468, 89289, 30402, 81756, 68438, 35166, 55904, 13846, 18702, 799, 42978, 42363, 81775, 82039, 83706, 66787, 77082, 77233, 90355, 92042, 96322, 19227, 61963, 89603, 77545, 6052, 3841, 18717, 8234, 40730, 2563, 59226, 40967, 20584, 89858, 2564, 5878, 37612, 97484, 83865, 55142, 71000, 19072, 8974, 77980, 38107, 22222, 6344, 29047, 58559, 78236, 92489, 35351, 52880, 4784, 75272, 7172, 14821, 69925, 48597, 36800, 79837, 61052, 92728, 80840, 76556, 35926, 45963, 39089, 13982, 99317, 41515, 54213, 5759, 15167, 75711, 94811, 10683, 62537, 60034, 52454, 34102, 45807, 41806, 62006, 5254, 39376, 56753, 187, 90094, 45504, 96638, 10503, 14605, 12369, 14432, 31110, 66366, 82294, 58782, 82122, 93759, 61568, 45358, 83396, 56007, 22346, 66542, 25137, 68312, 52464, 36527, 57473, 69800, 52446, 72031, 53744, 47922, 16738, 49867, 32313, 76536, 62962, 51773, 12155, 8875, 76172, 34750, 32742, 97811, 88073, 51338, 30794, 91006, 86416, 39880, 1952, 1988, 834, 62791, 67483, 70617, 36464, 94648, 90108, 1096, 63154, 60062, 94902, 97514, 37054, 72006, 93872, 51641, 95146, 29421, 13699, 69458, 65880, 5195, 64127, 49560, 11459, 71639, 53906, 78595, 61247, 38, 96621, 9490, 10431, 14318, 66154, 77198, 68556, 55459, 96467, 72843, 20962, 56323, 81690, 9497, 25412, 82928, 49217, 52686, 94969, 92492, 21761, 71648, 29956, 62011, 95264, 32476, 14571, 57797, 89984, 56359, 10135, 93277, 26149, 81033, 35003, 9263, 28190, 31612, 31319, 51082, 62322, 43964, 54411, 62127, 34041, 1407, 30008, 37444, 91432, 17575, 63516, 79823, 24359, 57939, 44660, 66, 72073, 42472, 94120, 65635, 81958, 37791, 55580, 41268, 69239, 35124, 6540, 98481, 46755, 25404, 67577, 65846, 29030, 46115, 80925, 52269, 5028, 9163, 60505, 33992, 22030, 94004, 52956, 42555, 32674, 98143, 24692, 8450, 53283, 2014, 7396, 66, 78982, 83694, 22573, 2780, 14252, 55750, 49033, 93213, 40123, 40063, 85147, 53609, 43278, 5175, 49000, 61144, 18853, 22685, 65944]})"
739.0,9,128,38,446.48656964302063,10180,"Genotype(dna={""<class 'abc.NT_0010'>"": [0, 0, 0, 0, 0, 1, 85147], ""<class 'abc.NT_0010_P_00000'>"": [], ""<class 'abc.NT_0007'>"": [], ""<class 'abc.NT_0007_P_00000'>"": [], ""<class 'abc.NT_0004'>"": [], ""<class 'abc.NT_0004_P_00000'>"": [], ""<class 'int'>"": [77126, 43201, 70789, 75809, 4326, 67271, 38350, 87430, 97011, 55942, 4506, 59964, 42225, 57077, 24342, 14478, 93904, 80839, 76441, 74856, 50058, 3411, 8626, 26055, 29274, 58967, 78993, 14828, 751, 67511, 28585, 12825, 23966, 7277, 99825, 74879, 55352, 55331, 363, 45016, 14379, 61509, 2069, 28699, 80396, 73351, 75557, 59585, 6749, 85094, 61965, 7610, 26258, 28296, 93033, 83162, 30096, 44060, 62884, 2091, 35245, 6364, 80462, 83171, 68919, 29950, 26707, 81924, 38153, 22585, 59277, 34382, 68715, 94500, 26532, 36726, 60581, 3345, 80271, 58978, 66816, 27488, 49989, 88487, 67815, 33251, 9814, 70899, 70376, 99445, 16025, 47013, 16359, 51100, 8258, 32360, 60550, 42267, 55413, 66178, 58891, 3524, 17413, 2205, 64779, 63914, 19152, 44391, 7431, 78639, 82080, 50837, 75285, 21620, 27020, 45595, 55890, 54599, 20169, 33311, 32242, 53498, 46439, 80881, 76188, 26746, 1133, 75300, 28413, 28258, 74339, 48912, 89430, 54118, 78957, 8190, 11376, 81490, 34042, 77295, 38509, 25473, 21325, 74688, 33757, 73445, 1092, 88730, 91008, 96974, 36419, 85058, 83462, 49605, 19202, 51394, 772, 92230, 92668, 29889], ""<class 'abc.NT_0001'>"": [], ""<class 'abc.NT_0001_P_00000'>"": [], ""<class 'bool'>"": [94567, 26792, 43510, 17549, 32334, 79141, 31637, 64567, 53775, 17842, 69311, 43769, 97227, 1539, 80259, 78373, 75096, 56123, 57441, 16081, 65316, 25292, 17109, 80941, 79234, 78069, 69895, 52794, 33022, 9796, 7359, 78315, 95070, 23853, 844, 88015, 38332, 33443, 63109, 65469, 50133, 54808, 23847, 83837, 84120, 86023, 34733, 17939, 58788, 74731, 58899, 85894, 94868, 87736, 94803, 79241, 69192, 55877, 78874, 36565, 40804, 62427, 84620, 28560, 70055, 35083, 5624, 91838, 73200, 57692, 93844, 49188, 88083, 79346, 19552, 58622, 55206, 19601, 35191, 14712, 78821, 52959, 61452, 13366, 87131, 38741, 63663, 62649, 36721, 81387, 89872, 25618, 37326, 81250, 65858, 74057, 77241, 77936, 77620, 62546, 87885, 4720, 53507, 52797, 91566, 75573, 30809, 8533, 78169, 53227, 17504, 76054, 95332, 18131, 3746, 8357, 59409, 43362, 50357, 66110, 93450, 56020, 67103, 34074, 67268, 53023, 33617, 66382, 84834, 43871, 11081, 26348, 47197, 85835, 4310, 46301, 33767, 61666, 71524, 61482, 55090, 38849, 95324, 45414, 58081, 48962, 31423, 14456, 31766, 22437, 12039, 94697, 87951, 37997, 75770, 75627, 94621, 54774, 6977, 28274, 14326, 73207, 77563, 61868, 35583, 91136, 64724, 85540, 67704, 93186, 18881, 33866, 79351, 46010, 20293, 87453, 12273, 37918, 23105, 5631, 38294, 55444, 26861, 14547, 78014, 58417, 6625, 97742, 30201, 35222, 94130, 9869, 72191, 90426, 47638, 17917, 93700, 83016, 79750, 29518, 8683, 25170, 38117, 1270, 87580, 76026, 6813, 5175], ""<class 'abc.NT_0000'>"": [6, 81341, 2, 0, 0, 0, 0, 0, 5, 3, 0, 0, 0, 64878, 4, 6, 3, 3, 6, 5, 1, 1, 2, 5, 1, 5, 0, 1, 1, 1, 0, 6, 3, 4, 4, 2, 0, 5, 2, 0, 6, 4, 5, 6, 0, 3, 2, 5, 3, 5, 3, 2, 2, 2, 5, 1, 0, 6, 90454, 2, 3, 0, 5, 4, 3, 0, 0, 0, 0, 73098, 0, 0, 0, 0, 5, 3, 2, 1, 5, 4, 0, 2, 2, 1, 75691, 72824, 98505, 4, 1, 2, 3, 0, 0, 0, 0, 0, 0, 0, 0, 6, 1, 0, 4, 0, 5, 0, 0, 0, 0, 5, 3, 37973, 4, 6, 4, 3, 6, 4, 1, 16791, 3, 2, 5, 5, 6, 3, 0, 23028, 5, 25454, 1, 6, 1, 3, 5, 3, 6, 4, 1, 0, 0, 0, 0, 0, 2, 6, 2, 2, 6, 2, 1, 71077, 6, 1, 3, 6, 4, 6, 1, 43278, 18853, 22685, 65944], ""<class 'abc.NT_0000_P_00000'>"": [], ""<class 'abc.NT_0000_P_00001'>"": [], ""<class 'abc.NT_0000_P_00002'>"": [], ""<class 'abc.NT_0000_P_00003'>"": [], ""<class 'abc.NT_0000_P_00004'>"": [], ""<class 'abc.NT_0000_P_00005'>"": [], ""<class 'abc.NT_0000_P_00006'>"": [], ""<class 'abc.NT_0001_P_00001'>"": [], ""<class 'abc.NT_0001_P_00002'>"": [], ""<class 'abc.NT_0004_P_00001'>"": [], ""<class 'abc.NT_0003'>"": [], ""<class 'abc.NT_0003_P_00000'>"": [], ""<class 'abc.NT_0002'>"": [], ""<class 'abc.NT_0002_P_00000'>"": [], ""<class 'abc.NT_0002_P_00001'>"": [], ""<class 'abc.NT_0002_P_00002'>"": [], ""<class 'abc.NT_0002_P_00003'>"": [], ""<class 'abc.NT_0002_P_00004'>"": [], ""<class 'abc.NT_0002_P_00005'>"": [], ""<class 'abc.NT_0002_P_00006'>"": [], ""<class 'abc.NT_0002_P_00007'>"": [], ""<class 'abc.NT_0003_P_00001'>"": [], ""<class 'abc.NT_0006'>"": [0, 0, 0, 0, 0, 0, 0, 0, 0, 0, 0, 60378, 37837], ""<class 'abc.NT_0006_P_00000'>"": [], ""<class 'abc.NT_0005'>"": [], ""<class 'abc.NT_0005_P_00000'>"": [], ""<class 'abc.NT_0005_P_00001'>"": [], ""<class 'abc.NT_0005_P_00002'>"": [], ""<class 'abc.NT_0005_P_00003'>"": [], ""<class 'abc.NT_0005_P_00004'>"": [], ""<class 'abc.NT_0005_P_00005'>"": [], ""<class 'abc.NT_0005_P_00006'>"": [], ""<class 'abc.NT_0006_P_00001'>"": [], ""<class 'abc.NT_0006_P_00002'>"": [], ""<class 'abc.NT_0006_P_00003'>"": [], ""<class 'abc.NT_0006_P_00004'>"": [], ""<class 'abc.NT_0006_P_00005'>"": [], ""<class 'abc.NT_0006_P_00006'>"": [], ""<class 'abc.NT_0006_P_00007'>"": [], ""<class 'abc.NT_0007_P_00001'>"": [], ""<class 'abc.NT_0007_P_00002'>"": [], ""<class 'abc.NT_0007_P_00003'>"": [], ""<class 'abc.NT_0007_P_00004'>"": [], ""<class 'abc.NT_0007_P_00005'>"": [], ""<class 'abc.NT_0010_P_00001'>"": [], ""<class 'abc.NT_0008'>"": [1, 1, 0, 1, 0, 1, 1, 0, 0, 0, 53609], ""<class 'abc.NT_0008_P_00000'>"": [], ""<class 'abc.NT_0008_P_00001'>"": [], ""<class 'abc.NT_0008_P_00002'>"": [], ""<class 'abc.NT_0008_P_00003'>"": [], ""<class 'abc.NT_0008_P_00004'>"": [], ""<class 'abc.NT_0010_P_00002'>"": [], ""<class 'abc.NT_0010_P_00003'>"": [], ""<class 'abc.NT_0010_P_00004'>"": [], ""<class 'abc.NT_0009'>"": [], ""<class 'abc.NT_0009_P_00000'>"": [], ""<class 'abc.NT_0009_P_00001'>"": [], ""<class 'abc.NT_0009_P_00002'>"": [], ""<class 'abc.NT_0009_P_00003'>"": [], ""<class 'abc.NT_0009_P_00004'>"": [], ""<class 'abc.NT_0010_P_00005'>"": [], ""<class 'abc.NT_0010_P_00006'>"": [], '$leftovers': [30991, 71325, 99256, 76301, 95693, 34122, 53952, 55672, 74831, 33963, 25015, 25697, 7592, 13690, 41603, 28828, 1846, 59419, 50863, 95750, 68544, 33751, 67086, 76352, 50275, 33813, 72521, 72186, 98367, 89110, 82056, 74758, 66368, 72604, 26616, 95885, 5264, 24236, 31002, 72786, 81453, 1549, 58861, 79208, 25327, 61699, 15666, 70132, 5604, 37976, 96197, 2135, 75049, 31492, 45828, 69192, 23886, 73401, 14363, 57489, 62600, 98230, 9181, 95579, 43563, 90001, 10166, 37716, 81042, 70856, 13122, 24742, 63023, 17296, 11162, 35926, 83920, 36824, 91962, 58024, 27633, 13217, 56880, 30598, 66637, 54630, 58415, 54841, 82919, 35232, 49917, 17273, 79974, 17408, 31831, 87760, 29062, 14159, 29820, 5544, 41099, 45482, 2367, 64759, 21373, 78063, 60377, 57592, 80389, 75806, 7140, 12762, 52584, 44029, 83065, 36358, 92073, 35502, 89851, 86918, 68167, 22970, 33999, 40707, 73232, 67107, 4690, 27422, 72591, 34525, 90618, 2963, 85885, 80470, 94309, 72287, 86237, 30800, 21730, 52145, 25063, 99142, 45233, 92389, 19816, 53209, 72995, 23801, 95121, 45638, 11339, 15054, 40314, 16381, 79668, 56708, 97137, 22673, 80400, 80443, 24458, 37011, 58667, 75764, 53847, 74996, 93872, 46267, 41769, 85089, 9643, 86889, 97627, 33079, 933, 43196, 52217, 79122, 46989, 50182, 64937, 60213, 16879, 63767, 55027, 27313, 18196, 50575, 90581, 8996, 89436, 11012, 91016, 57772, 10236, 47256, 19254, 76575, 44892, 57875, 3503, 27780, 56113, 13767, 20496, 36810, 88578, 50995, 20368, 96919, 63509, 78725, 22186, 21940, 83357, 70821, 62407, 5751, 99417, 54484, 84347, 49869, 59120, 77472, 71055, 75216, 32877, 52229, 43027, 52944, 84829, 51449, 27475, 27630, 13347, 93840, 82893, 31266, 77927, 44060, 63854, 26220, 14191, 5875, 72995, 94210, 4812, 36293, 60877, 38524, 53538, 55421, 57401, 6707, 31836, 5558, 72593, 56812, 95547, 72912, 18618, 75443, 78171, 11735, 35054, 94765, 87027, 57565, 4412, 48777, 17618, 18044, 80027, 77395, 39289, 29056, 72558, 46347, 83019, 73372, 48356, 18386, 80834, 35099, 61279, 69867, 10554, 17785, 24597, 21526, 52000, 84035, 68241, 86236, 90584, 56916, 4321, 21106, 3209, 53370, 14502, 4043, 3741, 48190, 62568, 85240, 30739, 34688, 33162, 38929, 40707, 9334, 70094, 294, 70936, 86179, 55931, 16143, 22646, 9862, 78881, 12560, 83625, 7134, 61874, 91203, 46269, 47110, 83843, 5289, 74137, 88273, 14580, 47344, 60753, 19167, 40339, 79020, 71132, 72253, 89884, 55934, 54064, 74742, 75597, 86320, 15369, 63397, 46665, 17800, 14718, 59462, 83731, 50541, 53632, 34874, 68412, 2214, 3157, 78677, 23641, 67143, 58266, 39232, 74667, 18780, 43657, 73836, 21147, 90021, 98970, 11732, 28569, 99269, 41709, 68360, 42589, 70863, 97958, 97500, 40709, 92966, 21694, 40040, 15592, 22426, 52529, 8629, 24081, 50548, 58167, 84087, 80087, 55979, 12478, 75863, 55100, 52426, 86114, 99605, 40435, 5992, 58835, 61375, 29923, 65710, 80868, 92180, 69393, 41505, 62791, 18731, 18953, 11106, 22971, 47087, 67395, 8258, 12800, 44872, 82838, 62992, 14599, 48272, 40211, 34341, 21057, 28702, 52824, 50572, 82640, 12559, 6067, 48063, 59935, 26657, 3055, 87176, 89751, 87167, 14129, 36152, 74245, 44747, 51354, 75606, 24046, 98077, 96803, 82440, 70055, 51399, 43781, 35119, 45388, 14656, 55187, 5401, 8942, 17594, 59726, 44804, 51824, 97127, 93212, 46736, 55514, 73728, 42663, 19730, 19118, 31504, 24324, 14360, 71402, 35819, 66623, 33391, 84006, 2911, 97136, 67491, 11377, 49060, 65542, 72990, 114, 23028, 6641, 27228, 3801, 4956, 62586, 14141, 70080, 75547, 78994, 65918, 560, 46101, 31529, 66655, 31719, 5956, 96644, 67012, 78144, 3048, 45105, 7215, 83884, 11279, 16049, 66710, 25797, 40844, 87206, 63324, 41774, 57371, 78550, 22173, 30307, 13444, 29382, 32923, 31372, 98768, 620, 84539, 52981, 46001, 96637, 98145, 70426, 17494, 64405, 42589, 15179, 68644, 27071, 13450, 95253, 45532, 96961, 62333, 11781, 32318, 82849, 54636, 12447, 1814, 30737, 3786, 72534, 1553, 67307, 88836, 53336, 60684, 5299, 69670, 93727, 24264, 65067, 51522, 39043, 6477, 55629, 2045, 64874, 64874, 93396, 99449, 22991, 2252, 65473, 51372, 84312, 95735, 39003, 62906, 71229, 74579, 17862, 12605, 66123, 12351, 5404, 1510, 13832, 51398, 43597, 86043, 45546, 50420, 68348, 45911, 17136, 91393, 29118, 76555, 7357, 11300, 51742, 333, 26830, 75555, 2331, 96635, 13605, 21847, 8187, 79899, 51411, 91776, 29149, 96412, 70544, 75327, 30017, 64797, 45663, 36499, 35707, 5655, 58962, 70918, 30728, 28698, 2763, 45752, 53106, 82946, 39676, 58721, 64695, 96504, 11019, 19011, 33978, 82026, 62216, 86549, 70888, 51675, 18118, 44149, 304, 65154, 36993, 6719, 70749, 97700, 69122, 18232, 60931, 25664, 33495, 71133, 59877, 99870, 53079, 77835, 65833, 47081, 384, 86289, 42953, 38560, 17803, 33158, 87143, 3202, 80836, 24559, 25480, 24884, 20970, 78849, 96190, 23338, 56243, 28044, 1806, 43098, 94629, 1557, 75946, 69931, 66152, 83354, 38712, 69524, 66843, 29150, 61796, 59849, 85600, 73561, 8370, 32232, 13997, 66493, 75770, 25037, 41313, 81709, 42770, 35823, 5767, 84597, 6127, 36332, 59300, 14612, 84423, 75500, 4652, 15299, 11866, 73468, 89289, 30402, 81756, 68438, 35166, 55904, 13846, 18702, 799, 42978, 42363, 81775, 82039, 83706, 66787, 77082, 77233, 90355, 92042, 96322, 19227, 61963, 89603, 77545, 6052, 3841, 18717, 8234, 40730, 2563, 59226, 40967, 20584, 89858, 2564, 5878, 37612, 97484, 83865, 55142, 71000, 19072, 8974, 77980, 38107, 22222, 6344, 29047, 58559, 78236, 92489, 35351, 52880, 4784, 75272, 7172, 14821, 69925, 48597, 36800, 79837, 61052, 92728, 80840, 76556, 35926, 45963, 39089, 13982, 99317, 41515, 54213, 5759, 15167, 75711, 94811, 10683, 62537, 60034, 52454, 34102, 45807, 41806, 62006, 5254, 39376, 56753, 187, 90094, 45504, 96638, 10503, 14605, 12369, 14432, 31110, 66366, 82294, 58782, 82122, 93759, 61568, 45358, 83396, 56007, 22346, 66542, 25137, 68312, 52464, 36527, 57473, 69800, 52446, 72031, 53744, 47922, 16738, 49867, 32313, 76536, 62962, 51773, 12155, 8875, 76172, 34750, 32742, 97811, 88073, 51338, 30794, 91006, 86416, 39880, 1952, 1988, 834, 62791, 67483, 70617, 36464, 94648, 90108, 1096, 63154, 60062, 94902, 97514, 37054, 72006, 93872, 51641, 95146, 29421, 13699, 69458, 65880, 5195, 64127, 49560, 11459, 71639, 53906, 78595, 61247, 38, 96621, 9490, 10431, 14318, 66154, 77198, 68556, 55459, 96467, 72843, 20962, 56323, 81690, 9497, 25412, 82928, 49217, 52686, 94969, 92492, 21761, 71648, 29956, 62011, 95264, 32476, 14571, 57797, 89984, 56359, 10135, 93277, 26149, 81033, 35003, 9263, 28190, 31612, 31319, 51082, 62322, 43964, 54411, 62127, 34041, 1407, 30008, 37444, 91432, 17575, 63516, 79823, 24359, 57939, 44660, 66, 72073, 42472, 94120, 65635, 81958, 37791, 55580, 41268, 69239, 35124, 6540, 98481, 46755, 25404, 67577, 65846, 29030, 46115, 80925, 52269, 5028, 9163, 60505, 33992, 22030, 94004, 52956, 42555, 32674, 98143, 24692, 8450, 53283, 2014, 7396, 66, 78982, 83694, 22573, 2780, 14252, 55750, 49033, 93213, 40123, 40063, 85147, 53609, 43278, 5175, 49000, 61144, 18853, 22685, 65944]})"
739.0,9,128,39,447.30427980422974,10180,"Genotype(dna={""<class 'abc.NT_0010'>"": [0, 0, 0, 0, 0, 1, 85147], ""<class 'abc.NT_0010_P_00000'>"": [], ""<class 'abc.NT_0007'>"": [], ""<class 'abc.NT_0007_P_00000'>"": [], ""<class 'abc.NT_0004'>"": [], ""<class 'abc.NT_0004_P_00000'>"": [], ""<class 'int'>"": [77126, 43201, 70789, 75809, 4326, 67271, 38350, 87430, 97011, 55942, 4506, 59964, 42225, 57077, 24342, 14478, 93904, 80839, 76441, 74856, 50058, 3411, 8626, 26055, 29274, 58967, 78993, 14828, 751, 67511, 28585, 12825, 23966, 7277, 99825, 74879, 55352, 55331, 363, 45016, 14379, 61509, 2069, 28699, 80396, 73351, 75557, 59585, 6749, 85094, 61965, 7610, 26258, 28296, 93033, 83162, 30096, 44060, 62884, 2091, 35245, 6364, 80462, 83171, 68919, 29950, 26707, 81924, 38153, 22585, 59277, 34382, 68715, 94500, 26532, 36726, 60581, 3345, 80271, 58978, 66816, 27488, 49989, 88487, 67815, 33251, 9814, 70899, 70376, 99445, 16025, 47013, 16359, 51100, 8258, 32360, 60550, 42267, 55413, 66178, 58891, 3524, 17413, 2205, 64779, 63914, 19152, 44391, 7431, 78639, 82080, 50837, 75285, 21620, 27020, 45595, 55890, 54599, 20169, 33311, 32242, 53498, 46439, 80881, 76188, 26746, 1133, 75300, 28413, 28258, 74339, 48912, 89430, 54118, 78957, 8190, 11376, 81490, 34042, 77295, 38509, 25473, 21325, 74688, 33757, 73445, 1092, 88730, 91008, 96974, 36419, 85058, 83462, 49605, 19202, 51394, 772, 92230, 92668, 29889], ""<class 'abc.NT_0001'>"": [], ""<class 'abc.NT_0001_P_00000'>"": [], ""<class 'bool'>"": [94567, 26792, 43510, 17549, 32334, 79141, 31637, 64567, 53775, 17842, 69311, 43769, 97227, 1539, 80259, 78373, 75096, 56123, 57441, 16081, 65316, 25292, 17109, 80941, 79234, 78069, 69895, 52794, 33022, 9796, 7359, 78315, 95070, 23853, 844, 88015, 38332, 33443, 63109, 65469, 50133, 54808, 23847, 83837, 84120, 86023, 34733, 17939, 58788, 74731, 58899, 85894, 94868, 87736, 94803, 79241, 69192, 55877, 78874, 36565, 40804, 62427, 84620, 28560, 70055, 35083, 5624, 91838, 73200, 57692, 93844, 49188, 88083, 79346, 19552, 58622, 55206, 19601, 35191, 14712, 78821, 52959, 61452, 13366, 87131, 38741, 63663, 62649, 36721, 81387, 89872, 25618, 37326, 81250, 65858, 74057, 77241, 77936, 77620, 62546, 87885, 4720, 53507, 52797, 91566, 75573, 30809, 8533, 78169, 53227, 17504, 76054, 95332, 18131, 3746, 8357, 59409, 43362, 50357, 66110, 93450, 56020, 67103, 34074, 67268, 53023, 33617, 66382, 84834, 43871, 11081, 26348, 47197, 85835, 4310, 46301, 33767, 61666, 71524, 61482, 55090, 38849, 95324, 45414, 58081, 48962, 31423, 14456, 31766, 22437, 12039, 94697, 87951, 37997, 75770, 75627, 94621, 54774, 6977, 28274, 14326, 73207, 77563, 61868, 35583, 91136, 64724, 85540, 67704, 93186, 18881, 33866, 79351, 46010, 20293, 87453, 12273, 37918, 23105, 5631, 38294, 55444, 26861, 14547, 78014, 58417, 6625, 97742, 30201, 35222, 94130, 9869, 72191, 90426, 47638, 17917, 93700, 83016, 79750, 29518, 8683, 25170, 38117, 1270, 87580, 76026, 6813, 5175], ""<class 'abc.NT_0000'>"": [6, 81341, 2, 0, 0, 0, 0, 0, 5, 3, 0, 0, 0, 64878, 4, 6, 3, 3, 6, 5, 1, 1, 2, 5, 1, 5, 0, 1, 1, 1, 0, 6, 3, 4, 4, 2, 0, 5, 2, 0, 6, 4, 5, 6, 0, 3, 2, 5, 3, 5, 3, 2, 2, 2, 5, 1, 0, 6, 90454, 2, 3, 0, 5, 4, 3, 0, 0, 0, 0, 73098, 0, 0, 0, 0, 5, 3, 2, 1, 5, 4, 0, 2, 2, 1, 75691, 72824, 98505, 4, 1, 2, 3, 0, 0, 0, 0, 0, 0, 0, 0, 6, 1, 0, 4, 0, 5, 0, 0, 0, 0, 5, 3, 37973, 4, 6, 4, 3, 6, 4, 1, 16791, 3, 2, 5, 5, 6, 3, 0, 23028, 5, 25454, 1, 6, 1, 3, 5, 3, 6, 4, 1, 0, 0, 0, 0, 0, 2, 6, 2, 2, 6, 2, 1, 71077, 6, 1, 3, 6, 4, 6, 1, 43278, 18853, 22685, 65944], ""<class 'abc.NT_0000_P_00000'>"": [], ""<class 'abc.NT_0000_P_00001'>"": [], ""<class 'abc.NT_0000_P_00002'>"": [], ""<class 'abc.NT_0000_P_00003'>"": [], ""<class 'abc.NT_0000_P_00004'>"": [], ""<class 'abc.NT_0000_P_00005'>"": [], ""<class 'abc.NT_0000_P_00006'>"": [], ""<class 'abc.NT_0001_P_00001'>"": [], ""<class 'abc.NT_0001_P_00002'>"": [], ""<class 'abc.NT_0004_P_00001'>"": [], ""<class 'abc.NT_0003'>"": [], ""<class 'abc.NT_0003_P_00000'>"": [], ""<class 'abc.NT_0002'>"": [], ""<class 'abc.NT_0002_P_00000'>"": [], ""<class 'abc.NT_0002_P_00001'>"": [], ""<class 'abc.NT_0002_P_00002'>"": [], ""<class 'abc.NT_0002_P_00003'>"": [], ""<class 'abc.NT_0002_P_00004'>"": [], ""<class 'abc.NT_0002_P_00005'>"": [], ""<class 'abc.NT_0002_P_00006'>"": [], ""<class 'abc.NT_0002_P_00007'>"": [], ""<class 'abc.NT_0003_P_00001'>"": [], ""<class 'abc.NT_0006'>"": [0, 0, 0, 0, 0, 0, 0, 0, 0, 0, 0, 60378, 37837], ""<class 'abc.NT_0006_P_00000'>"": [], ""<class 'abc.NT_0005'>"": [], ""<class 'abc.NT_0005_P_00000'>"": [], ""<class 'abc.NT_0005_P_00001'>"": [], ""<class 'abc.NT_0005_P_00002'>"": [], ""<class 'abc.NT_0005_P_00003'>"": [], ""<class 'abc.NT_0005_P_00004'>"": [], ""<class 'abc.NT_0005_P_00005'>"": [], ""<class 'abc.NT_0005_P_00006'>"": [], ""<class 'abc.NT_0006_P_00001'>"": [], ""<class 'abc.NT_0006_P_00002'>"": [], ""<class 'abc.NT_0006_P_00003'>"": [], ""<class 'abc.NT_0006_P_00004'>"": [], ""<class 'abc.NT_0006_P_00005'>"": [], ""<class 'abc.NT_0006_P_00006'>"": [], ""<class 'abc.NT_0006_P_00007'>"": [], ""<class 'abc.NT_0007_P_00001'>"": [], ""<class 'abc.NT_0007_P_00002'>"": [], ""<class 'abc.NT_0007_P_00003'>"": [], ""<class 'abc.NT_0007_P_00004'>"": [], ""<class 'abc.NT_0007_P_00005'>"": [], ""<class 'abc.NT_0010_P_00001'>"": [], ""<class 'abc.NT_0008'>"": [1, 1, 0, 1, 0, 1, 1, 0, 0, 0, 53609], ""<class 'abc.NT_0008_P_00000'>"": [], ""<class 'abc.NT_0008_P_00001'>"": [], ""<class 'abc.NT_0008_P_00002'>"": [], ""<class 'abc.NT_0008_P_00003'>"": [], ""<class 'abc.NT_0008_P_00004'>"": [], ""<class 'abc.NT_0010_P_00002'>"": [], ""<class 'abc.NT_0010_P_00003'>"": [], ""<class 'abc.NT_0010_P_00004'>"": [], ""<class 'abc.NT_0009'>"": [], ""<class 'abc.NT_0009_P_00000'>"": [], ""<class 'abc.NT_0009_P_00001'>"": [], ""<class 'abc.NT_0009_P_00002'>"": [], ""<class 'abc.NT_0009_P_00003'>"": [], ""<class 'abc.NT_0009_P_00004'>"": [], ""<class 'abc.NT_0010_P_00005'>"": [], ""<class 'abc.NT_0010_P_00006'>"": [], '$leftovers': [30991, 71325, 99256, 76301, 95693, 34122, 53952, 55672, 74831, 33963, 25015, 25697, 7592, 13690, 41603, 28828, 1846, 59419, 50863, 95750, 68544, 33751, 67086, 76352, 50275, 33813, 72521, 72186, 98367, 89110, 82056, 74758, 66368, 72604, 26616, 95885, 5264, 24236, 31002, 72786, 81453, 1549, 58861, 79208, 25327, 61699, 15666, 70132, 5604, 37976, 96197, 2135, 75049, 31492, 45828, 69192, 23886, 73401, 14363, 57489, 62600, 98230, 9181, 95579, 43563, 90001, 10166, 37716, 81042, 70856, 13122, 24742, 63023, 17296, 11162, 35926, 83920, 36824, 91962, 58024, 27633, 13217, 56880, 30598, 66637, 54630, 58415, 54841, 82919, 35232, 49917, 17273, 79974, 17408, 31831, 87760, 29062, 14159, 29820, 5544, 41099, 45482, 2367, 64759, 21373, 78063, 60377, 57592, 80389, 75806, 7140, 12762, 52584, 44029, 83065, 36358, 92073, 35502, 89851, 86918, 68167, 22970, 33999, 40707, 73232, 67107, 4690, 27422, 72591, 34525, 90618, 2963, 85885, 80470, 94309, 72287, 86237, 30800, 21730, 52145, 25063, 99142, 45233, 92389, 19816, 53209, 72995, 23801, 95121, 45638, 11339, 15054, 40314, 16381, 79668, 56708, 97137, 22673, 80400, 80443, 24458, 37011, 58667, 75764, 53847, 74996, 93872, 46267, 41769, 85089, 9643, 86889, 97627, 33079, 933, 43196, 52217, 79122, 46989, 50182, 64937, 60213, 16879, 63767, 55027, 27313, 18196, 50575, 90581, 8996, 89436, 11012, 91016, 57772, 10236, 47256, 19254, 76575, 44892, 57875, 3503, 27780, 56113, 13767, 20496, 36810, 88578, 50995, 20368, 96919, 63509, 78725, 22186, 21940, 83357, 70821, 62407, 5751, 99417, 54484, 84347, 49869, 59120, 77472, 71055, 75216, 32877, 52229, 43027, 52944, 84829, 51449, 27475, 27630, 13347, 93840, 82893, 31266, 77927, 44060, 63854, 26220, 14191, 5875, 72995, 94210, 4812, 36293, 60877, 38524, 53538, 55421, 57401, 6707, 31836, 5558, 72593, 56812, 95547, 72912, 18618, 75443, 78171, 11735, 35054, 94765, 87027, 57565, 4412, 48777, 17618, 18044, 80027, 77395, 39289, 29056, 72558, 46347, 83019, 73372, 48356, 18386, 80834, 35099, 61279, 69867, 10554, 17785, 24597, 21526, 52000, 84035, 68241, 86236, 90584, 56916, 4321, 21106, 3209, 53370, 14502, 4043, 3741, 48190, 62568, 85240, 30739, 34688, 33162, 38929, 40707, 9334, 70094, 294, 70936, 86179, 55931, 16143, 22646, 9862, 78881, 12560, 83625, 7134, 61874, 91203, 46269, 47110, 83843, 5289, 74137, 88273, 14580, 47344, 60753, 19167, 40339, 79020, 71132, 72253, 89884, 55934, 54064, 74742, 75597, 86320, 15369, 63397, 46665, 17800, 14718, 59462, 83731, 50541, 53632, 34874, 68412, 2214, 3157, 78677, 23641, 67143, 58266, 39232, 74667, 18780, 43657, 73836, 21147, 90021, 98970, 11732, 28569, 99269, 41709, 68360, 42589, 70863, 97958, 97500, 40709, 92966, 21694, 40040, 15592, 22426, 52529, 8629, 24081, 50548, 58167, 84087, 80087, 55979, 12478, 75863, 55100, 52426, 86114, 99605, 40435, 5992, 58835, 61375, 29923, 65710, 80868, 92180, 69393, 41505, 62791, 18731, 18953, 11106, 22971, 47087, 67395, 8258, 12800, 44872, 82838, 62992, 14599, 48272, 40211, 34341, 21057, 28702, 52824, 50572, 82640, 12559, 6067, 48063, 59935, 26657, 3055, 87176, 89751, 87167, 14129, 36152, 74245, 44747, 51354, 75606, 24046, 98077, 96803, 82440, 70055, 51399, 43781, 35119, 45388, 14656, 55187, 5401, 8942, 17594, 59726, 44804, 51824, 97127, 93212, 46736, 55514, 73728, 42663, 19730, 19118, 31504, 24324, 14360, 71402, 35819, 66623, 33391, 84006, 2911, 97136, 67491, 11377, 49060, 65542, 72990, 114, 23028, 6641, 27228, 3801, 4956, 62586, 14141, 70080, 75547, 78994, 65918, 560, 46101, 31529, 66655, 31719, 5956, 96644, 67012, 78144, 3048, 45105, 7215, 83884, 11279, 16049, 66710, 25797, 40844, 87206, 63324, 41774, 57371, 78550, 22173, 30307, 13444, 29382, 32923, 31372, 98768, 620, 84539, 52981, 46001, 96637, 98145, 70426, 17494, 64405, 42589, 15179, 68644, 27071, 13450, 95253, 45532, 96961, 62333, 11781, 32318, 82849, 54636, 12447, 1814, 30737, 3786, 72534, 1553, 67307, 88836, 53336, 60684, 5299, 69670, 93727, 24264, 65067, 51522, 39043, 6477, 55629, 2045, 64874, 64874, 93396, 99449, 22991, 2252, 65473, 51372, 84312, 95735, 39003, 62906, 71229, 74579, 17862, 12605, 66123, 12351, 5404, 1510, 13832, 51398, 43597, 86043, 45546, 50420, 68348, 45911, 17136, 91393, 29118, 76555, 7357, 11300, 51742, 333, 26830, 75555, 2331, 96635, 13605, 21847, 8187, 79899, 51411, 91776, 29149, 96412, 70544, 75327, 30017, 64797, 45663, 36499, 35707, 5655, 58962, 70918, 30728, 28698, 2763, 45752, 53106, 82946, 39676, 58721, 64695, 96504, 11019, 19011, 33978, 82026, 62216, 86549, 70888, 51675, 18118, 44149, 304, 65154, 36993, 6719, 70749, 97700, 69122, 18232, 60931, 25664, 33495, 71133, 59877, 99870, 53079, 77835, 65833, 47081, 384, 86289, 42953, 38560, 17803, 33158, 87143, 3202, 80836, 24559, 25480, 24884, 20970, 78849, 96190, 23338, 56243, 28044, 1806, 43098, 94629, 1557, 75946, 69931, 66152, 83354, 38712, 69524, 66843, 29150, 61796, 59849, 85600, 73561, 8370, 32232, 13997, 66493, 75770, 25037, 41313, 81709, 42770, 35823, 5767, 84597, 6127, 36332, 59300, 14612, 84423, 75500, 4652, 15299, 11866, 73468, 89289, 30402, 81756, 68438, 35166, 55904, 13846, 18702, 799, 42978, 42363, 81775, 82039, 83706, 66787, 77082, 77233, 90355, 92042, 96322, 19227, 61963, 89603, 77545, 6052, 3841, 18717, 8234, 40730, 2563, 59226, 40967, 20584, 89858, 2564, 5878, 37612, 97484, 83865, 55142, 71000, 19072, 8974, 77980, 38107, 22222, 6344, 29047, 58559, 78236, 92489, 35351, 52880, 4784, 75272, 7172, 14821, 69925, 48597, 36800, 79837, 61052, 92728, 80840, 76556, 35926, 45963, 39089, 13982, 99317, 41515, 54213, 5759, 15167, 75711, 94811, 10683, 62537, 60034, 52454, 34102, 45807, 41806, 62006, 5254, 39376, 56753, 187, 90094, 45504, 96638, 10503, 14605, 12369, 14432, 31110, 66366, 82294, 58782, 82122, 93759, 61568, 45358, 83396, 56007, 22346, 66542, 25137, 68312, 52464, 36527, 57473, 69800, 52446, 72031, 53744, 47922, 16738, 49867, 32313, 76536, 62962, 51773, 12155, 8875, 76172, 34750, 32742, 97811, 88073, 51338, 30794, 91006, 86416, 39880, 1952, 1988, 834, 62791, 67483, 70617, 36464, 94648, 90108, 1096, 63154, 60062, 94902, 97514, 37054, 72006, 93872, 51641, 95146, 29421, 13699, 69458, 65880, 5195, 64127, 49560, 11459, 71639, 53906, 78595, 61247, 38, 96621, 9490, 10431, 14318, 66154, 77198, 68556, 55459, 96467, 72843, 20962, 56323, 81690, 9497, 25412, 82928, 49217, 52686, 94969, 92492, 21761, 71648, 29956, 62011, 95264, 32476, 14571, 57797, 89984, 56359, 10135, 93277, 26149, 81033, 35003, 9263, 28190, 31612, 31319, 51082, 62322, 43964, 54411, 62127, 34041, 1407, 30008, 37444, 91432, 17575, 63516, 79823, 24359, 57939, 44660, 66, 72073, 42472, 94120, 65635, 81958, 37791, 55580, 41268, 69239, 35124, 6540, 98481, 46755, 25404, 67577, 65846, 29030, 46115, 80925, 52269, 5028, 9163, 60505, 33992, 22030, 94004, 52956, 42555, 32674, 98143, 24692, 8450, 53283, 2014, 7396, 66, 78982, 83694, 22573, 2780, 14252, 55750, 49033, 93213, 40123, 40063, 85147, 53609, 43278, 5175, 49000, 61144, 18853, 22685, 65944]})"
739.0,9,128,40,448.1970281600952,10180,"Genotype(dna={""<class 'abc.NT_0010'>"": [0, 0, 0, 0, 0, 1, 85147], ""<class 'abc.NT_0010_P_00000'>"": [], ""<class 'abc.NT_0007'>"": [], ""<class 'abc.NT_0007_P_00000'>"": [], ""<class 'abc.NT_0004'>"": [], ""<class 'abc.NT_0004_P_00000'>"": [], ""<class 'int'>"": [77126, 43201, 70789, 75809, 4326, 67271, 38350, 87430, 97011, 55942, 4506, 59964, 42225, 57077, 24342, 14478, 93904, 80839, 76441, 74856, 50058, 3411, 8626, 26055, 29274, 58967, 78993, 14828, 751, 67511, 28585, 12825, 23966, 7277, 99825, 74879, 55352, 55331, 363, 45016, 14379, 61509, 2069, 28699, 80396, 73351, 75557, 59585, 6749, 85094, 61965, 7610, 26258, 28296, 93033, 83162, 30096, 44060, 62884, 2091, 35245, 6364, 80462, 83171, 68919, 29950, 26707, 81924, 38153, 22585, 59277, 34382, 68715, 94500, 26532, 36726, 60581, 3345, 80271, 58978, 66816, 27488, 49989, 88487, 67815, 33251, 9814, 70899, 70376, 99445, 16025, 47013, 16359, 51100, 8258, 32360, 60550, 42267, 55413, 66178, 58891, 3524, 17413, 2205, 64779, 63914, 19152, 44391, 7431, 78639, 82080, 50837, 75285, 21620, 27020, 45595, 55890, 54599, 20169, 33311, 32242, 53498, 46439, 80881, 76188, 26746, 1133, 75300, 28413, 28258, 74339, 48912, 89430, 54118, 78957, 8190, 11376, 81490, 34042, 77295, 38509, 25473, 21325, 74688, 33757, 73445, 1092, 88730, 91008, 96974, 36419, 85058, 83462, 49605, 19202, 51394, 772, 92230, 92668, 29889], ""<class 'abc.NT_0001'>"": [], ""<class 'abc.NT_0001_P_00000'>"": [], ""<class 'bool'>"": [94567, 26792, 43510, 17549, 32334, 79141, 31637, 64567, 53775, 17842, 69311, 43769, 97227, 1539, 80259, 78373, 75096, 56123, 57441, 16081, 65316, 25292, 17109, 80941, 79234, 78069, 69895, 52794, 33022, 9796, 7359, 78315, 95070, 23853, 844, 88015, 38332, 33443, 63109, 65469, 50133, 54808, 23847, 83837, 84120, 86023, 34733, 17939, 58788, 74731, 58899, 85894, 94868, 87736, 94803, 79241, 69192, 55877, 78874, 36565, 40804, 62427, 84620, 28560, 70055, 35083, 5624, 91838, 73200, 57692, 93844, 49188, 88083, 79346, 19552, 58622, 55206, 19601, 35191, 14712, 78821, 52959, 61452, 13366, 87131, 38741, 63663, 62649, 36721, 81387, 89872, 25618, 37326, 81250, 65858, 74057, 77241, 77936, 77620, 62546, 87885, 4720, 53507, 52797, 91566, 75573, 30809, 8533, 78169, 53227, 17504, 76054, 95332, 18131, 3746, 8357, 59409, 43362, 50357, 66110, 93450, 56020, 67103, 34074, 67268, 53023, 33617, 66382, 84834, 43871, 11081, 26348, 47197, 85835, 4310, 46301, 33767, 61666, 71524, 61482, 55090, 38849, 95324, 45414, 58081, 48962, 31423, 14456, 31766, 22437, 12039, 94697, 87951, 37997, 75770, 75627, 94621, 54774, 6977, 28274, 14326, 73207, 77563, 61868, 35583, 91136, 64724, 85540, 67704, 93186, 18881, 33866, 79351, 46010, 20293, 87453, 12273, 37918, 23105, 5631, 38294, 55444, 26861, 14547, 78014, 58417, 6625, 97742, 30201, 35222, 94130, 9869, 72191, 90426, 47638, 17917, 93700, 83016, 79750, 29518, 8683, 25170, 38117, 1270, 87580, 76026, 6813, 5175], ""<class 'abc.NT_0000'>"": [6, 81341, 2, 0, 0, 0, 0, 0, 5, 3, 0, 0, 0, 64878, 4, 6, 3, 3, 6, 5, 1, 1, 2, 5, 1, 5, 0, 1, 1, 1, 0, 6, 3, 4, 4, 2, 0, 5, 2, 0, 6, 4, 5, 6, 0, 3, 2, 5, 3, 5, 3, 2, 2, 2, 5, 1, 0, 6, 90454, 2, 3, 0, 5, 4, 3, 0, 0, 0, 0, 73098, 0, 0, 0, 0, 5, 3, 2, 1, 5, 4, 0, 2, 2, 1, 75691, 72824, 98505, 4, 1, 2, 3, 0, 0, 0, 0, 0, 0, 0, 0, 6, 1, 0, 4, 0, 5, 0, 0, 0, 0, 5, 3, 37973, 4, 6, 4, 3, 6, 4, 1, 16791, 3, 2, 5, 5, 6, 3, 0, 23028, 5, 25454, 1, 6, 1, 3, 5, 3, 6, 4, 1, 0, 0, 0, 0, 0, 2, 6, 2, 2, 6, 2, 1, 71077, 6, 1, 3, 6, 4, 6, 1, 43278, 18853, 22685, 65944], ""<class 'abc.NT_0000_P_00000'>"": [], ""<class 'abc.NT_0000_P_00001'>"": [], ""<class 'abc.NT_0000_P_00002'>"": [], ""<class 'abc.NT_0000_P_00003'>"": [], ""<class 'abc.NT_0000_P_00004'>"": [], ""<class 'abc.NT_0000_P_00005'>"": [], ""<class 'abc.NT_0000_P_00006'>"": [], ""<class 'abc.NT_0001_P_00001'>"": [], ""<class 'abc.NT_0001_P_00002'>"": [], ""<class 'abc.NT_0004_P_00001'>"": [], ""<class 'abc.NT_0003'>"": [], ""<class 'abc.NT_0003_P_00000'>"": [], ""<class 'abc.NT_0002'>"": [], ""<class 'abc.NT_0002_P_00000'>"": [], ""<class 'abc.NT_0002_P_00001'>"": [], ""<class 'abc.NT_0002_P_00002'>"": [], ""<class 'abc.NT_0002_P_00003'>"": [], ""<class 'abc.NT_0002_P_00004'>"": [], ""<class 'abc.NT_0002_P_00005'>"": [], ""<class 'abc.NT_0002_P_00006'>"": [], ""<class 'abc.NT_0002_P_00007'>"": [], ""<class 'abc.NT_0003_P_00001'>"": [], ""<class 'abc.NT_0006'>"": [0, 0, 0, 0, 0, 0, 0, 0, 0, 0, 0, 60378, 37837], ""<class 'abc.NT_0006_P_00000'>"": [], ""<class 'abc.NT_0005'>"": [], ""<class 'abc.NT_0005_P_00000'>"": [], ""<class 'abc.NT_0005_P_00001'>"": [], ""<class 'abc.NT_0005_P_00002'>"": [], ""<class 'abc.NT_0005_P_00003'>"": [], ""<class 'abc.NT_0005_P_00004'>"": [], ""<class 'abc.NT_0005_P_00005'>"": [], ""<class 'abc.NT_0005_P_00006'>"": [], ""<class 'abc.NT_0006_P_00001'>"": [], ""<class 'abc.NT_0006_P_00002'>"": [], ""<class 'abc.NT_0006_P_00003'>"": [], ""<class 'abc.NT_0006_P_00004'>"": [], ""<class 'abc.NT_0006_P_00005'>"": [], ""<class 'abc.NT_0006_P_00006'>"": [], ""<class 'abc.NT_0006_P_00007'>"": [], ""<class 'abc.NT_0007_P_00001'>"": [], ""<class 'abc.NT_0007_P_00002'>"": [], ""<class 'abc.NT_0007_P_00003'>"": [], ""<class 'abc.NT_0007_P_00004'>"": [], ""<class 'abc.NT_0007_P_00005'>"": [], ""<class 'abc.NT_0010_P_00001'>"": [], ""<class 'abc.NT_0008'>"": [1, 1, 0, 1, 0, 1, 1, 0, 0, 0, 53609], ""<class 'abc.NT_0008_P_00000'>"": [], ""<class 'abc.NT_0008_P_00001'>"": [], ""<class 'abc.NT_0008_P_00002'>"": [], ""<class 'abc.NT_0008_P_00003'>"": [], ""<class 'abc.NT_0008_P_00004'>"": [], ""<class 'abc.NT_0010_P_00002'>"": [], ""<class 'abc.NT_0010_P_00003'>"": [], ""<class 'abc.NT_0010_P_00004'>"": [], ""<class 'abc.NT_0009'>"": [], ""<class 'abc.NT_0009_P_00000'>"": [], ""<class 'abc.NT_0009_P_00001'>"": [], ""<class 'abc.NT_0009_P_00002'>"": [], ""<class 'abc.NT_0009_P_00003'>"": [], ""<class 'abc.NT_0009_P_00004'>"": [], ""<class 'abc.NT_0010_P_00005'>"": [], ""<class 'abc.NT_0010_P_00006'>"": [], '$leftovers': [30991, 71325, 99256, 76301, 95693, 34122, 53952, 55672, 74831, 33963, 25015, 25697, 7592, 13690, 41603, 28828, 1846, 59419, 50863, 95750, 68544, 33751, 67086, 76352, 50275, 33813, 72521, 72186, 98367, 89110, 82056, 74758, 66368, 72604, 26616, 95885, 5264, 24236, 31002, 72786, 81453, 1549, 58861, 79208, 25327, 61699, 15666, 70132, 5604, 37976, 96197, 2135, 75049, 31492, 45828, 69192, 23886, 73401, 14363, 57489, 62600, 98230, 9181, 95579, 43563, 90001, 10166, 37716, 81042, 70856, 13122, 24742, 63023, 17296, 11162, 35926, 83920, 36824, 91962, 58024, 27633, 13217, 56880, 30598, 66637, 54630, 58415, 54841, 82919, 35232, 49917, 17273, 79974, 17408, 31831, 87760, 29062, 14159, 29820, 5544, 41099, 45482, 2367, 64759, 21373, 78063, 60377, 57592, 80389, 75806, 7140, 12762, 52584, 44029, 83065, 36358, 92073, 35502, 89851, 86918, 68167, 22970, 33999, 40707, 73232, 67107, 4690, 27422, 72591, 34525, 90618, 2963, 85885, 80470, 94309, 72287, 86237, 30800, 21730, 52145, 25063, 99142, 45233, 92389, 19816, 53209, 72995, 23801, 95121, 45638, 11339, 15054, 40314, 16381, 79668, 56708, 97137, 22673, 80400, 80443, 24458, 37011, 58667, 75764, 53847, 74996, 93872, 46267, 41769, 85089, 9643, 86889, 97627, 33079, 933, 43196, 52217, 79122, 46989, 50182, 64937, 60213, 16879, 63767, 55027, 27313, 18196, 50575, 90581, 8996, 89436, 11012, 91016, 57772, 10236, 47256, 19254, 76575, 44892, 57875, 3503, 27780, 56113, 13767, 20496, 36810, 88578, 50995, 20368, 96919, 63509, 78725, 22186, 21940, 83357, 70821, 62407, 5751, 99417, 54484, 84347, 49869, 59120, 77472, 71055, 75216, 32877, 52229, 43027, 52944, 84829, 51449, 27475, 27630, 13347, 93840, 82893, 31266, 77927, 44060, 63854, 26220, 14191, 5875, 72995, 94210, 4812, 36293, 60877, 38524, 53538, 55421, 57401, 6707, 31836, 5558, 72593, 56812, 95547, 72912, 18618, 75443, 78171, 11735, 35054, 94765, 87027, 57565, 4412, 48777, 17618, 18044, 80027, 77395, 39289, 29056, 72558, 46347, 83019, 73372, 48356, 18386, 80834, 35099, 61279, 69867, 10554, 17785, 24597, 21526, 52000, 84035, 68241, 86236, 90584, 56916, 4321, 21106, 3209, 53370, 14502, 4043, 3741, 48190, 62568, 85240, 30739, 34688, 33162, 38929, 40707, 9334, 70094, 294, 70936, 86179, 55931, 16143, 22646, 9862, 78881, 12560, 83625, 7134, 61874, 91203, 46269, 47110, 83843, 5289, 74137, 88273, 14580, 47344, 60753, 19167, 40339, 79020, 71132, 72253, 89884, 55934, 54064, 74742, 75597, 86320, 15369, 63397, 46665, 17800, 14718, 59462, 83731, 50541, 53632, 34874, 68412, 2214, 3157, 78677, 23641, 67143, 58266, 39232, 74667, 18780, 43657, 73836, 21147, 90021, 98970, 11732, 28569, 99269, 41709, 68360, 42589, 70863, 97958, 97500, 40709, 92966, 21694, 40040, 15592, 22426, 52529, 8629, 24081, 50548, 58167, 84087, 80087, 55979, 12478, 75863, 55100, 52426, 86114, 99605, 40435, 5992, 58835, 61375, 29923, 65710, 80868, 92180, 69393, 41505, 62791, 18731, 18953, 11106, 22971, 47087, 67395, 8258, 12800, 44872, 82838, 62992, 14599, 48272, 40211, 34341, 21057, 28702, 52824, 50572, 82640, 12559, 6067, 48063, 59935, 26657, 3055, 87176, 89751, 87167, 14129, 36152, 74245, 44747, 51354, 75606, 24046, 98077, 96803, 82440, 70055, 51399, 43781, 35119, 45388, 14656, 55187, 5401, 8942, 17594, 59726, 44804, 51824, 97127, 93212, 46736, 55514, 73728, 42663, 19730, 19118, 31504, 24324, 14360, 71402, 35819, 66623, 33391, 84006, 2911, 97136, 67491, 11377, 49060, 65542, 72990, 114, 23028, 6641, 27228, 3801, 4956, 62586, 14141, 70080, 75547, 78994, 65918, 560, 46101, 31529, 66655, 31719, 5956, 96644, 67012, 78144, 3048, 45105, 7215, 83884, 11279, 16049, 66710, 25797, 40844, 87206, 63324, 41774, 57371, 78550, 22173, 30307, 13444, 29382, 32923, 31372, 98768, 620, 84539, 52981, 46001, 96637, 98145, 70426, 17494, 64405, 42589, 15179, 68644, 27071, 13450, 95253, 45532, 96961, 62333, 11781, 32318, 82849, 54636, 12447, 1814, 30737, 3786, 72534, 1553, 67307, 88836, 53336, 60684, 5299, 69670, 93727, 24264, 65067, 51522, 39043, 6477, 55629, 2045, 64874, 64874, 93396, 99449, 22991, 2252, 65473, 51372, 84312, 95735, 39003, 62906, 71229, 74579, 17862, 12605, 66123, 12351, 5404, 1510, 13832, 51398, 43597, 86043, 45546, 50420, 68348, 45911, 17136, 91393, 29118, 76555, 7357, 11300, 51742, 333, 26830, 75555, 2331, 96635, 13605, 21847, 8187, 79899, 51411, 91776, 29149, 96412, 70544, 75327, 30017, 64797, 45663, 36499, 35707, 5655, 58962, 70918, 30728, 28698, 2763, 45752, 53106, 82946, 39676, 58721, 64695, 96504, 11019, 19011, 33978, 82026, 62216, 86549, 70888, 51675, 18118, 44149, 304, 65154, 36993, 6719, 70749, 97700, 69122, 18232, 60931, 25664, 33495, 71133, 59877, 99870, 53079, 77835, 65833, 47081, 384, 86289, 42953, 38560, 17803, 33158, 87143, 3202, 80836, 24559, 25480, 24884, 20970, 78849, 96190, 23338, 56243, 28044, 1806, 43098, 94629, 1557, 75946, 69931, 66152, 83354, 38712, 69524, 66843, 29150, 61796, 59849, 85600, 73561, 8370, 32232, 13997, 66493, 75770, 25037, 41313, 81709, 42770, 35823, 5767, 84597, 6127, 36332, 59300, 14612, 84423, 75500, 4652, 15299, 11866, 73468, 89289, 30402, 81756, 68438, 35166, 55904, 13846, 18702, 799, 42978, 42363, 81775, 82039, 83706, 66787, 77082, 77233, 90355, 92042, 96322, 19227, 61963, 89603, 77545, 6052, 3841, 18717, 8234, 40730, 2563, 59226, 40967, 20584, 89858, 2564, 5878, 37612, 97484, 83865, 55142, 71000, 19072, 8974, 77980, 38107, 22222, 6344, 29047, 58559, 78236, 92489, 35351, 52880, 4784, 75272, 7172, 14821, 69925, 48597, 36800, 79837, 61052, 92728, 80840, 76556, 35926, 45963, 39089, 13982, 99317, 41515, 54213, 5759, 15167, 75711, 94811, 10683, 62537, 60034, 52454, 34102, 45807, 41806, 62006, 5254, 39376, 56753, 187, 90094, 45504, 96638, 10503, 14605, 12369, 14432, 31110, 66366, 82294, 58782, 82122, 93759, 61568, 45358, 83396, 56007, 22346, 66542, 25137, 68312, 52464, 36527, 57473, 69800, 52446, 72031, 53744, 47922, 16738, 49867, 32313, 76536, 62962, 51773, 12155, 8875, 76172, 34750, 32742, 97811, 88073, 51338, 30794, 91006, 86416, 39880, 1952, 1988, 834, 62791, 67483, 70617, 36464, 94648, 90108, 1096, 63154, 60062, 94902, 97514, 37054, 72006, 93872, 51641, 95146, 29421, 13699, 69458, 65880, 5195, 64127, 49560, 11459, 71639, 53906, 78595, 61247, 38, 96621, 9490, 10431, 14318, 66154, 77198, 68556, 55459, 96467, 72843, 20962, 56323, 81690, 9497, 25412, 82928, 49217, 52686, 94969, 92492, 21761, 71648, 29956, 62011, 95264, 32476, 14571, 57797, 89984, 56359, 10135, 93277, 26149, 81033, 35003, 9263, 28190, 31612, 31319, 51082, 62322, 43964, 54411, 62127, 34041, 1407, 30008, 37444, 91432, 17575, 63516, 79823, 24359, 57939, 44660, 66, 72073, 42472, 94120, 65635, 81958, 37791, 55580, 41268, 69239, 35124, 6540, 98481, 46755, 25404, 67577, 65846, 29030, 46115, 80925, 52269, 5028, 9163, 60505, 33992, 22030, 94004, 52956, 42555, 32674, 98143, 24692, 8450, 53283, 2014, 7396, 66, 78982, 83694, 22573, 2780, 14252, 55750, 49033, 93213, 40123, 40063, 85147, 53609, 43278, 5175, 49000, 61144, 18853, 22685, 65944]})"
739.0,9,128,41,449.3196575641632,10180,"Genotype(dna={""<class 'abc.NT_0010'>"": [0, 0, 0, 0, 0, 1, 85147], ""<class 'abc.NT_0010_P_00000'>"": [], ""<class 'abc.NT_0007'>"": [], ""<class 'abc.NT_0007_P_00000'>"": [], ""<class 'abc.NT_0004'>"": [], ""<class 'abc.NT_0004_P_00000'>"": [], ""<class 'int'>"": [77126, 43201, 70789, 75809, 4326, 67271, 38350, 87430, 97011, 55942, 4506, 59964, 42225, 57077, 24342, 14478, 93904, 80839, 76441, 74856, 50058, 3411, 8626, 26055, 29274, 58967, 78993, 14828, 751, 67511, 28585, 12825, 23966, 7277, 99825, 74879, 55352, 55331, 363, 45016, 14379, 61509, 2069, 28699, 80396, 73351, 75557, 59585, 6749, 85094, 61965, 7610, 26258, 28296, 93033, 83162, 30096, 44060, 62884, 2091, 35245, 6364, 80462, 83171, 68919, 29950, 26707, 81924, 38153, 22585, 59277, 34382, 68715, 94500, 26532, 36726, 60581, 3345, 80271, 58978, 66816, 27488, 49989, 88487, 67815, 33251, 9814, 70899, 70376, 99445, 16025, 47013, 16359, 51100, 8258, 32360, 60550, 42267, 55413, 66178, 58891, 3524, 17413, 2205, 64779, 63914, 19152, 44391, 7431, 78639, 82080, 50837, 75285, 21620, 27020, 45595, 55890, 54599, 20169, 33311, 32242, 53498, 46439, 80881, 76188, 26746, 1133, 75300, 28413, 28258, 74339, 48912, 89430, 54118, 78957, 8190, 11376, 81490, 34042, 77295, 38509, 25473, 21325, 74688, 33757, 73445, 1092, 88730, 91008, 96974, 36419, 85058, 83462, 49605, 19202, 51394, 772, 92230, 92668, 29889], ""<class 'abc.NT_0001'>"": [], ""<class 'abc.NT_0001_P_00000'>"": [], ""<class 'bool'>"": [94567, 26792, 43510, 17549, 32334, 79141, 31637, 64567, 53775, 17842, 69311, 43769, 97227, 1539, 80259, 78373, 75096, 56123, 57441, 16081, 65316, 25292, 17109, 80941, 79234, 78069, 69895, 52794, 33022, 9796, 7359, 78315, 95070, 23853, 844, 88015, 38332, 33443, 63109, 65469, 50133, 54808, 23847, 83837, 84120, 86023, 34733, 17939, 58788, 74731, 58899, 85894, 94868, 87736, 94803, 79241, 69192, 55877, 78874, 36565, 40804, 62427, 84620, 28560, 70055, 35083, 5624, 91838, 73200, 57692, 93844, 49188, 88083, 79346, 19552, 58622, 55206, 19601, 35191, 14712, 78821, 52959, 61452, 13366, 87131, 38741, 63663, 62649, 36721, 81387, 89872, 25618, 37326, 81250, 65858, 74057, 77241, 77936, 77620, 62546, 87885, 4720, 53507, 52797, 91566, 75573, 30809, 8533, 78169, 53227, 17504, 76054, 95332, 18131, 3746, 8357, 59409, 43362, 50357, 66110, 93450, 56020, 67103, 34074, 67268, 53023, 33617, 66382, 84834, 43871, 11081, 26348, 47197, 85835, 4310, 46301, 33767, 61666, 71524, 61482, 55090, 38849, 95324, 45414, 58081, 48962, 31423, 14456, 31766, 22437, 12039, 94697, 87951, 37997, 75770, 75627, 94621, 54774, 6977, 28274, 14326, 73207, 77563, 61868, 35583, 91136, 64724, 85540, 67704, 93186, 18881, 33866, 79351, 46010, 20293, 87453, 12273, 37918, 23105, 5631, 38294, 55444, 26861, 14547, 78014, 58417, 6625, 97742, 30201, 35222, 94130, 9869, 72191, 90426, 47638, 17917, 93700, 83016, 79750, 29518, 8683, 25170, 38117, 1270, 87580, 76026, 6813, 5175], ""<class 'abc.NT_0000'>"": [6, 81341, 2, 0, 0, 0, 0, 0, 5, 3, 0, 0, 0, 64878, 4, 6, 3, 3, 6, 5, 1, 1, 2, 5, 1, 5, 0, 1, 1, 1, 0, 6, 3, 4, 4, 2, 0, 5, 2, 0, 6, 4, 5, 6, 0, 3, 2, 5, 3, 5, 3, 2, 2, 2, 5, 1, 0, 6, 90454, 2, 3, 0, 5, 4, 3, 0, 0, 0, 0, 73098, 0, 0, 0, 0, 5, 3, 2, 1, 5, 4, 0, 2, 2, 1, 75691, 72824, 98505, 4, 1, 2, 3, 0, 0, 0, 0, 0, 0, 0, 0, 6, 1, 0, 4, 0, 5, 0, 0, 0, 0, 5, 3, 37973, 4, 6, 4, 3, 6, 4, 1, 16791, 3, 2, 5, 5, 6, 3, 0, 23028, 5, 25454, 1, 6, 1, 3, 5, 3, 6, 4, 1, 0, 0, 0, 0, 0, 2, 6, 2, 2, 6, 2, 1, 71077, 6, 1, 3, 6, 4, 6, 1, 43278, 18853, 22685, 65944], ""<class 'abc.NT_0000_P_00000'>"": [], ""<class 'abc.NT_0000_P_00001'>"": [], ""<class 'abc.NT_0000_P_00002'>"": [], ""<class 'abc.NT_0000_P_00003'>"": [], ""<class 'abc.NT_0000_P_00004'>"": [], ""<class 'abc.NT_0000_P_00005'>"": [], ""<class 'abc.NT_0000_P_00006'>"": [], ""<class 'abc.NT_0001_P_00001'>"": [], ""<class 'abc.NT_0001_P_00002'>"": [], ""<class 'abc.NT_0004_P_00001'>"": [], ""<class 'abc.NT_0003'>"": [], ""<class 'abc.NT_0003_P_00000'>"": [], ""<class 'abc.NT_0002'>"": [], ""<class 'abc.NT_0002_P_00000'>"": [], ""<class 'abc.NT_0002_P_00001'>"": [], ""<class 'abc.NT_0002_P_00002'>"": [], ""<class 'abc.NT_0002_P_00003'>"": [], ""<class 'abc.NT_0002_P_00004'>"": [], ""<class 'abc.NT_0002_P_00005'>"": [], ""<class 'abc.NT_0002_P_00006'>"": [], ""<class 'abc.NT_0002_P_00007'>"": [], ""<class 'abc.NT_0003_P_00001'>"": [], ""<class 'abc.NT_0006'>"": [0, 0, 0, 0, 0, 0, 0, 0, 0, 0, 0, 60378, 37837], ""<class 'abc.NT_0006_P_00000'>"": [], ""<class 'abc.NT_0005'>"": [], ""<class 'abc.NT_0005_P_00000'>"": [], ""<class 'abc.NT_0005_P_00001'>"": [], ""<class 'abc.NT_0005_P_00002'>"": [], ""<class 'abc.NT_0005_P_00003'>"": [], ""<class 'abc.NT_0005_P_00004'>"": [], ""<class 'abc.NT_0005_P_00005'>"": [], ""<class 'abc.NT_0005_P_00006'>"": [], ""<class 'abc.NT_0006_P_00001'>"": [], ""<class 'abc.NT_0006_P_00002'>"": [], ""<class 'abc.NT_0006_P_00003'>"": [], ""<class 'abc.NT_0006_P_00004'>"": [], ""<class 'abc.NT_0006_P_00005'>"": [], ""<class 'abc.NT_0006_P_00006'>"": [], ""<class 'abc.NT_0006_P_00007'>"": [], ""<class 'abc.NT_0007_P_00001'>"": [], ""<class 'abc.NT_0007_P_00002'>"": [], ""<class 'abc.NT_0007_P_00003'>"": [], ""<class 'abc.NT_0007_P_00004'>"": [], ""<class 'abc.NT_0007_P_00005'>"": [], ""<class 'abc.NT_0010_P_00001'>"": [], ""<class 'abc.NT_0008'>"": [1, 1, 0, 1, 0, 1, 1, 0, 0, 0, 53609], ""<class 'abc.NT_0008_P_00000'>"": [], ""<class 'abc.NT_0008_P_00001'>"": [], ""<class 'abc.NT_0008_P_00002'>"": [], ""<class 'abc.NT_0008_P_00003'>"": [], ""<class 'abc.NT_0008_P_00004'>"": [], ""<class 'abc.NT_0010_P_00002'>"": [], ""<class 'abc.NT_0010_P_00003'>"": [], ""<class 'abc.NT_0010_P_00004'>"": [], ""<class 'abc.NT_0009'>"": [], ""<class 'abc.NT_0009_P_00000'>"": [], ""<class 'abc.NT_0009_P_00001'>"": [], ""<class 'abc.NT_0009_P_00002'>"": [], ""<class 'abc.NT_0009_P_00003'>"": [], ""<class 'abc.NT_0009_P_00004'>"": [], ""<class 'abc.NT_0010_P_00005'>"": [], ""<class 'abc.NT_0010_P_00006'>"": [], '$leftovers': [30991, 71325, 99256, 76301, 95693, 34122, 53952, 55672, 74831, 33963, 25015, 25697, 7592, 13690, 41603, 28828, 1846, 59419, 50863, 95750, 68544, 33751, 67086, 76352, 50275, 33813, 72521, 72186, 98367, 89110, 82056, 74758, 66368, 72604, 26616, 95885, 5264, 24236, 31002, 72786, 81453, 1549, 58861, 79208, 25327, 61699, 15666, 70132, 5604, 37976, 96197, 2135, 75049, 31492, 45828, 69192, 23886, 73401, 14363, 57489, 62600, 98230, 9181, 95579, 43563, 90001, 10166, 37716, 81042, 70856, 13122, 24742, 63023, 17296, 11162, 35926, 83920, 36824, 91962, 58024, 27633, 13217, 56880, 30598, 66637, 54630, 58415, 54841, 82919, 35232, 49917, 17273, 79974, 17408, 31831, 87760, 29062, 14159, 29820, 5544, 41099, 45482, 2367, 64759, 21373, 78063, 60377, 57592, 80389, 75806, 7140, 12762, 52584, 44029, 83065, 36358, 92073, 35502, 89851, 86918, 68167, 22970, 33999, 40707, 73232, 67107, 4690, 27422, 72591, 34525, 90618, 2963, 85885, 80470, 94309, 72287, 86237, 30800, 21730, 52145, 25063, 99142, 45233, 92389, 19816, 53209, 72995, 23801, 95121, 45638, 11339, 15054, 40314, 16381, 79668, 56708, 97137, 22673, 80400, 80443, 24458, 37011, 58667, 75764, 53847, 74996, 93872, 46267, 41769, 85089, 9643, 86889, 97627, 33079, 933, 43196, 52217, 79122, 46989, 50182, 64937, 60213, 16879, 63767, 55027, 27313, 18196, 50575, 90581, 8996, 89436, 11012, 91016, 57772, 10236, 47256, 19254, 76575, 44892, 57875, 3503, 27780, 56113, 13767, 20496, 36810, 88578, 50995, 20368, 96919, 63509, 78725, 22186, 21940, 83357, 70821, 62407, 5751, 99417, 54484, 84347, 49869, 59120, 77472, 71055, 75216, 32877, 52229, 43027, 52944, 84829, 51449, 27475, 27630, 13347, 93840, 82893, 31266, 77927, 44060, 63854, 26220, 14191, 5875, 72995, 94210, 4812, 36293, 60877, 38524, 53538, 55421, 57401, 6707, 31836, 5558, 72593, 56812, 95547, 72912, 18618, 75443, 78171, 11735, 35054, 94765, 87027, 57565, 4412, 48777, 17618, 18044, 80027, 77395, 39289, 29056, 72558, 46347, 83019, 73372, 48356, 18386, 80834, 35099, 61279, 69867, 10554, 17785, 24597, 21526, 52000, 84035, 68241, 86236, 90584, 56916, 4321, 21106, 3209, 53370, 14502, 4043, 3741, 48190, 62568, 85240, 30739, 34688, 33162, 38929, 40707, 9334, 70094, 294, 70936, 86179, 55931, 16143, 22646, 9862, 78881, 12560, 83625, 7134, 61874, 91203, 46269, 47110, 83843, 5289, 74137, 88273, 14580, 47344, 60753, 19167, 40339, 79020, 71132, 72253, 89884, 55934, 54064, 74742, 75597, 86320, 15369, 63397, 46665, 17800, 14718, 59462, 83731, 50541, 53632, 34874, 68412, 2214, 3157, 78677, 23641, 67143, 58266, 39232, 74667, 18780, 43657, 73836, 21147, 90021, 98970, 11732, 28569, 99269, 41709, 68360, 42589, 70863, 97958, 97500, 40709, 92966, 21694, 40040, 15592, 22426, 52529, 8629, 24081, 50548, 58167, 84087, 80087, 55979, 12478, 75863, 55100, 52426, 86114, 99605, 40435, 5992, 58835, 61375, 29923, 65710, 80868, 92180, 69393, 41505, 62791, 18731, 18953, 11106, 22971, 47087, 67395, 8258, 12800, 44872, 82838, 62992, 14599, 48272, 40211, 34341, 21057, 28702, 52824, 50572, 82640, 12559, 6067, 48063, 59935, 26657, 3055, 87176, 89751, 87167, 14129, 36152, 74245, 44747, 51354, 75606, 24046, 98077, 96803, 82440, 70055, 51399, 43781, 35119, 45388, 14656, 55187, 5401, 8942, 17594, 59726, 44804, 51824, 97127, 93212, 46736, 55514, 73728, 42663, 19730, 19118, 31504, 24324, 14360, 71402, 35819, 66623, 33391, 84006, 2911, 97136, 67491, 11377, 49060, 65542, 72990, 114, 23028, 6641, 27228, 3801, 4956, 62586, 14141, 70080, 75547, 78994, 65918, 560, 46101, 31529, 66655, 31719, 5956, 96644, 67012, 78144, 3048, 45105, 7215, 83884, 11279, 16049, 66710, 25797, 40844, 87206, 63324, 41774, 57371, 78550, 22173, 30307, 13444, 29382, 32923, 31372, 98768, 620, 84539, 52981, 46001, 96637, 98145, 70426, 17494, 64405, 42589, 15179, 68644, 27071, 13450, 95253, 45532, 96961, 62333, 11781, 32318, 82849, 54636, 12447, 1814, 30737, 3786, 72534, 1553, 67307, 88836, 53336, 60684, 5299, 69670, 93727, 24264, 65067, 51522, 39043, 6477, 55629, 2045, 64874, 64874, 93396, 99449, 22991, 2252, 65473, 51372, 84312, 95735, 39003, 62906, 71229, 74579, 17862, 12605, 66123, 12351, 5404, 1510, 13832, 51398, 43597, 86043, 45546, 50420, 68348, 45911, 17136, 91393, 29118, 76555, 7357, 11300, 51742, 333, 26830, 75555, 2331, 96635, 13605, 21847, 8187, 79899, 51411, 91776, 29149, 96412, 70544, 75327, 30017, 64797, 45663, 36499, 35707, 5655, 58962, 70918, 30728, 28698, 2763, 45752, 53106, 82946, 39676, 58721, 64695, 96504, 11019, 19011, 33978, 82026, 62216, 86549, 70888, 51675, 18118, 44149, 304, 65154, 36993, 6719, 70749, 97700, 69122, 18232, 60931, 25664, 33495, 71133, 59877, 99870, 53079, 77835, 65833, 47081, 384, 86289, 42953, 38560, 17803, 33158, 87143, 3202, 80836, 24559, 25480, 24884, 20970, 78849, 96190, 23338, 56243, 28044, 1806, 43098, 94629, 1557, 75946, 69931, 66152, 83354, 38712, 69524, 66843, 29150, 61796, 59849, 85600, 73561, 8370, 32232, 13997, 66493, 75770, 25037, 41313, 81709, 42770, 35823, 5767, 84597, 6127, 36332, 59300, 14612, 84423, 75500, 4652, 15299, 11866, 73468, 89289, 30402, 81756, 68438, 35166, 55904, 13846, 18702, 799, 42978, 42363, 81775, 82039, 83706, 66787, 77082, 77233, 90355, 92042, 96322, 19227, 61963, 89603, 77545, 6052, 3841, 18717, 8234, 40730, 2563, 59226, 40967, 20584, 89858, 2564, 5878, 37612, 97484, 83865, 55142, 71000, 19072, 8974, 77980, 38107, 22222, 6344, 29047, 58559, 78236, 92489, 35351, 52880, 4784, 75272, 7172, 14821, 69925, 48597, 36800, 79837, 61052, 92728, 80840, 76556, 35926, 45963, 39089, 13982, 99317, 41515, 54213, 5759, 15167, 75711, 94811, 10683, 62537, 60034, 52454, 34102, 45807, 41806, 62006, 5254, 39376, 56753, 187, 90094, 45504, 96638, 10503, 14605, 12369, 14432, 31110, 66366, 82294, 58782, 82122, 93759, 61568, 45358, 83396, 56007, 22346, 66542, 25137, 68312, 52464, 36527, 57473, 69800, 52446, 72031, 53744, 47922, 16738, 49867, 32313, 76536, 62962, 51773, 12155, 8875, 76172, 34750, 32742, 97811, 88073, 51338, 30794, 91006, 86416, 39880, 1952, 1988, 834, 62791, 67483, 70617, 36464, 94648, 90108, 1096, 63154, 60062, 94902, 97514, 37054, 72006, 93872, 51641, 95146, 29421, 13699, 69458, 65880, 5195, 64127, 49560, 11459, 71639, 53906, 78595, 61247, 38, 96621, 9490, 10431, 14318, 66154, 77198, 68556, 55459, 96467, 72843, 20962, 56323, 81690, 9497, 25412, 82928, 49217, 52686, 94969, 92492, 21761, 71648, 29956, 62011, 95264, 32476, 14571, 57797, 89984, 56359, 10135, 93277, 26149, 81033, 35003, 9263, 28190, 31612, 31319, 51082, 62322, 43964, 54411, 62127, 34041, 1407, 30008, 37444, 91432, 17575, 63516, 79823, 24359, 57939, 44660, 66, 72073, 42472, 94120, 65635, 81958, 37791, 55580, 41268, 69239, 35124, 6540, 98481, 46755, 25404, 67577, 65846, 29030, 46115, 80925, 52269, 5028, 9163, 60505, 33992, 22030, 94004, 52956, 42555, 32674, 98143, 24692, 8450, 53283, 2014, 7396, 66, 78982, 83694, 22573, 2780, 14252, 55750, 49033, 93213, 40123, 40063, 85147, 53609, 43278, 5175, 49000, 61144, 18853, 22685, 65944]})"
739.0,9,128,42,450.51396799087524,10180,"Genotype(dna={""<class 'abc.NT_0010'>"": [0, 0, 0, 0, 0, 1, 85147], ""<class 'abc.NT_0010_P_00000'>"": [], ""<class 'abc.NT_0007'>"": [], ""<class 'abc.NT_0007_P_00000'>"": [], ""<class 'abc.NT_0004'>"": [], ""<class 'abc.NT_0004_P_00000'>"": [], ""<class 'int'>"": [77126, 43201, 70789, 75809, 4326, 67271, 38350, 87430, 97011, 55942, 4506, 59964, 42225, 57077, 24342, 14478, 93904, 80839, 76441, 74856, 50058, 3411, 8626, 26055, 29274, 58967, 78993, 14828, 751, 67511, 28585, 12825, 23966, 7277, 99825, 74879, 55352, 55331, 363, 45016, 14379, 61509, 2069, 28699, 80396, 73351, 75557, 59585, 6749, 85094, 61965, 7610, 26258, 28296, 93033, 83162, 30096, 44060, 62884, 2091, 35245, 6364, 80462, 83171, 68919, 29950, 26707, 81924, 38153, 22585, 59277, 34382, 68715, 94500, 26532, 36726, 60581, 3345, 80271, 58978, 66816, 27488, 49989, 88487, 67815, 33251, 9814, 70899, 70376, 99445, 16025, 47013, 16359, 51100, 8258, 32360, 60550, 42267, 55413, 66178, 58891, 3524, 17413, 2205, 64779, 63914, 19152, 44391, 7431, 78639, 82080, 50837, 75285, 21620, 27020, 45595, 55890, 54599, 20169, 33311, 32242, 53498, 46439, 80881, 76188, 26746, 1133, 75300, 28413, 28258, 74339, 48912, 89430, 54118, 78957, 8190, 11376, 81490, 34042, 77295, 38509, 25473, 21325, 74688, 33757, 73445, 1092, 88730, 91008, 96974, 36419, 85058, 83462, 49605, 19202, 51394, 772, 92230, 92668, 29889], ""<class 'abc.NT_0001'>"": [], ""<class 'abc.NT_0001_P_00000'>"": [], ""<class 'bool'>"": [94567, 26792, 43510, 17549, 32334, 79141, 31637, 64567, 53775, 17842, 69311, 43769, 97227, 1539, 80259, 78373, 75096, 56123, 57441, 16081, 65316, 25292, 17109, 80941, 79234, 78069, 69895, 52794, 33022, 9796, 7359, 78315, 95070, 23853, 844, 88015, 38332, 33443, 63109, 65469, 50133, 54808, 23847, 83837, 84120, 86023, 34733, 17939, 58788, 74731, 58899, 85894, 94868, 87736, 94803, 79241, 69192, 55877, 78874, 36565, 40804, 62427, 84620, 28560, 70055, 35083, 5624, 91838, 73200, 57692, 93844, 49188, 88083, 79346, 19552, 58622, 55206, 19601, 35191, 14712, 78821, 52959, 61452, 13366, 87131, 38741, 63663, 62649, 36721, 81387, 89872, 25618, 37326, 81250, 65858, 74057, 77241, 77936, 77620, 62546, 87885, 4720, 53507, 52797, 91566, 75573, 30809, 8533, 78169, 53227, 17504, 76054, 95332, 18131, 3746, 8357, 59409, 43362, 50357, 66110, 93450, 56020, 67103, 34074, 67268, 53023, 33617, 66382, 84834, 43871, 11081, 26348, 47197, 85835, 4310, 46301, 33767, 61666, 71524, 61482, 55090, 38849, 95324, 45414, 58081, 48962, 31423, 14456, 31766, 22437, 12039, 94697, 87951, 37997, 75770, 75627, 94621, 54774, 6977, 28274, 14326, 73207, 77563, 61868, 35583, 91136, 64724, 85540, 67704, 93186, 18881, 33866, 79351, 46010, 20293, 87453, 12273, 37918, 23105, 5631, 38294, 55444, 26861, 14547, 78014, 58417, 6625, 97742, 30201, 35222, 94130, 9869, 72191, 90426, 47638, 17917, 93700, 83016, 79750, 29518, 8683, 25170, 38117, 1270, 87580, 76026, 6813, 5175], ""<class 'abc.NT_0000'>"": [6, 81341, 2, 0, 0, 0, 0, 0, 5, 3, 0, 0, 0, 64878, 4, 6, 3, 3, 6, 5, 1, 1, 2, 5, 1, 5, 0, 1, 1, 1, 0, 6, 3, 4, 4, 2, 0, 5, 2, 0, 6, 4, 5, 6, 0, 3, 2, 5, 3, 5, 3, 2, 2, 2, 5, 1, 0, 6, 90454, 2, 3, 0, 5, 4, 3, 0, 0, 0, 0, 73098, 0, 0, 0, 0, 5, 3, 2, 1, 5, 4, 0, 2, 2, 1, 75691, 72824, 98505, 4, 1, 2, 3, 0, 0, 0, 0, 0, 0, 0, 0, 6, 1, 0, 4, 0, 5, 0, 0, 0, 0, 5, 3, 37973, 4, 6, 4, 3, 6, 4, 1, 16791, 3, 2, 5, 5, 6, 3, 0, 23028, 5, 25454, 1, 6, 1, 3, 5, 3, 6, 4, 1, 0, 0, 0, 0, 0, 2, 6, 2, 2, 6, 2, 1, 71077, 6, 1, 3, 6, 4, 6, 1, 43278, 18853, 22685, 65944], ""<class 'abc.NT_0000_P_00000'>"": [], ""<class 'abc.NT_0000_P_00001'>"": [], ""<class 'abc.NT_0000_P_00002'>"": [], ""<class 'abc.NT_0000_P_00003'>"": [], ""<class 'abc.NT_0000_P_00004'>"": [], ""<class 'abc.NT_0000_P_00005'>"": [], ""<class 'abc.NT_0000_P_00006'>"": [], ""<class 'abc.NT_0001_P_00001'>"": [], ""<class 'abc.NT_0001_P_00002'>"": [], ""<class 'abc.NT_0004_P_00001'>"": [], ""<class 'abc.NT_0003'>"": [], ""<class 'abc.NT_0003_P_00000'>"": [], ""<class 'abc.NT_0002'>"": [], ""<class 'abc.NT_0002_P_00000'>"": [], ""<class 'abc.NT_0002_P_00001'>"": [], ""<class 'abc.NT_0002_P_00002'>"": [], ""<class 'abc.NT_0002_P_00003'>"": [], ""<class 'abc.NT_0002_P_00004'>"": [], ""<class 'abc.NT_0002_P_00005'>"": [], ""<class 'abc.NT_0002_P_00006'>"": [], ""<class 'abc.NT_0002_P_00007'>"": [], ""<class 'abc.NT_0003_P_00001'>"": [], ""<class 'abc.NT_0006'>"": [0, 0, 0, 0, 0, 0, 0, 0, 0, 0, 0, 60378, 37837], ""<class 'abc.NT_0006_P_00000'>"": [], ""<class 'abc.NT_0005'>"": [], ""<class 'abc.NT_0005_P_00000'>"": [], ""<class 'abc.NT_0005_P_00001'>"": [], ""<class 'abc.NT_0005_P_00002'>"": [], ""<class 'abc.NT_0005_P_00003'>"": [], ""<class 'abc.NT_0005_P_00004'>"": [], ""<class 'abc.NT_0005_P_00005'>"": [], ""<class 'abc.NT_0005_P_00006'>"": [], ""<class 'abc.NT_0006_P_00001'>"": [], ""<class 'abc.NT_0006_P_00002'>"": [], ""<class 'abc.NT_0006_P_00003'>"": [], ""<class 'abc.NT_0006_P_00004'>"": [], ""<class 'abc.NT_0006_P_00005'>"": [], ""<class 'abc.NT_0006_P_00006'>"": [], ""<class 'abc.NT_0006_P_00007'>"": [], ""<class 'abc.NT_0007_P_00001'>"": [], ""<class 'abc.NT_0007_P_00002'>"": [], ""<class 'abc.NT_0007_P_00003'>"": [], ""<class 'abc.NT_0007_P_00004'>"": [], ""<class 'abc.NT_0007_P_00005'>"": [], ""<class 'abc.NT_0010_P_00001'>"": [], ""<class 'abc.NT_0008'>"": [1, 1, 0, 1, 0, 1, 1, 0, 0, 0, 53609], ""<class 'abc.NT_0008_P_00000'>"": [], ""<class 'abc.NT_0008_P_00001'>"": [], ""<class 'abc.NT_0008_P_00002'>"": [], ""<class 'abc.NT_0008_P_00003'>"": [], ""<class 'abc.NT_0008_P_00004'>"": [], ""<class 'abc.NT_0010_P_00002'>"": [], ""<class 'abc.NT_0010_P_00003'>"": [], ""<class 'abc.NT_0010_P_00004'>"": [], ""<class 'abc.NT_0009'>"": [], ""<class 'abc.NT_0009_P_00000'>"": [], ""<class 'abc.NT_0009_P_00001'>"": [], ""<class 'abc.NT_0009_P_00002'>"": [], ""<class 'abc.NT_0009_P_00003'>"": [], ""<class 'abc.NT_0009_P_00004'>"": [], ""<class 'abc.NT_0010_P_00005'>"": [], ""<class 'abc.NT_0010_P_00006'>"": [], '$leftovers': [30991, 71325, 99256, 76301, 95693, 34122, 53952, 55672, 74831, 33963, 25015, 25697, 7592, 13690, 41603, 28828, 1846, 59419, 50863, 95750, 68544, 33751, 67086, 76352, 50275, 33813, 72521, 72186, 98367, 89110, 82056, 74758, 66368, 72604, 26616, 95885, 5264, 24236, 31002, 72786, 81453, 1549, 58861, 79208, 25327, 61699, 15666, 70132, 5604, 37976, 96197, 2135, 75049, 31492, 45828, 69192, 23886, 73401, 14363, 57489, 62600, 98230, 9181, 95579, 43563, 90001, 10166, 37716, 81042, 70856, 13122, 24742, 63023, 17296, 11162, 35926, 83920, 36824, 91962, 58024, 27633, 13217, 56880, 30598, 66637, 54630, 58415, 54841, 82919, 35232, 49917, 17273, 79974, 17408, 31831, 87760, 29062, 14159, 29820, 5544, 41099, 45482, 2367, 64759, 21373, 78063, 60377, 57592, 80389, 75806, 7140, 12762, 52584, 44029, 83065, 36358, 92073, 35502, 89851, 86918, 68167, 22970, 33999, 40707, 73232, 67107, 4690, 27422, 72591, 34525, 90618, 2963, 85885, 80470, 94309, 72287, 86237, 30800, 21730, 52145, 25063, 99142, 45233, 92389, 19816, 53209, 72995, 23801, 95121, 45638, 11339, 15054, 40314, 16381, 79668, 56708, 97137, 22673, 80400, 80443, 24458, 37011, 58667, 75764, 53847, 74996, 93872, 46267, 41769, 85089, 9643, 86889, 97627, 33079, 933, 43196, 52217, 79122, 46989, 50182, 64937, 60213, 16879, 63767, 55027, 27313, 18196, 50575, 90581, 8996, 89436, 11012, 91016, 57772, 10236, 47256, 19254, 76575, 44892, 57875, 3503, 27780, 56113, 13767, 20496, 36810, 88578, 50995, 20368, 96919, 63509, 78725, 22186, 21940, 83357, 70821, 62407, 5751, 99417, 54484, 84347, 49869, 59120, 77472, 71055, 75216, 32877, 52229, 43027, 52944, 84829, 51449, 27475, 27630, 13347, 93840, 82893, 31266, 77927, 44060, 63854, 26220, 14191, 5875, 72995, 94210, 4812, 36293, 60877, 38524, 53538, 55421, 57401, 6707, 31836, 5558, 72593, 56812, 95547, 72912, 18618, 75443, 78171, 11735, 35054, 94765, 87027, 57565, 4412, 48777, 17618, 18044, 80027, 77395, 39289, 29056, 72558, 46347, 83019, 73372, 48356, 18386, 80834, 35099, 61279, 69867, 10554, 17785, 24597, 21526, 52000, 84035, 68241, 86236, 90584, 56916, 4321, 21106, 3209, 53370, 14502, 4043, 3741, 48190, 62568, 85240, 30739, 34688, 33162, 38929, 40707, 9334, 70094, 294, 70936, 86179, 55931, 16143, 22646, 9862, 78881, 12560, 83625, 7134, 61874, 91203, 46269, 47110, 83843, 5289, 74137, 88273, 14580, 47344, 60753, 19167, 40339, 79020, 71132, 72253, 89884, 55934, 54064, 74742, 75597, 86320, 15369, 63397, 46665, 17800, 14718, 59462, 83731, 50541, 53632, 34874, 68412, 2214, 3157, 78677, 23641, 67143, 58266, 39232, 74667, 18780, 43657, 73836, 21147, 90021, 98970, 11732, 28569, 99269, 41709, 68360, 42589, 70863, 97958, 97500, 40709, 92966, 21694, 40040, 15592, 22426, 52529, 8629, 24081, 50548, 58167, 84087, 80087, 55979, 12478, 75863, 55100, 52426, 86114, 99605, 40435, 5992, 58835, 61375, 29923, 65710, 80868, 92180, 69393, 41505, 62791, 18731, 18953, 11106, 22971, 47087, 67395, 8258, 12800, 44872, 82838, 62992, 14599, 48272, 40211, 34341, 21057, 28702, 52824, 50572, 82640, 12559, 6067, 48063, 59935, 26657, 3055, 87176, 89751, 87167, 14129, 36152, 74245, 44747, 51354, 75606, 24046, 98077, 96803, 82440, 70055, 51399, 43781, 35119, 45388, 14656, 55187, 5401, 8942, 17594, 59726, 44804, 51824, 97127, 93212, 46736, 55514, 73728, 42663, 19730, 19118, 31504, 24324, 14360, 71402, 35819, 66623, 33391, 84006, 2911, 97136, 67491, 11377, 49060, 65542, 72990, 114, 23028, 6641, 27228, 3801, 4956, 62586, 14141, 70080, 75547, 78994, 65918, 560, 46101, 31529, 66655, 31719, 5956, 96644, 67012, 78144, 3048, 45105, 7215, 83884, 11279, 16049, 66710, 25797, 40844, 87206, 63324, 41774, 57371, 78550, 22173, 30307, 13444, 29382, 32923, 31372, 98768, 620, 84539, 52981, 46001, 96637, 98145, 70426, 17494, 64405, 42589, 15179, 68644, 27071, 13450, 95253, 45532, 96961, 62333, 11781, 32318, 82849, 54636, 12447, 1814, 30737, 3786, 72534, 1553, 67307, 88836, 53336, 60684, 5299, 69670, 93727, 24264, 65067, 51522, 39043, 6477, 55629, 2045, 64874, 64874, 93396, 99449, 22991, 2252, 65473, 51372, 84312, 95735, 39003, 62906, 71229, 74579, 17862, 12605, 66123, 12351, 5404, 1510, 13832, 51398, 43597, 86043, 45546, 50420, 68348, 45911, 17136, 91393, 29118, 76555, 7357, 11300, 51742, 333, 26830, 75555, 2331, 96635, 13605, 21847, 8187, 79899, 51411, 91776, 29149, 96412, 70544, 75327, 30017, 64797, 45663, 36499, 35707, 5655, 58962, 70918, 30728, 28698, 2763, 45752, 53106, 82946, 39676, 58721, 64695, 96504, 11019, 19011, 33978, 82026, 62216, 86549, 70888, 51675, 18118, 44149, 304, 65154, 36993, 6719, 70749, 97700, 69122, 18232, 60931, 25664, 33495, 71133, 59877, 99870, 53079, 77835, 65833, 47081, 384, 86289, 42953, 38560, 17803, 33158, 87143, 3202, 80836, 24559, 25480, 24884, 20970, 78849, 96190, 23338, 56243, 28044, 1806, 43098, 94629, 1557, 75946, 69931, 66152, 83354, 38712, 69524, 66843, 29150, 61796, 59849, 85600, 73561, 8370, 32232, 13997, 66493, 75770, 25037, 41313, 81709, 42770, 35823, 5767, 84597, 6127, 36332, 59300, 14612, 84423, 75500, 4652, 15299, 11866, 73468, 89289, 30402, 81756, 68438, 35166, 55904, 13846, 18702, 799, 42978, 42363, 81775, 82039, 83706, 66787, 77082, 77233, 90355, 92042, 96322, 19227, 61963, 89603, 77545, 6052, 3841, 18717, 8234, 40730, 2563, 59226, 40967, 20584, 89858, 2564, 5878, 37612, 97484, 83865, 55142, 71000, 19072, 8974, 77980, 38107, 22222, 6344, 29047, 58559, 78236, 92489, 35351, 52880, 4784, 75272, 7172, 14821, 69925, 48597, 36800, 79837, 61052, 92728, 80840, 76556, 35926, 45963, 39089, 13982, 99317, 41515, 54213, 5759, 15167, 75711, 94811, 10683, 62537, 60034, 52454, 34102, 45807, 41806, 62006, 5254, 39376, 56753, 187, 90094, 45504, 96638, 10503, 14605, 12369, 14432, 31110, 66366, 82294, 58782, 82122, 93759, 61568, 45358, 83396, 56007, 22346, 66542, 25137, 68312, 52464, 36527, 57473, 69800, 52446, 72031, 53744, 47922, 16738, 49867, 32313, 76536, 62962, 51773, 12155, 8875, 76172, 34750, 32742, 97811, 88073, 51338, 30794, 91006, 86416, 39880, 1952, 1988, 834, 62791, 67483, 70617, 36464, 94648, 90108, 1096, 63154, 60062, 94902, 97514, 37054, 72006, 93872, 51641, 95146, 29421, 13699, 69458, 65880, 5195, 64127, 49560, 11459, 71639, 53906, 78595, 61247, 38, 96621, 9490, 10431, 14318, 66154, 77198, 68556, 55459, 96467, 72843, 20962, 56323, 81690, 9497, 25412, 82928, 49217, 52686, 94969, 92492, 21761, 71648, 29956, 62011, 95264, 32476, 14571, 57797, 89984, 56359, 10135, 93277, 26149, 81033, 35003, 9263, 28190, 31612, 31319, 51082, 62322, 43964, 54411, 62127, 34041, 1407, 30008, 37444, 91432, 17575, 63516, 79823, 24359, 57939, 44660, 66, 72073, 42472, 94120, 65635, 81958, 37791, 55580, 41268, 69239, 35124, 6540, 98481, 46755, 25404, 67577, 65846, 29030, 46115, 80925, 52269, 5028, 9163, 60505, 33992, 22030, 94004, 52956, 42555, 32674, 98143, 24692, 8450, 53283, 2014, 7396, 66, 78982, 83694, 22573, 2780, 14252, 55750, 49033, 93213, 40123, 40063, 85147, 53609, 43278, 5175, 49000, 61144, 18853, 22685, 65944]})"
739.0,9,128,43,451.43995785713196,10180,"Genotype(dna={""<class 'abc.NT_0010'>"": [0, 0, 0, 0, 0, 1, 85147], ""<class 'abc.NT_0010_P_00000'>"": [], ""<class 'abc.NT_0007'>"": [], ""<class 'abc.NT_0007_P_00000'>"": [], ""<class 'abc.NT_0004'>"": [], ""<class 'abc.NT_0004_P_00000'>"": [], ""<class 'int'>"": [77126, 43201, 70789, 75809, 4326, 67271, 38350, 87430, 97011, 55942, 4506, 59964, 42225, 57077, 24342, 14478, 93904, 80839, 76441, 74856, 50058, 3411, 8626, 26055, 29274, 58967, 78993, 14828, 751, 67511, 28585, 12825, 23966, 7277, 99825, 74879, 55352, 55331, 363, 45016, 14379, 61509, 2069, 28699, 80396, 73351, 75557, 59585, 6749, 85094, 61965, 7610, 26258, 28296, 93033, 83162, 30096, 44060, 62884, 2091, 35245, 6364, 80462, 83171, 68919, 29950, 26707, 81924, 38153, 22585, 59277, 34382, 68715, 94500, 26532, 36726, 60581, 3345, 80271, 58978, 66816, 27488, 49989, 88487, 67815, 33251, 9814, 70899, 70376, 99445, 16025, 47013, 16359, 51100, 8258, 32360, 60550, 42267, 55413, 66178, 58891, 3524, 17413, 2205, 64779, 63914, 19152, 44391, 7431, 78639, 82080, 50837, 75285, 21620, 27020, 45595, 55890, 54599, 20169, 33311, 32242, 53498, 46439, 80881, 76188, 26746, 1133, 75300, 28413, 28258, 74339, 48912, 89430, 54118, 78957, 8190, 11376, 81490, 34042, 77295, 38509, 25473, 21325, 74688, 33757, 73445, 1092, 88730, 91008, 96974, 36419, 85058, 83462, 49605, 19202, 51394, 772, 92230, 92668, 29889], ""<class 'abc.NT_0001'>"": [], ""<class 'abc.NT_0001_P_00000'>"": [], ""<class 'bool'>"": [94567, 26792, 43510, 17549, 32334, 79141, 31637, 64567, 53775, 17842, 69311, 43769, 97227, 1539, 80259, 78373, 75096, 56123, 57441, 16081, 65316, 25292, 17109, 80941, 79234, 78069, 69895, 52794, 33022, 9796, 7359, 78315, 95070, 23853, 844, 88015, 38332, 33443, 63109, 65469, 50133, 54808, 23847, 83837, 84120, 86023, 34733, 17939, 58788, 74731, 58899, 85894, 94868, 87736, 94803, 79241, 69192, 55877, 78874, 36565, 40804, 62427, 84620, 28560, 70055, 35083, 5624, 91838, 73200, 57692, 93844, 49188, 88083, 79346, 19552, 58622, 55206, 19601, 35191, 14712, 78821, 52959, 61452, 13366, 87131, 38741, 63663, 62649, 36721, 81387, 89872, 25618, 37326, 81250, 65858, 74057, 77241, 77936, 77620, 62546, 87885, 4720, 53507, 52797, 91566, 75573, 30809, 8533, 78169, 53227, 17504, 76054, 95332, 18131, 3746, 8357, 59409, 43362, 50357, 66110, 93450, 56020, 67103, 34074, 67268, 53023, 33617, 66382, 84834, 43871, 11081, 26348, 47197, 85835, 4310, 46301, 33767, 61666, 71524, 61482, 55090, 38849, 95324, 45414, 58081, 48962, 31423, 14456, 31766, 22437, 12039, 94697, 87951, 37997, 75770, 75627, 94621, 54774, 6977, 28274, 14326, 73207, 77563, 61868, 35583, 91136, 64724, 85540, 67704, 93186, 18881, 33866, 79351, 46010, 20293, 87453, 12273, 37918, 23105, 5631, 38294, 55444, 26861, 14547, 78014, 58417, 6625, 97742, 30201, 35222, 94130, 9869, 72191, 90426, 47638, 17917, 93700, 83016, 79750, 29518, 8683, 25170, 38117, 1270, 87580, 76026, 6813, 5175], ""<class 'abc.NT_0000'>"": [6, 81341, 2, 0, 0, 0, 0, 0, 5, 3, 0, 0, 0, 64878, 4, 6, 3, 3, 6, 5, 1, 1, 2, 5, 1, 5, 0, 1, 1, 1, 0, 6, 3, 4, 4, 2, 0, 5, 2, 0, 6, 4, 5, 6, 0, 3, 2, 5, 3, 5, 3, 2, 2, 2, 5, 1, 0, 6, 90454, 2, 3, 0, 5, 4, 3, 0, 0, 0, 0, 73098, 0, 0, 0, 0, 5, 3, 2, 1, 5, 4, 0, 2, 2, 1, 75691, 72824, 98505, 4, 1, 2, 3, 0, 0, 0, 0, 0, 0, 0, 0, 6, 1, 0, 4, 0, 5, 0, 0, 0, 0, 5, 3, 37973, 4, 6, 4, 3, 6, 4, 1, 16791, 3, 2, 5, 5, 6, 3, 0, 23028, 5, 25454, 1, 6, 1, 3, 5, 3, 6, 4, 1, 0, 0, 0, 0, 0, 2, 6, 2, 2, 6, 2, 1, 71077, 6, 1, 3, 6, 4, 6, 1, 43278, 18853, 22685, 65944], ""<class 'abc.NT_0000_P_00000'>"": [], ""<class 'abc.NT_0000_P_00001'>"": [], ""<class 'abc.NT_0000_P_00002'>"": [], ""<class 'abc.NT_0000_P_00003'>"": [], ""<class 'abc.NT_0000_P_00004'>"": [], ""<class 'abc.NT_0000_P_00005'>"": [], ""<class 'abc.NT_0000_P_00006'>"": [], ""<class 'abc.NT_0001_P_00001'>"": [], ""<class 'abc.NT_0001_P_00002'>"": [], ""<class 'abc.NT_0004_P_00001'>"": [], ""<class 'abc.NT_0003'>"": [], ""<class 'abc.NT_0003_P_00000'>"": [], ""<class 'abc.NT_0002'>"": [], ""<class 'abc.NT_0002_P_00000'>"": [], ""<class 'abc.NT_0002_P_00001'>"": [], ""<class 'abc.NT_0002_P_00002'>"": [], ""<class 'abc.NT_0002_P_00003'>"": [], ""<class 'abc.NT_0002_P_00004'>"": [], ""<class 'abc.NT_0002_P_00005'>"": [], ""<class 'abc.NT_0002_P_00006'>"": [], ""<class 'abc.NT_0002_P_00007'>"": [], ""<class 'abc.NT_0003_P_00001'>"": [], ""<class 'abc.NT_0006'>"": [0, 0, 0, 0, 0, 0, 0, 0, 0, 0, 0, 60378, 37837], ""<class 'abc.NT_0006_P_00000'>"": [], ""<class 'abc.NT_0005'>"": [], ""<class 'abc.NT_0005_P_00000'>"": [], ""<class 'abc.NT_0005_P_00001'>"": [], ""<class 'abc.NT_0005_P_00002'>"": [], ""<class 'abc.NT_0005_P_00003'>"": [], ""<class 'abc.NT_0005_P_00004'>"": [], ""<class 'abc.NT_0005_P_00005'>"": [], ""<class 'abc.NT_0005_P_00006'>"": [], ""<class 'abc.NT_0006_P_00001'>"": [], ""<class 'abc.NT_0006_P_00002'>"": [], ""<class 'abc.NT_0006_P_00003'>"": [], ""<class 'abc.NT_0006_P_00004'>"": [], ""<class 'abc.NT_0006_P_00005'>"": [], ""<class 'abc.NT_0006_P_00006'>"": [], ""<class 'abc.NT_0006_P_00007'>"": [], ""<class 'abc.NT_0007_P_00001'>"": [], ""<class 'abc.NT_0007_P_00002'>"": [], ""<class 'abc.NT_0007_P_00003'>"": [], ""<class 'abc.NT_0007_P_00004'>"": [], ""<class 'abc.NT_0007_P_00005'>"": [], ""<class 'abc.NT_0010_P_00001'>"": [], ""<class 'abc.NT_0008'>"": [1, 1, 0, 1, 0, 1, 1, 0, 0, 0, 53609], ""<class 'abc.NT_0008_P_00000'>"": [], ""<class 'abc.NT_0008_P_00001'>"": [], ""<class 'abc.NT_0008_P_00002'>"": [], ""<class 'abc.NT_0008_P_00003'>"": [], ""<class 'abc.NT_0008_P_00004'>"": [], ""<class 'abc.NT_0010_P_00002'>"": [], ""<class 'abc.NT_0010_P_00003'>"": [], ""<class 'abc.NT_0010_P_00004'>"": [], ""<class 'abc.NT_0009'>"": [], ""<class 'abc.NT_0009_P_00000'>"": [], ""<class 'abc.NT_0009_P_00001'>"": [], ""<class 'abc.NT_0009_P_00002'>"": [], ""<class 'abc.NT_0009_P_00003'>"": [], ""<class 'abc.NT_0009_P_00004'>"": [], ""<class 'abc.NT_0010_P_00005'>"": [], ""<class 'abc.NT_0010_P_00006'>"": [], '$leftovers': [30991, 71325, 99256, 76301, 95693, 34122, 53952, 55672, 74831, 33963, 25015, 25697, 7592, 13690, 41603, 28828, 1846, 59419, 50863, 95750, 68544, 33751, 67086, 76352, 50275, 33813, 72521, 72186, 98367, 89110, 82056, 74758, 66368, 72604, 26616, 95885, 5264, 24236, 31002, 72786, 81453, 1549, 58861, 79208, 25327, 61699, 15666, 70132, 5604, 37976, 96197, 2135, 75049, 31492, 45828, 69192, 23886, 73401, 14363, 57489, 62600, 98230, 9181, 95579, 43563, 90001, 10166, 37716, 81042, 70856, 13122, 24742, 63023, 17296, 11162, 35926, 83920, 36824, 91962, 58024, 27633, 13217, 56880, 30598, 66637, 54630, 58415, 54841, 82919, 35232, 49917, 17273, 79974, 17408, 31831, 87760, 29062, 14159, 29820, 5544, 41099, 45482, 2367, 64759, 21373, 78063, 60377, 57592, 80389, 75806, 7140, 12762, 52584, 44029, 83065, 36358, 92073, 35502, 89851, 86918, 68167, 22970, 33999, 40707, 73232, 67107, 4690, 27422, 72591, 34525, 90618, 2963, 85885, 80470, 94309, 72287, 86237, 30800, 21730, 52145, 25063, 99142, 45233, 92389, 19816, 53209, 72995, 23801, 95121, 45638, 11339, 15054, 40314, 16381, 79668, 56708, 97137, 22673, 80400, 80443, 24458, 37011, 58667, 75764, 53847, 74996, 93872, 46267, 41769, 85089, 9643, 86889, 97627, 33079, 933, 43196, 52217, 79122, 46989, 50182, 64937, 60213, 16879, 63767, 55027, 27313, 18196, 50575, 90581, 8996, 89436, 11012, 91016, 57772, 10236, 47256, 19254, 76575, 44892, 57875, 3503, 27780, 56113, 13767, 20496, 36810, 88578, 50995, 20368, 96919, 63509, 78725, 22186, 21940, 83357, 70821, 62407, 5751, 99417, 54484, 84347, 49869, 59120, 77472, 71055, 75216, 32877, 52229, 43027, 52944, 84829, 51449, 27475, 27630, 13347, 93840, 82893, 31266, 77927, 44060, 63854, 26220, 14191, 5875, 72995, 94210, 4812, 36293, 60877, 38524, 53538, 55421, 57401, 6707, 31836, 5558, 72593, 56812, 95547, 72912, 18618, 75443, 78171, 11735, 35054, 94765, 87027, 57565, 4412, 48777, 17618, 18044, 80027, 77395, 39289, 29056, 72558, 46347, 83019, 73372, 48356, 18386, 80834, 35099, 61279, 69867, 10554, 17785, 24597, 21526, 52000, 84035, 68241, 86236, 90584, 56916, 4321, 21106, 3209, 53370, 14502, 4043, 3741, 48190, 62568, 85240, 30739, 34688, 33162, 38929, 40707, 9334, 70094, 294, 70936, 86179, 55931, 16143, 22646, 9862, 78881, 12560, 83625, 7134, 61874, 91203, 46269, 47110, 83843, 5289, 74137, 88273, 14580, 47344, 60753, 19167, 40339, 79020, 71132, 72253, 89884, 55934, 54064, 74742, 75597, 86320, 15369, 63397, 46665, 17800, 14718, 59462, 83731, 50541, 53632, 34874, 68412, 2214, 3157, 78677, 23641, 67143, 58266, 39232, 74667, 18780, 43657, 73836, 21147, 90021, 98970, 11732, 28569, 99269, 41709, 68360, 42589, 70863, 97958, 97500, 40709, 92966, 21694, 40040, 15592, 22426, 52529, 8629, 24081, 50548, 58167, 84087, 80087, 55979, 12478, 75863, 55100, 52426, 86114, 99605, 40435, 5992, 58835, 61375, 29923, 65710, 80868, 92180, 69393, 41505, 62791, 18731, 18953, 11106, 22971, 47087, 67395, 8258, 12800, 44872, 82838, 62992, 14599, 48272, 40211, 34341, 21057, 28702, 52824, 50572, 82640, 12559, 6067, 48063, 59935, 26657, 3055, 87176, 89751, 87167, 14129, 36152, 74245, 44747, 51354, 75606, 24046, 98077, 96803, 82440, 70055, 51399, 43781, 35119, 45388, 14656, 55187, 5401, 8942, 17594, 59726, 44804, 51824, 97127, 93212, 46736, 55514, 73728, 42663, 19730, 19118, 31504, 24324, 14360, 71402, 35819, 66623, 33391, 84006, 2911, 97136, 67491, 11377, 49060, 65542, 72990, 114, 23028, 6641, 27228, 3801, 4956, 62586, 14141, 70080, 75547, 78994, 65918, 560, 46101, 31529, 66655, 31719, 5956, 96644, 67012, 78144, 3048, 45105, 7215, 83884, 11279, 16049, 66710, 25797, 40844, 87206, 63324, 41774, 57371, 78550, 22173, 30307, 13444, 29382, 32923, 31372, 98768, 620, 84539, 52981, 46001, 96637, 98145, 70426, 17494, 64405, 42589, 15179, 68644, 27071, 13450, 95253, 45532, 96961, 62333, 11781, 32318, 82849, 54636, 12447, 1814, 30737, 3786, 72534, 1553, 67307, 88836, 53336, 60684, 5299, 69670, 93727, 24264, 65067, 51522, 39043, 6477, 55629, 2045, 64874, 64874, 93396, 99449, 22991, 2252, 65473, 51372, 84312, 95735, 39003, 62906, 71229, 74579, 17862, 12605, 66123, 12351, 5404, 1510, 13832, 51398, 43597, 86043, 45546, 50420, 68348, 45911, 17136, 91393, 29118, 76555, 7357, 11300, 51742, 333, 26830, 75555, 2331, 96635, 13605, 21847, 8187, 79899, 51411, 91776, 29149, 96412, 70544, 75327, 30017, 64797, 45663, 36499, 35707, 5655, 58962, 70918, 30728, 28698, 2763, 45752, 53106, 82946, 39676, 58721, 64695, 96504, 11019, 19011, 33978, 82026, 62216, 86549, 70888, 51675, 18118, 44149, 304, 65154, 36993, 6719, 70749, 97700, 69122, 18232, 60931, 25664, 33495, 71133, 59877, 99870, 53079, 77835, 65833, 47081, 384, 86289, 42953, 38560, 17803, 33158, 87143, 3202, 80836, 24559, 25480, 24884, 20970, 78849, 96190, 23338, 56243, 28044, 1806, 43098, 94629, 1557, 75946, 69931, 66152, 83354, 38712, 69524, 66843, 29150, 61796, 59849, 85600, 73561, 8370, 32232, 13997, 66493, 75770, 25037, 41313, 81709, 42770, 35823, 5767, 84597, 6127, 36332, 59300, 14612, 84423, 75500, 4652, 15299, 11866, 73468, 89289, 30402, 81756, 68438, 35166, 55904, 13846, 18702, 799, 42978, 42363, 81775, 82039, 83706, 66787, 77082, 77233, 90355, 92042, 96322, 19227, 61963, 89603, 77545, 6052, 3841, 18717, 8234, 40730, 2563, 59226, 40967, 20584, 89858, 2564, 5878, 37612, 97484, 83865, 55142, 71000, 19072, 8974, 77980, 38107, 22222, 6344, 29047, 58559, 78236, 92489, 35351, 52880, 4784, 75272, 7172, 14821, 69925, 48597, 36800, 79837, 61052, 92728, 80840, 76556, 35926, 45963, 39089, 13982, 99317, 41515, 54213, 5759, 15167, 75711, 94811, 10683, 62537, 60034, 52454, 34102, 45807, 41806, 62006, 5254, 39376, 56753, 187, 90094, 45504, 96638, 10503, 14605, 12369, 14432, 31110, 66366, 82294, 58782, 82122, 93759, 61568, 45358, 83396, 56007, 22346, 66542, 25137, 68312, 52464, 36527, 57473, 69800, 52446, 72031, 53744, 47922, 16738, 49867, 32313, 76536, 62962, 51773, 12155, 8875, 76172, 34750, 32742, 97811, 88073, 51338, 30794, 91006, 86416, 39880, 1952, 1988, 834, 62791, 67483, 70617, 36464, 94648, 90108, 1096, 63154, 60062, 94902, 97514, 37054, 72006, 93872, 51641, 95146, 29421, 13699, 69458, 65880, 5195, 64127, 49560, 11459, 71639, 53906, 78595, 61247, 38, 96621, 9490, 10431, 14318, 66154, 77198, 68556, 55459, 96467, 72843, 20962, 56323, 81690, 9497, 25412, 82928, 49217, 52686, 94969, 92492, 21761, 71648, 29956, 62011, 95264, 32476, 14571, 57797, 89984, 56359, 10135, 93277, 26149, 81033, 35003, 9263, 28190, 31612, 31319, 51082, 62322, 43964, 54411, 62127, 34041, 1407, 30008, 37444, 91432, 17575, 63516, 79823, 24359, 57939, 44660, 66, 72073, 42472, 94120, 65635, 81958, 37791, 55580, 41268, 69239, 35124, 6540, 98481, 46755, 25404, 67577, 65846, 29030, 46115, 80925, 52269, 5028, 9163, 60505, 33992, 22030, 94004, 52956, 42555, 32674, 98143, 24692, 8450, 53283, 2014, 7396, 66, 78982, 83694, 22573, 2780, 14252, 55750, 49033, 93213, 40123, 40063, 85147, 53609, 43278, 5175, 49000, 61144, 18853, 22685, 65944]})"
739.0,9,128,44,452.4677405357361,10180,"Genotype(dna={""<class 'abc.NT_0010'>"": [0, 0, 0, 0, 0, 1, 85147], ""<class 'abc.NT_0010_P_00000'>"": [], ""<class 'abc.NT_0007'>"": [], ""<class 'abc.NT_0007_P_00000'>"": [], ""<class 'abc.NT_0004'>"": [], ""<class 'abc.NT_0004_P_00000'>"": [], ""<class 'int'>"": [77126, 43201, 70789, 75809, 4326, 67271, 38350, 87430, 97011, 55942, 4506, 59964, 42225, 57077, 24342, 14478, 93904, 80839, 76441, 74856, 50058, 3411, 8626, 26055, 29274, 58967, 78993, 14828, 751, 67511, 28585, 12825, 23966, 7277, 99825, 74879, 55352, 55331, 363, 45016, 14379, 61509, 2069, 28699, 80396, 73351, 75557, 59585, 6749, 85094, 61965, 7610, 26258, 28296, 93033, 83162, 30096, 44060, 62884, 2091, 35245, 6364, 80462, 83171, 68919, 29950, 26707, 81924, 38153, 22585, 59277, 34382, 68715, 94500, 26532, 36726, 60581, 3345, 80271, 58978, 66816, 27488, 49989, 88487, 67815, 33251, 9814, 70899, 70376, 99445, 16025, 47013, 16359, 51100, 8258, 32360, 60550, 42267, 55413, 66178, 58891, 3524, 17413, 2205, 64779, 63914, 19152, 44391, 7431, 78639, 82080, 50837, 75285, 21620, 27020, 45595, 55890, 54599, 20169, 33311, 32242, 53498, 46439, 80881, 76188, 26746, 1133, 75300, 28413, 28258, 74339, 48912, 89430, 54118, 78957, 8190, 11376, 81490, 34042, 77295, 38509, 25473, 21325, 74688, 33757, 73445, 1092, 88730, 91008, 96974, 36419, 85058, 83462, 49605, 19202, 51394, 772, 92230, 92668, 29889], ""<class 'abc.NT_0001'>"": [], ""<class 'abc.NT_0001_P_00000'>"": [], ""<class 'bool'>"": [94567, 26792, 43510, 17549, 32334, 79141, 31637, 64567, 53775, 17842, 69311, 43769, 97227, 1539, 80259, 78373, 75096, 56123, 57441, 16081, 65316, 25292, 17109, 80941, 79234, 78069, 69895, 52794, 33022, 9796, 7359, 78315, 95070, 23853, 844, 88015, 38332, 33443, 63109, 65469, 50133, 54808, 23847, 83837, 84120, 86023, 34733, 17939, 58788, 74731, 58899, 85894, 94868, 87736, 94803, 79241, 69192, 55877, 78874, 36565, 40804, 62427, 84620, 28560, 70055, 35083, 5624, 91838, 73200, 57692, 93844, 49188, 88083, 79346, 19552, 58622, 55206, 19601, 35191, 14712, 78821, 52959, 61452, 13366, 87131, 38741, 63663, 62649, 36721, 81387, 89872, 25618, 37326, 81250, 65858, 74057, 77241, 77936, 77620, 62546, 87885, 4720, 53507, 52797, 91566, 75573, 30809, 8533, 78169, 53227, 17504, 76054, 95332, 18131, 3746, 8357, 59409, 43362, 50357, 66110, 93450, 56020, 67103, 34074, 67268, 53023, 33617, 66382, 84834, 43871, 11081, 26348, 47197, 85835, 4310, 46301, 33767, 61666, 71524, 61482, 55090, 38849, 95324, 45414, 58081, 48962, 31423, 14456, 31766, 22437, 12039, 94697, 87951, 37997, 75770, 75627, 94621, 54774, 6977, 28274, 14326, 73207, 77563, 61868, 35583, 91136, 64724, 85540, 67704, 93186, 18881, 33866, 79351, 46010, 20293, 87453, 12273, 37918, 23105, 5631, 38294, 55444, 26861, 14547, 78014, 58417, 6625, 97742, 30201, 35222, 94130, 9869, 72191, 90426, 47638, 17917, 93700, 83016, 79750, 29518, 8683, 25170, 38117, 1270, 87580, 76026, 6813, 5175], ""<class 'abc.NT_0000'>"": [6, 81341, 2, 0, 0, 0, 0, 0, 5, 3, 0, 0, 0, 64878, 4, 6, 3, 3, 6, 5, 1, 1, 2, 5, 1, 5, 0, 1, 1, 1, 0, 6, 3, 4, 4, 2, 0, 5, 2, 0, 6, 4, 5, 6, 0, 3, 2, 5, 3, 5, 3, 2, 2, 2, 5, 1, 0, 6, 90454, 2, 3, 0, 5, 4, 3, 0, 0, 0, 0, 73098, 0, 0, 0, 0, 5, 3, 2, 1, 5, 4, 0, 2, 2, 1, 75691, 72824, 98505, 4, 1, 2, 3, 0, 0, 0, 0, 0, 0, 0, 0, 6, 1, 0, 4, 0, 5, 0, 0, 0, 0, 5, 3, 37973, 4, 6, 4, 3, 6, 4, 1, 16791, 3, 2, 5, 5, 6, 3, 0, 23028, 5, 25454, 1, 6, 1, 3, 5, 3, 6, 4, 1, 0, 0, 0, 0, 0, 2, 6, 2, 2, 6, 2, 1, 71077, 6, 1, 3, 6, 4, 6, 1, 43278, 18853, 22685, 65944], ""<class 'abc.NT_0000_P_00000'>"": [], ""<class 'abc.NT_0000_P_00001'>"": [], ""<class 'abc.NT_0000_P_00002'>"": [], ""<class 'abc.NT_0000_P_00003'>"": [], ""<class 'abc.NT_0000_P_00004'>"": [], ""<class 'abc.NT_0000_P_00005'>"": [], ""<class 'abc.NT_0000_P_00006'>"": [], ""<class 'abc.NT_0001_P_00001'>"": [], ""<class 'abc.NT_0001_P_00002'>"": [], ""<class 'abc.NT_0004_P_00001'>"": [], ""<class 'abc.NT_0003'>"": [], ""<class 'abc.NT_0003_P_00000'>"": [], ""<class 'abc.NT_0002'>"": [], ""<class 'abc.NT_0002_P_00000'>"": [], ""<class 'abc.NT_0002_P_00001'>"": [], ""<class 'abc.NT_0002_P_00002'>"": [], ""<class 'abc.NT_0002_P_00003'>"": [], ""<class 'abc.NT_0002_P_00004'>"": [], ""<class 'abc.NT_0002_P_00005'>"": [], ""<class 'abc.NT_0002_P_00006'>"": [], ""<class 'abc.NT_0002_P_00007'>"": [], ""<class 'abc.NT_0003_P_00001'>"": [], ""<class 'abc.NT_0006'>"": [0, 0, 0, 0, 0, 0, 0, 0, 0, 0, 0, 60378, 37837], ""<class 'abc.NT_0006_P_00000'>"": [], ""<class 'abc.NT_0005'>"": [], ""<class 'abc.NT_0005_P_00000'>"": [], ""<class 'abc.NT_0005_P_00001'>"": [], ""<class 'abc.NT_0005_P_00002'>"": [], ""<class 'abc.NT_0005_P_00003'>"": [], ""<class 'abc.NT_0005_P_00004'>"": [], ""<class 'abc.NT_0005_P_00005'>"": [], ""<class 'abc.NT_0005_P_00006'>"": [], ""<class 'abc.NT_0006_P_00001'>"": [], ""<class 'abc.NT_0006_P_00002'>"": [], ""<class 'abc.NT_0006_P_00003'>"": [], ""<class 'abc.NT_0006_P_00004'>"": [], ""<class 'abc.NT_0006_P_00005'>"": [], ""<class 'abc.NT_0006_P_00006'>"": [], ""<class 'abc.NT_0006_P_00007'>"": [], ""<class 'abc.NT_0007_P_00001'>"": [], ""<class 'abc.NT_0007_P_00002'>"": [], ""<class 'abc.NT_0007_P_00003'>"": [], ""<class 'abc.NT_0007_P_00004'>"": [], ""<class 'abc.NT_0007_P_00005'>"": [], ""<class 'abc.NT_0010_P_00001'>"": [], ""<class 'abc.NT_0008'>"": [1, 1, 0, 1, 0, 1, 1, 0, 0, 0, 53609], ""<class 'abc.NT_0008_P_00000'>"": [], ""<class 'abc.NT_0008_P_00001'>"": [], ""<class 'abc.NT_0008_P_00002'>"": [], ""<class 'abc.NT_0008_P_00003'>"": [], ""<class 'abc.NT_0008_P_00004'>"": [], ""<class 'abc.NT_0010_P_00002'>"": [], ""<class 'abc.NT_0010_P_00003'>"": [], ""<class 'abc.NT_0010_P_00004'>"": [], ""<class 'abc.NT_0009'>"": [], ""<class 'abc.NT_0009_P_00000'>"": [], ""<class 'abc.NT_0009_P_00001'>"": [], ""<class 'abc.NT_0009_P_00002'>"": [], ""<class 'abc.NT_0009_P_00003'>"": [], ""<class 'abc.NT_0009_P_00004'>"": [], ""<class 'abc.NT_0010_P_00005'>"": [], ""<class 'abc.NT_0010_P_00006'>"": [], '$leftovers': [30991, 71325, 99256, 76301, 95693, 34122, 53952, 55672, 74831, 33963, 25015, 25697, 7592, 13690, 41603, 28828, 1846, 59419, 50863, 95750, 68544, 33751, 67086, 76352, 50275, 33813, 72521, 72186, 98367, 89110, 82056, 74758, 66368, 72604, 26616, 95885, 5264, 24236, 31002, 72786, 81453, 1549, 58861, 79208, 25327, 61699, 15666, 70132, 5604, 37976, 96197, 2135, 75049, 31492, 45828, 69192, 23886, 73401, 14363, 57489, 62600, 98230, 9181, 95579, 43563, 90001, 10166, 37716, 81042, 70856, 13122, 24742, 63023, 17296, 11162, 35926, 83920, 36824, 91962, 58024, 27633, 13217, 56880, 30598, 66637, 54630, 58415, 54841, 82919, 35232, 49917, 17273, 79974, 17408, 31831, 87760, 29062, 14159, 29820, 5544, 41099, 45482, 2367, 64759, 21373, 78063, 60377, 57592, 80389, 75806, 7140, 12762, 52584, 44029, 83065, 36358, 92073, 35502, 89851, 86918, 68167, 22970, 33999, 40707, 73232, 67107, 4690, 27422, 72591, 34525, 90618, 2963, 85885, 80470, 94309, 72287, 86237, 30800, 21730, 52145, 25063, 99142, 45233, 92389, 19816, 53209, 72995, 23801, 95121, 45638, 11339, 15054, 40314, 16381, 79668, 56708, 97137, 22673, 80400, 80443, 24458, 37011, 58667, 75764, 53847, 74996, 93872, 46267, 41769, 85089, 9643, 86889, 97627, 33079, 933, 43196, 52217, 79122, 46989, 50182, 64937, 60213, 16879, 63767, 55027, 27313, 18196, 50575, 90581, 8996, 89436, 11012, 91016, 57772, 10236, 47256, 19254, 76575, 44892, 57875, 3503, 27780, 56113, 13767, 20496, 36810, 88578, 50995, 20368, 96919, 63509, 78725, 22186, 21940, 83357, 70821, 62407, 5751, 99417, 54484, 84347, 49869, 59120, 77472, 71055, 75216, 32877, 52229, 43027, 52944, 84829, 51449, 27475, 27630, 13347, 93840, 82893, 31266, 77927, 44060, 63854, 26220, 14191, 5875, 72995, 94210, 4812, 36293, 60877, 38524, 53538, 55421, 57401, 6707, 31836, 5558, 72593, 56812, 95547, 72912, 18618, 75443, 78171, 11735, 35054, 94765, 87027, 57565, 4412, 48777, 17618, 18044, 80027, 77395, 39289, 29056, 72558, 46347, 83019, 73372, 48356, 18386, 80834, 35099, 61279, 69867, 10554, 17785, 24597, 21526, 52000, 84035, 68241, 86236, 90584, 56916, 4321, 21106, 3209, 53370, 14502, 4043, 3741, 48190, 62568, 85240, 30739, 34688, 33162, 38929, 40707, 9334, 70094, 294, 70936, 86179, 55931, 16143, 22646, 9862, 78881, 12560, 83625, 7134, 61874, 91203, 46269, 47110, 83843, 5289, 74137, 88273, 14580, 47344, 60753, 19167, 40339, 79020, 71132, 72253, 89884, 55934, 54064, 74742, 75597, 86320, 15369, 63397, 46665, 17800, 14718, 59462, 83731, 50541, 53632, 34874, 68412, 2214, 3157, 78677, 23641, 67143, 58266, 39232, 74667, 18780, 43657, 73836, 21147, 90021, 98970, 11732, 28569, 99269, 41709, 68360, 42589, 70863, 97958, 97500, 40709, 92966, 21694, 40040, 15592, 22426, 52529, 8629, 24081, 50548, 58167, 84087, 80087, 55979, 12478, 75863, 55100, 52426, 86114, 99605, 40435, 5992, 58835, 61375, 29923, 65710, 80868, 92180, 69393, 41505, 62791, 18731, 18953, 11106, 22971, 47087, 67395, 8258, 12800, 44872, 82838, 62992, 14599, 48272, 40211, 34341, 21057, 28702, 52824, 50572, 82640, 12559, 6067, 48063, 59935, 26657, 3055, 87176, 89751, 87167, 14129, 36152, 74245, 44747, 51354, 75606, 24046, 98077, 96803, 82440, 70055, 51399, 43781, 35119, 45388, 14656, 55187, 5401, 8942, 17594, 59726, 44804, 51824, 97127, 93212, 46736, 55514, 73728, 42663, 19730, 19118, 31504, 24324, 14360, 71402, 35819, 66623, 33391, 84006, 2911, 97136, 67491, 11377, 49060, 65542, 72990, 114, 23028, 6641, 27228, 3801, 4956, 62586, 14141, 70080, 75547, 78994, 65918, 560, 46101, 31529, 66655, 31719, 5956, 96644, 67012, 78144, 3048, 45105, 7215, 83884, 11279, 16049, 66710, 25797, 40844, 87206, 63324, 41774, 57371, 78550, 22173, 30307, 13444, 29382, 32923, 31372, 98768, 620, 84539, 52981, 46001, 96637, 98145, 70426, 17494, 64405, 42589, 15179, 68644, 27071, 13450, 95253, 45532, 96961, 62333, 11781, 32318, 82849, 54636, 12447, 1814, 30737, 3786, 72534, 1553, 67307, 88836, 53336, 60684, 5299, 69670, 93727, 24264, 65067, 51522, 39043, 6477, 55629, 2045, 64874, 64874, 93396, 99449, 22991, 2252, 65473, 51372, 84312, 95735, 39003, 62906, 71229, 74579, 17862, 12605, 66123, 12351, 5404, 1510, 13832, 51398, 43597, 86043, 45546, 50420, 68348, 45911, 17136, 91393, 29118, 76555, 7357, 11300, 51742, 333, 26830, 75555, 2331, 96635, 13605, 21847, 8187, 79899, 51411, 91776, 29149, 96412, 70544, 75327, 30017, 64797, 45663, 36499, 35707, 5655, 58962, 70918, 30728, 28698, 2763, 45752, 53106, 82946, 39676, 58721, 64695, 96504, 11019, 19011, 33978, 82026, 62216, 86549, 70888, 51675, 18118, 44149, 304, 65154, 36993, 6719, 70749, 97700, 69122, 18232, 60931, 25664, 33495, 71133, 59877, 99870, 53079, 77835, 65833, 47081, 384, 86289, 42953, 38560, 17803, 33158, 87143, 3202, 80836, 24559, 25480, 24884, 20970, 78849, 96190, 23338, 56243, 28044, 1806, 43098, 94629, 1557, 75946, 69931, 66152, 83354, 38712, 69524, 66843, 29150, 61796, 59849, 85600, 73561, 8370, 32232, 13997, 66493, 75770, 25037, 41313, 81709, 42770, 35823, 5767, 84597, 6127, 36332, 59300, 14612, 84423, 75500, 4652, 15299, 11866, 73468, 89289, 30402, 81756, 68438, 35166, 55904, 13846, 18702, 799, 42978, 42363, 81775, 82039, 83706, 66787, 77082, 77233, 90355, 92042, 96322, 19227, 61963, 89603, 77545, 6052, 3841, 18717, 8234, 40730, 2563, 59226, 40967, 20584, 89858, 2564, 5878, 37612, 97484, 83865, 55142, 71000, 19072, 8974, 77980, 38107, 22222, 6344, 29047, 58559, 78236, 92489, 35351, 52880, 4784, 75272, 7172, 14821, 69925, 48597, 36800, 79837, 61052, 92728, 80840, 76556, 35926, 45963, 39089, 13982, 99317, 41515, 54213, 5759, 15167, 75711, 94811, 10683, 62537, 60034, 52454, 34102, 45807, 41806, 62006, 5254, 39376, 56753, 187, 90094, 45504, 96638, 10503, 14605, 12369, 14432, 31110, 66366, 82294, 58782, 82122, 93759, 61568, 45358, 83396, 56007, 22346, 66542, 25137, 68312, 52464, 36527, 57473, 69800, 52446, 72031, 53744, 47922, 16738, 49867, 32313, 76536, 62962, 51773, 12155, 8875, 76172, 34750, 32742, 97811, 88073, 51338, 30794, 91006, 86416, 39880, 1952, 1988, 834, 62791, 67483, 70617, 36464, 94648, 90108, 1096, 63154, 60062, 94902, 97514, 37054, 72006, 93872, 51641, 95146, 29421, 13699, 69458, 65880, 5195, 64127, 49560, 11459, 71639, 53906, 78595, 61247, 38, 96621, 9490, 10431, 14318, 66154, 77198, 68556, 55459, 96467, 72843, 20962, 56323, 81690, 9497, 25412, 82928, 49217, 52686, 94969, 92492, 21761, 71648, 29956, 62011, 95264, 32476, 14571, 57797, 89984, 56359, 10135, 93277, 26149, 81033, 35003, 9263, 28190, 31612, 31319, 51082, 62322, 43964, 54411, 62127, 34041, 1407, 30008, 37444, 91432, 17575, 63516, 79823, 24359, 57939, 44660, 66, 72073, 42472, 94120, 65635, 81958, 37791, 55580, 41268, 69239, 35124, 6540, 98481, 46755, 25404, 67577, 65846, 29030, 46115, 80925, 52269, 5028, 9163, 60505, 33992, 22030, 94004, 52956, 42555, 32674, 98143, 24692, 8450, 53283, 2014, 7396, 66, 78982, 83694, 22573, 2780, 14252, 55750, 49033, 93213, 40123, 40063, 85147, 53609, 43278, 5175, 49000, 61144, 18853, 22685, 65944]})"
739.0,9,128,45,453.73533153533936,10180,"Genotype(dna={""<class 'abc.NT_0010'>"": [0, 0, 0, 0, 0, 1, 85147], ""<class 'abc.NT_0010_P_00000'>"": [], ""<class 'abc.NT_0007'>"": [], ""<class 'abc.NT_0007_P_00000'>"": [], ""<class 'abc.NT_0004'>"": [], ""<class 'abc.NT_0004_P_00000'>"": [], ""<class 'int'>"": [77126, 43201, 70789, 75809, 4326, 67271, 38350, 87430, 97011, 55942, 4506, 59964, 42225, 57077, 24342, 14478, 93904, 80839, 76441, 74856, 50058, 3411, 8626, 26055, 29274, 58967, 78993, 14828, 751, 67511, 28585, 12825, 23966, 7277, 99825, 74879, 55352, 55331, 363, 45016, 14379, 61509, 2069, 28699, 80396, 73351, 75557, 59585, 6749, 85094, 61965, 7610, 26258, 28296, 93033, 83162, 30096, 44060, 62884, 2091, 35245, 6364, 80462, 83171, 68919, 29950, 26707, 81924, 38153, 22585, 59277, 34382, 68715, 94500, 26532, 36726, 60581, 3345, 80271, 58978, 66816, 27488, 49989, 88487, 67815, 33251, 9814, 70899, 70376, 99445, 16025, 47013, 16359, 51100, 8258, 32360, 60550, 42267, 55413, 66178, 58891, 3524, 17413, 2205, 64779, 63914, 19152, 44391, 7431, 78639, 82080, 50837, 75285, 21620, 27020, 45595, 55890, 54599, 20169, 33311, 32242, 53498, 46439, 80881, 76188, 26746, 1133, 75300, 28413, 28258, 74339, 48912, 89430, 54118, 78957, 8190, 11376, 81490, 34042, 77295, 38509, 25473, 21325, 74688, 33757, 73445, 1092, 88730, 91008, 96974, 36419, 85058, 83462, 49605, 19202, 51394, 772, 92230, 92668, 29889], ""<class 'abc.NT_0001'>"": [], ""<class 'abc.NT_0001_P_00000'>"": [], ""<class 'bool'>"": [94567, 26792, 43510, 17549, 32334, 79141, 31637, 64567, 53775, 17842, 69311, 43769, 97227, 1539, 80259, 78373, 75096, 56123, 57441, 16081, 65316, 25292, 17109, 80941, 79234, 78069, 69895, 52794, 33022, 9796, 7359, 78315, 95070, 23853, 844, 88015, 38332, 33443, 63109, 65469, 50133, 54808, 23847, 83837, 84120, 86023, 34733, 17939, 58788, 74731, 58899, 85894, 94868, 87736, 94803, 79241, 69192, 55877, 78874, 36565, 40804, 62427, 84620, 28560, 70055, 35083, 5624, 91838, 73200, 57692, 93844, 49188, 88083, 79346, 19552, 58622, 55206, 19601, 35191, 14712, 78821, 52959, 61452, 13366, 87131, 38741, 63663, 62649, 36721, 81387, 89872, 25618, 37326, 81250, 65858, 74057, 77241, 77936, 77620, 62546, 87885, 4720, 53507, 52797, 91566, 75573, 30809, 8533, 78169, 53227, 17504, 76054, 95332, 18131, 3746, 8357, 59409, 43362, 50357, 66110, 93450, 56020, 67103, 34074, 67268, 53023, 33617, 66382, 84834, 43871, 11081, 26348, 47197, 85835, 4310, 46301, 33767, 61666, 71524, 61482, 55090, 38849, 95324, 45414, 58081, 48962, 31423, 14456, 31766, 22437, 12039, 94697, 87951, 37997, 75770, 75627, 94621, 54774, 6977, 28274, 14326, 73207, 77563, 61868, 35583, 91136, 64724, 85540, 67704, 93186, 18881, 33866, 79351, 46010, 20293, 87453, 12273, 37918, 23105, 5631, 38294, 55444, 26861, 14547, 78014, 58417, 6625, 97742, 30201, 35222, 94130, 9869, 72191, 90426, 47638, 17917, 93700, 83016, 79750, 29518, 8683, 25170, 38117, 1270, 87580, 76026, 6813, 5175], ""<class 'abc.NT_0000'>"": [6, 81341, 2, 0, 0, 0, 0, 0, 5, 3, 0, 0, 0, 64878, 4, 6, 3, 3, 6, 5, 1, 1, 2, 5, 1, 5, 0, 1, 1, 1, 0, 6, 3, 4, 4, 2, 0, 5, 2, 0, 6, 4, 5, 6, 0, 3, 2, 5, 3, 5, 3, 2, 2, 2, 5, 1, 0, 6, 90454, 2, 3, 0, 5, 4, 3, 0, 0, 0, 0, 73098, 0, 0, 0, 0, 5, 3, 2, 1, 5, 4, 0, 2, 2, 1, 75691, 72824, 98505, 4, 1, 2, 3, 0, 0, 0, 0, 0, 0, 0, 0, 6, 1, 0, 4, 0, 5, 0, 0, 0, 0, 5, 3, 37973, 4, 6, 4, 3, 6, 4, 1, 16791, 3, 2, 5, 5, 6, 3, 0, 23028, 5, 25454, 1, 6, 1, 3, 5, 3, 6, 4, 1, 0, 0, 0, 0, 0, 2, 6, 2, 2, 6, 2, 1, 71077, 6, 1, 3, 6, 4, 6, 1, 43278, 18853, 22685, 65944], ""<class 'abc.NT_0000_P_00000'>"": [], ""<class 'abc.NT_0000_P_00001'>"": [], ""<class 'abc.NT_0000_P_00002'>"": [], ""<class 'abc.NT_0000_P_00003'>"": [], ""<class 'abc.NT_0000_P_00004'>"": [], ""<class 'abc.NT_0000_P_00005'>"": [], ""<class 'abc.NT_0000_P_00006'>"": [], ""<class 'abc.NT_0001_P_00001'>"": [], ""<class 'abc.NT_0001_P_00002'>"": [], ""<class 'abc.NT_0004_P_00001'>"": [], ""<class 'abc.NT_0003'>"": [], ""<class 'abc.NT_0003_P_00000'>"": [], ""<class 'abc.NT_0002'>"": [], ""<class 'abc.NT_0002_P_00000'>"": [], ""<class 'abc.NT_0002_P_00001'>"": [], ""<class 'abc.NT_0002_P_00002'>"": [], ""<class 'abc.NT_0002_P_00003'>"": [], ""<class 'abc.NT_0002_P_00004'>"": [], ""<class 'abc.NT_0002_P_00005'>"": [], ""<class 'abc.NT_0002_P_00006'>"": [], ""<class 'abc.NT_0002_P_00007'>"": [], ""<class 'abc.NT_0003_P_00001'>"": [], ""<class 'abc.NT_0006'>"": [0, 0, 0, 0, 0, 0, 0, 0, 0, 0, 0, 60378, 37837], ""<class 'abc.NT_0006_P_00000'>"": [], ""<class 'abc.NT_0005'>"": [], ""<class 'abc.NT_0005_P_00000'>"": [], ""<class 'abc.NT_0005_P_00001'>"": [], ""<class 'abc.NT_0005_P_00002'>"": [], ""<class 'abc.NT_0005_P_00003'>"": [], ""<class 'abc.NT_0005_P_00004'>"": [], ""<class 'abc.NT_0005_P_00005'>"": [], ""<class 'abc.NT_0005_P_00006'>"": [], ""<class 'abc.NT_0006_P_00001'>"": [], ""<class 'abc.NT_0006_P_00002'>"": [], ""<class 'abc.NT_0006_P_00003'>"": [], ""<class 'abc.NT_0006_P_00004'>"": [], ""<class 'abc.NT_0006_P_00005'>"": [], ""<class 'abc.NT_0006_P_00006'>"": [], ""<class 'abc.NT_0006_P_00007'>"": [], ""<class 'abc.NT_0007_P_00001'>"": [], ""<class 'abc.NT_0007_P_00002'>"": [], ""<class 'abc.NT_0007_P_00003'>"": [], ""<class 'abc.NT_0007_P_00004'>"": [], ""<class 'abc.NT_0007_P_00005'>"": [], ""<class 'abc.NT_0010_P_00001'>"": [], ""<class 'abc.NT_0008'>"": [1, 1, 0, 1, 0, 1, 1, 0, 0, 0, 53609], ""<class 'abc.NT_0008_P_00000'>"": [], ""<class 'abc.NT_0008_P_00001'>"": [], ""<class 'abc.NT_0008_P_00002'>"": [], ""<class 'abc.NT_0008_P_00003'>"": [], ""<class 'abc.NT_0008_P_00004'>"": [], ""<class 'abc.NT_0010_P_00002'>"": [], ""<class 'abc.NT_0010_P_00003'>"": [], ""<class 'abc.NT_0010_P_00004'>"": [], ""<class 'abc.NT_0009'>"": [], ""<class 'abc.NT_0009_P_00000'>"": [], ""<class 'abc.NT_0009_P_00001'>"": [], ""<class 'abc.NT_0009_P_00002'>"": [], ""<class 'abc.NT_0009_P_00003'>"": [], ""<class 'abc.NT_0009_P_00004'>"": [], ""<class 'abc.NT_0010_P_00005'>"": [], ""<class 'abc.NT_0010_P_00006'>"": [], '$leftovers': [30991, 71325, 99256, 76301, 95693, 34122, 53952, 55672, 74831, 33963, 25015, 25697, 7592, 13690, 41603, 28828, 1846, 59419, 50863, 95750, 68544, 33751, 67086, 76352, 50275, 33813, 72521, 72186, 98367, 89110, 82056, 74758, 66368, 72604, 26616, 95885, 5264, 24236, 31002, 72786, 81453, 1549, 58861, 79208, 25327, 61699, 15666, 70132, 5604, 37976, 96197, 2135, 75049, 31492, 45828, 69192, 23886, 73401, 14363, 57489, 62600, 98230, 9181, 95579, 43563, 90001, 10166, 37716, 81042, 70856, 13122, 24742, 63023, 17296, 11162, 35926, 83920, 36824, 91962, 58024, 27633, 13217, 56880, 30598, 66637, 54630, 58415, 54841, 82919, 35232, 49917, 17273, 79974, 17408, 31831, 87760, 29062, 14159, 29820, 5544, 41099, 45482, 2367, 64759, 21373, 78063, 60377, 57592, 80389, 75806, 7140, 12762, 52584, 44029, 83065, 36358, 92073, 35502, 89851, 86918, 68167, 22970, 33999, 40707, 73232, 67107, 4690, 27422, 72591, 34525, 90618, 2963, 85885, 80470, 94309, 72287, 86237, 30800, 21730, 52145, 25063, 99142, 45233, 92389, 19816, 53209, 72995, 23801, 95121, 45638, 11339, 15054, 40314, 16381, 79668, 56708, 97137, 22673, 80400, 80443, 24458, 37011, 58667, 75764, 53847, 74996, 93872, 46267, 41769, 85089, 9643, 86889, 97627, 33079, 933, 43196, 52217, 79122, 46989, 50182, 64937, 60213, 16879, 63767, 55027, 27313, 18196, 50575, 90581, 8996, 89436, 11012, 91016, 57772, 10236, 47256, 19254, 76575, 44892, 57875, 3503, 27780, 56113, 13767, 20496, 36810, 88578, 50995, 20368, 96919, 63509, 78725, 22186, 21940, 83357, 70821, 62407, 5751, 99417, 54484, 84347, 49869, 59120, 77472, 71055, 75216, 32877, 52229, 43027, 52944, 84829, 51449, 27475, 27630, 13347, 93840, 82893, 31266, 77927, 44060, 63854, 26220, 14191, 5875, 72995, 94210, 4812, 36293, 60877, 38524, 53538, 55421, 57401, 6707, 31836, 5558, 72593, 56812, 95547, 72912, 18618, 75443, 78171, 11735, 35054, 94765, 87027, 57565, 4412, 48777, 17618, 18044, 80027, 77395, 39289, 29056, 72558, 46347, 83019, 73372, 48356, 18386, 80834, 35099, 61279, 69867, 10554, 17785, 24597, 21526, 52000, 84035, 68241, 86236, 90584, 56916, 4321, 21106, 3209, 53370, 14502, 4043, 3741, 48190, 62568, 85240, 30739, 34688, 33162, 38929, 40707, 9334, 70094, 294, 70936, 86179, 55931, 16143, 22646, 9862, 78881, 12560, 83625, 7134, 61874, 91203, 46269, 47110, 83843, 5289, 74137, 88273, 14580, 47344, 60753, 19167, 40339, 79020, 71132, 72253, 89884, 55934, 54064, 74742, 75597, 86320, 15369, 63397, 46665, 17800, 14718, 59462, 83731, 50541, 53632, 34874, 68412, 2214, 3157, 78677, 23641, 67143, 58266, 39232, 74667, 18780, 43657, 73836, 21147, 90021, 98970, 11732, 28569, 99269, 41709, 68360, 42589, 70863, 97958, 97500, 40709, 92966, 21694, 40040, 15592, 22426, 52529, 8629, 24081, 50548, 58167, 84087, 80087, 55979, 12478, 75863, 55100, 52426, 86114, 99605, 40435, 5992, 58835, 61375, 29923, 65710, 80868, 92180, 69393, 41505, 62791, 18731, 18953, 11106, 22971, 47087, 67395, 8258, 12800, 44872, 82838, 62992, 14599, 48272, 40211, 34341, 21057, 28702, 52824, 50572, 82640, 12559, 6067, 48063, 59935, 26657, 3055, 87176, 89751, 87167, 14129, 36152, 74245, 44747, 51354, 75606, 24046, 98077, 96803, 82440, 70055, 51399, 43781, 35119, 45388, 14656, 55187, 5401, 8942, 17594, 59726, 44804, 51824, 97127, 93212, 46736, 55514, 73728, 42663, 19730, 19118, 31504, 24324, 14360, 71402, 35819, 66623, 33391, 84006, 2911, 97136, 67491, 11377, 49060, 65542, 72990, 114, 23028, 6641, 27228, 3801, 4956, 62586, 14141, 70080, 75547, 78994, 65918, 560, 46101, 31529, 66655, 31719, 5956, 96644, 67012, 78144, 3048, 45105, 7215, 83884, 11279, 16049, 66710, 25797, 40844, 87206, 63324, 41774, 57371, 78550, 22173, 30307, 13444, 29382, 32923, 31372, 98768, 620, 84539, 52981, 46001, 96637, 98145, 70426, 17494, 64405, 42589, 15179, 68644, 27071, 13450, 95253, 45532, 96961, 62333, 11781, 32318, 82849, 54636, 12447, 1814, 30737, 3786, 72534, 1553, 67307, 88836, 53336, 60684, 5299, 69670, 93727, 24264, 65067, 51522, 39043, 6477, 55629, 2045, 64874, 64874, 93396, 99449, 22991, 2252, 65473, 51372, 84312, 95735, 39003, 62906, 71229, 74579, 17862, 12605, 66123, 12351, 5404, 1510, 13832, 51398, 43597, 86043, 45546, 50420, 68348, 45911, 17136, 91393, 29118, 76555, 7357, 11300, 51742, 333, 26830, 75555, 2331, 96635, 13605, 21847, 8187, 79899, 51411, 91776, 29149, 96412, 70544, 75327, 30017, 64797, 45663, 36499, 35707, 5655, 58962, 70918, 30728, 28698, 2763, 45752, 53106, 82946, 39676, 58721, 64695, 96504, 11019, 19011, 33978, 82026, 62216, 86549, 70888, 51675, 18118, 44149, 304, 65154, 36993, 6719, 70749, 97700, 69122, 18232, 60931, 25664, 33495, 71133, 59877, 99870, 53079, 77835, 65833, 47081, 384, 86289, 42953, 38560, 17803, 33158, 87143, 3202, 80836, 24559, 25480, 24884, 20970, 78849, 96190, 23338, 56243, 28044, 1806, 43098, 94629, 1557, 75946, 69931, 66152, 83354, 38712, 69524, 66843, 29150, 61796, 59849, 85600, 73561, 8370, 32232, 13997, 66493, 75770, 25037, 41313, 81709, 42770, 35823, 5767, 84597, 6127, 36332, 59300, 14612, 84423, 75500, 4652, 15299, 11866, 73468, 89289, 30402, 81756, 68438, 35166, 55904, 13846, 18702, 799, 42978, 42363, 81775, 82039, 83706, 66787, 77082, 77233, 90355, 92042, 96322, 19227, 61963, 89603, 77545, 6052, 3841, 18717, 8234, 40730, 2563, 59226, 40967, 20584, 89858, 2564, 5878, 37612, 97484, 83865, 55142, 71000, 19072, 8974, 77980, 38107, 22222, 6344, 29047, 58559, 78236, 92489, 35351, 52880, 4784, 75272, 7172, 14821, 69925, 48597, 36800, 79837, 61052, 92728, 80840, 76556, 35926, 45963, 39089, 13982, 99317, 41515, 54213, 5759, 15167, 75711, 94811, 10683, 62537, 60034, 52454, 34102, 45807, 41806, 62006, 5254, 39376, 56753, 187, 90094, 45504, 96638, 10503, 14605, 12369, 14432, 31110, 66366, 82294, 58782, 82122, 93759, 61568, 45358, 83396, 56007, 22346, 66542, 25137, 68312, 52464, 36527, 57473, 69800, 52446, 72031, 53744, 47922, 16738, 49867, 32313, 76536, 62962, 51773, 12155, 8875, 76172, 34750, 32742, 97811, 88073, 51338, 30794, 91006, 86416, 39880, 1952, 1988, 834, 62791, 67483, 70617, 36464, 94648, 90108, 1096, 63154, 60062, 94902, 97514, 37054, 72006, 93872, 51641, 95146, 29421, 13699, 69458, 65880, 5195, 64127, 49560, 11459, 71639, 53906, 78595, 61247, 38, 96621, 9490, 10431, 14318, 66154, 77198, 68556, 55459, 96467, 72843, 20962, 56323, 81690, 9497, 25412, 82928, 49217, 52686, 94969, 92492, 21761, 71648, 29956, 62011, 95264, 32476, 14571, 57797, 89984, 56359, 10135, 93277, 26149, 81033, 35003, 9263, 28190, 31612, 31319, 51082, 62322, 43964, 54411, 62127, 34041, 1407, 30008, 37444, 91432, 17575, 63516, 79823, 24359, 57939, 44660, 66, 72073, 42472, 94120, 65635, 81958, 37791, 55580, 41268, 69239, 35124, 6540, 98481, 46755, 25404, 67577, 65846, 29030, 46115, 80925, 52269, 5028, 9163, 60505, 33992, 22030, 94004, 52956, 42555, 32674, 98143, 24692, 8450, 53283, 2014, 7396, 66, 78982, 83694, 22573, 2780, 14252, 55750, 49033, 93213, 40123, 40063, 85147, 53609, 43278, 5175, 49000, 61144, 18853, 22685, 65944]})"
739.0,9,128,46,455.6652648448944,10180,"Genotype(dna={""<class 'abc.NT_0010'>"": [0, 0, 0, 0, 0, 1, 85147], ""<class 'abc.NT_0010_P_00000'>"": [], ""<class 'abc.NT_0007'>"": [], ""<class 'abc.NT_0007_P_00000'>"": [], ""<class 'abc.NT_0004'>"": [], ""<class 'abc.NT_0004_P_00000'>"": [], ""<class 'int'>"": [77126, 43201, 70789, 75809, 4326, 67271, 38350, 87430, 97011, 55942, 4506, 59964, 42225, 57077, 24342, 14478, 93904, 80839, 76441, 74856, 50058, 3411, 8626, 26055, 29274, 58967, 78993, 14828, 751, 67511, 28585, 12825, 23966, 7277, 99825, 74879, 55352, 55331, 363, 45016, 14379, 61509, 2069, 28699, 80396, 73351, 75557, 59585, 6749, 85094, 61965, 7610, 26258, 28296, 93033, 83162, 30096, 44060, 62884, 2091, 35245, 6364, 80462, 83171, 68919, 29950, 26707, 81924, 38153, 22585, 59277, 34382, 68715, 94500, 26532, 36726, 60581, 3345, 80271, 58978, 66816, 27488, 49989, 88487, 67815, 33251, 9814, 70899, 70376, 99445, 16025, 47013, 16359, 51100, 8258, 32360, 60550, 42267, 55413, 66178, 58891, 3524, 17413, 2205, 64779, 63914, 19152, 44391, 7431, 78639, 82080, 50837, 75285, 21620, 27020, 45595, 55890, 54599, 20169, 33311, 32242, 53498, 46439, 80881, 76188, 26746, 1133, 75300, 28413, 28258, 74339, 48912, 89430, 54118, 78957, 8190, 11376, 81490, 34042, 77295, 38509, 25473, 21325, 74688, 33757, 73445, 1092, 88730, 91008, 96974, 36419, 85058, 83462, 49605, 19202, 51394, 772, 92230, 92668, 29889], ""<class 'abc.NT_0001'>"": [], ""<class 'abc.NT_0001_P_00000'>"": [], ""<class 'bool'>"": [94567, 26792, 43510, 17549, 32334, 79141, 31637, 64567, 53775, 17842, 69311, 43769, 97227, 1539, 80259, 78373, 75096, 56123, 57441, 16081, 65316, 25292, 17109, 80941, 79234, 78069, 69895, 52794, 33022, 9796, 7359, 78315, 95070, 23853, 844, 88015, 38332, 33443, 63109, 65469, 50133, 54808, 23847, 83837, 84120, 86023, 34733, 17939, 58788, 74731, 58899, 85894, 94868, 87736, 94803, 79241, 69192, 55877, 78874, 36565, 40804, 62427, 84620, 28560, 70055, 35083, 5624, 91838, 73200, 57692, 93844, 49188, 88083, 79346, 19552, 58622, 55206, 19601, 35191, 14712, 78821, 52959, 61452, 13366, 87131, 38741, 63663, 62649, 36721, 81387, 89872, 25618, 37326, 81250, 65858, 74057, 77241, 77936, 77620, 62546, 87885, 4720, 53507, 52797, 91566, 75573, 30809, 8533, 78169, 53227, 17504, 76054, 95332, 18131, 3746, 8357, 59409, 43362, 50357, 66110, 93450, 56020, 67103, 34074, 67268, 53023, 33617, 66382, 84834, 43871, 11081, 26348, 47197, 85835, 4310, 46301, 33767, 61666, 71524, 61482, 55090, 38849, 95324, 45414, 58081, 48962, 31423, 14456, 31766, 22437, 12039, 94697, 87951, 37997, 75770, 75627, 94621, 54774, 6977, 28274, 14326, 73207, 77563, 61868, 35583, 91136, 64724, 85540, 67704, 93186, 18881, 33866, 79351, 46010, 20293, 87453, 12273, 37918, 23105, 5631, 38294, 55444, 26861, 14547, 78014, 58417, 6625, 97742, 30201, 35222, 94130, 9869, 72191, 90426, 47638, 17917, 93700, 83016, 79750, 29518, 8683, 25170, 38117, 1270, 87580, 76026, 6813, 5175], ""<class 'abc.NT_0000'>"": [6, 81341, 2, 0, 0, 0, 0, 0, 5, 3, 0, 0, 0, 64878, 4, 6, 3, 3, 6, 5, 1, 1, 2, 5, 1, 5, 0, 1, 1, 1, 0, 6, 3, 4, 4, 2, 0, 5, 2, 0, 6, 4, 5, 6, 0, 3, 2, 5, 3, 5, 3, 2, 2, 2, 5, 1, 0, 6, 90454, 2, 3, 0, 5, 4, 3, 0, 0, 0, 0, 73098, 0, 0, 0, 0, 5, 3, 2, 1, 5, 4, 0, 2, 2, 1, 75691, 72824, 98505, 4, 1, 2, 3, 0, 0, 0, 0, 0, 0, 0, 0, 6, 1, 0, 4, 0, 5, 0, 0, 0, 0, 5, 3, 37973, 4, 6, 4, 3, 6, 4, 1, 16791, 3, 2, 5, 5, 6, 3, 0, 23028, 5, 25454, 1, 6, 1, 3, 5, 3, 6, 4, 1, 0, 0, 0, 0, 0, 2, 6, 2, 2, 6, 2, 1, 71077, 6, 1, 3, 6, 4, 6, 1, 43278, 18853, 22685, 65944], ""<class 'abc.NT_0000_P_00000'>"": [], ""<class 'abc.NT_0000_P_00001'>"": [], ""<class 'abc.NT_0000_P_00002'>"": [], ""<class 'abc.NT_0000_P_00003'>"": [], ""<class 'abc.NT_0000_P_00004'>"": [], ""<class 'abc.NT_0000_P_00005'>"": [], ""<class 'abc.NT_0000_P_00006'>"": [], ""<class 'abc.NT_0001_P_00001'>"": [], ""<class 'abc.NT_0001_P_00002'>"": [], ""<class 'abc.NT_0004_P_00001'>"": [], ""<class 'abc.NT_0003'>"": [], ""<class 'abc.NT_0003_P_00000'>"": [], ""<class 'abc.NT_0002'>"": [], ""<class 'abc.NT_0002_P_00000'>"": [], ""<class 'abc.NT_0002_P_00001'>"": [], ""<class 'abc.NT_0002_P_00002'>"": [], ""<class 'abc.NT_0002_P_00003'>"": [], ""<class 'abc.NT_0002_P_00004'>"": [], ""<class 'abc.NT_0002_P_00005'>"": [], ""<class 'abc.NT_0002_P_00006'>"": [], ""<class 'abc.NT_0002_P_00007'>"": [], ""<class 'abc.NT_0003_P_00001'>"": [], ""<class 'abc.NT_0006'>"": [0, 0, 0, 0, 0, 0, 0, 0, 0, 0, 0, 60378, 37837], ""<class 'abc.NT_0006_P_00000'>"": [], ""<class 'abc.NT_0005'>"": [], ""<class 'abc.NT_0005_P_00000'>"": [], ""<class 'abc.NT_0005_P_00001'>"": [], ""<class 'abc.NT_0005_P_00002'>"": [], ""<class 'abc.NT_0005_P_00003'>"": [], ""<class 'abc.NT_0005_P_00004'>"": [], ""<class 'abc.NT_0005_P_00005'>"": [], ""<class 'abc.NT_0005_P_00006'>"": [], ""<class 'abc.NT_0006_P_00001'>"": [], ""<class 'abc.NT_0006_P_00002'>"": [], ""<class 'abc.NT_0006_P_00003'>"": [], ""<class 'abc.NT_0006_P_00004'>"": [], ""<class 'abc.NT_0006_P_00005'>"": [], ""<class 'abc.NT_0006_P_00006'>"": [], ""<class 'abc.NT_0006_P_00007'>"": [], ""<class 'abc.NT_0007_P_00001'>"": [], ""<class 'abc.NT_0007_P_00002'>"": [], ""<class 'abc.NT_0007_P_00003'>"": [], ""<class 'abc.NT_0007_P_00004'>"": [], ""<class 'abc.NT_0007_P_00005'>"": [], ""<class 'abc.NT_0010_P_00001'>"": [], ""<class 'abc.NT_0008'>"": [1, 1, 0, 1, 0, 1, 1, 0, 0, 0, 53609], ""<class 'abc.NT_0008_P_00000'>"": [], ""<class 'abc.NT_0008_P_00001'>"": [], ""<class 'abc.NT_0008_P_00002'>"": [], ""<class 'abc.NT_0008_P_00003'>"": [], ""<class 'abc.NT_0008_P_00004'>"": [], ""<class 'abc.NT_0010_P_00002'>"": [], ""<class 'abc.NT_0010_P_00003'>"": [], ""<class 'abc.NT_0010_P_00004'>"": [], ""<class 'abc.NT_0009'>"": [], ""<class 'abc.NT_0009_P_00000'>"": [], ""<class 'abc.NT_0009_P_00001'>"": [], ""<class 'abc.NT_0009_P_00002'>"": [], ""<class 'abc.NT_0009_P_00003'>"": [], ""<class 'abc.NT_0009_P_00004'>"": [], ""<class 'abc.NT_0010_P_00005'>"": [], ""<class 'abc.NT_0010_P_00006'>"": [], '$leftovers': [30991, 71325, 99256, 76301, 95693, 34122, 53952, 55672, 74831, 33963, 25015, 25697, 7592, 13690, 41603, 28828, 1846, 59419, 50863, 95750, 68544, 33751, 67086, 76352, 50275, 33813, 72521, 72186, 98367, 89110, 82056, 74758, 66368, 72604, 26616, 95885, 5264, 24236, 31002, 72786, 81453, 1549, 58861, 79208, 25327, 61699, 15666, 70132, 5604, 37976, 96197, 2135, 75049, 31492, 45828, 69192, 23886, 73401, 14363, 57489, 62600, 98230, 9181, 95579, 43563, 90001, 10166, 37716, 81042, 70856, 13122, 24742, 63023, 17296, 11162, 35926, 83920, 36824, 91962, 58024, 27633, 13217, 56880, 30598, 66637, 54630, 58415, 54841, 82919, 35232, 49917, 17273, 79974, 17408, 31831, 87760, 29062, 14159, 29820, 5544, 41099, 45482, 2367, 64759, 21373, 78063, 60377, 57592, 80389, 75806, 7140, 12762, 52584, 44029, 83065, 36358, 92073, 35502, 89851, 86918, 68167, 22970, 33999, 40707, 73232, 67107, 4690, 27422, 72591, 34525, 90618, 2963, 85885, 80470, 94309, 72287, 86237, 30800, 21730, 52145, 25063, 99142, 45233, 92389, 19816, 53209, 72995, 23801, 95121, 45638, 11339, 15054, 40314, 16381, 79668, 56708, 97137, 22673, 80400, 80443, 24458, 37011, 58667, 75764, 53847, 74996, 93872, 46267, 41769, 85089, 9643, 86889, 97627, 33079, 933, 43196, 52217, 79122, 46989, 50182, 64937, 60213, 16879, 63767, 55027, 27313, 18196, 50575, 90581, 8996, 89436, 11012, 91016, 57772, 10236, 47256, 19254, 76575, 44892, 57875, 3503, 27780, 56113, 13767, 20496, 36810, 88578, 50995, 20368, 96919, 63509, 78725, 22186, 21940, 83357, 70821, 62407, 5751, 99417, 54484, 84347, 49869, 59120, 77472, 71055, 75216, 32877, 52229, 43027, 52944, 84829, 51449, 27475, 27630, 13347, 93840, 82893, 31266, 77927, 44060, 63854, 26220, 14191, 5875, 72995, 94210, 4812, 36293, 60877, 38524, 53538, 55421, 57401, 6707, 31836, 5558, 72593, 56812, 95547, 72912, 18618, 75443, 78171, 11735, 35054, 94765, 87027, 57565, 4412, 48777, 17618, 18044, 80027, 77395, 39289, 29056, 72558, 46347, 83019, 73372, 48356, 18386, 80834, 35099, 61279, 69867, 10554, 17785, 24597, 21526, 52000, 84035, 68241, 86236, 90584, 56916, 4321, 21106, 3209, 53370, 14502, 4043, 3741, 48190, 62568, 85240, 30739, 34688, 33162, 38929, 40707, 9334, 70094, 294, 70936, 86179, 55931, 16143, 22646, 9862, 78881, 12560, 83625, 7134, 61874, 91203, 46269, 47110, 83843, 5289, 74137, 88273, 14580, 47344, 60753, 19167, 40339, 79020, 71132, 72253, 89884, 55934, 54064, 74742, 75597, 86320, 15369, 63397, 46665, 17800, 14718, 59462, 83731, 50541, 53632, 34874, 68412, 2214, 3157, 78677, 23641, 67143, 58266, 39232, 74667, 18780, 43657, 73836, 21147, 90021, 98970, 11732, 28569, 99269, 41709, 68360, 42589, 70863, 97958, 97500, 40709, 92966, 21694, 40040, 15592, 22426, 52529, 8629, 24081, 50548, 58167, 84087, 80087, 55979, 12478, 75863, 55100, 52426, 86114, 99605, 40435, 5992, 58835, 61375, 29923, 65710, 80868, 92180, 69393, 41505, 62791, 18731, 18953, 11106, 22971, 47087, 67395, 8258, 12800, 44872, 82838, 62992, 14599, 48272, 40211, 34341, 21057, 28702, 52824, 50572, 82640, 12559, 6067, 48063, 59935, 26657, 3055, 87176, 89751, 87167, 14129, 36152, 74245, 44747, 51354, 75606, 24046, 98077, 96803, 82440, 70055, 51399, 43781, 35119, 45388, 14656, 55187, 5401, 8942, 17594, 59726, 44804, 51824, 97127, 93212, 46736, 55514, 73728, 42663, 19730, 19118, 31504, 24324, 14360, 71402, 35819, 66623, 33391, 84006, 2911, 97136, 67491, 11377, 49060, 65542, 72990, 114, 23028, 6641, 27228, 3801, 4956, 62586, 14141, 70080, 75547, 78994, 65918, 560, 46101, 31529, 66655, 31719, 5956, 96644, 67012, 78144, 3048, 45105, 7215, 83884, 11279, 16049, 66710, 25797, 40844, 87206, 63324, 41774, 57371, 78550, 22173, 30307, 13444, 29382, 32923, 31372, 98768, 620, 84539, 52981, 46001, 96637, 98145, 70426, 17494, 64405, 42589, 15179, 68644, 27071, 13450, 95253, 45532, 96961, 62333, 11781, 32318, 82849, 54636, 12447, 1814, 30737, 3786, 72534, 1553, 67307, 88836, 53336, 60684, 5299, 69670, 93727, 24264, 65067, 51522, 39043, 6477, 55629, 2045, 64874, 64874, 93396, 99449, 22991, 2252, 65473, 51372, 84312, 95735, 39003, 62906, 71229, 74579, 17862, 12605, 66123, 12351, 5404, 1510, 13832, 51398, 43597, 86043, 45546, 50420, 68348, 45911, 17136, 91393, 29118, 76555, 7357, 11300, 51742, 333, 26830, 75555, 2331, 96635, 13605, 21847, 8187, 79899, 51411, 91776, 29149, 96412, 70544, 75327, 30017, 64797, 45663, 36499, 35707, 5655, 58962, 70918, 30728, 28698, 2763, 45752, 53106, 82946, 39676, 58721, 64695, 96504, 11019, 19011, 33978, 82026, 62216, 86549, 70888, 51675, 18118, 44149, 304, 65154, 36993, 6719, 70749, 97700, 69122, 18232, 60931, 25664, 33495, 71133, 59877, 99870, 53079, 77835, 65833, 47081, 384, 86289, 42953, 38560, 17803, 33158, 87143, 3202, 80836, 24559, 25480, 24884, 20970, 78849, 96190, 23338, 56243, 28044, 1806, 43098, 94629, 1557, 75946, 69931, 66152, 83354, 38712, 69524, 66843, 29150, 61796, 59849, 85600, 73561, 8370, 32232, 13997, 66493, 75770, 25037, 41313, 81709, 42770, 35823, 5767, 84597, 6127, 36332, 59300, 14612, 84423, 75500, 4652, 15299, 11866, 73468, 89289, 30402, 81756, 68438, 35166, 55904, 13846, 18702, 799, 42978, 42363, 81775, 82039, 83706, 66787, 77082, 77233, 90355, 92042, 96322, 19227, 61963, 89603, 77545, 6052, 3841, 18717, 8234, 40730, 2563, 59226, 40967, 20584, 89858, 2564, 5878, 37612, 97484, 83865, 55142, 71000, 19072, 8974, 77980, 38107, 22222, 6344, 29047, 58559, 78236, 92489, 35351, 52880, 4784, 75272, 7172, 14821, 69925, 48597, 36800, 79837, 61052, 92728, 80840, 76556, 35926, 45963, 39089, 13982, 99317, 41515, 54213, 5759, 15167, 75711, 94811, 10683, 62537, 60034, 52454, 34102, 45807, 41806, 62006, 5254, 39376, 56753, 187, 90094, 45504, 96638, 10503, 14605, 12369, 14432, 31110, 66366, 82294, 58782, 82122, 93759, 61568, 45358, 83396, 56007, 22346, 66542, 25137, 68312, 52464, 36527, 57473, 69800, 52446, 72031, 53744, 47922, 16738, 49867, 32313, 76536, 62962, 51773, 12155, 8875, 76172, 34750, 32742, 97811, 88073, 51338, 30794, 91006, 86416, 39880, 1952, 1988, 834, 62791, 67483, 70617, 36464, 94648, 90108, 1096, 63154, 60062, 94902, 97514, 37054, 72006, 93872, 51641, 95146, 29421, 13699, 69458, 65880, 5195, 64127, 49560, 11459, 71639, 53906, 78595, 61247, 38, 96621, 9490, 10431, 14318, 66154, 77198, 68556, 55459, 96467, 72843, 20962, 56323, 81690, 9497, 25412, 82928, 49217, 52686, 94969, 92492, 21761, 71648, 29956, 62011, 95264, 32476, 14571, 57797, 89984, 56359, 10135, 93277, 26149, 81033, 35003, 9263, 28190, 31612, 31319, 51082, 62322, 43964, 54411, 62127, 34041, 1407, 30008, 37444, 91432, 17575, 63516, 79823, 24359, 57939, 44660, 66, 72073, 42472, 94120, 65635, 81958, 37791, 55580, 41268, 69239, 35124, 6540, 98481, 46755, 25404, 67577, 65846, 29030, 46115, 80925, 52269, 5028, 9163, 60505, 33992, 22030, 94004, 52956, 42555, 32674, 98143, 24692, 8450, 53283, 2014, 7396, 66, 78982, 83694, 22573, 2780, 14252, 55750, 49033, 93213, 40123, 40063, 85147, 53609, 43278, 5175, 49000, 61144, 18853, 22685, 65944]})"
739.0,9,128,47,456.6222403049469,10180,"Genotype(dna={""<class 'abc.NT_0010'>"": [0, 0, 0, 0, 0, 1, 85147], ""<class 'abc.NT_0010_P_00000'>"": [], ""<class 'abc.NT_0007'>"": [], ""<class 'abc.NT_0007_P_00000'>"": [], ""<class 'abc.NT_0004'>"": [], ""<class 'abc.NT_0004_P_00000'>"": [], ""<class 'int'>"": [77126, 43201, 70789, 75809, 4326, 67271, 38350, 87430, 97011, 55942, 4506, 59964, 42225, 57077, 24342, 14478, 93904, 80839, 76441, 74856, 50058, 3411, 8626, 26055, 29274, 58967, 78993, 14828, 751, 67511, 28585, 12825, 23966, 7277, 99825, 74879, 55352, 55331, 363, 45016, 14379, 61509, 2069, 28699, 80396, 73351, 75557, 59585, 6749, 85094, 61965, 7610, 26258, 28296, 93033, 83162, 30096, 44060, 62884, 2091, 35245, 6364, 80462, 83171, 68919, 29950, 26707, 81924, 38153, 22585, 59277, 34382, 68715, 94500, 26532, 36726, 60581, 3345, 80271, 58978, 66816, 27488, 49989, 88487, 67815, 33251, 9814, 70899, 70376, 99445, 16025, 47013, 16359, 51100, 8258, 32360, 60550, 42267, 55413, 66178, 58891, 3524, 17413, 2205, 64779, 63914, 19152, 44391, 7431, 78639, 82080, 50837, 75285, 21620, 27020, 45595, 55890, 54599, 20169, 33311, 32242, 53498, 46439, 80881, 76188, 26746, 1133, 75300, 28413, 28258, 74339, 48912, 89430, 54118, 78957, 8190, 11376, 81490, 34042, 77295, 38509, 25473, 21325, 74688, 33757, 73445, 1092, 88730, 91008, 96974, 36419, 85058, 83462, 49605, 19202, 51394, 772, 92230, 92668, 29889], ""<class 'abc.NT_0001'>"": [], ""<class 'abc.NT_0001_P_00000'>"": [], ""<class 'bool'>"": [94567, 26792, 43510, 17549, 32334, 79141, 31637, 64567, 53775, 17842, 69311, 43769, 97227, 1539, 80259, 78373, 75096, 56123, 57441, 16081, 65316, 25292, 17109, 80941, 79234, 78069, 69895, 52794, 33022, 9796, 7359, 78315, 95070, 23853, 844, 88015, 38332, 33443, 63109, 65469, 50133, 54808, 23847, 83837, 84120, 86023, 34733, 17939, 58788, 74731, 58899, 85894, 94868, 87736, 94803, 79241, 69192, 55877, 78874, 36565, 40804, 62427, 84620, 28560, 70055, 35083, 5624, 91838, 73200, 57692, 93844, 49188, 88083, 79346, 19552, 58622, 55206, 19601, 35191, 14712, 78821, 52959, 61452, 13366, 87131, 38741, 63663, 62649, 36721, 81387, 89872, 25618, 37326, 81250, 65858, 74057, 77241, 77936, 77620, 62546, 87885, 4720, 53507, 52797, 91566, 75573, 30809, 8533, 78169, 53227, 17504, 76054, 95332, 18131, 3746, 8357, 59409, 43362, 50357, 66110, 93450, 56020, 67103, 34074, 67268, 53023, 33617, 66382, 84834, 43871, 11081, 26348, 47197, 85835, 4310, 46301, 33767, 61666, 71524, 61482, 55090, 38849, 95324, 45414, 58081, 48962, 31423, 14456, 31766, 22437, 12039, 94697, 87951, 37997, 75770, 75627, 94621, 54774, 6977, 28274, 14326, 73207, 77563, 61868, 35583, 91136, 64724, 85540, 67704, 93186, 18881, 33866, 79351, 46010, 20293, 87453, 12273, 37918, 23105, 5631, 38294, 55444, 26861, 14547, 78014, 58417, 6625, 97742, 30201, 35222, 94130, 9869, 72191, 90426, 47638, 17917, 93700, 83016, 79750, 29518, 8683, 25170, 38117, 1270, 87580, 76026, 6813, 5175], ""<class 'abc.NT_0000'>"": [6, 81341, 2, 0, 0, 0, 0, 0, 5, 3, 0, 0, 0, 64878, 4, 6, 3, 3, 6, 5, 1, 1, 2, 5, 1, 5, 0, 1, 1, 1, 0, 6, 3, 4, 4, 2, 0, 5, 2, 0, 6, 4, 5, 6, 0, 3, 2, 5, 3, 5, 3, 2, 2, 2, 5, 1, 0, 6, 90454, 2, 3, 0, 5, 4, 3, 0, 0, 0, 0, 73098, 0, 0, 0, 0, 5, 3, 2, 1, 5, 4, 0, 2, 2, 1, 75691, 72824, 98505, 4, 1, 2, 3, 0, 0, 0, 0, 0, 0, 0, 0, 6, 1, 0, 4, 0, 5, 0, 0, 0, 0, 5, 3, 37973, 4, 6, 4, 3, 6, 4, 1, 16791, 3, 2, 5, 5, 6, 3, 0, 23028, 5, 25454, 1, 6, 1, 3, 5, 3, 6, 4, 1, 0, 0, 0, 0, 0, 2, 6, 2, 2, 6, 2, 1, 71077, 6, 1, 3, 6, 4, 6, 1, 43278, 18853, 22685, 65944], ""<class 'abc.NT_0000_P_00000'>"": [], ""<class 'abc.NT_0000_P_00001'>"": [], ""<class 'abc.NT_0000_P_00002'>"": [], ""<class 'abc.NT_0000_P_00003'>"": [], ""<class 'abc.NT_0000_P_00004'>"": [], ""<class 'abc.NT_0000_P_00005'>"": [], ""<class 'abc.NT_0000_P_00006'>"": [], ""<class 'abc.NT_0001_P_00001'>"": [], ""<class 'abc.NT_0001_P_00002'>"": [], ""<class 'abc.NT_0004_P_00001'>"": [], ""<class 'abc.NT_0003'>"": [], ""<class 'abc.NT_0003_P_00000'>"": [], ""<class 'abc.NT_0002'>"": [], ""<class 'abc.NT_0002_P_00000'>"": [], ""<class 'abc.NT_0002_P_00001'>"": [], ""<class 'abc.NT_0002_P_00002'>"": [], ""<class 'abc.NT_0002_P_00003'>"": [], ""<class 'abc.NT_0002_P_00004'>"": [], ""<class 'abc.NT_0002_P_00005'>"": [], ""<class 'abc.NT_0002_P_00006'>"": [], ""<class 'abc.NT_0002_P_00007'>"": [], ""<class 'abc.NT_0003_P_00001'>"": [], ""<class 'abc.NT_0006'>"": [0, 0, 0, 0, 0, 0, 0, 0, 0, 0, 0, 60378, 37837], ""<class 'abc.NT_0006_P_00000'>"": [], ""<class 'abc.NT_0005'>"": [], ""<class 'abc.NT_0005_P_00000'>"": [], ""<class 'abc.NT_0005_P_00001'>"": [], ""<class 'abc.NT_0005_P_00002'>"": [], ""<class 'abc.NT_0005_P_00003'>"": [], ""<class 'abc.NT_0005_P_00004'>"": [], ""<class 'abc.NT_0005_P_00005'>"": [], ""<class 'abc.NT_0005_P_00006'>"": [], ""<class 'abc.NT_0006_P_00001'>"": [], ""<class 'abc.NT_0006_P_00002'>"": [], ""<class 'abc.NT_0006_P_00003'>"": [], ""<class 'abc.NT_0006_P_00004'>"": [], ""<class 'abc.NT_0006_P_00005'>"": [], ""<class 'abc.NT_0006_P_00006'>"": [], ""<class 'abc.NT_0006_P_00007'>"": [], ""<class 'abc.NT_0007_P_00001'>"": [], ""<class 'abc.NT_0007_P_00002'>"": [], ""<class 'abc.NT_0007_P_00003'>"": [], ""<class 'abc.NT_0007_P_00004'>"": [], ""<class 'abc.NT_0007_P_00005'>"": [], ""<class 'abc.NT_0010_P_00001'>"": [], ""<class 'abc.NT_0008'>"": [1, 1, 0, 1, 0, 1, 1, 0, 0, 0, 53609], ""<class 'abc.NT_0008_P_00000'>"": [], ""<class 'abc.NT_0008_P_00001'>"": [], ""<class 'abc.NT_0008_P_00002'>"": [], ""<class 'abc.NT_0008_P_00003'>"": [], ""<class 'abc.NT_0008_P_00004'>"": [], ""<class 'abc.NT_0010_P_00002'>"": [], ""<class 'abc.NT_0010_P_00003'>"": [], ""<class 'abc.NT_0010_P_00004'>"": [], ""<class 'abc.NT_0009'>"": [], ""<class 'abc.NT_0009_P_00000'>"": [], ""<class 'abc.NT_0009_P_00001'>"": [], ""<class 'abc.NT_0009_P_00002'>"": [], ""<class 'abc.NT_0009_P_00003'>"": [], ""<class 'abc.NT_0009_P_00004'>"": [], ""<class 'abc.NT_0010_P_00005'>"": [], ""<class 'abc.NT_0010_P_00006'>"": [], '$leftovers': [30991, 71325, 99256, 76301, 95693, 34122, 53952, 55672, 74831, 33963, 25015, 25697, 7592, 13690, 41603, 28828, 1846, 59419, 50863, 95750, 68544, 33751, 67086, 76352, 50275, 33813, 72521, 72186, 98367, 89110, 82056, 74758, 66368, 72604, 26616, 95885, 5264, 24236, 31002, 72786, 81453, 1549, 58861, 79208, 25327, 61699, 15666, 70132, 5604, 37976, 96197, 2135, 75049, 31492, 45828, 69192, 23886, 73401, 14363, 57489, 62600, 98230, 9181, 95579, 43563, 90001, 10166, 37716, 81042, 70856, 13122, 24742, 63023, 17296, 11162, 35926, 83920, 36824, 91962, 58024, 27633, 13217, 56880, 30598, 66637, 54630, 58415, 54841, 82919, 35232, 49917, 17273, 79974, 17408, 31831, 87760, 29062, 14159, 29820, 5544, 41099, 45482, 2367, 64759, 21373, 78063, 60377, 57592, 80389, 75806, 7140, 12762, 52584, 44029, 83065, 36358, 92073, 35502, 89851, 86918, 68167, 22970, 33999, 40707, 73232, 67107, 4690, 27422, 72591, 34525, 90618, 2963, 85885, 80470, 94309, 72287, 86237, 30800, 21730, 52145, 25063, 99142, 45233, 92389, 19816, 53209, 72995, 23801, 95121, 45638, 11339, 15054, 40314, 16381, 79668, 56708, 97137, 22673, 80400, 80443, 24458, 37011, 58667, 75764, 53847, 74996, 93872, 46267, 41769, 85089, 9643, 86889, 97627, 33079, 933, 43196, 52217, 79122, 46989, 50182, 64937, 60213, 16879, 63767, 55027, 27313, 18196, 50575, 90581, 8996, 89436, 11012, 91016, 57772, 10236, 47256, 19254, 76575, 44892, 57875, 3503, 27780, 56113, 13767, 20496, 36810, 88578, 50995, 20368, 96919, 63509, 78725, 22186, 21940, 83357, 70821, 62407, 5751, 99417, 54484, 84347, 49869, 59120, 77472, 71055, 75216, 32877, 52229, 43027, 52944, 84829, 51449, 27475, 27630, 13347, 93840, 82893, 31266, 77927, 44060, 63854, 26220, 14191, 5875, 72995, 94210, 4812, 36293, 60877, 38524, 53538, 55421, 57401, 6707, 31836, 5558, 72593, 56812, 95547, 72912, 18618, 75443, 78171, 11735, 35054, 94765, 87027, 57565, 4412, 48777, 17618, 18044, 80027, 77395, 39289, 29056, 72558, 46347, 83019, 73372, 48356, 18386, 80834, 35099, 61279, 69867, 10554, 17785, 24597, 21526, 52000, 84035, 68241, 86236, 90584, 56916, 4321, 21106, 3209, 53370, 14502, 4043, 3741, 48190, 62568, 85240, 30739, 34688, 33162, 38929, 40707, 9334, 70094, 294, 70936, 86179, 55931, 16143, 22646, 9862, 78881, 12560, 83625, 7134, 61874, 91203, 46269, 47110, 83843, 5289, 74137, 88273, 14580, 47344, 60753, 19167, 40339, 79020, 71132, 72253, 89884, 55934, 54064, 74742, 75597, 86320, 15369, 63397, 46665, 17800, 14718, 59462, 83731, 50541, 53632, 34874, 68412, 2214, 3157, 78677, 23641, 67143, 58266, 39232, 74667, 18780, 43657, 73836, 21147, 90021, 98970, 11732, 28569, 99269, 41709, 68360, 42589, 70863, 97958, 97500, 40709, 92966, 21694, 40040, 15592, 22426, 52529, 8629, 24081, 50548, 58167, 84087, 80087, 55979, 12478, 75863, 55100, 52426, 86114, 99605, 40435, 5992, 58835, 61375, 29923, 65710, 80868, 92180, 69393, 41505, 62791, 18731, 18953, 11106, 22971, 47087, 67395, 8258, 12800, 44872, 82838, 62992, 14599, 48272, 40211, 34341, 21057, 28702, 52824, 50572, 82640, 12559, 6067, 48063, 59935, 26657, 3055, 87176, 89751, 87167, 14129, 36152, 74245, 44747, 51354, 75606, 24046, 98077, 96803, 82440, 70055, 51399, 43781, 35119, 45388, 14656, 55187, 5401, 8942, 17594, 59726, 44804, 51824, 97127, 93212, 46736, 55514, 73728, 42663, 19730, 19118, 31504, 24324, 14360, 71402, 35819, 66623, 33391, 84006, 2911, 97136, 67491, 11377, 49060, 65542, 72990, 114, 23028, 6641, 27228, 3801, 4956, 62586, 14141, 70080, 75547, 78994, 65918, 560, 46101, 31529, 66655, 31719, 5956, 96644, 67012, 78144, 3048, 45105, 7215, 83884, 11279, 16049, 66710, 25797, 40844, 87206, 63324, 41774, 57371, 78550, 22173, 30307, 13444, 29382, 32923, 31372, 98768, 620, 84539, 52981, 46001, 96637, 98145, 70426, 17494, 64405, 42589, 15179, 68644, 27071, 13450, 95253, 45532, 96961, 62333, 11781, 32318, 82849, 54636, 12447, 1814, 30737, 3786, 72534, 1553, 67307, 88836, 53336, 60684, 5299, 69670, 93727, 24264, 65067, 51522, 39043, 6477, 55629, 2045, 64874, 64874, 93396, 99449, 22991, 2252, 65473, 51372, 84312, 95735, 39003, 62906, 71229, 74579, 17862, 12605, 66123, 12351, 5404, 1510, 13832, 51398, 43597, 86043, 45546, 50420, 68348, 45911, 17136, 91393, 29118, 76555, 7357, 11300, 51742, 333, 26830, 75555, 2331, 96635, 13605, 21847, 8187, 79899, 51411, 91776, 29149, 96412, 70544, 75327, 30017, 64797, 45663, 36499, 35707, 5655, 58962, 70918, 30728, 28698, 2763, 45752, 53106, 82946, 39676, 58721, 64695, 96504, 11019, 19011, 33978, 82026, 62216, 86549, 70888, 51675, 18118, 44149, 304, 65154, 36993, 6719, 70749, 97700, 69122, 18232, 60931, 25664, 33495, 71133, 59877, 99870, 53079, 77835, 65833, 47081, 384, 86289, 42953, 38560, 17803, 33158, 87143, 3202, 80836, 24559, 25480, 24884, 20970, 78849, 96190, 23338, 56243, 28044, 1806, 43098, 94629, 1557, 75946, 69931, 66152, 83354, 38712, 69524, 66843, 29150, 61796, 59849, 85600, 73561, 8370, 32232, 13997, 66493, 75770, 25037, 41313, 81709, 42770, 35823, 5767, 84597, 6127, 36332, 59300, 14612, 84423, 75500, 4652, 15299, 11866, 73468, 89289, 30402, 81756, 68438, 35166, 55904, 13846, 18702, 799, 42978, 42363, 81775, 82039, 83706, 66787, 77082, 77233, 90355, 92042, 96322, 19227, 61963, 89603, 77545, 6052, 3841, 18717, 8234, 40730, 2563, 59226, 40967, 20584, 89858, 2564, 5878, 37612, 97484, 83865, 55142, 71000, 19072, 8974, 77980, 38107, 22222, 6344, 29047, 58559, 78236, 92489, 35351, 52880, 4784, 75272, 7172, 14821, 69925, 48597, 36800, 79837, 61052, 92728, 80840, 76556, 35926, 45963, 39089, 13982, 99317, 41515, 54213, 5759, 15167, 75711, 94811, 10683, 62537, 60034, 52454, 34102, 45807, 41806, 62006, 5254, 39376, 56753, 187, 90094, 45504, 96638, 10503, 14605, 12369, 14432, 31110, 66366, 82294, 58782, 82122, 93759, 61568, 45358, 83396, 56007, 22346, 66542, 25137, 68312, 52464, 36527, 57473, 69800, 52446, 72031, 53744, 47922, 16738, 49867, 32313, 76536, 62962, 51773, 12155, 8875, 76172, 34750, 32742, 97811, 88073, 51338, 30794, 91006, 86416, 39880, 1952, 1988, 834, 62791, 67483, 70617, 36464, 94648, 90108, 1096, 63154, 60062, 94902, 97514, 37054, 72006, 93872, 51641, 95146, 29421, 13699, 69458, 65880, 5195, 64127, 49560, 11459, 71639, 53906, 78595, 61247, 38, 96621, 9490, 10431, 14318, 66154, 77198, 68556, 55459, 96467, 72843, 20962, 56323, 81690, 9497, 25412, 82928, 49217, 52686, 94969, 92492, 21761, 71648, 29956, 62011, 95264, 32476, 14571, 57797, 89984, 56359, 10135, 93277, 26149, 81033, 35003, 9263, 28190, 31612, 31319, 51082, 62322, 43964, 54411, 62127, 34041, 1407, 30008, 37444, 91432, 17575, 63516, 79823, 24359, 57939, 44660, 66, 72073, 42472, 94120, 65635, 81958, 37791, 55580, 41268, 69239, 35124, 6540, 98481, 46755, 25404, 67577, 65846, 29030, 46115, 80925, 52269, 5028, 9163, 60505, 33992, 22030, 94004, 52956, 42555, 32674, 98143, 24692, 8450, 53283, 2014, 7396, 66, 78982, 83694, 22573, 2780, 14252, 55750, 49033, 93213, 40123, 40063, 85147, 53609, 43278, 5175, 49000, 61144, 18853, 22685, 65944]})"
739.0,9,128,48,457.5646080970764,10180,"Genotype(dna={""<class 'abc.NT_0010'>"": [0, 0, 0, 0, 0, 1, 85147], ""<class 'abc.NT_0010_P_00000'>"": [], ""<class 'abc.NT_0007'>"": [], ""<class 'abc.NT_0007_P_00000'>"": [], ""<class 'abc.NT_0004'>"": [], ""<class 'abc.NT_0004_P_00000'>"": [], ""<class 'int'>"": [77126, 43201, 70789, 75809, 4326, 67271, 38350, 87430, 97011, 55942, 4506, 59964, 42225, 57077, 24342, 14478, 93904, 80839, 76441, 74856, 50058, 3411, 8626, 26055, 29274, 58967, 78993, 14828, 751, 67511, 28585, 12825, 23966, 7277, 99825, 74879, 55352, 55331, 363, 45016, 14379, 61509, 2069, 28699, 80396, 73351, 75557, 59585, 6749, 85094, 61965, 7610, 26258, 28296, 93033, 83162, 30096, 44060, 62884, 2091, 35245, 6364, 80462, 83171, 68919, 29950, 26707, 81924, 38153, 22585, 59277, 34382, 68715, 94500, 26532, 36726, 60581, 3345, 80271, 58978, 66816, 27488, 49989, 88487, 67815, 33251, 9814, 70899, 70376, 99445, 16025, 47013, 16359, 51100, 8258, 32360, 60550, 42267, 55413, 66178, 58891, 3524, 17413, 2205, 64779, 63914, 19152, 44391, 7431, 78639, 82080, 50837, 75285, 21620, 27020, 45595, 55890, 54599, 20169, 33311, 32242, 53498, 46439, 80881, 76188, 26746, 1133, 75300, 28413, 28258, 74339, 48912, 89430, 54118, 78957, 8190, 11376, 81490, 34042, 77295, 38509, 25473, 21325, 74688, 33757, 73445, 1092, 88730, 91008, 96974, 36419, 85058, 83462, 49605, 19202, 51394, 772, 92230, 92668, 29889], ""<class 'abc.NT_0001'>"": [], ""<class 'abc.NT_0001_P_00000'>"": [], ""<class 'bool'>"": [94567, 26792, 43510, 17549, 32334, 79141, 31637, 64567, 53775, 17842, 69311, 43769, 97227, 1539, 80259, 78373, 75096, 56123, 57441, 16081, 65316, 25292, 17109, 80941, 79234, 78069, 69895, 52794, 33022, 9796, 7359, 78315, 95070, 23853, 844, 88015, 38332, 33443, 63109, 65469, 50133, 54808, 23847, 83837, 84120, 86023, 34733, 17939, 58788, 74731, 58899, 85894, 94868, 87736, 94803, 79241, 69192, 55877, 78874, 36565, 40804, 62427, 84620, 28560, 70055, 35083, 5624, 91838, 73200, 57692, 93844, 49188, 88083, 79346, 19552, 58622, 55206, 19601, 35191, 14712, 78821, 52959, 61452, 13366, 87131, 38741, 63663, 62649, 36721, 81387, 89872, 25618, 37326, 81250, 65858, 74057, 77241, 77936, 77620, 62546, 87885, 4720, 53507, 52797, 91566, 75573, 30809, 8533, 78169, 53227, 17504, 76054, 95332, 18131, 3746, 8357, 59409, 43362, 50357, 66110, 93450, 56020, 67103, 34074, 67268, 53023, 33617, 66382, 84834, 43871, 11081, 26348, 47197, 85835, 4310, 46301, 33767, 61666, 71524, 61482, 55090, 38849, 95324, 45414, 58081, 48962, 31423, 14456, 31766, 22437, 12039, 94697, 87951, 37997, 75770, 75627, 94621, 54774, 6977, 28274, 14326, 73207, 77563, 61868, 35583, 91136, 64724, 85540, 67704, 93186, 18881, 33866, 79351, 46010, 20293, 87453, 12273, 37918, 23105, 5631, 38294, 55444, 26861, 14547, 78014, 58417, 6625, 97742, 30201, 35222, 94130, 9869, 72191, 90426, 47638, 17917, 93700, 83016, 79750, 29518, 8683, 25170, 38117, 1270, 87580, 76026, 6813, 5175], ""<class 'abc.NT_0000'>"": [6, 81341, 2, 0, 0, 0, 0, 0, 5, 3, 0, 0, 0, 64878, 4, 6, 3, 3, 6, 5, 1, 1, 2, 5, 1, 5, 0, 1, 1, 1, 0, 6, 3, 4, 4, 2, 0, 5, 2, 0, 6, 4, 5, 6, 0, 3, 2, 5, 3, 5, 3, 2, 2, 2, 5, 1, 0, 6, 90454, 2, 3, 0, 5, 4, 3, 0, 0, 0, 0, 73098, 0, 0, 0, 0, 5, 3, 2, 1, 5, 4, 0, 2, 2, 1, 75691, 72824, 98505, 4, 1, 2, 3, 0, 0, 0, 0, 0, 0, 0, 0, 6, 1, 0, 4, 0, 5, 0, 0, 0, 0, 5, 3, 37973, 4, 6, 4, 3, 6, 4, 1, 16791, 3, 2, 5, 5, 6, 3, 0, 23028, 5, 25454, 1, 6, 1, 3, 5, 3, 6, 4, 1, 0, 0, 0, 0, 0, 2, 6, 2, 2, 6, 2, 1, 71077, 6, 1, 3, 6, 4, 6, 1, 43278, 18853, 22685, 65944], ""<class 'abc.NT_0000_P_00000'>"": [], ""<class 'abc.NT_0000_P_00001'>"": [], ""<class 'abc.NT_0000_P_00002'>"": [], ""<class 'abc.NT_0000_P_00003'>"": [], ""<class 'abc.NT_0000_P_00004'>"": [], ""<class 'abc.NT_0000_P_00005'>"": [], ""<class 'abc.NT_0000_P_00006'>"": [], ""<class 'abc.NT_0001_P_00001'>"": [], ""<class 'abc.NT_0001_P_00002'>"": [], ""<class 'abc.NT_0004_P_00001'>"": [], ""<class 'abc.NT_0003'>"": [], ""<class 'abc.NT_0003_P_00000'>"": [], ""<class 'abc.NT_0002'>"": [], ""<class 'abc.NT_0002_P_00000'>"": [], ""<class 'abc.NT_0002_P_00001'>"": [], ""<class 'abc.NT_0002_P_00002'>"": [], ""<class 'abc.NT_0002_P_00003'>"": [], ""<class 'abc.NT_0002_P_00004'>"": [], ""<class 'abc.NT_0002_P_00005'>"": [], ""<class 'abc.NT_0002_P_00006'>"": [], ""<class 'abc.NT_0002_P_00007'>"": [], ""<class 'abc.NT_0003_P_00001'>"": [], ""<class 'abc.NT_0006'>"": [0, 0, 0, 0, 0, 0, 0, 0, 0, 0, 0, 60378, 37837], ""<class 'abc.NT_0006_P_00000'>"": [], ""<class 'abc.NT_0005'>"": [], ""<class 'abc.NT_0005_P_00000'>"": [], ""<class 'abc.NT_0005_P_00001'>"": [], ""<class 'abc.NT_0005_P_00002'>"": [], ""<class 'abc.NT_0005_P_00003'>"": [], ""<class 'abc.NT_0005_P_00004'>"": [], ""<class 'abc.NT_0005_P_00005'>"": [], ""<class 'abc.NT_0005_P_00006'>"": [], ""<class 'abc.NT_0006_P_00001'>"": [], ""<class 'abc.NT_0006_P_00002'>"": [], ""<class 'abc.NT_0006_P_00003'>"": [], ""<class 'abc.NT_0006_P_00004'>"": [], ""<class 'abc.NT_0006_P_00005'>"": [], ""<class 'abc.NT_0006_P_00006'>"": [], ""<class 'abc.NT_0006_P_00007'>"": [], ""<class 'abc.NT_0007_P_00001'>"": [], ""<class 'abc.NT_0007_P_00002'>"": [], ""<class 'abc.NT_0007_P_00003'>"": [], ""<class 'abc.NT_0007_P_00004'>"": [], ""<class 'abc.NT_0007_P_00005'>"": [], ""<class 'abc.NT_0010_P_00001'>"": [], ""<class 'abc.NT_0008'>"": [1, 1, 0, 1, 0, 1, 1, 0, 0, 0, 53609], ""<class 'abc.NT_0008_P_00000'>"": [], ""<class 'abc.NT_0008_P_00001'>"": [], ""<class 'abc.NT_0008_P_00002'>"": [], ""<class 'abc.NT_0008_P_00003'>"": [], ""<class 'abc.NT_0008_P_00004'>"": [], ""<class 'abc.NT_0010_P_00002'>"": [], ""<class 'abc.NT_0010_P_00003'>"": [], ""<class 'abc.NT_0010_P_00004'>"": [], ""<class 'abc.NT_0009'>"": [], ""<class 'abc.NT_0009_P_00000'>"": [], ""<class 'abc.NT_0009_P_00001'>"": [], ""<class 'abc.NT_0009_P_00002'>"": [], ""<class 'abc.NT_0009_P_00003'>"": [], ""<class 'abc.NT_0009_P_00004'>"": [], ""<class 'abc.NT_0010_P_00005'>"": [], ""<class 'abc.NT_0010_P_00006'>"": [], '$leftovers': [30991, 71325, 99256, 76301, 95693, 34122, 53952, 55672, 74831, 33963, 25015, 25697, 7592, 13690, 41603, 28828, 1846, 59419, 50863, 95750, 68544, 33751, 67086, 76352, 50275, 33813, 72521, 72186, 98367, 89110, 82056, 74758, 66368, 72604, 26616, 95885, 5264, 24236, 31002, 72786, 81453, 1549, 58861, 79208, 25327, 61699, 15666, 70132, 5604, 37976, 96197, 2135, 75049, 31492, 45828, 69192, 23886, 73401, 14363, 57489, 62600, 98230, 9181, 95579, 43563, 90001, 10166, 37716, 81042, 70856, 13122, 24742, 63023, 17296, 11162, 35926, 83920, 36824, 91962, 58024, 27633, 13217, 56880, 30598, 66637, 54630, 58415, 54841, 82919, 35232, 49917, 17273, 79974, 17408, 31831, 87760, 29062, 14159, 29820, 5544, 41099, 45482, 2367, 64759, 21373, 78063, 60377, 57592, 80389, 75806, 7140, 12762, 52584, 44029, 83065, 36358, 92073, 35502, 89851, 86918, 68167, 22970, 33999, 40707, 73232, 67107, 4690, 27422, 72591, 34525, 90618, 2963, 85885, 80470, 94309, 72287, 86237, 30800, 21730, 52145, 25063, 99142, 45233, 92389, 19816, 53209, 72995, 23801, 95121, 45638, 11339, 15054, 40314, 16381, 79668, 56708, 97137, 22673, 80400, 80443, 24458, 37011, 58667, 75764, 53847, 74996, 93872, 46267, 41769, 85089, 9643, 86889, 97627, 33079, 933, 43196, 52217, 79122, 46989, 50182, 64937, 60213, 16879, 63767, 55027, 27313, 18196, 50575, 90581, 8996, 89436, 11012, 91016, 57772, 10236, 47256, 19254, 76575, 44892, 57875, 3503, 27780, 56113, 13767, 20496, 36810, 88578, 50995, 20368, 96919, 63509, 78725, 22186, 21940, 83357, 70821, 62407, 5751, 99417, 54484, 84347, 49869, 59120, 77472, 71055, 75216, 32877, 52229, 43027, 52944, 84829, 51449, 27475, 27630, 13347, 93840, 82893, 31266, 77927, 44060, 63854, 26220, 14191, 5875, 72995, 94210, 4812, 36293, 60877, 38524, 53538, 55421, 57401, 6707, 31836, 5558, 72593, 56812, 95547, 72912, 18618, 75443, 78171, 11735, 35054, 94765, 87027, 57565, 4412, 48777, 17618, 18044, 80027, 77395, 39289, 29056, 72558, 46347, 83019, 73372, 48356, 18386, 80834, 35099, 61279, 69867, 10554, 17785, 24597, 21526, 52000, 84035, 68241, 86236, 90584, 56916, 4321, 21106, 3209, 53370, 14502, 4043, 3741, 48190, 62568, 85240, 30739, 34688, 33162, 38929, 40707, 9334, 70094, 294, 70936, 86179, 55931, 16143, 22646, 9862, 78881, 12560, 83625, 7134, 61874, 91203, 46269, 47110, 83843, 5289, 74137, 88273, 14580, 47344, 60753, 19167, 40339, 79020, 71132, 72253, 89884, 55934, 54064, 74742, 75597, 86320, 15369, 63397, 46665, 17800, 14718, 59462, 83731, 50541, 53632, 34874, 68412, 2214, 3157, 78677, 23641, 67143, 58266, 39232, 74667, 18780, 43657, 73836, 21147, 90021, 98970, 11732, 28569, 99269, 41709, 68360, 42589, 70863, 97958, 97500, 40709, 92966, 21694, 40040, 15592, 22426, 52529, 8629, 24081, 50548, 58167, 84087, 80087, 55979, 12478, 75863, 55100, 52426, 86114, 99605, 40435, 5992, 58835, 61375, 29923, 65710, 80868, 92180, 69393, 41505, 62791, 18731, 18953, 11106, 22971, 47087, 67395, 8258, 12800, 44872, 82838, 62992, 14599, 48272, 40211, 34341, 21057, 28702, 52824, 50572, 82640, 12559, 6067, 48063, 59935, 26657, 3055, 87176, 89751, 87167, 14129, 36152, 74245, 44747, 51354, 75606, 24046, 98077, 96803, 82440, 70055, 51399, 43781, 35119, 45388, 14656, 55187, 5401, 8942, 17594, 59726, 44804, 51824, 97127, 93212, 46736, 55514, 73728, 42663, 19730, 19118, 31504, 24324, 14360, 71402, 35819, 66623, 33391, 84006, 2911, 97136, 67491, 11377, 49060, 65542, 72990, 114, 23028, 6641, 27228, 3801, 4956, 62586, 14141, 70080, 75547, 78994, 65918, 560, 46101, 31529, 66655, 31719, 5956, 96644, 67012, 78144, 3048, 45105, 7215, 83884, 11279, 16049, 66710, 25797, 40844, 87206, 63324, 41774, 57371, 78550, 22173, 30307, 13444, 29382, 32923, 31372, 98768, 620, 84539, 52981, 46001, 96637, 98145, 70426, 17494, 64405, 42589, 15179, 68644, 27071, 13450, 95253, 45532, 96961, 62333, 11781, 32318, 82849, 54636, 12447, 1814, 30737, 3786, 72534, 1553, 67307, 88836, 53336, 60684, 5299, 69670, 93727, 24264, 65067, 51522, 39043, 6477, 55629, 2045, 64874, 64874, 93396, 99449, 22991, 2252, 65473, 51372, 84312, 95735, 39003, 62906, 71229, 74579, 17862, 12605, 66123, 12351, 5404, 1510, 13832, 51398, 43597, 86043, 45546, 50420, 68348, 45911, 17136, 91393, 29118, 76555, 7357, 11300, 51742, 333, 26830, 75555, 2331, 96635, 13605, 21847, 8187, 79899, 51411, 91776, 29149, 96412, 70544, 75327, 30017, 64797, 45663, 36499, 35707, 5655, 58962, 70918, 30728, 28698, 2763, 45752, 53106, 82946, 39676, 58721, 64695, 96504, 11019, 19011, 33978, 82026, 62216, 86549, 70888, 51675, 18118, 44149, 304, 65154, 36993, 6719, 70749, 97700, 69122, 18232, 60931, 25664, 33495, 71133, 59877, 99870, 53079, 77835, 65833, 47081, 384, 86289, 42953, 38560, 17803, 33158, 87143, 3202, 80836, 24559, 25480, 24884, 20970, 78849, 96190, 23338, 56243, 28044, 1806, 43098, 94629, 1557, 75946, 69931, 66152, 83354, 38712, 69524, 66843, 29150, 61796, 59849, 85600, 73561, 8370, 32232, 13997, 66493, 75770, 25037, 41313, 81709, 42770, 35823, 5767, 84597, 6127, 36332, 59300, 14612, 84423, 75500, 4652, 15299, 11866, 73468, 89289, 30402, 81756, 68438, 35166, 55904, 13846, 18702, 799, 42978, 42363, 81775, 82039, 83706, 66787, 77082, 77233, 90355, 92042, 96322, 19227, 61963, 89603, 77545, 6052, 3841, 18717, 8234, 40730, 2563, 59226, 40967, 20584, 89858, 2564, 5878, 37612, 97484, 83865, 55142, 71000, 19072, 8974, 77980, 38107, 22222, 6344, 29047, 58559, 78236, 92489, 35351, 52880, 4784, 75272, 7172, 14821, 69925, 48597, 36800, 79837, 61052, 92728, 80840, 76556, 35926, 45963, 39089, 13982, 99317, 41515, 54213, 5759, 15167, 75711, 94811, 10683, 62537, 60034, 52454, 34102, 45807, 41806, 62006, 5254, 39376, 56753, 187, 90094, 45504, 96638, 10503, 14605, 12369, 14432, 31110, 66366, 82294, 58782, 82122, 93759, 61568, 45358, 83396, 56007, 22346, 66542, 25137, 68312, 52464, 36527, 57473, 69800, 52446, 72031, 53744, 47922, 16738, 49867, 32313, 76536, 62962, 51773, 12155, 8875, 76172, 34750, 32742, 97811, 88073, 51338, 30794, 91006, 86416, 39880, 1952, 1988, 834, 62791, 67483, 70617, 36464, 94648, 90108, 1096, 63154, 60062, 94902, 97514, 37054, 72006, 93872, 51641, 95146, 29421, 13699, 69458, 65880, 5195, 64127, 49560, 11459, 71639, 53906, 78595, 61247, 38, 96621, 9490, 10431, 14318, 66154, 77198, 68556, 55459, 96467, 72843, 20962, 56323, 81690, 9497, 25412, 82928, 49217, 52686, 94969, 92492, 21761, 71648, 29956, 62011, 95264, 32476, 14571, 57797, 89984, 56359, 10135, 93277, 26149, 81033, 35003, 9263, 28190, 31612, 31319, 51082, 62322, 43964, 54411, 62127, 34041, 1407, 30008, 37444, 91432, 17575, 63516, 79823, 24359, 57939, 44660, 66, 72073, 42472, 94120, 65635, 81958, 37791, 55580, 41268, 69239, 35124, 6540, 98481, 46755, 25404, 67577, 65846, 29030, 46115, 80925, 52269, 5028, 9163, 60505, 33992, 22030, 94004, 52956, 42555, 32674, 98143, 24692, 8450, 53283, 2014, 7396, 66, 78982, 83694, 22573, 2780, 14252, 55750, 49033, 93213, 40123, 40063, 85147, 53609, 43278, 5175, 49000, 61144, 18853, 22685, 65944]})"
739.0,9,128,49,458.4391202926636,10180,"Genotype(dna={""<class 'abc.NT_0010'>"": [0, 0, 0, 0, 0, 1, 85147], ""<class 'abc.NT_0010_P_00000'>"": [], ""<class 'abc.NT_0007'>"": [], ""<class 'abc.NT_0007_P_00000'>"": [], ""<class 'abc.NT_0004'>"": [], ""<class 'abc.NT_0004_P_00000'>"": [], ""<class 'int'>"": [77126, 43201, 70789, 75809, 4326, 67271, 38350, 87430, 97011, 55942, 4506, 59964, 42225, 57077, 24342, 14478, 93904, 80839, 76441, 74856, 50058, 3411, 8626, 26055, 29274, 58967, 78993, 14828, 751, 67511, 28585, 12825, 23966, 7277, 99825, 74879, 55352, 55331, 363, 45016, 14379, 61509, 2069, 28699, 80396, 73351, 75557, 59585, 6749, 85094, 61965, 7610, 26258, 28296, 93033, 83162, 30096, 44060, 62884, 2091, 35245, 6364, 80462, 83171, 68919, 29950, 26707, 81924, 38153, 22585, 59277, 34382, 68715, 94500, 26532, 36726, 60581, 3345, 80271, 58978, 66816, 27488, 49989, 88487, 67815, 33251, 9814, 70899, 70376, 99445, 16025, 47013, 16359, 51100, 8258, 32360, 60550, 42267, 55413, 66178, 58891, 3524, 17413, 2205, 64779, 63914, 19152, 44391, 7431, 78639, 82080, 50837, 75285, 21620, 27020, 45595, 55890, 54599, 20169, 33311, 32242, 53498, 46439, 80881, 76188, 26746, 1133, 75300, 28413, 28258, 74339, 48912, 89430, 54118, 78957, 8190, 11376, 81490, 34042, 77295, 38509, 25473, 21325, 74688, 33757, 73445, 1092, 88730, 91008, 96974, 36419, 85058, 83462, 49605, 19202, 51394, 772, 92230, 92668, 29889], ""<class 'abc.NT_0001'>"": [], ""<class 'abc.NT_0001_P_00000'>"": [], ""<class 'bool'>"": [94567, 26792, 43510, 17549, 32334, 79141, 31637, 64567, 53775, 17842, 69311, 43769, 97227, 1539, 80259, 78373, 75096, 56123, 57441, 16081, 65316, 25292, 17109, 80941, 79234, 78069, 69895, 52794, 33022, 9796, 7359, 78315, 95070, 23853, 844, 88015, 38332, 33443, 63109, 65469, 50133, 54808, 23847, 83837, 84120, 86023, 34733, 17939, 58788, 74731, 58899, 85894, 94868, 87736, 94803, 79241, 69192, 55877, 78874, 36565, 40804, 62427, 84620, 28560, 70055, 35083, 5624, 91838, 73200, 57692, 93844, 49188, 88083, 79346, 19552, 58622, 55206, 19601, 35191, 14712, 78821, 52959, 61452, 13366, 87131, 38741, 63663, 62649, 36721, 81387, 89872, 25618, 37326, 81250, 65858, 74057, 77241, 77936, 77620, 62546, 87885, 4720, 53507, 52797, 91566, 75573, 30809, 8533, 78169, 53227, 17504, 76054, 95332, 18131, 3746, 8357, 59409, 43362, 50357, 66110, 93450, 56020, 67103, 34074, 67268, 53023, 33617, 66382, 84834, 43871, 11081, 26348, 47197, 85835, 4310, 46301, 33767, 61666, 71524, 61482, 55090, 38849, 95324, 45414, 58081, 48962, 31423, 14456, 31766, 22437, 12039, 94697, 87951, 37997, 75770, 75627, 94621, 54774, 6977, 28274, 14326, 73207, 77563, 61868, 35583, 91136, 64724, 85540, 67704, 93186, 18881, 33866, 79351, 46010, 20293, 87453, 12273, 37918, 23105, 5631, 38294, 55444, 26861, 14547, 78014, 58417, 6625, 97742, 30201, 35222, 94130, 9869, 72191, 90426, 47638, 17917, 93700, 83016, 79750, 29518, 8683, 25170, 38117, 1270, 87580, 76026, 6813, 5175], ""<class 'abc.NT_0000'>"": [6, 81341, 2, 0, 0, 0, 0, 0, 5, 3, 0, 0, 0, 64878, 4, 6, 3, 3, 6, 5, 1, 1, 2, 5, 1, 5, 0, 1, 1, 1, 0, 6, 3, 4, 4, 2, 0, 5, 2, 0, 6, 4, 5, 6, 0, 3, 2, 5, 3, 5, 3, 2, 2, 2, 5, 1, 0, 6, 90454, 2, 3, 0, 5, 4, 3, 0, 0, 0, 0, 73098, 0, 0, 0, 0, 5, 3, 2, 1, 5, 4, 0, 2, 2, 1, 75691, 72824, 98505, 4, 1, 2, 3, 0, 0, 0, 0, 0, 0, 0, 0, 6, 1, 0, 4, 0, 5, 0, 0, 0, 0, 5, 3, 37973, 4, 6, 4, 3, 6, 4, 1, 16791, 3, 2, 5, 5, 6, 3, 0, 23028, 5, 25454, 1, 6, 1, 3, 5, 3, 6, 4, 1, 0, 0, 0, 0, 0, 2, 6, 2, 2, 6, 2, 1, 71077, 6, 1, 3, 6, 4, 6, 1, 43278, 18853, 22685, 65944], ""<class 'abc.NT_0000_P_00000'>"": [], ""<class 'abc.NT_0000_P_00001'>"": [], ""<class 'abc.NT_0000_P_00002'>"": [], ""<class 'abc.NT_0000_P_00003'>"": [], ""<class 'abc.NT_0000_P_00004'>"": [], ""<class 'abc.NT_0000_P_00005'>"": [], ""<class 'abc.NT_0000_P_00006'>"": [], ""<class 'abc.NT_0001_P_00001'>"": [], ""<class 'abc.NT_0001_P_00002'>"": [], ""<class 'abc.NT_0004_P_00001'>"": [], ""<class 'abc.NT_0003'>"": [], ""<class 'abc.NT_0003_P_00000'>"": [], ""<class 'abc.NT_0002'>"": [], ""<class 'abc.NT_0002_P_00000'>"": [], ""<class 'abc.NT_0002_P_00001'>"": [], ""<class 'abc.NT_0002_P_00002'>"": [], ""<class 'abc.NT_0002_P_00003'>"": [], ""<class 'abc.NT_0002_P_00004'>"": [], ""<class 'abc.NT_0002_P_00005'>"": [], ""<class 'abc.NT_0002_P_00006'>"": [], ""<class 'abc.NT_0002_P_00007'>"": [], ""<class 'abc.NT_0003_P_00001'>"": [], ""<class 'abc.NT_0006'>"": [0, 0, 0, 0, 0, 0, 0, 0, 0, 0, 0, 60378, 37837], ""<class 'abc.NT_0006_P_00000'>"": [], ""<class 'abc.NT_0005'>"": [], ""<class 'abc.NT_0005_P_00000'>"": [], ""<class 'abc.NT_0005_P_00001'>"": [], ""<class 'abc.NT_0005_P_00002'>"": [], ""<class 'abc.NT_0005_P_00003'>"": [], ""<class 'abc.NT_0005_P_00004'>"": [], ""<class 'abc.NT_0005_P_00005'>"": [], ""<class 'abc.NT_0005_P_00006'>"": [], ""<class 'abc.NT_0006_P_00001'>"": [], ""<class 'abc.NT_0006_P_00002'>"": [], ""<class 'abc.NT_0006_P_00003'>"": [], ""<class 'abc.NT_0006_P_00004'>"": [], ""<class 'abc.NT_0006_P_00005'>"": [], ""<class 'abc.NT_0006_P_00006'>"": [], ""<class 'abc.NT_0006_P_00007'>"": [], ""<class 'abc.NT_0007_P_00001'>"": [], ""<class 'abc.NT_0007_P_00002'>"": [], ""<class 'abc.NT_0007_P_00003'>"": [], ""<class 'abc.NT_0007_P_00004'>"": [], ""<class 'abc.NT_0007_P_00005'>"": [], ""<class 'abc.NT_0010_P_00001'>"": [], ""<class 'abc.NT_0008'>"": [1, 1, 0, 1, 0, 1, 1, 0, 0, 0, 53609], ""<class 'abc.NT_0008_P_00000'>"": [], ""<class 'abc.NT_0008_P_00001'>"": [], ""<class 'abc.NT_0008_P_00002'>"": [], ""<class 'abc.NT_0008_P_00003'>"": [], ""<class 'abc.NT_0008_P_00004'>"": [], ""<class 'abc.NT_0010_P_00002'>"": [], ""<class 'abc.NT_0010_P_00003'>"": [], ""<class 'abc.NT_0010_P_00004'>"": [], ""<class 'abc.NT_0009'>"": [], ""<class 'abc.NT_0009_P_00000'>"": [], ""<class 'abc.NT_0009_P_00001'>"": [], ""<class 'abc.NT_0009_P_00002'>"": [], ""<class 'abc.NT_0009_P_00003'>"": [], ""<class 'abc.NT_0009_P_00004'>"": [], ""<class 'abc.NT_0010_P_00005'>"": [], ""<class 'abc.NT_0010_P_00006'>"": [], '$leftovers': [30991, 71325, 99256, 76301, 95693, 34122, 53952, 55672, 74831, 33963, 25015, 25697, 7592, 13690, 41603, 28828, 1846, 59419, 50863, 95750, 68544, 33751, 67086, 76352, 50275, 33813, 72521, 72186, 98367, 89110, 82056, 74758, 66368, 72604, 26616, 95885, 5264, 24236, 31002, 72786, 81453, 1549, 58861, 79208, 25327, 61699, 15666, 70132, 5604, 37976, 96197, 2135, 75049, 31492, 45828, 69192, 23886, 73401, 14363, 57489, 62600, 98230, 9181, 95579, 43563, 90001, 10166, 37716, 81042, 70856, 13122, 24742, 63023, 17296, 11162, 35926, 83920, 36824, 91962, 58024, 27633, 13217, 56880, 30598, 66637, 54630, 58415, 54841, 82919, 35232, 49917, 17273, 79974, 17408, 31831, 87760, 29062, 14159, 29820, 5544, 41099, 45482, 2367, 64759, 21373, 78063, 60377, 57592, 80389, 75806, 7140, 12762, 52584, 44029, 83065, 36358, 92073, 35502, 89851, 86918, 68167, 22970, 33999, 40707, 73232, 67107, 4690, 27422, 72591, 34525, 90618, 2963, 85885, 80470, 94309, 72287, 86237, 30800, 21730, 52145, 25063, 99142, 45233, 92389, 19816, 53209, 72995, 23801, 95121, 45638, 11339, 15054, 40314, 16381, 79668, 56708, 97137, 22673, 80400, 80443, 24458, 37011, 58667, 75764, 53847, 74996, 93872, 46267, 41769, 85089, 9643, 86889, 97627, 33079, 933, 43196, 52217, 79122, 46989, 50182, 64937, 60213, 16879, 63767, 55027, 27313, 18196, 50575, 90581, 8996, 89436, 11012, 91016, 57772, 10236, 47256, 19254, 76575, 44892, 57875, 3503, 27780, 56113, 13767, 20496, 36810, 88578, 50995, 20368, 96919, 63509, 78725, 22186, 21940, 83357, 70821, 62407, 5751, 99417, 54484, 84347, 49869, 59120, 77472, 71055, 75216, 32877, 52229, 43027, 52944, 84829, 51449, 27475, 27630, 13347, 93840, 82893, 31266, 77927, 44060, 63854, 26220, 14191, 5875, 72995, 94210, 4812, 36293, 60877, 38524, 53538, 55421, 57401, 6707, 31836, 5558, 72593, 56812, 95547, 72912, 18618, 75443, 78171, 11735, 35054, 94765, 87027, 57565, 4412, 48777, 17618, 18044, 80027, 77395, 39289, 29056, 72558, 46347, 83019, 73372, 48356, 18386, 80834, 35099, 61279, 69867, 10554, 17785, 24597, 21526, 52000, 84035, 68241, 86236, 90584, 56916, 4321, 21106, 3209, 53370, 14502, 4043, 3741, 48190, 62568, 85240, 30739, 34688, 33162, 38929, 40707, 9334, 70094, 294, 70936, 86179, 55931, 16143, 22646, 9862, 78881, 12560, 83625, 7134, 61874, 91203, 46269, 47110, 83843, 5289, 74137, 88273, 14580, 47344, 60753, 19167, 40339, 79020, 71132, 72253, 89884, 55934, 54064, 74742, 75597, 86320, 15369, 63397, 46665, 17800, 14718, 59462, 83731, 50541, 53632, 34874, 68412, 2214, 3157, 78677, 23641, 67143, 58266, 39232, 74667, 18780, 43657, 73836, 21147, 90021, 98970, 11732, 28569, 99269, 41709, 68360, 42589, 70863, 97958, 97500, 40709, 92966, 21694, 40040, 15592, 22426, 52529, 8629, 24081, 50548, 58167, 84087, 80087, 55979, 12478, 75863, 55100, 52426, 86114, 99605, 40435, 5992, 58835, 61375, 29923, 65710, 80868, 92180, 69393, 41505, 62791, 18731, 18953, 11106, 22971, 47087, 67395, 8258, 12800, 44872, 82838, 62992, 14599, 48272, 40211, 34341, 21057, 28702, 52824, 50572, 82640, 12559, 6067, 48063, 59935, 26657, 3055, 87176, 89751, 87167, 14129, 36152, 74245, 44747, 51354, 75606, 24046, 98077, 96803, 82440, 70055, 51399, 43781, 35119, 45388, 14656, 55187, 5401, 8942, 17594, 59726, 44804, 51824, 97127, 93212, 46736, 55514, 73728, 42663, 19730, 19118, 31504, 24324, 14360, 71402, 35819, 66623, 33391, 84006, 2911, 97136, 67491, 11377, 49060, 65542, 72990, 114, 23028, 6641, 27228, 3801, 4956, 62586, 14141, 70080, 75547, 78994, 65918, 560, 46101, 31529, 66655, 31719, 5956, 96644, 67012, 78144, 3048, 45105, 7215, 83884, 11279, 16049, 66710, 25797, 40844, 87206, 63324, 41774, 57371, 78550, 22173, 30307, 13444, 29382, 32923, 31372, 98768, 620, 84539, 52981, 46001, 96637, 98145, 70426, 17494, 64405, 42589, 15179, 68644, 27071, 13450, 95253, 45532, 96961, 62333, 11781, 32318, 82849, 54636, 12447, 1814, 30737, 3786, 72534, 1553, 67307, 88836, 53336, 60684, 5299, 69670, 93727, 24264, 65067, 51522, 39043, 6477, 55629, 2045, 64874, 64874, 93396, 99449, 22991, 2252, 65473, 51372, 84312, 95735, 39003, 62906, 71229, 74579, 17862, 12605, 66123, 12351, 5404, 1510, 13832, 51398, 43597, 86043, 45546, 50420, 68348, 45911, 17136, 91393, 29118, 76555, 7357, 11300, 51742, 333, 26830, 75555, 2331, 96635, 13605, 21847, 8187, 79899, 51411, 91776, 29149, 96412, 70544, 75327, 30017, 64797, 45663, 36499, 35707, 5655, 58962, 70918, 30728, 28698, 2763, 45752, 53106, 82946, 39676, 58721, 64695, 96504, 11019, 19011, 33978, 82026, 62216, 86549, 70888, 51675, 18118, 44149, 304, 65154, 36993, 6719, 70749, 97700, 69122, 18232, 60931, 25664, 33495, 71133, 59877, 99870, 53079, 77835, 65833, 47081, 384, 86289, 42953, 38560, 17803, 33158, 87143, 3202, 80836, 24559, 25480, 24884, 20970, 78849, 96190, 23338, 56243, 28044, 1806, 43098, 94629, 1557, 75946, 69931, 66152, 83354, 38712, 69524, 66843, 29150, 61796, 59849, 85600, 73561, 8370, 32232, 13997, 66493, 75770, 25037, 41313, 81709, 42770, 35823, 5767, 84597, 6127, 36332, 59300, 14612, 84423, 75500, 4652, 15299, 11866, 73468, 89289, 30402, 81756, 68438, 35166, 55904, 13846, 18702, 799, 42978, 42363, 81775, 82039, 83706, 66787, 77082, 77233, 90355, 92042, 96322, 19227, 61963, 89603, 77545, 6052, 3841, 18717, 8234, 40730, 2563, 59226, 40967, 20584, 89858, 2564, 5878, 37612, 97484, 83865, 55142, 71000, 19072, 8974, 77980, 38107, 22222, 6344, 29047, 58559, 78236, 92489, 35351, 52880, 4784, 75272, 7172, 14821, 69925, 48597, 36800, 79837, 61052, 92728, 80840, 76556, 35926, 45963, 39089, 13982, 99317, 41515, 54213, 5759, 15167, 75711, 94811, 10683, 62537, 60034, 52454, 34102, 45807, 41806, 62006, 5254, 39376, 56753, 187, 90094, 45504, 96638, 10503, 14605, 12369, 14432, 31110, 66366, 82294, 58782, 82122, 93759, 61568, 45358, 83396, 56007, 22346, 66542, 25137, 68312, 52464, 36527, 57473, 69800, 52446, 72031, 53744, 47922, 16738, 49867, 32313, 76536, 62962, 51773, 12155, 8875, 76172, 34750, 32742, 97811, 88073, 51338, 30794, 91006, 86416, 39880, 1952, 1988, 834, 62791, 67483, 70617, 36464, 94648, 90108, 1096, 63154, 60062, 94902, 97514, 37054, 72006, 93872, 51641, 95146, 29421, 13699, 69458, 65880, 5195, 64127, 49560, 11459, 71639, 53906, 78595, 61247, 38, 96621, 9490, 10431, 14318, 66154, 77198, 68556, 55459, 96467, 72843, 20962, 56323, 81690, 9497, 25412, 82928, 49217, 52686, 94969, 92492, 21761, 71648, 29956, 62011, 95264, 32476, 14571, 57797, 89984, 56359, 10135, 93277, 26149, 81033, 35003, 9263, 28190, 31612, 31319, 51082, 62322, 43964, 54411, 62127, 34041, 1407, 30008, 37444, 91432, 17575, 63516, 79823, 24359, 57939, 44660, 66, 72073, 42472, 94120, 65635, 81958, 37791, 55580, 41268, 69239, 35124, 6540, 98481, 46755, 25404, 67577, 65846, 29030, 46115, 80925, 52269, 5028, 9163, 60505, 33992, 22030, 94004, 52956, 42555, 32674, 98143, 24692, 8450, 53283, 2014, 7396, 66, 78982, 83694, 22573, 2780, 14252, 55750, 49033, 93213, 40123, 40063, 85147, 53609, 43278, 5175, 49000, 61144, 18853, 22685, 65944]})"
