Fitness,Depth,Nodes,Generations,time_since_the_start_of_the_evolution,seed,genotype_as_str
75.0,9,31,1,1.7924048900604248,210,"Genotype(dna={""<class 'abc.NT_0014'>"": [0, 9941], ""<class 'abc.NT_0014_P_00000'>"": [], ""<class 'abc.NT_0003'>"": [], ""<class 'abc.NT_0003_P_00000'>"": [], ""<class 'bool'>"": [41292, 4265, 62396, 88938, 15154, 20761, 57553, 9339, 50102, 40257, 31348, 88509, 5326, 55817, 86724, 61850, 41527, 3292, 16173, 74969, 80436, 14641, 99541], ""<class 'abc.NT_0000'>"": [0, 2, 3, 0, 0, 0, 3, 0, 1, 0, 0, 0, 0, 50074, 3, 3, 2, 0, 2, 0, 14762, 0, 0, 0, 1, 3, 2, 0, 2, 0, 0, 0, 0, 0, 42523, 3, 1, 2, 1, 88389], ""<class 'abc.NT_0000_P_00000'>"": [], ""<class 'int'>"": [23847, 23290, 81404, 45309, 83228, 80636, 99679, 24061, 74694, 49124, 92807, 65279, 51048, 28839, 76630, 73930, 51863, 98766, 53819, 29341, 4330, 16309, 49743, 64131, 65174, 19529, 9843, 2288], ""<class 'abc.NT_0000_P_00001'>"": [], ""<class 'abc.NT_0000_P_00002'>"": [], ""<class 'abc.NT_0000_P_00003'>"": [], ""<class 'abc.NT_0001'>"": [0, 5, 0, 0, 3, 63629], ""<class 'abc.NT_0001_P_00000'>"": [], ""<class 'abc.NT_0001_P_00001'>"": [], ""<class 'abc.NT_0001_P_00002'>"": [], ""<class 'abc.NT_0001_P_00003'>"": [], ""<class 'abc.NT_0001_P_00004'>"": [], ""<class 'abc.NT_0001_P_00005'>"": [], ""<class 'abc.NT_0001_P_00006'>"": [], ""<class 'abc.NT_0003_P_00001'>"": [], ""<class 'abc.NT_0002'>"": [85299, 36089], ""<class 'abc.NT_0002_P_00000'>"": [], ""<class 'abc.NT_0002_P_00001'>"": [], ""<class 'abc.NT_0002_P_00002'>"": [], ""<class 'abc.NT_0002_P_00003'>"": [], ""<class 'abc.NT_0004'>"": [], ""<class 'abc.NT_0004_P_00000'>"": [], ""<class 'abc.NT_0014_P_00001'>"": [], ""<class 'abc.NT_0013'>"": [0, 0, 10511], ""<class 'abc.NT_0013_P_00000'>"": [], ""<class 'abc.NT_0011'>"": [3, 95499], ""<class 'abc.NT_0011_P_00000'>"": [], ""<class 'abc.NT_0011_P_00001'>"": [], ""<class 'abc.NT_0008'>"": [0, 4525], ""<class 'abc.NT_0008_P_00000'>"": [], ""<class 'abc.NT_0005'>"": [0, 0, 88081], ""<class 'abc.NT_0005_P_00000'>"": [], ""<class 'abc.NT_0005_P_00001'>"": [], ""<class 'abc.NT_0007'>"": [0, 84922], ""<class 'abc.NT_0007_P_00000'>"": [], ""<class 'abc.NT_0006'>"": [0, 56056], ""<class 'abc.NT_0006_P_00000'>"": [], ""<class 'abc.NT_0006_P_00001'>"": [], ""<class 'abc.NT_0007_P_00001'>"": [], ""<class 'abc.NT_0007_P_00002'>"": [], ""<class 'abc.NT_0007_P_00003'>"": [], ""<class 'abc.NT_0008_P_00001'>"": [], ""<class 'abc.NT_0009'>"": [8, 1, 39787], ""<class 'abc.NT_0009_P_00000'>"": [], ""<class 'abc.NT_0009_P_00001'>"": [], ""<class 'abc.NT_0009_P_00002'>"": [], ""<class 'abc.NT_0009_P_00003'>"": [], ""<class 'abc.NT_0009_P_00004'>"": [], ""<class 'abc.NT_0009_P_00005'>"": [], ""<class 'abc.NT_0009_P_00006'>"": [], ""<class 'abc.NT_0009_P_00007'>"": [], ""<class 'abc.NT_0009_P_00008'>"": [], ""<class 'abc.NT_0011_P_00002'>"": [], ""<class 'abc.NT_0010'>"": [], ""<class 'abc.NT_0010_P_00000'>"": [], ""<class 'abc.NT_0010_P_00001'>"": [], ""<class 'abc.NT_0010_P_00002'>"": [], ""<class 'abc.NT_0010_P_00003'>"": [], ""<class 'abc.NT_0010_P_00004'>"": [], ""<class 'abc.NT_0010_P_00005'>"": [], ""<class 'abc.NT_0011_P_00003'>"": [], ""<class 'abc.NT_0011_P_00004'>"": [], ""<class 'abc.NT_0011_P_00005'>"": [], ""<class 'abc.NT_0011_P_00006'>"": [], ""<class 'abc.NT_0011_P_00007'>"": [], ""<class 'abc.NT_0011_P_00008'>"": [], ""<class 'abc.NT_0011_P_00009'>"": [], ""<class 'abc.NT_0014_P_00002'>"": [], ""<class 'abc.NT_0014_P_00003'>"": [], ""<class 'abc.NT_0014_P_00004'>"": [], '$leftovers': [85562, 47872, 89043, 81530, 35997, 45454, 60858, 17846, 17749, 15668, 20175, 19821, 38232, 34836, 69633, 7728, 90871, 54475, 71899, 86340, 44818, 33714, 42229, 44907, 93705, 2848, 68454, 17045, 53467, 71685, 88645, 98464, 4340, 19347, 32622, 53388, 44987, 75160, 46311, 99201, 13061, 79880, 38045, 77552, 14887, 75891, 97723, 41261, 16450, 64416, 77932, 46150, 73196, 1058, 91126, 30448, 81537, 87829, 54055, 19766, 60767, 20611, 78543, 71628, 88622, 54437, 93942, 53842, 72683, 97746, 86376, 19006, 12793, 86337, 78066, 41730, 53019, 37915, 92115, 30561, 70080, 66250, 34753, 74776, 85183, 41608, 66777, 386, 23709, 55125, 58243, 81497, 16650, 86515, 12180, 61184, 74926, 63096, 9900, 79741, 52417, 61907, 61339, 6706, 95981, 3252, 97732, 64207, 45827, 14538, 3199, 39761, 27132, 69810, 13042, 86178, 45063, 65539, 55991, 65974, 68170, 20643, 42228, 46840, 44811, 63829, 34196, 56028, 98194, 38958, 91051, 97858, 15241, 79039, 84688, 37282, 39529, 3500, 82809, 40945, 76043, 34590, 34911, 4279, 82337, 71897, 18844, 70200, 84811, 42929, 84682, 58201, 44667, 77119, 31050, 29760, 78592, 20919, 29376, 59437, 80890, 37182, 92426, 25554, 50895, 59250, 82929, 64352, 66935, 46478, 82290, 59551, 7442, 60932, 59103, 68838, 733, 7128, 44962, 8566, 82626, 37168, 797, 42391, 28458, 22406, 90779, 2662, 27538, 38488, 83700, 97847, 79751, 20606, 56479, 92397, 99882, 36177, 70260, 65564, 81586, 41071, 64563, 66799, 28919, 69658, 16281, 19186, 81227, 13153, 65644, 45248, 28794, 93063, 40694, 16480, 32525, 30927, 20457, 5715, 29258, 94931, 67481, 93903, 67417, 99422, 19266, 47308, 86846, 61641, 19939, 40057, 55230, 1694, 37766, 6146, 44093, 63954, 78477, 84776, 80435, 64795, 11335, 1590, 3821, 35177, 61354, 66039, 67422, 92785, 69785, 94722, 2943, 32893, 88733, 99759, 63235, 32402, 4734, 84011, 53680, 31632, 1681, 13860, 61113, 17300, 48842, 13750, 36257, 68474, 34559, 78328, 66054, 72634, 40196, 27127, 49730, 31980, 1930, 65972, 60298, 94815, 63981, 60560, 46755, 18773, 61121, 39985, 58116, 74982, 19011, 10694, 36699, 7062, 19757, 70820, 72569, 16964, 58834, 32284, 49474, 40250, 47810, 52087, 66987, 16605, 61364, 25810, 23404, 64401, 95629, 67348, 5077, 69300, 95217, 29037, 27875, 77820, 14123, 13138, 81169, 75393, 75339, 67664, 78152, 76065, 87574, 89277, 19267, 95717, 32020, 99444, 75097, 55503, 37475, 79960, 6286, 3013, 45751, 6439, 54098, 40842, 41799, 65218, 2937, 24565, 5657, 39467, 8098, 41971, 37187, 71176, 33770, 97546, 90860, 33274, 79843, 22619, 97394, 73566, 66597, 15482, 42507, 93258, 87480, 99064, 88376, 10315, 333, 80557, 52883, 60365, 16574, 20734, 92836, 88988, 40003, 51085, 1997, 48353, 59583, 17191, 68013, 90053, 92269, 85168, 66462, 41922, 98142, 45061, 78377, 98414, 14712, 56206, 23143, 12787, 46167, 17685, 37250, 30573, 69299, 38639, 76934, 76768, 71007, 69334, 62499, 31974, 2369, 13946, 40941, 30917, 62092, 63893, 67324, 51539, 72343, 29264, 43743, 99560, 23433, 53451, 87423, 67214, 43351, 10657, 94563, 52135, 1708, 87947, 20094, 73942, 2715, 33257, 51036, 55706, 29494, 41718, 83886, 77426, 53155, 72178, 37914, 10213, 16705, 44405, 95552, 9488, 94808, 49654, 79605, 96015, 70599, 54562, 57604, 86020, 94044, 37441, 8024, 2257, 37506, 43014, 62077, 9402, 86919, 90736, 17109, 68550, 134, 25725, 49276, 77552, 48191, 77257, 49159, 18332, 96950, 35345, 53380, 75219, 35359, 81970, 41072, 73604, 31975, 99388, 66372, 6142, 39033, 75114, 44292, 38294, 62091, 20794, 25803, 43219, 99626, 41193, 21350, 42212, 91215, 83803, 38736, 63161, 58495, 8203, 45627, 86820, 15533, 27206, 30987, 616, 73057, 59638, 67058, 28691, 71501, 67668, 80395, 45669, 21761, 28035, 90846, 67702, 19815, 93313, 29398, 25054, 14336, 26482, 74759, 12389, 23191, 5964, 39500, 12693, 56984, 52007, 40720, 55953, 83945, 38070, 34534, 8023, 38854, 53207, 17503, 92266, 6907, 60834, 90678, 38467, 70347, 76537, 52231, 23939, 85713, 70668, 19448, 49057, 79817, 79191, 31881, 91355, 33528, 1731, 67202, 19874, 59006, 71460, 28564, 13037, 30475, 25011, 55072, 49666, 51759, 65554, 36661, 9044, 33686, 98138, 43456, 51119, 52504, 60647, 79166, 35097, 63689, 21915, 54452, 31782, 14761, 27345, 66991, 36893, 17614, 78830, 58615, 42641, 15987, 62235, 66472, 85418, 75631, 74883, 67983, 29791, 34284, 56319, 89154, 63051, 25000, 89310, 46175, 26698, 23940, 90201, 49359, 16985, 59472, 11226, 29168, 73443, 53209, 94360, 78167, 14149, 4964, 87286, 68170, 80207, 73498, 13381, 89511, 97012, 44430, 73382, 85173, 42574, 42297, 63479, 83013, 20882, 34858, 31209, 59196, 78759, 47114, 89355, 53294, 87451, 40013, 80350, 99900, 20687, 22744, 41275, 51408, 3740, 50307, 74016, 59513, 13961, 9147, 12522, 92092, 72255, 53215, 44907, 26638, 92751, 36896, 8067, 60746, 31693, 76614, 97646, 50038, 9314, 78169, 3068, 67531, 678, 79832, 41950, 38549, 58876, 71284, 79233, 39241, 59288, 1851, 7719, 33574, 50807, 82852, 45133, 74377, 97680, 23102, 70877, 55310, 92573, 38411, 44653, 21559, 49853, 60512, 33685, 86386, 5034, 76288, 77780, 68298, 20936, 36064, 31647, 27236, 47381, 89107, 27109, 65915, 98770, 73288, 64346, 64175, 54519, 7451, 67461, 98292, 87694, 73100, 88883, 79820, 95886, 55551, 18730, 19003, 77182, 67949, 4194, 10528, 98273, 94986, 27768, 2414, 15696, 32534, 19521, 98371, 17078, 69230, 76728, 42964, 54327, 49395, 31560, 54135, 90484, 17711, 54269, 95345, 12343, 50753, 72588, 51574, 65070, 8063, 40887, 51093, 58120, 48132, 163, 21927, 34876, 19259, 33756, 19949, 64807, 51945, 18934, 33496, 75012, 58628, 97060, 4821, 49279, 41436, 10126, 73550, 72339, 8689, 48255, 35680, 2738, 47982, 67236, 45590, 28719, 15417, 79806, 86375, 81908, 26254, 14118, 86074, 64791, 79224, 91639, 4973, 97964, 30350, 79824, 58029, 64491, 34479, 39934, 68786, 84991, 99847, 4452, 10303, 83785, 77033, 36646, 59358, 46136, 60500, 37360, 76435, 3364, 27140, 4286, 21702, 32567, 52134, 54265, 26105, 5736, 47598, 49556, 74402, 13168, 3248, 41700, 51181, 12373, 27476, 10975, 43845, 71398, 68985, 73026, 17386, 26568, 38849, 43891, 17941, 37543, 43714, 88549, 18950, 43709, 97741, 68406, 64312, 89336, 53727, 45508, 32044, 44419, 85858, 36438, 79396, 7570, 24412, 65046, 84692, 59381, 56846, 89532, 28895, 8267, 84537, 75805, 51467, 12887, 657, 40513, 72877, 70363, 68368, 59615, 33700, 53266, 96766, 46327, 70897, 87130, 70478, 41653, 79079, 47208, 68935, 51609, 90424, 94524, 19566, 24289, 87937, 81257, 99146, 76232, 11112, 71487, 47079, 69242, 58969, 95768, 11808, 5124, 57417, 47795, 82691, 32445, 84700, 60858, 44547, 45157, 96362, 96819, 61093, 8992, 95149, 93600, 16117, 31521, 21713, 38420, 6182, 52664, 97100, 20501, 88723, 17054, 28133, 77700, 19194, 71725, 24420, 85057, 7538, 45457, 94925, 44957, 89652, 33621, 87764, 6292, 62637, 90358, 39534, 18881, 95499, 26400, 4525, 56056, 88081, 50658, 84922, 63629, 73930, 10511, 88509, 5326, 55817, 51863, 98766, 86724, 53819, 29341, 61850, 4330, 41527, 16309, 3292, 49743, 64131, 16173, 65174, 74969, 19529, 80436, 9843, 85299, 2288, 14641, 99541, 36089]})"
71.0,9,34,2,2.562816619873047,210,"Genotype(dna={""<class 'abc.NT_0014'>"": [0, 9941], ""<class 'abc.NT_0014_P_00000'>"": [], ""<class 'abc.NT_0003'>"": [], ""<class 'abc.NT_0003_P_00000'>"": [], ""<class 'bool'>"": [44268, 19940, 93055, 61679, 20304, 93033, 11504, 95280, 80425, 13913, 21801, 97012, 21770, 29957, 91601, 80048, 98529, 80519, 56321, 75451], ""<class 'abc.NT_0000'>"": [0, 2, 3, 0, 0, 0, 3, 0, 1, 0, 0, 0, 0, 2, 74927, 3, 2, 0, 2, 0, 3, 0, 40738, 0, 1, 3, 2, 0, 2, 0, 0, 0, 0, 0, 3, 3, 1, 2, 9172, 88389, 5351, 11726, 72703, 88458, 14886, 37381, 80416], ""<class 'abc.NT_0000_P_00000'>"": [], ""<class 'int'>"": [64008, 87972, 71627, 97927, 23242, 22347, 96718, 8630, 19873, 70209, 20373, 81980, 86304, 15637, 58194, 46187, 59419, 11365, 26641, 60642, 3992, 74702, 90534, 99020, 53183, 57349, 62399, 23079, 42115, 53447], ""<class 'abc.NT_0000_P_00001'>"": [], ""<class 'abc.NT_0000_P_00002'>"": [], ""<class 'abc.NT_0000_P_00003'>"": [], ""<class 'abc.NT_0001'>"": [1, 6, 56103], ""<class 'abc.NT_0001_P_00000'>"": [], ""<class 'abc.NT_0001_P_00001'>"": [], ""<class 'abc.NT_0001_P_00002'>"": [], ""<class 'abc.NT_0001_P_00003'>"": [], ""<class 'abc.NT_0001_P_00004'>"": [], ""<class 'abc.NT_0001_P_00005'>"": [], ""<class 'abc.NT_0001_P_00006'>"": [], ""<class 'abc.NT_0003_P_00001'>"": [], ""<class 'abc.NT_0002'>"": [0, 54058], ""<class 'abc.NT_0002_P_00000'>"": [], ""<class 'abc.NT_0002_P_00001'>"": [], ""<class 'abc.NT_0002_P_00002'>"": [], ""<class 'abc.NT_0002_P_00003'>"": [], ""<class 'abc.NT_0004'>"": [], ""<class 'abc.NT_0004_P_00000'>"": [], ""<class 'abc.NT_0014_P_00001'>"": [], ""<class 'abc.NT_0013'>"": [0, 0, 83292], ""<class 'abc.NT_0013_P_00000'>"": [], ""<class 'abc.NT_0011'>"": [39774, 27422], ""<class 'abc.NT_0011_P_00000'>"": [], ""<class 'abc.NT_0011_P_00001'>"": [], ""<class 'abc.NT_0008'>"": [0, 25492], ""<class 'abc.NT_0008_P_00000'>"": [], ""<class 'abc.NT_0005'>"": [0, 21731, 48446], ""<class 'abc.NT_0005_P_00000'>"": [], ""<class 'abc.NT_0005_P_00001'>"": [], ""<class 'abc.NT_0007'>"": [0, 27295], ""<class 'abc.NT_0007_P_00000'>"": [], ""<class 'abc.NT_0006'>"": [80058, 17441], ""<class 'abc.NT_0006_P_00000'>"": [], ""<class 'abc.NT_0006_P_00001'>"": [], ""<class 'abc.NT_0007_P_00001'>"": [], ""<class 'abc.NT_0007_P_00002'>"": [], ""<class 'abc.NT_0007_P_00003'>"": [], ""<class 'abc.NT_0008_P_00001'>"": [], ""<class 'abc.NT_0009'>"": [8, 1, 39787], ""<class 'abc.NT_0009_P_00000'>"": [], ""<class 'abc.NT_0009_P_00001'>"": [], ""<class 'abc.NT_0009_P_00002'>"": [], ""<class 'abc.NT_0009_P_00003'>"": [], ""<class 'abc.NT_0009_P_00004'>"": [], ""<class 'abc.NT_0009_P_00005'>"": [], ""<class 'abc.NT_0009_P_00006'>"": [], ""<class 'abc.NT_0009_P_00007'>"": [], ""<class 'abc.NT_0009_P_00008'>"": [], ""<class 'abc.NT_0011_P_00002'>"": [], ""<class 'abc.NT_0010'>"": [], ""<class 'abc.NT_0010_P_00000'>"": [], ""<class 'abc.NT_0010_P_00001'>"": [], ""<class 'abc.NT_0010_P_00002'>"": [], ""<class 'abc.NT_0010_P_00003'>"": [], ""<class 'abc.NT_0010_P_00004'>"": [], ""<class 'abc.NT_0010_P_00005'>"": [], ""<class 'abc.NT_0011_P_00003'>"": [], ""<class 'abc.NT_0011_P_00004'>"": [], ""<class 'abc.NT_0011_P_00005'>"": [], ""<class 'abc.NT_0011_P_00006'>"": [], ""<class 'abc.NT_0011_P_00007'>"": [], ""<class 'abc.NT_0011_P_00008'>"": [], ""<class 'abc.NT_0011_P_00009'>"": [], ""<class 'abc.NT_0014_P_00002'>"": [], ""<class 'abc.NT_0014_P_00003'>"": [], ""<class 'abc.NT_0014_P_00004'>"": [], '$leftovers': [22787, 25968, 37997, 43457, 70409, 3144, 30291, 27680, 46416, 33566, 93834, 69479, 8313, 69016, 56653, 612, 51366, 29977, 7941, 62781, 93978, 48081, 63396, 57279, 63194, 37786, 54499, 54071, 7255, 805, 91855, 9788, 55863, 13874, 90931, 38385, 43619, 36227, 61359, 25033, 26828, 94952, 78514, 81573, 7035, 57599, 63649, 37284, 79243, 23816, 36097, 45176, 45221, 21659, 73410, 77378, 61609, 53485, 83091, 55364, 804, 37863, 62128, 64631, 84523, 68409, 46658, 59869, 22948, 53816, 17703, 86036, 23930, 54711, 27159, 47907, 22129, 19429, 11704, 67050, 80298, 69224, 57646, 14733, 44317, 85077, 74191, 78264, 27076, 89776, 5196, 46711, 95884, 100000, 42859, 92197, 62164, 34041, 96434, 9186, 84986, 23729, 32442, 9078, 30947, 10584, 90176, 39265, 2903, 26641, 17813, 64068, 47390, 53496, 84055, 91192, 43627, 10978, 20051, 63072, 17541, 52384, 82602, 2071, 73349, 76496, 93237, 90746, 94169, 1089, 1963, 87259, 78716, 97251, 74560, 92319, 88430, 30065, 35943, 26646, 58575, 20564, 68822, 1955, 11977, 701, 8879, 51642, 65013, 37021, 8254, 64968, 54544, 55206, 50487, 94823, 39401, 11005, 50507, 4078, 47520, 40046, 60171, 93652, 930, 40344, 61205, 60575, 32914, 87845, 18974, 88335, 23738, 9159, 67945, 35873, 79289, 92027, 47069, 50717, 19269, 86431, 12677, 1847, 82569, 10719, 49874, 57438, 74245, 9728, 35214, 60927, 50418, 3072, 33653, 84097, 10451, 10948, 43565, 35042, 52901, 60373, 71523, 99916, 21066, 31862, 7158, 61957, 29065, 73503, 77066, 90914, 2224, 23949, 58836, 36313, 52163, 15402, 95181, 97248, 72223, 64484, 31579, 7361, 13133, 8559, 5315, 12957, 97480, 15964, 47289, 18201, 64048, 38836, 23949, 65274, 81688, 15908, 97641, 68909, 88194, 58203, 54156, 17884, 17015, 98114, 85070, 44487, 35609, 43946, 13163, 68656, 46368, 64590, 40998, 4333, 23209, 48312, 91519, 45912, 95154, 82162, 65190, 2680, 41571, 50993, 530, 20715, 62325, 69130, 87411, 51896, 25041, 1061, 92007, 16083, 61009, 22448, 76926, 40530, 5740, 65551, 74307, 70243, 88860, 56449, 62236, 73737, 14864, 20769, 33438, 2720, 19958, 14224, 62871, 11924, 4195, 94579, 90772, 15850, 32394, 39534, 94217, 24432, 49736, 19142, 95031, 91556, 84878, 36003, 82744, 39005, 77560, 67854, 74174, 65238, 42610, 38442, 5045, 8394, 50169, 85223, 39318, 11999, 19698, 62218, 20982, 75579, 83921, 36322, 81232, 74890, 79155, 7974, 87957, 31618, 15302, 46288, 41529, 54402, 51898, 8904, 68466, 16655, 33307, 87657, 62302, 99805, 94712, 27432, 6792, 318, 28470, 61849, 26074, 24481, 33234, 11701, 90978, 8418, 34547, 73073, 14229, 92931, 45528, 46305, 58234, 95428, 52910, 64691, 89529, 6125, 95529, 23717, 34258, 15039, 26343, 25322, 18533, 87153, 22501, 24377, 93511, 91108, 66007, 60481, 95208, 62676, 92031, 61249, 21040, 27224, 8088, 84181, 33593, 86548, 72607, 12800, 5611, 73844, 6692, 65230, 36526, 2469, 35635, 48449, 14719, 78189, 85243, 55844, 24071, 23788, 78878, 22883, 30166, 25797, 10713, 24202, 63862, 69116, 6614, 65627, 74821, 9118, 52050, 1045, 85212, 62012, 89898, 79364, 88858, 96964, 35830, 60888, 26734, 88556, 30404, 7619, 80278, 68622, 93232, 34306, 31485, 56275, 18665, 75621, 64839, 93770, 28199, 22239, 59130, 77628, 99168, 70420, 75781, 62501, 671, 82149, 26309, 8026, 6187, 34342, 77941, 96327, 7003, 65713, 2941, 26673, 45799, 5550, 98918, 65458, 56546, 58743, 93533, 64790, 30347, 32662, 73325, 77970, 21733, 35559, 73040, 79043, 59441, 82022, 37637, 7661, 94041, 96708, 7898, 70255, 89025, 83488, 90561, 63581, 77717, 74197, 27575, 58299, 53110, 73807, 71575, 26219, 35022, 49263, 13153, 34531, 51399, 44165, 26477, 4658, 89217, 10088, 77375, 38696, 57234, 69828, 27880, 19969, 12884, 48301, 32382, 79158, 72530, 2303, 28606, 30300, 17727, 74408, 82473, 74031, 47501, 28349, 67701, 75802, 89880, 6847, 37677, 42094, 59098, 33292, 25396, 1653, 33802, 37033, 82988, 18807, 34788, 32442, 21412, 79504, 70667, 67140, 188, 92567, 14712, 41955, 83231, 16604, 44261, 9248, 17311, 28714, 91679, 32487, 26287, 45537, 96338, 4907, 91004, 40305, 38855, 30113, 31802, 90368, 29632, 22399, 27504, 74924, 64570, 3170, 73381, 73608, 82107, 55004, 28453, 81413, 83401, 86827, 3755, 19280, 39809, 58531, 69352, 77285, 75236, 65692, 7596, 96792, 61193, 32718, 15171, 87988, 30166, 54746, 77236, 17432, 95331, 38981, 88240, 38898, 32172, 79555, 11740, 12372, 21314, 35314, 93047, 42158, 12888, 45757, 12444, 53196, 24354, 10754, 11298, 51034, 29460, 54561, 63362, 63137, 80288, 88200, 90124, 34341, 79738, 29507, 1371, 45727, 33233, 20038, 80414, 21940, 30707, 90006, 24595, 36850, 16424, 43356, 57374, 16541, 37502, 37384, 44186, 1581, 55147, 81574, 36342, 34700, 77319, 28025, 42804, 70814, 97334, 63170, 45671, 92728, 50865, 61805, 79230, 95797, 79382, 69832, 39248, 70970, 62614, 68180, 36578, 66699, 90803, 28447, 48009, 97357, 19944, 60879, 16057, 92445, 75982, 37067, 41406, 92224, 10099, 38077, 10238, 68458, 6537, 63778, 57556, 62039, 11823, 13270, 39382, 5448, 99101, 892, 8806, 21031, 7912, 86405, 50251, 88331, 79170, 19276, 48689, 73426, 83963, 98871, 32530, 19826, 24930, 70628, 89666, 23784, 22342, 79694, 80437, 28733, 99765, 7735, 65443, 39629, 65691, 45234, 52942, 70165, 64742, 7593, 35389, 38346, 53370, 1486, 63745, 59201, 84112, 82078, 59842, 55744, 6361, 15079, 910, 53287, 86305, 5582, 34924, 69056, 67927, 31852, 80811, 3497, 24763, 76576, 6447, 51921, 24582, 67902, 99777, 99703, 83341, 49007, 99280, 24090, 6799, 52732, 30031, 47977, 87252, 5024, 40270, 25148, 18576, 16321, 73258, 96568, 50330, 93058, 53931, 82548, 70345, 30377, 16363, 46283, 71917, 19219, 34599, 59905, 76185, 99134, 52728, 85779, 32717, 4809, 23223, 7767, 36688, 17927, 33222, 5461, 58987, 99150, 82453, 68878, 27439, 92942, 79331, 71474, 34897, 35197, 84658, 51810, 88051, 90117, 15640, 25537, 1192, 5758, 16919, 16570, 54940, 71350, 57863, 28374, 25430, 96910, 25138, 30623, 84961, 23541, 35862, 94330, 34467, 45322, 3068, 32691, 19717, 72709, 77504, 12874, 8035, 4199, 32629, 29326, 50091, 4290, 69037, 67868, 4858, 18189, 81289, 10537, 34484, 97761, 36705, 52886, 29677, 92414, 65300, 4493, 83991, 25685, 6104, 23112, 72137, 96757, 13483, 18308, 221, 14358, 49795, 76044, 65013, 87872, 95304, 14399, 812, 64706, 60775, 65656, 55460, 64130, 33001, 14835, 17431, 45023, 79744, 46149, 17211, 1932, 89664, 35867, 75834, 45835, 33920, 51887, 56077, 57612, 3201, 66246, 43129, 72962, 59486, 41799, 36083, 78794, 55644, 16064, 47916, 43687, 87424, 99482, 17585, 78994, 36067, 56930, 68493, 83129, 64732, 86546, 74055, 94524, 52064, 83683, 31321, 53390, 89787, 97909, 96890, 42138, 43171, 63419, 72477, 642, 72325, 14142, 88837, 64298, 53853, 33912, 90976, 51351, 53580, 44520, 1115, 7377, 51291, 91564, 16199, 86922, 17805, 85895, 43694, 18547, 43604, 34423, 97118, 34445, 84791, 71375, 31055, 9941, 27422, 27295, 25492, 21731, 54058, 56103, 74702, 88389, 39787, 83292, 56321, 80058, 48446, 90534, 99020, 53183, 57349, 5351, 62399, 11726, 72703, 23079, 88458, 14886, 42115, 37381, 53447, 80416, 75451, 17441]})"
64.0,9,36,3,3.335299491882324,210,"Genotype(dna={""<class 'abc.NT_0014'>"": [0, 9941], ""<class 'abc.NT_0014_P_00000'>"": [], ""<class 'abc.NT_0003'>"": [], ""<class 'abc.NT_0003_P_00000'>"": [], ""<class 'bool'>"": [44268, 98370, 93055, 61679, 91850, 93033, 11504, 95280, 30806, 13913, 50294, 97012, 21770, 89077, 91601, 80048, 98529, 60293, 96396, 90534, 62399, 14886, 42115], ""<class 'abc.NT_0000'>"": [0, 2, 3, 0, 0, 92735, 3, 0, 1, 0, 0, 0, 0, 77429, 3, 3, 2, 0, 2, 0, 3, 0, 40082, 0, 1, 36984, 2, 0, 2, 0, 0, 0, 0, 0, 2947, 40150, 1, 2, 1, 88389, 48446, 99020, 57349, 5351, 72703, 23079, 88458], ""<class 'abc.NT_0000_P_00000'>"": [], ""<class 'int'>"": [64008, 87972, 71627, 97927, 23242, 22347, 87629, 8630, 19873, 70209, 20373, 81980, 86304, 15637, 58194, 46187, 99251, 11365, 26641, 60642, 51916, 74702, 80058, 53183, 11726], ""<class 'abc.NT_0000_P_00001'>"": [], ""<class 'abc.NT_0000_P_00002'>"": [], ""<class 'abc.NT_0000_P_00003'>"": [], ""<class 'abc.NT_0001'>"": [1, 6, 78872], ""<class 'abc.NT_0001_P_00000'>"": [], ""<class 'abc.NT_0001_P_00001'>"": [], ""<class 'abc.NT_0001_P_00002'>"": [], ""<class 'abc.NT_0001_P_00003'>"": [], ""<class 'abc.NT_0001_P_00004'>"": [], ""<class 'abc.NT_0001_P_00005'>"": [], ""<class 'abc.NT_0001_P_00006'>"": [], ""<class 'abc.NT_0003_P_00001'>"": [], ""<class 'abc.NT_0002'>"": [0, 54058], ""<class 'abc.NT_0002_P_00000'>"": [], ""<class 'abc.NT_0002_P_00001'>"": [], ""<class 'abc.NT_0002_P_00002'>"": [], ""<class 'abc.NT_0002_P_00003'>"": [], ""<class 'abc.NT_0004'>"": [], ""<class 'abc.NT_0004_P_00000'>"": [], ""<class 'abc.NT_0014_P_00001'>"": [], ""<class 'abc.NT_0013'>"": [0, 87753, 83292], ""<class 'abc.NT_0013_P_00000'>"": [], ""<class 'abc.NT_0011'>"": [3, 4874], ""<class 'abc.NT_0011_P_00000'>"": [], ""<class 'abc.NT_0011_P_00001'>"": [], ""<class 'abc.NT_0008'>"": [0, 25492], ""<class 'abc.NT_0008_P_00000'>"": [], ""<class 'abc.NT_0005'>"": [0, 70034], ""<class 'abc.NT_0005_P_00000'>"": [], ""<class 'abc.NT_0005_P_00001'>"": [], ""<class 'abc.NT_0007'>"": [0, 27295], ""<class 'abc.NT_0007_P_00000'>"": [], ""<class 'abc.NT_0006'>"": [], ""<class 'abc.NT_0006_P_00000'>"": [], ""<class 'abc.NT_0006_P_00001'>"": [], ""<class 'abc.NT_0007_P_00001'>"": [], ""<class 'abc.NT_0007_P_00002'>"": [], ""<class 'abc.NT_0007_P_00003'>"": [], ""<class 'abc.NT_0008_P_00001'>"": [], ""<class 'abc.NT_0009'>"": [8, 1, 39787], ""<class 'abc.NT_0009_P_00000'>"": [], ""<class 'abc.NT_0009_P_00001'>"": [], ""<class 'abc.NT_0009_P_00002'>"": [], ""<class 'abc.NT_0009_P_00003'>"": [], ""<class 'abc.NT_0009_P_00004'>"": [], ""<class 'abc.NT_0009_P_00005'>"": [], ""<class 'abc.NT_0009_P_00006'>"": [], ""<class 'abc.NT_0009_P_00007'>"": [], ""<class 'abc.NT_0009_P_00008'>"": [], ""<class 'abc.NT_0011_P_00002'>"": [], ""<class 'abc.NT_0010'>"": [], ""<class 'abc.NT_0010_P_00000'>"": [], ""<class 'abc.NT_0010_P_00001'>"": [], ""<class 'abc.NT_0010_P_00002'>"": [], ""<class 'abc.NT_0010_P_00003'>"": [], ""<class 'abc.NT_0010_P_00004'>"": [], ""<class 'abc.NT_0010_P_00005'>"": [], ""<class 'abc.NT_0011_P_00003'>"": [], ""<class 'abc.NT_0011_P_00004'>"": [], ""<class 'abc.NT_0011_P_00005'>"": [], ""<class 'abc.NT_0011_P_00006'>"": [], ""<class 'abc.NT_0011_P_00007'>"": [], ""<class 'abc.NT_0011_P_00008'>"": [], ""<class 'abc.NT_0011_P_00009'>"": [], ""<class 'abc.NT_0014_P_00002'>"": [], ""<class 'abc.NT_0014_P_00003'>"": [], ""<class 'abc.NT_0014_P_00004'>"": [], '$leftovers': [37381, 53447, 80416, 75451, 17441, 22787, 25968, 37997, 43457, 70409, 3144, 30291, 27680, 46416, 33566, 93834, 69479, 8313, 69016, 56653, 612, 51366, 29977, 7941, 62781, 93978, 48081, 63396, 57279, 63194, 37786, 54499, 54071, 7255, 805, 91855, 9788, 55863, 13874, 90931, 38385, 43619, 36227, 61359, 25033, 26828, 94952, 78514, 81573, 7035, 57599, 63649, 37284, 79243, 23816, 36097, 45176, 45221, 21659, 73410, 77378, 61609, 53485, 83091, 55364, 804, 37863, 62128, 64631, 84523, 68409, 46658, 59869, 22948, 53816, 17703, 86036, 23930, 54711, 27159, 47907, 22129, 19429, 11704, 67050, 80298, 69224, 57646, 14733, 44317, 85077, 74191, 78264, 27076, 89776, 5196, 46711, 95884, 100000, 42859, 92197, 62164, 34041, 96434, 9186, 84986, 23729, 32442, 9078, 30947, 10584, 90176, 39265, 2903, 26641, 17813, 64068, 47390, 53496, 84055, 91192, 43627, 10978, 20051, 63072, 17541, 52384, 82602, 2071, 73349, 76496, 93237, 90746, 94169, 1089, 1963, 87259, 78716, 97251, 74560, 92319, 88430, 30065, 35943, 26646, 58575, 20564, 68822, 1955, 11977, 701, 8879, 51642, 65013, 37021, 8254, 64968, 54544, 55206, 50487, 94823, 39401, 11005, 50507, 4078, 47520, 40046, 60171, 93652, 930, 40344, 61205, 60575, 32914, 87845, 18974, 88335, 23738, 9159, 67945, 35873, 79289, 92027, 47069, 50717, 19269, 86431, 12677, 1847, 82569, 10719, 49874, 57438, 74245, 9728, 35214, 60927, 50418, 3072, 33653, 84097, 10451, 10948, 43565, 35042, 52901, 60373, 71523, 99916, 21066, 31862, 7158, 61957, 29065, 73503, 77066, 90914, 2224, 23949, 58836, 36313, 52163, 15402, 95181, 97248, 72223, 64484, 31579, 7361, 13133, 8559, 5315, 12957, 97480, 15964, 47289, 18201, 64048, 38836, 23949, 65274, 81688, 15908, 97641, 68909, 88194, 58203, 54156, 17884, 17015, 98114, 85070, 44487, 35609, 43946, 13163, 68656, 46368, 64590, 40998, 4333, 23209, 48312, 91519, 45912, 95154, 82162, 65190, 2680, 41571, 50993, 530, 20715, 62325, 69130, 87411, 51896, 25041, 1061, 92007, 16083, 61009, 22448, 76926, 40530, 5740, 65551, 74307, 70243, 88860, 56449, 62236, 73737, 14864, 20769, 33438, 2720, 19958, 14224, 62871, 11924, 4195, 94579, 90772, 15850, 32394, 39534, 94217, 24432, 49736, 19142, 95031, 91556, 84878, 36003, 82744, 39005, 77560, 67854, 74174, 65238, 42610, 38442, 5045, 8394, 50169, 85223, 39318, 11999, 19698, 62218, 20982, 75579, 83921, 36322, 81232, 74890, 79155, 7974, 87957, 31618, 15302, 46288, 41529, 54402, 51898, 8904, 68466, 16655, 33307, 87657, 62302, 99805, 94712, 27432, 6792, 318, 28470, 61849, 26074, 24481, 33234, 11701, 90978, 8418, 34547, 73073, 14229, 92931, 45528, 46305, 58234, 95428, 52910, 64691, 89529, 6125, 95529, 23717, 34258, 15039, 26343, 25322, 18533, 87153, 22501, 24377, 93511, 91108, 66007, 60481, 95208, 62676, 92031, 61249, 21040, 27224, 8088, 84181, 33593, 86548, 72607, 12800, 5611, 73844, 6692, 65230, 36526, 2469, 35635, 48449, 14719, 78189, 85243, 55844, 24071, 23788, 78878, 22883, 30166, 25797, 10713, 24202, 63862, 69116, 6614, 65627, 74821, 9118, 52050, 1045, 85212, 62012, 89898, 79364, 88858, 96964, 35830, 60888, 26734, 88556, 30404, 7619, 80278, 68622, 93232, 34306, 31485, 56275, 18665, 75621, 64839, 93770, 28199, 22239, 59130, 77628, 99168, 70420, 75781, 62501, 671, 82149, 26309, 8026, 6187, 34342, 77941, 96327, 7003, 65713, 2941, 26673, 45799, 5550, 98918, 65458, 56546, 58743, 93533, 64790, 30347, 32662, 73325, 77970, 21733, 35559, 73040, 79043, 59441, 82022, 37637, 7661, 94041, 96708, 7898, 70255, 89025, 83488, 90561, 63581, 77717, 74197, 27575, 58299, 53110, 73807, 71575, 26219, 35022, 49263, 13153, 34531, 51399, 44165, 26477, 4658, 89217, 10088, 77375, 38696, 57234, 69828, 27880, 19969, 12884, 48301, 32382, 79158, 72530, 2303, 28606, 30300, 17727, 74408, 82473, 74031, 47501, 28349, 67701, 75802, 89880, 6847, 37677, 42094, 59098, 33292, 25396, 1653, 33802, 37033, 82988, 18807, 34788, 32442, 21412, 79504, 70667, 67140, 188, 92567, 14712, 41955, 83231, 16604, 44261, 9248, 17311, 28714, 91679, 32487, 26287, 45537, 96338, 4907, 91004, 40305, 38855, 30113, 31802, 90368, 29632, 22399, 27504, 74924, 64570, 3170, 73381, 73608, 82107, 55004, 28453, 81413, 83401, 86827, 3755, 19280, 39809, 58531, 69352, 77285, 75236, 65692, 7596, 96792, 61193, 32718, 15171, 87988, 30166, 54746, 77236, 17432, 95331, 38981, 88240, 38898, 32172, 79555, 11740, 12372, 21314, 35314, 93047, 42158, 12888, 45757, 12444, 53196, 24354, 10754, 11298, 51034, 29460, 54561, 63362, 63137, 80288, 88200, 90124, 34341, 79738, 29507, 1371, 45727, 33233, 20038, 80414, 21940, 30707, 90006, 24595, 36850, 16424, 43356, 57374, 16541, 37502, 37384, 44186, 1581, 55147, 81574, 36342, 34700, 77319, 28025, 42804, 70814, 97334, 63170, 45671, 92728, 50865, 61805, 79230, 95797, 79382, 69832, 39248, 70970, 62614, 68180, 36578, 66699, 90803, 28447, 48009, 97357, 19944, 60879, 16057, 92445, 75982, 37067, 41406, 92224, 10099, 38077, 10238, 68458, 6537, 63778, 57556, 62039, 11823, 13270, 39382, 5448, 99101, 892, 8806, 21031, 7912, 86405, 50251, 88331, 79170, 19276, 48689, 73426, 83963, 98871, 32530, 19826, 24930, 70628, 89666, 23784, 22342, 79694, 80437, 28733, 99765, 7735, 65443, 39629, 65691, 45234, 52942, 70165, 64742, 7593, 35389, 38346, 53370, 1486, 63745, 59201, 84112, 82078, 59842, 55744, 6361, 15079, 910, 53287, 86305, 5582, 34924, 69056, 67927, 31852, 80811, 3497, 24763, 76576, 6447, 51921, 24582, 67902, 99777, 99703, 83341, 49007, 99280, 24090, 6799, 52732, 30031, 47977, 87252, 5024, 40270, 25148, 18576, 16321, 73258, 96568, 50330, 93058, 53931, 82548, 70345, 30377, 16363, 46283, 71917, 19219, 34599, 59905, 76185, 99134, 52728, 85779, 32717, 4809, 23223, 7767, 36688, 17927, 33222, 5461, 58987, 99150, 82453, 68878, 27439, 92942, 79331, 71474, 34897, 35197, 84658, 51810, 88051, 90117, 15640, 25537, 1192, 5758, 16919, 16570, 54940, 71350, 57863, 28374, 25430, 96910, 25138, 30623, 84961, 23541, 35862, 94330, 34467, 45322, 3068, 32691, 19717, 72709, 77504, 12874, 8035, 4199, 32629, 29326, 50091, 4290, 69037, 67868, 4858, 18189, 81289, 10537, 34484, 97761, 36705, 52886, 29677, 92414, 65300, 4493, 83991, 25685, 6104, 23112, 72137, 96757, 13483, 18308, 221, 14358, 49795, 76044, 65013, 87872, 95304, 14399, 812, 64706, 60775, 65656, 55460, 64130, 33001, 14835, 17431, 45023, 79744, 46149, 17211, 1932, 89664, 35867, 75834, 45835, 33920, 51887, 56077, 57612, 3201, 66246, 43129, 72962, 59486, 41799, 36083, 78794, 55644, 16064, 47916, 43687, 87424, 99482, 17585, 78994, 36067, 56930, 68493, 83129, 64732, 86546, 74055, 94524, 52064, 83683, 31321, 53390, 89787, 97909, 96890, 42138, 43171, 63419, 72477, 642, 72325, 14142, 88837, 64298, 53853, 33912, 90976, 51351, 53580, 44520, 1115, 7377, 51291, 91564, 16199, 86922, 17805, 85895, 43694, 18547, 43604, 34423, 97118, 34445, 84791, 71375, 31055, 9941, 27422, 27295, 25492, 21731, 54058, 56103, 74702, 88389, 39787, 83292, 56321, 80058, 48446, 90534, 99020, 53183, 57349, 5351, 62399, 11726, 72703, 23079, 88458, 14886, 42115]})"
60.0,9,43,4,4.071966886520386,210,"Genotype(dna={""<class 'abc.NT_0014'>"": [0, 47732], ""<class 'abc.NT_0014_P_00000'>"": [], ""<class 'abc.NT_0003'>"": [], ""<class 'abc.NT_0003_P_00000'>"": [], ""<class 'bool'>"": [87196, 49083, 89216, 24434, 74350, 59190, 86241, 50284, 89853, 77425, 13385, 26366, 462, 28613, 10612, 90447, 11692, 62627, 23668, 73754, 20927, 18459, 21359], ""<class 'abc.NT_0000'>"": [0, 3, 2, 0, 3, 2589, 1, 3, 1, 2, 2, 2, 2, 1, 3, 1, 0, 0, 2, 1, 2, 2, 3, 55735, 3, 0, 0, 3, 0, 1, 0, 1, 2, 0, 2, 0, 3, 22677, 0, 0, 0, 3, 0, 0, 0, 0, 2, 0, 94791, 15646, 65042, 28280, 4990, 72769, 78479], ""<class 'abc.NT_0000_P_00000'>"": [], ""<class 'int'>"": [3507, 4086, 55669, 6267, 64461, 52763, 22808, 35106, 98868, 6376, 99065, 87396, 25466, 79902, 9150, 92797, 25514, 36401, 34295, 29203, 3186, 90015, 22472, 86923, 88982, 87802, 65157, 25568, 21994, 59190, 84849, 42236, 45551, 5337, 21127], ""<class 'abc.NT_0000_P_00001'>"": [], ""<class 'abc.NT_0000_P_00002'>"": [], ""<class 'abc.NT_0000_P_00003'>"": [], ""<class 'abc.NT_0001'>"": [2, 2, 94745], ""<class 'abc.NT_0001_P_00000'>"": [], ""<class 'abc.NT_0001_P_00001'>"": [], ""<class 'abc.NT_0001_P_00002'>"": [], ""<class 'abc.NT_0001_P_00003'>"": [], ""<class 'abc.NT_0001_P_00004'>"": [], ""<class 'abc.NT_0001_P_00005'>"": [], ""<class 'abc.NT_0001_P_00006'>"": [], ""<class 'abc.NT_0003_P_00001'>"": [], ""<class 'abc.NT_0002'>"": [], ""<class 'abc.NT_0002_P_00000'>"": [], ""<class 'abc.NT_0002_P_00001'>"": [], ""<class 'abc.NT_0002_P_00002'>"": [], ""<class 'abc.NT_0002_P_00003'>"": [], ""<class 'abc.NT_0004'>"": [], ""<class 'abc.NT_0004_P_00000'>"": [], ""<class 'abc.NT_0014_P_00001'>"": [], ""<class 'abc.NT_0013'>"": [0, 0, 65916], ""<class 'abc.NT_0013_P_00000'>"": [], ""<class 'abc.NT_0011'>"": [2, 58438, 54122], ""<class 'abc.NT_0011_P_00000'>"": [], ""<class 'abc.NT_0011_P_00001'>"": [], ""<class 'abc.NT_0008'>"": [], ""<class 'abc.NT_0008_P_00000'>"": [], ""<class 'abc.NT_0005'>"": [0, 70998, 83264, 69971], ""<class 'abc.NT_0005_P_00000'>"": [], ""<class 'abc.NT_0005_P_00001'>"": [], ""<class 'abc.NT_0007'>"": [], ""<class 'abc.NT_0007_P_00000'>"": [], ""<class 'abc.NT_0006'>"": [0, 63866, 88348], ""<class 'abc.NT_0006_P_00000'>"": [], ""<class 'abc.NT_0006_P_00001'>"": [], ""<class 'abc.NT_0007_P_00001'>"": [], ""<class 'abc.NT_0007_P_00002'>"": [], ""<class 'abc.NT_0007_P_00003'>"": [], ""<class 'abc.NT_0008_P_00001'>"": [], ""<class 'abc.NT_0009'>"": [], ""<class 'abc.NT_0009_P_00000'>"": [], ""<class 'abc.NT_0009_P_00001'>"": [], ""<class 'abc.NT_0009_P_00002'>"": [], ""<class 'abc.NT_0009_P_00003'>"": [], ""<class 'abc.NT_0009_P_00004'>"": [], ""<class 'abc.NT_0009_P_00005'>"": [], ""<class 'abc.NT_0009_P_00006'>"": [], ""<class 'abc.NT_0009_P_00007'>"": [], ""<class 'abc.NT_0009_P_00008'>"": [], ""<class 'abc.NT_0011_P_00002'>"": [], ""<class 'abc.NT_0010'>"": [], ""<class 'abc.NT_0010_P_00000'>"": [], ""<class 'abc.NT_0010_P_00001'>"": [], ""<class 'abc.NT_0010_P_00002'>"": [], ""<class 'abc.NT_0010_P_00003'>"": [], ""<class 'abc.NT_0010_P_00004'>"": [], ""<class 'abc.NT_0010_P_00005'>"": [], ""<class 'abc.NT_0011_P_00003'>"": [], ""<class 'abc.NT_0011_P_00004'>"": [], ""<class 'abc.NT_0011_P_00005'>"": [], ""<class 'abc.NT_0011_P_00006'>"": [], ""<class 'abc.NT_0011_P_00007'>"": [], ""<class 'abc.NT_0011_P_00008'>"": [], ""<class 'abc.NT_0011_P_00009'>"": [], ""<class 'abc.NT_0014_P_00002'>"": [], ""<class 'abc.NT_0014_P_00003'>"": [], ""<class 'abc.NT_0014_P_00004'>"": [], '$leftovers': [87930, 92214, 85861, 74396, 51275, 77816, 79953, 60422, 23646, 12052, 90613, 58056, 40856, 4022, 92969, 99893, 8723, 38452, 20599, 32455, 34631, 40800, 10065, 63763, 27059, 59772, 38083, 32058, 87475, 58994, 66495, 53476, 2875, 80833, 65622, 26776, 33160, 98400, 14649, 2759, 18748, 41571, 73430, 94613, 42498, 54138, 92149, 16959, 51600, 99929, 99402, 80264, 92834, 66408, 48120, 34933, 13575, 54742, 33507, 2625, 33201, 26645, 22915, 67539, 3220, 53439, 19844, 92957, 51626, 4429, 87116, 70686, 69124, 87578, 83951, 42856, 91123, 74350, 83053, 1205, 69816, 6975, 37274, 77182, 42474, 45523, 65058, 60887, 40605, 81155, 68984, 56141, 16867, 70251, 20955, 16234, 75098, 49484, 73187, 61609, 48440, 38918, 38340, 17310, 47252, 55183, 98494, 93965, 11979, 57516, 47806, 86089, 52039, 66390, 49375, 25826, 83217, 54382, 92119, 2906, 54630, 50753, 63828, 79711, 6448, 31182, 15553, 44607, 44504, 7530, 9851, 1857, 17445, 66867, 56574, 47498, 35352, 87279, 38642, 50169, 91467, 26820, 83315, 56892, 54658, 98072, 78002, 16617, 11223, 72869, 52681, 45983, 60897, 46006, 78546, 40984, 59692, 16080, 88171, 1400, 55057, 65064, 40109, 54948, 35615, 61828, 29361, 79597, 90840, 14663, 24183, 36403, 16121, 34099, 89861, 45841, 80650, 99763, 54709, 10444, 30007, 27880, 33145, 24497, 31678, 13583, 69235, 84769, 78610, 47691, 63768, 5135, 4555, 12689, 56483, 25586, 16710, 86920, 42579, 79895, 91539, 96719, 64444, 27630, 34845, 47769, 46745, 83276, 77950, 10685, 69465, 59469, 79979, 67050, 4490, 54225, 51880, 38042, 41618, 61832, 93888, 79540, 86223, 73397, 54655, 2842, 49700, 28091, 83090, 95438, 42862, 30582, 17670, 6639, 56786, 31423, 68186, 54977, 90081, 5901, 80584, 62935, 17077, 53829, 36309, 24036, 61573, 40602, 93286, 71927, 81638, 34385, 6895, 47923, 85715, 84461, 42912, 639, 21453, 9657, 8899, 86315, 88034, 84337, 98384, 61898, 91439, 43202, 80157, 22512, 85325, 95426, 64466, 5553, 67200, 99311, 41191, 74714, 43276, 67475, 71126, 8604, 59711, 47494, 88905, 366, 28019, 25396, 52632, 67742, 80720, 24356, 56124, 15723, 45110, 52306, 44540, 77946, 95994, 44915, 91828, 34191, 28084, 11671, 67394, 82890, 47866, 16240, 97501, 43138, 3871, 24396, 57347, 65698, 53258, 26211, 76358, 60353, 8171, 15768, 29947, 60923, 50174, 84588, 97454, 45978, 73723, 26373, 49376, 5015, 87818, 14222, 95989, 2956, 22141, 97142, 5614, 49749, 2431, 56894, 30103, 7432, 78602, 64961, 25105, 25438, 4545, 46539, 91327, 85173, 43574, 4439, 57154, 94182, 64088, 5542, 92555, 64273, 99206, 97764, 23652, 61044, 96339, 66236, 94035, 92968, 8421, 56306, 69827, 50827, 9414, 83429, 63388, 3632, 35018, 79898, 37259, 43797, 84214, 58000, 18461, 93963, 56821, 63218, 32843, 91582, 53834, 87784, 59123, 12055, 31891, 75387, 80506, 91757, 93763, 52811, 93118, 46522, 49940, 11283, 70547, 38843, 33172, 95115, 99183, 83595, 57384, 95909, 1203, 21867, 65038, 26486, 39119, 22118, 83292, 44253, 56903, 40548, 72133, 5658, 93910, 50594, 699, 18224, 21313, 35943, 44964, 67590, 31386, 18239, 37266, 4493, 37447, 2855, 49906, 38082, 61493, 23727, 84595, 24474, 86507, 35073, 46328, 51481, 12972, 74896, 35826, 28632, 20333, 32704, 99224, 24842, 97342, 62536, 82215, 61162, 9814, 40817, 73928, 96925, 4934, 40486, 25075, 52120, 65023, 93421, 14791, 97731, 22029, 463, 88104, 81236, 73028, 8020, 68422, 94105, 94270, 75030, 81505, 2286, 73761, 72480, 33611, 88339, 25826, 39567, 43982, 59918, 10567, 91796, 21411, 80693, 80251, 24972, 64210, 45288, 44331, 55050, 13169, 84190, 87600, 65408, 81423, 1539, 43102, 54684, 66033, 3828, 12224, 15442, 62219, 59253, 39868, 8086, 75920, 45142, 52921, 95719, 37875, 59096, 84293, 82071, 76915, 54975, 29512, 87201, 78156, 5796, 72208, 27033, 11378, 27688, 33584, 23230, 45001, 83414, 75336, 60938, 46624, 42712, 10730, 52967, 60043, 73054, 60264, 62162, 91711, 78731, 1608, 62837, 78531, 13361, 30710, 39905, 16817, 29050, 28003, 57767, 55320, 17617, 76556, 13564, 36357, 17739, 71005, 2375, 33574, 1075, 3761, 96715, 79725, 89409, 16683, 82814, 96450, 91561, 30950, 3538, 98918, 92815, 3820, 6023, 91220, 96163, 9741, 9699, 58749, 63310, 29621, 53022, 2109, 45292, 91185, 58838, 76964, 9572, 19061, 81149, 3906, 71457, 94073, 24879, 65925, 3063, 66848, 68151, 10064, 88051, 54350, 17243, 94648, 69094, 46601, 87416, 57755, 20701, 61368, 91153, 81699, 4036, 69937, 65626, 65772, 5198, 66397, 84896, 94479, 54883, 67240, 12608, 28469, 22533, 35293, 50460, 86980, 18598, 15681, 91188, 62634, 81355, 79379, 96766, 95444, 66414, 21022, 10406, 20368, 45453, 59026, 42122, 5118, 38492, 89716, 23283, 5353, 36184, 69565, 8824, 25957, 27899, 97938, 33284, 65536, 96759, 82738, 59056, 31536, 7207, 65369, 83782, 80240, 42845, 93405, 68187, 4131, 7821, 34188, 32760, 93069, 89154, 31948, 81445, 94074, 87053, 52191, 41823, 46014, 38088, 62749, 47622, 30370, 92205, 8592, 8017, 17895, 16394, 635, 76694, 61625, 57567, 59135, 92602, 48370, 79138, 17234, 17773, 8999, 38241, 29405, 97038, 48341, 9552, 76706, 79500, 82055, 94232, 63922, 76204, 36760, 69726, 83985, 38660, 46832, 84399, 98495, 36178, 74888, 61371, 78267, 79592, 12069, 71394, 96547, 5807, 41151, 17910, 61772, 71131, 65353, 95963, 4918, 91545, 7063, 27913, 53925, 9155, 65884, 14377, 72735, 60861, 49678, 50259, 13289, 45174, 13518, 17402, 14272, 99979, 9076, 22832, 61624, 40565, 57910, 20427, 22567, 93340, 28942, 89944, 64466, 95946, 13030, 33429, 98258, 55740, 71527, 19390, 73987, 15815, 36372, 54508, 10577, 34706, 20369, 32753, 93495, 83883, 75617, 8861, 48138, 23066, 28044, 68785, 5034, 22853, 48776, 42072, 69383, 68118, 10784, 28954, 67332, 57124, 40861, 59022, 52681, 60308, 32464, 29387, 45488, 91935, 12927, 79291, 83451, 27932, 53559, 5892, 94690, 41939, 79929, 8545, 84756, 86623, 92555, 48639, 89195, 58516, 65899, 79558, 57627, 20760, 34826, 84725, 35201, 43028, 23084, 76753, 37850, 3134, 63837, 25221, 75578, 95666, 79402, 90968, 8259, 47762, 99040, 71835, 1822, 58540, 23265, 69590, 33904, 78613, 95146, 25312, 12214, 78725, 64476, 95546, 19576, 93369, 56108, 1906, 60241, 54303, 40205, 69080, 58643, 73245, 58556, 93800, 98586, 71168, 28477, 77523, 61784, 72550, 26737, 58779, 54101, 69359, 46184, 58635, 83739, 39867, 77569, 15897, 10797, 54893, 10673, 32244, 17002, 33937, 70631, 24143, 97329, 88922, 14711, 36581, 1339, 29936, 1732, 36998, 28095, 7212, 19132, 98145, 30643, 86006, 61444, 74900, 68633, 2824, 80024, 8839, 13424, 98854, 68941, 7479, 61116, 21797, 24017, 59170, 45106, 99523, 22389, 96256, 27222, 33827, 74377, 96607, 14755, 55542, 97696, 94116, 22915, 88691, 24699, 28416, 61705, 60609, 77675, 89115, 88602, 58595, 56472, 78131, 14451, 79202, 36567, 81324, 9318, 81102, 8911, 4368, 79871, 82015, 6049, 19709, 42890, 44356, 52621, 61858, 58546, 27227, 22259, 36725, 47732, 63866, 70998, 54122, 94745, 94791, 25568, 65916, 90447, 83264, 88348, 69971, 21994, 11692, 59190, 84849, 15646, 65042, 62627, 42236, 28280, 45551, 4990, 23668, 5337, 72769, 21127, 78479, 73754, 20927, 18459, 21359]})"
60.0,9,43,5,4.632018804550171,210,"Genotype(dna={""<class 'abc.NT_0014'>"": [0, 47732], ""<class 'abc.NT_0014_P_00000'>"": [], ""<class 'abc.NT_0003'>"": [], ""<class 'abc.NT_0003_P_00000'>"": [], ""<class 'bool'>"": [87196, 49083, 89216, 24434, 74350, 59190, 86241, 50284, 89853, 77425, 13385, 26366, 462, 28613, 10612, 90447, 11692, 62627, 23668, 73754, 20927, 18459, 21359], ""<class 'abc.NT_0000'>"": [0, 3, 2, 0, 3, 2589, 1, 3, 1, 2, 2, 2, 2, 1, 3, 1, 0, 0, 2, 1, 2, 2, 3, 55735, 3, 0, 0, 3, 0, 1, 0, 1, 2, 0, 2, 0, 3, 22677, 0, 0, 0, 3, 0, 0, 0, 0, 2, 0, 94791, 15646, 65042, 28280, 4990, 72769, 78479], ""<class 'abc.NT_0000_P_00000'>"": [], ""<class 'int'>"": [3507, 4086, 55669, 6267, 64461, 52763, 22808, 35106, 98868, 6376, 99065, 87396, 25466, 79902, 9150, 92797, 25514, 36401, 34295, 29203, 3186, 90015, 22472, 86923, 88982, 87802, 65157, 25568, 21994, 59190, 84849, 42236, 45551, 5337, 21127], ""<class 'abc.NT_0000_P_00001'>"": [], ""<class 'abc.NT_0000_P_00002'>"": [], ""<class 'abc.NT_0000_P_00003'>"": [], ""<class 'abc.NT_0001'>"": [2, 2, 94745], ""<class 'abc.NT_0001_P_00000'>"": [], ""<class 'abc.NT_0001_P_00001'>"": [], ""<class 'abc.NT_0001_P_00002'>"": [], ""<class 'abc.NT_0001_P_00003'>"": [], ""<class 'abc.NT_0001_P_00004'>"": [], ""<class 'abc.NT_0001_P_00005'>"": [], ""<class 'abc.NT_0001_P_00006'>"": [], ""<class 'abc.NT_0003_P_00001'>"": [], ""<class 'abc.NT_0002'>"": [], ""<class 'abc.NT_0002_P_00000'>"": [], ""<class 'abc.NT_0002_P_00001'>"": [], ""<class 'abc.NT_0002_P_00002'>"": [], ""<class 'abc.NT_0002_P_00003'>"": [], ""<class 'abc.NT_0004'>"": [], ""<class 'abc.NT_0004_P_00000'>"": [], ""<class 'abc.NT_0014_P_00001'>"": [], ""<class 'abc.NT_0013'>"": [0, 0, 65916], ""<class 'abc.NT_0013_P_00000'>"": [], ""<class 'abc.NT_0011'>"": [2, 58438, 54122], ""<class 'abc.NT_0011_P_00000'>"": [], ""<class 'abc.NT_0011_P_00001'>"": [], ""<class 'abc.NT_0008'>"": [], ""<class 'abc.NT_0008_P_00000'>"": [], ""<class 'abc.NT_0005'>"": [0, 70998, 83264, 69971], ""<class 'abc.NT_0005_P_00000'>"": [], ""<class 'abc.NT_0005_P_00001'>"": [], ""<class 'abc.NT_0007'>"": [], ""<class 'abc.NT_0007_P_00000'>"": [], ""<class 'abc.NT_0006'>"": [0, 63866, 88348], ""<class 'abc.NT_0006_P_00000'>"": [], ""<class 'abc.NT_0006_P_00001'>"": [], ""<class 'abc.NT_0007_P_00001'>"": [], ""<class 'abc.NT_0007_P_00002'>"": [], ""<class 'abc.NT_0007_P_00003'>"": [], ""<class 'abc.NT_0008_P_00001'>"": [], ""<class 'abc.NT_0009'>"": [], ""<class 'abc.NT_0009_P_00000'>"": [], ""<class 'abc.NT_0009_P_00001'>"": [], ""<class 'abc.NT_0009_P_00002'>"": [], ""<class 'abc.NT_0009_P_00003'>"": [], ""<class 'abc.NT_0009_P_00004'>"": [], ""<class 'abc.NT_0009_P_00005'>"": [], ""<class 'abc.NT_0009_P_00006'>"": [], ""<class 'abc.NT_0009_P_00007'>"": [], ""<class 'abc.NT_0009_P_00008'>"": [], ""<class 'abc.NT_0011_P_00002'>"": [], ""<class 'abc.NT_0010'>"": [], ""<class 'abc.NT_0010_P_00000'>"": [], ""<class 'abc.NT_0010_P_00001'>"": [], ""<class 'abc.NT_0010_P_00002'>"": [], ""<class 'abc.NT_0010_P_00003'>"": [], ""<class 'abc.NT_0010_P_00004'>"": [], ""<class 'abc.NT_0010_P_00005'>"": [], ""<class 'abc.NT_0011_P_00003'>"": [], ""<class 'abc.NT_0011_P_00004'>"": [], ""<class 'abc.NT_0011_P_00005'>"": [], ""<class 'abc.NT_0011_P_00006'>"": [], ""<class 'abc.NT_0011_P_00007'>"": [], ""<class 'abc.NT_0011_P_00008'>"": [], ""<class 'abc.NT_0011_P_00009'>"": [], ""<class 'abc.NT_0014_P_00002'>"": [], ""<class 'abc.NT_0014_P_00003'>"": [], ""<class 'abc.NT_0014_P_00004'>"": [], '$leftovers': [87930, 92214, 85861, 74396, 51275, 77816, 79953, 60422, 23646, 12052, 90613, 58056, 40856, 4022, 92969, 99893, 8723, 38452, 20599, 32455, 34631, 40800, 10065, 63763, 27059, 59772, 38083, 32058, 87475, 58994, 66495, 53476, 2875, 80833, 65622, 26776, 33160, 98400, 14649, 2759, 18748, 41571, 73430, 94613, 42498, 54138, 92149, 16959, 51600, 99929, 99402, 80264, 92834, 66408, 48120, 34933, 13575, 54742, 33507, 2625, 33201, 26645, 22915, 67539, 3220, 53439, 19844, 92957, 51626, 4429, 87116, 70686, 69124, 87578, 83951, 42856, 91123, 74350, 83053, 1205, 69816, 6975, 37274, 77182, 42474, 45523, 65058, 60887, 40605, 81155, 68984, 56141, 16867, 70251, 20955, 16234, 75098, 49484, 73187, 61609, 48440, 38918, 38340, 17310, 47252, 55183, 98494, 93965, 11979, 57516, 47806, 86089, 52039, 66390, 49375, 25826, 83217, 54382, 92119, 2906, 54630, 50753, 63828, 79711, 6448, 31182, 15553, 44607, 44504, 7530, 9851, 1857, 17445, 66867, 56574, 47498, 35352, 87279, 38642, 50169, 91467, 26820, 83315, 56892, 54658, 98072, 78002, 16617, 11223, 72869, 52681, 45983, 60897, 46006, 78546, 40984, 59692, 16080, 88171, 1400, 55057, 65064, 40109, 54948, 35615, 61828, 29361, 79597, 90840, 14663, 24183, 36403, 16121, 34099, 89861, 45841, 80650, 99763, 54709, 10444, 30007, 27880, 33145, 24497, 31678, 13583, 69235, 84769, 78610, 47691, 63768, 5135, 4555, 12689, 56483, 25586, 16710, 86920, 42579, 79895, 91539, 96719, 64444, 27630, 34845, 47769, 46745, 83276, 77950, 10685, 69465, 59469, 79979, 67050, 4490, 54225, 51880, 38042, 41618, 61832, 93888, 79540, 86223, 73397, 54655, 2842, 49700, 28091, 83090, 95438, 42862, 30582, 17670, 6639, 56786, 31423, 68186, 54977, 90081, 5901, 80584, 62935, 17077, 53829, 36309, 24036, 61573, 40602, 93286, 71927, 81638, 34385, 6895, 47923, 85715, 84461, 42912, 639, 21453, 9657, 8899, 86315, 88034, 84337, 98384, 61898, 91439, 43202, 80157, 22512, 85325, 95426, 64466, 5553, 67200, 99311, 41191, 74714, 43276, 67475, 71126, 8604, 59711, 47494, 88905, 366, 28019, 25396, 52632, 67742, 80720, 24356, 56124, 15723, 45110, 52306, 44540, 77946, 95994, 44915, 91828, 34191, 28084, 11671, 67394, 82890, 47866, 16240, 97501, 43138, 3871, 24396, 57347, 65698, 53258, 26211, 76358, 60353, 8171, 15768, 29947, 60923, 50174, 84588, 97454, 45978, 73723, 26373, 49376, 5015, 87818, 14222, 95989, 2956, 22141, 97142, 5614, 49749, 2431, 56894, 30103, 7432, 78602, 64961, 25105, 25438, 4545, 46539, 91327, 85173, 43574, 4439, 57154, 94182, 64088, 5542, 92555, 64273, 99206, 97764, 23652, 61044, 96339, 66236, 94035, 92968, 8421, 56306, 69827, 50827, 9414, 83429, 63388, 3632, 35018, 79898, 37259, 43797, 84214, 58000, 18461, 93963, 56821, 63218, 32843, 91582, 53834, 87784, 59123, 12055, 31891, 75387, 80506, 91757, 93763, 52811, 93118, 46522, 49940, 11283, 70547, 38843, 33172, 95115, 99183, 83595, 57384, 95909, 1203, 21867, 65038, 26486, 39119, 22118, 83292, 44253, 56903, 40548, 72133, 5658, 93910, 50594, 699, 18224, 21313, 35943, 44964, 67590, 31386, 18239, 37266, 4493, 37447, 2855, 49906, 38082, 61493, 23727, 84595, 24474, 86507, 35073, 46328, 51481, 12972, 74896, 35826, 28632, 20333, 32704, 99224, 24842, 97342, 62536, 82215, 61162, 9814, 40817, 73928, 96925, 4934, 40486, 25075, 52120, 65023, 93421, 14791, 97731, 22029, 463, 88104, 81236, 73028, 8020, 68422, 94105, 94270, 75030, 81505, 2286, 73761, 72480, 33611, 88339, 25826, 39567, 43982, 59918, 10567, 91796, 21411, 80693, 80251, 24972, 64210, 45288, 44331, 55050, 13169, 84190, 87600, 65408, 81423, 1539, 43102, 54684, 66033, 3828, 12224, 15442, 62219, 59253, 39868, 8086, 75920, 45142, 52921, 95719, 37875, 59096, 84293, 82071, 76915, 54975, 29512, 87201, 78156, 5796, 72208, 27033, 11378, 27688, 33584, 23230, 45001, 83414, 75336, 60938, 46624, 42712, 10730, 52967, 60043, 73054, 60264, 62162, 91711, 78731, 1608, 62837, 78531, 13361, 30710, 39905, 16817, 29050, 28003, 57767, 55320, 17617, 76556, 13564, 36357, 17739, 71005, 2375, 33574, 1075, 3761, 96715, 79725, 89409, 16683, 82814, 96450, 91561, 30950, 3538, 98918, 92815, 3820, 6023, 91220, 96163, 9741, 9699, 58749, 63310, 29621, 53022, 2109, 45292, 91185, 58838, 76964, 9572, 19061, 81149, 3906, 71457, 94073, 24879, 65925, 3063, 66848, 68151, 10064, 88051, 54350, 17243, 94648, 69094, 46601, 87416, 57755, 20701, 61368, 91153, 81699, 4036, 69937, 65626, 65772, 5198, 66397, 84896, 94479, 54883, 67240, 12608, 28469, 22533, 35293, 50460, 86980, 18598, 15681, 91188, 62634, 81355, 79379, 96766, 95444, 66414, 21022, 10406, 20368, 45453, 59026, 42122, 5118, 38492, 89716, 23283, 5353, 36184, 69565, 8824, 25957, 27899, 97938, 33284, 65536, 96759, 82738, 59056, 31536, 7207, 65369, 83782, 80240, 42845, 93405, 68187, 4131, 7821, 34188, 32760, 93069, 89154, 31948, 81445, 94074, 87053, 52191, 41823, 46014, 38088, 62749, 47622, 30370, 92205, 8592, 8017, 17895, 16394, 635, 76694, 61625, 57567, 59135, 92602, 48370, 79138, 17234, 17773, 8999, 38241, 29405, 97038, 48341, 9552, 76706, 79500, 82055, 94232, 63922, 76204, 36760, 69726, 83985, 38660, 46832, 84399, 98495, 36178, 74888, 61371, 78267, 79592, 12069, 71394, 96547, 5807, 41151, 17910, 61772, 71131, 65353, 95963, 4918, 91545, 7063, 27913, 53925, 9155, 65884, 14377, 72735, 60861, 49678, 50259, 13289, 45174, 13518, 17402, 14272, 99979, 9076, 22832, 61624, 40565, 57910, 20427, 22567, 93340, 28942, 89944, 64466, 95946, 13030, 33429, 98258, 55740, 71527, 19390, 73987, 15815, 36372, 54508, 10577, 34706, 20369, 32753, 93495, 83883, 75617, 8861, 48138, 23066, 28044, 68785, 5034, 22853, 48776, 42072, 69383, 68118, 10784, 28954, 67332, 57124, 40861, 59022, 52681, 60308, 32464, 29387, 45488, 91935, 12927, 79291, 83451, 27932, 53559, 5892, 94690, 41939, 79929, 8545, 84756, 86623, 92555, 48639, 89195, 58516, 65899, 79558, 57627, 20760, 34826, 84725, 35201, 43028, 23084, 76753, 37850, 3134, 63837, 25221, 75578, 95666, 79402, 90968, 8259, 47762, 99040, 71835, 1822, 58540, 23265, 69590, 33904, 78613, 95146, 25312, 12214, 78725, 64476, 95546, 19576, 93369, 56108, 1906, 60241, 54303, 40205, 69080, 58643, 73245, 58556, 93800, 98586, 71168, 28477, 77523, 61784, 72550, 26737, 58779, 54101, 69359, 46184, 58635, 83739, 39867, 77569, 15897, 10797, 54893, 10673, 32244, 17002, 33937, 70631, 24143, 97329, 88922, 14711, 36581, 1339, 29936, 1732, 36998, 28095, 7212, 19132, 98145, 30643, 86006, 61444, 74900, 68633, 2824, 80024, 8839, 13424, 98854, 68941, 7479, 61116, 21797, 24017, 59170, 45106, 99523, 22389, 96256, 27222, 33827, 74377, 96607, 14755, 55542, 97696, 94116, 22915, 88691, 24699, 28416, 61705, 60609, 77675, 89115, 88602, 58595, 56472, 78131, 14451, 79202, 36567, 81324, 9318, 81102, 8911, 4368, 79871, 82015, 6049, 19709, 42890, 44356, 52621, 61858, 58546, 27227, 22259, 36725, 47732, 63866, 70998, 54122, 94745, 94791, 25568, 65916, 90447, 83264, 88348, 69971, 21994, 11692, 59190, 84849, 15646, 65042, 62627, 42236, 28280, 45551, 4990, 23668, 5337, 72769, 21127, 78479, 73754, 20927, 18459, 21359]})"
55.0,9,33,6,5.258340358734131,210,"Genotype(dna={""<class 'abc.NT_0014'>"": [0, 9941], ""<class 'abc.NT_0014_P_00000'>"": [], ""<class 'abc.NT_0003'>"": [], ""<class 'abc.NT_0003_P_00000'>"": [], ""<class 'bool'>"": [41292, 4265, 62396, 88938, 15154, 20761, 57553, 9339, 50102, 40257, 31348, 88509, 5239, 55817, 86724, 61850, 41527, 3292, 16173, 74969, 80436, 14641, 99541, 17749], ""<class 'abc.NT_0000'>"": [0, 2, 3, 0, 0, 0, 3, 0, 1, 0, 0, 0, 0, 50074, 3, 3, 2, 0, 2, 0, 14762, 0, 0, 0, 1, 3, 2, 0, 2, 0, 0, 0, 0, 0, 42523, 3, 1, 2, 1, 88389, 45454], ""<class 'abc.NT_0000_P_00000'>"": [], ""<class 'int'>"": [23847, 23290, 81404, 45309, 83228, 80636, 99679, 24061, 74694, 49124, 92807, 65279, 51048, 28839, 76630, 73930, 51863, 98766, 53819, 29341, 4330, 16309, 49743, 64131, 65174, 19529, 9843, 2288, 85562, 47872, 89043, 81530, 60858, 17846], ""<class 'abc.NT_0000_P_00001'>"": [], ""<class 'abc.NT_0000_P_00002'>"": [], ""<class 'abc.NT_0000_P_00003'>"": [], ""<class 'abc.NT_0001'>"": [0, 5, 0, 0, 3, 63629, 35997], ""<class 'abc.NT_0001_P_00000'>"": [], ""<class 'abc.NT_0001_P_00001'>"": [], ""<class 'abc.NT_0001_P_00002'>"": [], ""<class 'abc.NT_0001_P_00003'>"": [], ""<class 'abc.NT_0001_P_00004'>"": [], ""<class 'abc.NT_0001_P_00005'>"": [], ""<class 'abc.NT_0001_P_00006'>"": [], ""<class 'abc.NT_0003_P_00001'>"": [], ""<class 'abc.NT_0002'>"": [85299, 36089], ""<class 'abc.NT_0002_P_00000'>"": [], ""<class 'abc.NT_0002_P_00001'>"": [], ""<class 'abc.NT_0002_P_00002'>"": [], ""<class 'abc.NT_0002_P_00003'>"": [], ""<class 'abc.NT_0004'>"": [], ""<class 'abc.NT_0004_P_00000'>"": [], ""<class 'abc.NT_0014_P_00001'>"": [], ""<class 'abc.NT_0013'>"": [338, 0, 12143], ""<class 'abc.NT_0013_P_00000'>"": [], ""<class 'abc.NT_0011'>"": [2, 4, 54122], ""<class 'abc.NT_0011_P_00000'>"": [], ""<class 'abc.NT_0011_P_00001'>"": [], ""<class 'abc.NT_0008'>"": [0, 4525], ""<class 'abc.NT_0008_P_00000'>"": [], ""<class 'abc.NT_0005'>"": [0, 0, 88081], ""<class 'abc.NT_0005_P_00000'>"": [], ""<class 'abc.NT_0005_P_00001'>"": [], ""<class 'abc.NT_0007'>"": [66883, 84922], ""<class 'abc.NT_0007_P_00000'>"": [], ""<class 'abc.NT_0006'>"": [0, 63866], ""<class 'abc.NT_0006_P_00000'>"": [], ""<class 'abc.NT_0006_P_00001'>"": [], ""<class 'abc.NT_0007_P_00001'>"": [], ""<class 'abc.NT_0007_P_00002'>"": [], ""<class 'abc.NT_0007_P_00003'>"": [], ""<class 'abc.NT_0008_P_00001'>"": [], ""<class 'abc.NT_0009'>"": [8, 1, 39787], ""<class 'abc.NT_0009_P_00000'>"": [], ""<class 'abc.NT_0009_P_00001'>"": [], ""<class 'abc.NT_0009_P_00002'>"": [], ""<class 'abc.NT_0009_P_00003'>"": [], ""<class 'abc.NT_0009_P_00004'>"": [], ""<class 'abc.NT_0009_P_00005'>"": [], ""<class 'abc.NT_0009_P_00006'>"": [], ""<class 'abc.NT_0009_P_00007'>"": [], ""<class 'abc.NT_0009_P_00008'>"": [], ""<class 'abc.NT_0011_P_00002'>"": [], ""<class 'abc.NT_0010'>"": [], ""<class 'abc.NT_0010_P_00000'>"": [], ""<class 'abc.NT_0010_P_00001'>"": [], ""<class 'abc.NT_0010_P_00002'>"": [], ""<class 'abc.NT_0010_P_00003'>"": [], ""<class 'abc.NT_0010_P_00004'>"": [], ""<class 'abc.NT_0010_P_00005'>"": [], ""<class 'abc.NT_0011_P_00003'>"": [], ""<class 'abc.NT_0011_P_00004'>"": [], ""<class 'abc.NT_0011_P_00005'>"": [], ""<class 'abc.NT_0011_P_00006'>"": [], ""<class 'abc.NT_0011_P_00007'>"": [], ""<class 'abc.NT_0011_P_00008'>"": [], ""<class 'abc.NT_0011_P_00009'>"": [], ""<class 'abc.NT_0014_P_00002'>"": [], ""<class 'abc.NT_0014_P_00003'>"": [], ""<class 'abc.NT_0014_P_00004'>"": [], '$leftovers': [15668, 20175, 19821, 38232, 34836, 69633, 7728, 90871, 54475, 71899, 86340, 44818, 33714, 42229, 44907, 93705, 2848, 68454, 17045, 53467, 71685, 88645, 98464, 4340, 19347, 32622, 53388, 44987, 75160, 46311, 99201, 13061, 79880, 38045, 77552, 14887, 75891, 97723, 41261, 16450, 64416, 77932, 46150, 73196, 1058, 91126, 30448, 81537, 87829, 54055, 19766, 60767, 20611, 78543, 71628, 88622, 54437, 93942, 53842, 72683, 97746, 86376, 19006, 12793, 86337, 78066, 41730, 53019, 37915, 92115, 30561, 70080, 66250, 34753, 74776, 85183, 41608, 66777, 386, 23709, 55125, 58243, 81497, 16650, 86515, 12180, 61184, 74926, 63096, 9900, 79741, 52417, 61907, 61339, 6706, 95981, 3252, 97732, 64207, 45827, 14538, 3199, 39761, 27132, 69810, 13042, 86178, 45063, 65539, 55991, 65974, 68170, 20643, 42228, 46840, 44811, 63829, 34196, 56028, 98194, 38958, 91051, 97858, 15241, 79039, 84688, 37282, 39529, 3500, 82809, 40945, 76043, 34590, 34911, 4279, 82337, 71897, 18844, 70200, 84811, 42929, 84682, 58201, 44667, 77119, 31050, 29760, 78592, 20919, 29376, 59437, 80890, 37182, 92426, 25554, 50895, 59250, 82929, 64352, 66935, 46478, 82290, 59551, 7442, 60932, 59103, 68838, 733, 7128, 44962, 8566, 82626, 37168, 797, 42391, 28458, 22406, 90779, 2662, 27538, 38488, 83700, 97847, 79751, 20606, 56479, 92397, 99882, 36177, 70260, 65564, 81586, 41071, 64563, 66799, 28919, 69658, 16281, 19186, 81227, 13153, 65644, 45248, 28794, 93063, 40694, 16480, 32525, 30927, 20457, 5715, 29258, 94931, 67481, 93903, 67417, 99422, 19266, 47308, 86846, 61641, 19939, 40057, 55230, 1694, 37766, 6146, 44093, 63954, 78477, 84776, 80435, 64795, 11335, 1590, 3821, 35177, 61354, 66039, 67422, 92785, 69785, 94722, 2943, 32893, 88733, 99759, 63235, 32402, 4734, 84011, 53680, 31632, 1681, 13860, 61113, 17300, 48842, 13750, 36257, 68474, 34559, 78328, 66054, 72634, 40196, 27127, 49730, 31980, 1930, 65972, 60298, 94815, 63981, 60560, 46755, 18773, 61121, 39985, 58116, 74982, 19011, 10694, 36699, 7062, 19757, 70820, 72569, 16964, 58834, 32284, 49474, 40250, 47810, 52087, 66987, 16605, 61364, 25810, 23404, 64401, 95629, 67348, 5077, 69300, 95217, 29037, 27875, 77820, 14123, 13138, 81169, 75393, 75339, 67664, 78152, 76065, 87574, 89277, 19267, 95717, 32020, 99444, 75097, 55503, 37475, 79960, 6286, 3013, 45751, 6439, 54098, 40842, 41799, 65218, 2937, 24565, 5657, 39467, 8098, 41971, 37187, 71176, 33770, 97546, 90860, 33274, 79843, 22619, 97394, 73566, 66597, 15482, 42507, 93258, 87480, 99064, 88376, 10315, 333, 80557, 52883, 60365, 16574, 20734, 92836, 88988, 40003, 51085, 1997, 48353, 59583, 17191, 68013, 90053, 92269, 85168, 66462, 41922, 98142, 45061, 78377, 98414, 14712, 56206, 23143, 12787, 46167, 17685, 37250, 30573, 69299, 38639, 76934, 76768, 71007, 69334, 62499, 31974, 2369, 13946, 40941, 30917, 62092, 63893, 67324, 51539, 72343, 29264, 43743, 99560, 23433, 53451, 87423, 67214, 43351, 10657, 94563, 52135, 1708, 87947, 20094, 73942, 2715, 33257, 51036, 55706, 29494, 41718, 83886, 77426, 53155, 72178, 37914, 10213, 16705, 44405, 95552, 9488, 94808, 49654, 79605, 96015, 70599, 54562, 57604, 86020, 94044, 37441, 8024, 2257, 37506, 43014, 62077, 9402, 86919, 90736, 17109, 68550, 134, 25725, 49276, 77552, 48191, 77257, 49159, 18332, 96950, 35345, 53380, 75219, 35359, 81970, 41072, 73604, 31975, 99388, 66372, 6142, 39033, 75114, 44292, 38294, 62091, 20794, 25803, 43219, 99626, 41193, 21350, 42212, 91215, 83803, 38736, 63161, 58495, 8203, 45627, 86820, 15533, 27206, 30987, 616, 73057, 59638, 67058, 28691, 71501, 67668, 80395, 45669, 21761, 28035, 90846, 67702, 19815, 93313, 29398, 25054, 14336, 26482, 74759, 12389, 23191, 5964, 39500, 12693, 56984, 52007, 40720, 55953, 83945, 38070, 34534, 8023, 38854, 53207, 17503, 92266, 6907, 60834, 90678, 38467, 70347, 76537, 52231, 23939, 85713, 70668, 19448, 49057, 79817, 79191, 31881, 91355, 33528, 1731, 67202, 19874, 59006, 71460, 28564, 13037, 30475, 25011, 55072, 49666, 51759, 65554, 36661, 9044, 33686, 98138, 43456, 51119, 52504, 60647, 79166, 35097, 63689, 21915, 54452, 31782, 14761, 27345, 66991, 36893, 17614, 78830, 58615, 42641, 15987, 62235, 66472, 85418, 75631, 74883, 67983, 29791, 34284, 56319, 89154, 63051, 25000, 89310, 46175, 26698, 23940, 90201, 49359, 16985, 59472, 11226, 29168, 73443, 53209, 94360, 78167, 14149, 4964, 87286, 68170, 80207, 73498, 13381, 89511, 97012, 44430, 73382, 85173, 42574, 42297, 63479, 83013, 20882, 34858, 31209, 59196, 78759, 47114, 89355, 53294, 87451, 40013, 80350, 99900, 20687, 22744, 41275, 51408, 3740, 50307, 74016, 59513, 13961, 9147, 12522, 92092, 72255, 53215, 44907, 26638, 92751, 36896, 8067, 60746, 31693, 76614, 97646, 50038, 9314, 78169, 3068, 67531, 678, 79832, 41950, 38549, 58876, 71284, 79233, 39241, 59288, 1851, 7719, 33574, 50807, 82852, 45133, 74377, 97680, 23102, 70877, 55310, 92573, 38411, 44653, 21559, 49853, 60512, 33685, 86386, 5034, 76288, 77780, 68298, 20936, 36064, 31647, 27236, 47381, 89107, 27109, 65915, 98770, 73288, 64346, 64175, 54519, 7451, 67461, 98292, 87694, 73100, 88883, 79820, 95886, 55551, 18730, 19003, 77182, 67949, 4194, 10528, 98273, 94986, 27768, 2414, 15696, 32534, 19521, 98371, 17078, 69230, 76728, 42964, 54327, 49395, 31560, 54135, 90484, 17711, 54269, 95345, 12343, 50753, 72588, 51574, 65070, 8063, 40887, 51093, 58120, 48132, 163, 21927, 34876, 19259, 33756, 19949, 64807, 51945, 18934, 33496, 75012, 58628, 97060, 4821, 49279, 41436, 10126, 73550, 72339, 8689, 48255, 35680, 2738, 47982, 67236, 45590, 28719, 15417, 79806, 86375, 81908, 26254, 14118, 86074, 64791, 79224, 91639, 4973, 97964, 30350, 79824, 58029, 64491, 34479, 39934, 68786, 84991, 99847, 4452, 10303, 83785, 77033, 36646, 59358, 46136, 60500, 37360, 76435, 3364, 27140, 4286, 21702, 32567, 52134, 54265, 26105, 5736, 47598, 49556, 74402, 13168, 3248, 41700, 51181, 12373, 27476, 10975, 43845, 71398, 68985, 73026, 17386, 26568, 38849, 43891, 17941, 37543, 43714, 88549, 18950, 43709, 97741, 68406, 64312, 89336, 53727, 45508, 32044, 44419, 85858, 36438, 79396, 7570, 24412, 65046, 84692, 59381, 56846, 89532, 28895, 8267, 84537, 75805, 51467, 12887, 657, 40513, 72877, 70363, 68368, 59615, 33700, 53266, 96766, 46327, 70897, 87130, 70478, 41653, 79079, 47208, 68935, 51609, 90424, 94524, 19566, 24289, 87937, 81257, 99146, 76232, 11112, 71487, 47079, 69242, 58969, 95768, 11808, 5124, 57417, 47795, 82691, 32445, 84700, 60858, 44547, 45157, 96362, 96819, 61093, 8992, 95149, 93600, 16117, 31521, 21713, 38420, 6182, 52664, 97100, 20501, 88723, 17054, 28133, 77700, 19194, 71725, 24420, 85057, 7538, 45457, 94925, 44957, 89652, 33621, 87764, 6292, 62637, 90358, 39534, 18881, 95499, 26400, 4525, 56056, 88081, 50658, 84922, 63629, 73930, 10511, 88509, 5326, 55817, 51863, 98766, 86724, 53819, 29341, 61850, 4330, 41527, 16309, 3292, 49743, 64131, 16173, 65174, 74969, 19529, 80436, 9843, 85299, 2288, 14641, 99541, 36089, 85562, 47872, 89043, 81530, 35997, 45454, 60858, 17846, 17749]})"
51.0,9,42,7,5.754338026046753,210,"Genotype(dna={""<class 'abc.NT_0014'>"": [0, 7628], ""<class 'abc.NT_0014_P_00000'>"": [], ""<class 'abc.NT_0003'>"": [], ""<class 'abc.NT_0003_P_00000'>"": [], ""<class 'bool'>"": [44268, 98370, 93055, 61679, 91850, 93033, 11504, 95280, 30806, 13913, 50294, 97012, 21770, 89077, 91601, 44493, 98529, 60293, 96396, 90534, 45365, 14886, 42115], ""<class 'abc.NT_0000'>"": [0, 86085, 2, 0, 3, 0, 1, 3, 1, 2, 2, 2, 2, 1, 3, 1, 0, 0, 2, 1, 2, 2, 15397, 0, 3, 0, 0, 3, 0, 1, 0, 1, 2, 0, 2, 0, 3, 2, 0, 0, 0, 3, 0, 68250, 0, 0, 2, 0, 94791, 11380, 96153, 33151, 19733, 23235], ""<class 'abc.NT_0000_P_00000'>"": [], ""<class 'int'>"": [64008, 87972, 71627, 97927, 23242, 22347, 87629, 8630, 19873, 70209, 20373, 81980, 86304, 15637, 58194, 46187, 99251, 11365, 26641, 60642, 51916, 74702, 80058, 53183, 11726, 8552, 86141, 14411, 89708, 21470, 46289, 98624, 21297, 70474, 62873, 8640], ""<class 'abc.NT_0000_P_00001'>"": [], ""<class 'abc.NT_0000_P_00002'>"": [], ""<class 'abc.NT_0000_P_00003'>"": [], ""<class 'abc.NT_0001'>"": [1, 6, 78872, 99884], ""<class 'abc.NT_0001_P_00000'>"": [], ""<class 'abc.NT_0001_P_00001'>"": [], ""<class 'abc.NT_0001_P_00002'>"": [], ""<class 'abc.NT_0001_P_00003'>"": [], ""<class 'abc.NT_0001_P_00004'>"": [], ""<class 'abc.NT_0001_P_00005'>"": [], ""<class 'abc.NT_0001_P_00006'>"": [], ""<class 'abc.NT_0003_P_00001'>"": [], ""<class 'abc.NT_0002'>"": [47052, 54058], ""<class 'abc.NT_0002_P_00000'>"": [], ""<class 'abc.NT_0002_P_00001'>"": [], ""<class 'abc.NT_0002_P_00002'>"": [], ""<class 'abc.NT_0002_P_00003'>"": [], ""<class 'abc.NT_0004'>"": [], ""<class 'abc.NT_0004_P_00000'>"": [], ""<class 'abc.NT_0014_P_00001'>"": [], ""<class 'abc.NT_0013'>"": [83264, 88348, 27532], ""<class 'abc.NT_0013_P_00000'>"": [], ""<class 'abc.NT_0011'>"": [1, 13278], ""<class 'abc.NT_0011_P_00000'>"": [], ""<class 'abc.NT_0011_P_00001'>"": [], ""<class 'abc.NT_0008'>"": [0, 25492], ""<class 'abc.NT_0008_P_00000'>"": [], ""<class 'abc.NT_0005'>"": [0, 70034], ""<class 'abc.NT_0005_P_00000'>"": [], ""<class 'abc.NT_0005_P_00001'>"": [], ""<class 'abc.NT_0007'>"": [0, 27295], ""<class 'abc.NT_0007_P_00000'>"": [], ""<class 'abc.NT_0006'>"": [0, 63866], ""<class 'abc.NT_0006_P_00000'>"": [], ""<class 'abc.NT_0006_P_00001'>"": [], ""<class 'abc.NT_0007_P_00001'>"": [], ""<class 'abc.NT_0007_P_00002'>"": [], ""<class 'abc.NT_0007_P_00003'>"": [], ""<class 'abc.NT_0008_P_00001'>"": [], ""<class 'abc.NT_0009'>"": [8, 1, 39787], ""<class 'abc.NT_0009_P_00000'>"": [], ""<class 'abc.NT_0009_P_00001'>"": [], ""<class 'abc.NT_0009_P_00002'>"": [], ""<class 'abc.NT_0009_P_00003'>"": [], ""<class 'abc.NT_0009_P_00004'>"": [], ""<class 'abc.NT_0009_P_00005'>"": [], ""<class 'abc.NT_0009_P_00006'>"": [], ""<class 'abc.NT_0009_P_00007'>"": [], ""<class 'abc.NT_0009_P_00008'>"": [], ""<class 'abc.NT_0011_P_00002'>"": [], ""<class 'abc.NT_0010'>"": [41504, 58408], ""<class 'abc.NT_0010_P_00000'>"": [], ""<class 'abc.NT_0010_P_00001'>"": [], ""<class 'abc.NT_0010_P_00002'>"": [], ""<class 'abc.NT_0010_P_00003'>"": [], ""<class 'abc.NT_0010_P_00004'>"": [], ""<class 'abc.NT_0010_P_00005'>"": [], ""<class 'abc.NT_0011_P_00003'>"": [], ""<class 'abc.NT_0011_P_00004'>"": [], ""<class 'abc.NT_0011_P_00005'>"": [], ""<class 'abc.NT_0011_P_00006'>"": [], ""<class 'abc.NT_0011_P_00007'>"": [], ""<class 'abc.NT_0011_P_00008'>"": [], ""<class 'abc.NT_0011_P_00009'>"": [], ""<class 'abc.NT_0014_P_00002'>"": [], ""<class 'abc.NT_0014_P_00003'>"": [], ""<class 'abc.NT_0014_P_00004'>"": [], '$leftovers': [69914, 13374, 93268, 22640, 67321, 91851, 76139, 26454, 91417, 66261, 29749, 87441, 84618, 77456, 67119, 12662, 38275, 59778, 40038, 18507, 85126, 6604, 4732, 5783, 26437, 96276, 27541, 98822, 45861, 94554, 18149, 73824, 50882, 47919, 78051, 10486, 63589, 31180, 52458, 62305, 53570, 40118, 17911, 89834, 99722, 61782, 30065, 31163, 97888, 46819, 81031, 13335, 41710, 28089, 17973, 87514, 54857, 54936, 24520, 8629, 51783, 88394, 7165, 41904, 94883, 16525, 91311, 15634, 27990, 20216, 77739, 32953, 5500, 14247, 36273, 80784, 22935, 37422, 322, 99069, 53839, 26267, 22827, 61041, 29004, 6346, 35161, 3383, 1202, 41287, 18846, 31508, 8043, 52484, 36133, 17274, 94706, 7405, 33445, 88588, 33601, 78231, 34359, 37388, 77040, 28591, 63821, 50755, 98087, 69176, 8107, 34989, 97772, 71680, 50152, 97784, 71375, 3173, 56784, 61930, 13730, 74440, 74647, 17619, 54231, 49471, 31724, 35010, 77283, 96112, 61445, 11876, 53475, 83069, 98385, 90321, 7447, 21675, 47685, 29689, 90617, 20823, 65702, 1035, 8126, 4993, 26828, 94, 78181, 80662, 57839, 56206, 57968, 89394, 10214, 19222, 32062, 71299, 84689, 33294, 52349, 8146, 18056, 38777, 15391, 49324, 65715, 13327, 99803, 44335, 34079, 45007, 6807, 7826, 69593, 75739, 92019, 47792, 12805, 71781, 6591, 89496, 43567, 73823, 25759, 14922, 53813, 16763, 81766, 82070, 55270, 72504, 75875, 53495, 29261, 5629, 14336, 92177, 91029, 69246, 2327, 66190, 27863, 53882, 44779, 86054, 87175, 83151, 3768, 85474, 34900, 8863, 18299, 43440, 44765, 86120, 2048, 11012, 2145, 26708, 35143, 33484, 54183, 58755, 55129, 80420, 87730, 18707, 87530, 31513, 3767, 74621, 10709, 40348, 78408, 77479, 92764, 9637, 14808, 13972, 34412, 39085, 44558, 56297, 56400, 55283, 6315, 87207, 72334, 93334, 67900, 25431, 74688, 98923, 21463, 21016, 90395, 57883, 46902, 80334, 68293, 4499, 24163, 2930, 54769, 91030, 78331, 89257, 66781, 54396, 32550, 28358, 94405, 52819, 13981, 5285, 51045, 92243, 33373, 65197, 83562, 13661, 23393, 77592, 34881, 330, 98459, 9318, 16141, 79521, 99375, 44933, 11657, 63000, 63197, 29088, 6002, 69001, 9957, 53555, 87295, 93013, 15996, 20505, 56707, 61469, 7741, 81305, 36811, 18508, 34265, 78087, 24185, 79359, 10780, 28032, 15360, 12210, 49991, 95775, 26904, 67085, 93668, 32862, 62038, 26112, 58122, 97485, 29611, 61830, 37333, 70666, 21056, 85071, 82507, 88092, 64939, 94324, 76192, 80617, 72909, 15597, 49950, 38014, 7163, 80879, 21028, 40242, 39636, 4127, 5722, 51303, 9955, 40103, 45351, 87241, 92371, 99472, 49701, 11057, 9631, 46353, 89842, 5888, 44668, 45718, 72553, 98233, 15842, 65665, 78599, 7325, 17892, 98378, 14763, 87039, 49459, 7821, 43239, 71961, 95957, 19721, 83781, 27438, 85287, 87408, 66823, 7634, 84503, 44630, 5756, 26963, 74918, 76177, 3513, 24523, 91130, 55652, 82970, 58195, 10718, 3048, 49521, 81669, 29937, 12195, 52263, 95784, 20818, 30064, 6038, 9493, 8798, 86404, 73741, 18278, 91724, 1809, 40480, 52222, 1593, 13312, 22016, 61624, 98908, 49349, 68837, 88300, 89537, 78434, 37807, 20409, 23560, 53529, 68415, 66446, 97011, 53966, 89834, 82949, 60396, 33954, 39220, 94849, 25839, 24014, 95181, 50386, 65884, 44072, 96310, 72159, 1433, 56928, 34193, 52328, 69276, 22115, 78324, 2167, 99073, 51436, 95830, 8144, 92662, 56719, 3283, 17207, 28779, 21652, 72251, 78551, 16341, 65130, 38730, 99585, 66599, 42986, 244, 82167, 64942, 75268, 39543, 37996, 11500, 87779, 36456, 226, 3018, 51620, 90831, 32488, 22860, 88089, 52940, 73968, 1991, 69394, 66701, 46584, 57253, 47141, 73301, 47209, 12719, 20242, 83494, 99222, 1318, 44882, 11658, 74723, 67563, 88273, 31554, 82181, 54098, 78273, 88777, 49443, 16535, 67840, 96879, 26888, 74963, 41035, 28960, 92082, 29908, 60322, 56256, 3014, 57542, 77341, 27883, 79723, 21502, 60836, 76699, 84282, 96561, 64742, 28727, 591, 76481, 75329, 12183, 38049, 95677, 95128, 58936, 31975, 70494, 86085, 56760, 22324, 60789, 18127, 9598, 11392, 23511, 67137, 85849, 16860, 56173, 12957, 14290, 80322, 79962, 85873, 16698, 74995, 48091, 1110, 85305, 46177, 89738, 19029, 18804, 80471, 77915, 37007, 79281, 36592, 24115, 48976, 84314, 63428, 56911, 16262, 39882, 40571, 88578, 4397, 50830, 74019, 55164, 3572, 71672, 2983, 75638, 29942, 84677, 77093, 55251, 92156, 96100, 30068, 84696, 24568, 31973, 30325, 2345, 64332, 20298, 36215, 6711, 57031, 78333, 52839, 56746, 20812, 40377, 67384, 59679, 4091, 55223, 20726, 23090, 95664, 32080, 98152, 15824, 55562, 99581, 90668, 19701, 90131, 48044, 15451, 92965, 81671, 51520, 31216, 54413, 81140, 68323, 37739, 54330, 80210, 85440, 14047, 53394, 87628, 45205, 26397, 31180, 81669, 95252, 28943, 43765, 10198, 86837, 82333, 41457, 1327, 94446, 8614, 94907, 6392, 40014, 65324, 50799, 91492, 66276, 65296, 77443, 28891, 78651, 12362, 92981, 8503, 93510, 8929, 20623, 75698, 12594, 33763, 69804, 46951, 78966, 34276, 8997, 32133, 28640, 85362, 28015, 95250, 3053, 45513, 10829, 81812, 8994, 77791, 67478, 18179, 22899, 14771, 71151, 73413, 42124, 70810, 26048, 48742, 9579, 77671, 35515, 48252, 13505, 26096, 41794, 84263, 54431, 21216, 79332, 67019, 72829, 54968, 28669, 23071, 46445, 91376, 50682, 72778, 60888, 58428, 75194, 80214, 54233, 101, 97456, 8663, 15509, 63326, 93133, 14393, 71906, 57469, 36843, 78478, 1527, 86304, 71274, 77424, 4445, 3514, 48840, 87884, 8525, 63474, 64486, 77816, 86377, 84530, 33461, 74897, 21196, 2135, 94495, 42438, 87977, 74553, 15131, 8115, 62366, 14524, 7468, 21875, 92978, 94969, 85535, 45161, 75487, 66976, 85989, 30385, 20098, 57821, 40700, 42734, 74090, 55166, 75719, 53518, 13177, 38233, 17638, 26607, 12284, 13768, 75205, 31966, 50580, 6329, 43727, 37377, 59691, 6852, 67146, 71738, 18445, 59607, 4295, 82977, 30642, 28400, 51628, 16876, 91622, 67447, 42578, 67249, 3949, 50483, 37281, 50737, 33134, 17693, 41554, 49486, 56173, 3150, 91792, 50077, 52247, 28746, 2145, 52348, 14552, 33472, 16249, 82857, 14052, 90743, 98593, 37098, 96404, 30751, 22182, 89813, 29565, 14331, 77996, 96050, 70874, 11356, 80370, 13158, 9657, 82108, 53106, 24486, 33204, 40374, 57527, 70456, 534, 70955, 31898, 65737, 62615, 15631, 58956, 48015, 89154, 67899, 45061, 31469, 64083, 19011, 73023, 28955, 81865, 59412, 71441, 19185, 17386, 98674, 27608, 5422, 16784, 97654, 66013, 64852, 19112, 39937, 23346, 10684, 83739, 10994, 53516, 11138, 93605, 43282, 29158, 22660, 63122, 75892, 87232, 68976, 38044, 33210, 49876, 46203, 96024, 77387, 80113, 72462, 3345, 82364, 53032, 29141, 9352, 52339, 92051, 33203, 25475, 5757, 37568, 50388, 54711, 32765, 39348, 51241, 88134, 59216, 97988, 47353, 7628, 13278, 22210, 90106, 73865, 4461, 56056, 85103, 67215, 52251, 36113, 55951, 64950, 34647, 70264, 24459, 16472, 24884, 87223, 86415, 85267, 68526, 37631, 66446, 26738, 64431, 18149, 45992, 77382, 96469, 37194, 11380, 96153, 33151, 13416, 43492, 19733, 23235, 61599, 27532, 46190, 76234, 70009, 39170, 63561, 9209, 22410, 32886, 41504, 99884, 8552, 86141, 14411, 89708, 21470, 46289, 98624, 21297, 70474, 62873, 8640, 58408]})"
51.0,9,42,8,6.4017653465271,210,"Genotype(dna={""<class 'abc.NT_0014'>"": [0, 7628], ""<class 'abc.NT_0014_P_00000'>"": [], ""<class 'abc.NT_0003'>"": [], ""<class 'abc.NT_0003_P_00000'>"": [], ""<class 'bool'>"": [44268, 98370, 93055, 61679, 91850, 93033, 11504, 95280, 30806, 13913, 50294, 97012, 21770, 89077, 91601, 44493, 98529, 60293, 96396, 90534, 45365, 14886, 42115], ""<class 'abc.NT_0000'>"": [0, 86085, 2, 0, 3, 0, 1, 3, 1, 2, 2, 2, 2, 1, 3, 1, 0, 0, 2, 1, 2, 2, 15397, 0, 3, 0, 0, 3, 0, 1, 0, 1, 2, 0, 2, 0, 3, 2, 0, 0, 0, 3, 0, 68250, 0, 0, 2, 0, 94791, 11380, 96153, 33151, 19733, 23235], ""<class 'abc.NT_0000_P_00000'>"": [], ""<class 'int'>"": [64008, 87972, 71627, 97927, 23242, 22347, 87629, 8630, 19873, 70209, 20373, 81980, 86304, 15637, 58194, 46187, 99251, 11365, 26641, 60642, 51916, 74702, 80058, 53183, 11726, 8552, 86141, 14411, 89708, 21470, 46289, 98624, 21297, 70474, 62873, 8640], ""<class 'abc.NT_0000_P_00001'>"": [], ""<class 'abc.NT_0000_P_00002'>"": [], ""<class 'abc.NT_0000_P_00003'>"": [], ""<class 'abc.NT_0001'>"": [1, 6, 78872, 99884], ""<class 'abc.NT_0001_P_00000'>"": [], ""<class 'abc.NT_0001_P_00001'>"": [], ""<class 'abc.NT_0001_P_00002'>"": [], ""<class 'abc.NT_0001_P_00003'>"": [], ""<class 'abc.NT_0001_P_00004'>"": [], ""<class 'abc.NT_0001_P_00005'>"": [], ""<class 'abc.NT_0001_P_00006'>"": [], ""<class 'abc.NT_0003_P_00001'>"": [], ""<class 'abc.NT_0002'>"": [47052, 54058], ""<class 'abc.NT_0002_P_00000'>"": [], ""<class 'abc.NT_0002_P_00001'>"": [], ""<class 'abc.NT_0002_P_00002'>"": [], ""<class 'abc.NT_0002_P_00003'>"": [], ""<class 'abc.NT_0004'>"": [], ""<class 'abc.NT_0004_P_00000'>"": [], ""<class 'abc.NT_0014_P_00001'>"": [], ""<class 'abc.NT_0013'>"": [83264, 88348, 27532], ""<class 'abc.NT_0013_P_00000'>"": [], ""<class 'abc.NT_0011'>"": [1, 13278], ""<class 'abc.NT_0011_P_00000'>"": [], ""<class 'abc.NT_0011_P_00001'>"": [], ""<class 'abc.NT_0008'>"": [0, 25492], ""<class 'abc.NT_0008_P_00000'>"": [], ""<class 'abc.NT_0005'>"": [0, 70034], ""<class 'abc.NT_0005_P_00000'>"": [], ""<class 'abc.NT_0005_P_00001'>"": [], ""<class 'abc.NT_0007'>"": [0, 27295], ""<class 'abc.NT_0007_P_00000'>"": [], ""<class 'abc.NT_0006'>"": [0, 63866], ""<class 'abc.NT_0006_P_00000'>"": [], ""<class 'abc.NT_0006_P_00001'>"": [], ""<class 'abc.NT_0007_P_00001'>"": [], ""<class 'abc.NT_0007_P_00002'>"": [], ""<class 'abc.NT_0007_P_00003'>"": [], ""<class 'abc.NT_0008_P_00001'>"": [], ""<class 'abc.NT_0009'>"": [8, 1, 39787], ""<class 'abc.NT_0009_P_00000'>"": [], ""<class 'abc.NT_0009_P_00001'>"": [], ""<class 'abc.NT_0009_P_00002'>"": [], ""<class 'abc.NT_0009_P_00003'>"": [], ""<class 'abc.NT_0009_P_00004'>"": [], ""<class 'abc.NT_0009_P_00005'>"": [], ""<class 'abc.NT_0009_P_00006'>"": [], ""<class 'abc.NT_0009_P_00007'>"": [], ""<class 'abc.NT_0009_P_00008'>"": [], ""<class 'abc.NT_0011_P_00002'>"": [], ""<class 'abc.NT_0010'>"": [41504, 58408], ""<class 'abc.NT_0010_P_00000'>"": [], ""<class 'abc.NT_0010_P_00001'>"": [], ""<class 'abc.NT_0010_P_00002'>"": [], ""<class 'abc.NT_0010_P_00003'>"": [], ""<class 'abc.NT_0010_P_00004'>"": [], ""<class 'abc.NT_0010_P_00005'>"": [], ""<class 'abc.NT_0011_P_00003'>"": [], ""<class 'abc.NT_0011_P_00004'>"": [], ""<class 'abc.NT_0011_P_00005'>"": [], ""<class 'abc.NT_0011_P_00006'>"": [], ""<class 'abc.NT_0011_P_00007'>"": [], ""<class 'abc.NT_0011_P_00008'>"": [], ""<class 'abc.NT_0011_P_00009'>"": [], ""<class 'abc.NT_0014_P_00002'>"": [], ""<class 'abc.NT_0014_P_00003'>"": [], ""<class 'abc.NT_0014_P_00004'>"": [], '$leftovers': [69914, 13374, 93268, 22640, 67321, 91851, 76139, 26454, 91417, 66261, 29749, 87441, 84618, 77456, 67119, 12662, 38275, 59778, 40038, 18507, 85126, 6604, 4732, 5783, 26437, 96276, 27541, 98822, 45861, 94554, 18149, 73824, 50882, 47919, 78051, 10486, 63589, 31180, 52458, 62305, 53570, 40118, 17911, 89834, 99722, 61782, 30065, 31163, 97888, 46819, 81031, 13335, 41710, 28089, 17973, 87514, 54857, 54936, 24520, 8629, 51783, 88394, 7165, 41904, 94883, 16525, 91311, 15634, 27990, 20216, 77739, 32953, 5500, 14247, 36273, 80784, 22935, 37422, 322, 99069, 53839, 26267, 22827, 61041, 29004, 6346, 35161, 3383, 1202, 41287, 18846, 31508, 8043, 52484, 36133, 17274, 94706, 7405, 33445, 88588, 33601, 78231, 34359, 37388, 77040, 28591, 63821, 50755, 98087, 69176, 8107, 34989, 97772, 71680, 50152, 97784, 71375, 3173, 56784, 61930, 13730, 74440, 74647, 17619, 54231, 49471, 31724, 35010, 77283, 96112, 61445, 11876, 53475, 83069, 98385, 90321, 7447, 21675, 47685, 29689, 90617, 20823, 65702, 1035, 8126, 4993, 26828, 94, 78181, 80662, 57839, 56206, 57968, 89394, 10214, 19222, 32062, 71299, 84689, 33294, 52349, 8146, 18056, 38777, 15391, 49324, 65715, 13327, 99803, 44335, 34079, 45007, 6807, 7826, 69593, 75739, 92019, 47792, 12805, 71781, 6591, 89496, 43567, 73823, 25759, 14922, 53813, 16763, 81766, 82070, 55270, 72504, 75875, 53495, 29261, 5629, 14336, 92177, 91029, 69246, 2327, 66190, 27863, 53882, 44779, 86054, 87175, 83151, 3768, 85474, 34900, 8863, 18299, 43440, 44765, 86120, 2048, 11012, 2145, 26708, 35143, 33484, 54183, 58755, 55129, 80420, 87730, 18707, 87530, 31513, 3767, 74621, 10709, 40348, 78408, 77479, 92764, 9637, 14808, 13972, 34412, 39085, 44558, 56297, 56400, 55283, 6315, 87207, 72334, 93334, 67900, 25431, 74688, 98923, 21463, 21016, 90395, 57883, 46902, 80334, 68293, 4499, 24163, 2930, 54769, 91030, 78331, 89257, 66781, 54396, 32550, 28358, 94405, 52819, 13981, 5285, 51045, 92243, 33373, 65197, 83562, 13661, 23393, 77592, 34881, 330, 98459, 9318, 16141, 79521, 99375, 44933, 11657, 63000, 63197, 29088, 6002, 69001, 9957, 53555, 87295, 93013, 15996, 20505, 56707, 61469, 7741, 81305, 36811, 18508, 34265, 78087, 24185, 79359, 10780, 28032, 15360, 12210, 49991, 95775, 26904, 67085, 93668, 32862, 62038, 26112, 58122, 97485, 29611, 61830, 37333, 70666, 21056, 85071, 82507, 88092, 64939, 94324, 76192, 80617, 72909, 15597, 49950, 38014, 7163, 80879, 21028, 40242, 39636, 4127, 5722, 51303, 9955, 40103, 45351, 87241, 92371, 99472, 49701, 11057, 9631, 46353, 89842, 5888, 44668, 45718, 72553, 98233, 15842, 65665, 78599, 7325, 17892, 98378, 14763, 87039, 49459, 7821, 43239, 71961, 95957, 19721, 83781, 27438, 85287, 87408, 66823, 7634, 84503, 44630, 5756, 26963, 74918, 76177, 3513, 24523, 91130, 55652, 82970, 58195, 10718, 3048, 49521, 81669, 29937, 12195, 52263, 95784, 20818, 30064, 6038, 9493, 8798, 86404, 73741, 18278, 91724, 1809, 40480, 52222, 1593, 13312, 22016, 61624, 98908, 49349, 68837, 88300, 89537, 78434, 37807, 20409, 23560, 53529, 68415, 66446, 97011, 53966, 89834, 82949, 60396, 33954, 39220, 94849, 25839, 24014, 95181, 50386, 65884, 44072, 96310, 72159, 1433, 56928, 34193, 52328, 69276, 22115, 78324, 2167, 99073, 51436, 95830, 8144, 92662, 56719, 3283, 17207, 28779, 21652, 72251, 78551, 16341, 65130, 38730, 99585, 66599, 42986, 244, 82167, 64942, 75268, 39543, 37996, 11500, 87779, 36456, 226, 3018, 51620, 90831, 32488, 22860, 88089, 52940, 73968, 1991, 69394, 66701, 46584, 57253, 47141, 73301, 47209, 12719, 20242, 83494, 99222, 1318, 44882, 11658, 74723, 67563, 88273, 31554, 82181, 54098, 78273, 88777, 49443, 16535, 67840, 96879, 26888, 74963, 41035, 28960, 92082, 29908, 60322, 56256, 3014, 57542, 77341, 27883, 79723, 21502, 60836, 76699, 84282, 96561, 64742, 28727, 591, 76481, 75329, 12183, 38049, 95677, 95128, 58936, 31975, 70494, 86085, 56760, 22324, 60789, 18127, 9598, 11392, 23511, 67137, 85849, 16860, 56173, 12957, 14290, 80322, 79962, 85873, 16698, 74995, 48091, 1110, 85305, 46177, 89738, 19029, 18804, 80471, 77915, 37007, 79281, 36592, 24115, 48976, 84314, 63428, 56911, 16262, 39882, 40571, 88578, 4397, 50830, 74019, 55164, 3572, 71672, 2983, 75638, 29942, 84677, 77093, 55251, 92156, 96100, 30068, 84696, 24568, 31973, 30325, 2345, 64332, 20298, 36215, 6711, 57031, 78333, 52839, 56746, 20812, 40377, 67384, 59679, 4091, 55223, 20726, 23090, 95664, 32080, 98152, 15824, 55562, 99581, 90668, 19701, 90131, 48044, 15451, 92965, 81671, 51520, 31216, 54413, 81140, 68323, 37739, 54330, 80210, 85440, 14047, 53394, 87628, 45205, 26397, 31180, 81669, 95252, 28943, 43765, 10198, 86837, 82333, 41457, 1327, 94446, 8614, 94907, 6392, 40014, 65324, 50799, 91492, 66276, 65296, 77443, 28891, 78651, 12362, 92981, 8503, 93510, 8929, 20623, 75698, 12594, 33763, 69804, 46951, 78966, 34276, 8997, 32133, 28640, 85362, 28015, 95250, 3053, 45513, 10829, 81812, 8994, 77791, 67478, 18179, 22899, 14771, 71151, 73413, 42124, 70810, 26048, 48742, 9579, 77671, 35515, 48252, 13505, 26096, 41794, 84263, 54431, 21216, 79332, 67019, 72829, 54968, 28669, 23071, 46445, 91376, 50682, 72778, 60888, 58428, 75194, 80214, 54233, 101, 97456, 8663, 15509, 63326, 93133, 14393, 71906, 57469, 36843, 78478, 1527, 86304, 71274, 77424, 4445, 3514, 48840, 87884, 8525, 63474, 64486, 77816, 86377, 84530, 33461, 74897, 21196, 2135, 94495, 42438, 87977, 74553, 15131, 8115, 62366, 14524, 7468, 21875, 92978, 94969, 85535, 45161, 75487, 66976, 85989, 30385, 20098, 57821, 40700, 42734, 74090, 55166, 75719, 53518, 13177, 38233, 17638, 26607, 12284, 13768, 75205, 31966, 50580, 6329, 43727, 37377, 59691, 6852, 67146, 71738, 18445, 59607, 4295, 82977, 30642, 28400, 51628, 16876, 91622, 67447, 42578, 67249, 3949, 50483, 37281, 50737, 33134, 17693, 41554, 49486, 56173, 3150, 91792, 50077, 52247, 28746, 2145, 52348, 14552, 33472, 16249, 82857, 14052, 90743, 98593, 37098, 96404, 30751, 22182, 89813, 29565, 14331, 77996, 96050, 70874, 11356, 80370, 13158, 9657, 82108, 53106, 24486, 33204, 40374, 57527, 70456, 534, 70955, 31898, 65737, 62615, 15631, 58956, 48015, 89154, 67899, 45061, 31469, 64083, 19011, 73023, 28955, 81865, 59412, 71441, 19185, 17386, 98674, 27608, 5422, 16784, 97654, 66013, 64852, 19112, 39937, 23346, 10684, 83739, 10994, 53516, 11138, 93605, 43282, 29158, 22660, 63122, 75892, 87232, 68976, 38044, 33210, 49876, 46203, 96024, 77387, 80113, 72462, 3345, 82364, 53032, 29141, 9352, 52339, 92051, 33203, 25475, 5757, 37568, 50388, 54711, 32765, 39348, 51241, 88134, 59216, 97988, 47353, 7628, 13278, 22210, 90106, 73865, 4461, 56056, 85103, 67215, 52251, 36113, 55951, 64950, 34647, 70264, 24459, 16472, 24884, 87223, 86415, 85267, 68526, 37631, 66446, 26738, 64431, 18149, 45992, 77382, 96469, 37194, 11380, 96153, 33151, 13416, 43492, 19733, 23235, 61599, 27532, 46190, 76234, 70009, 39170, 63561, 9209, 22410, 32886, 41504, 99884, 8552, 86141, 14411, 89708, 21470, 46289, 98624, 21297, 70474, 62873, 8640, 58408]})"
47.0,9,41,9,6.967144727706909,210,"Genotype(dna={""<class 'abc.NT_0014'>"": [0, 7628], ""<class 'abc.NT_0014_P_00000'>"": [], ""<class 'abc.NT_0003'>"": [], ""<class 'abc.NT_0003_P_00000'>"": [], ""<class 'bool'>"": [44268, 98370, 93055, 22069, 91850, 93033, 11504, 95280, 30806, 13913, 50294, 97012, 50516, 89077, 91601, 80048, 98529, 76229, 96396, 90534, 62399, 14886, 42115, 30291], ""<class 'abc.NT_0000'>"": [0, 2, 3, 0, 0, 92735, 3, 0, 1, 0, 0, 0, 0, 77429, 3, 67907, 2, 0, 2823, 0, 47365, 0, 40082, 0, 1, 36984, 2, 0, 2, 0, 0, 0, 0, 0, 1053, 40150, 1, 3136, 1, 1290, 48446, 25314, 57349, 5351, 72703, 23079, 88458, 75451, 17441, 22787, 25968, 37997, 43457, 70409, 3144], ""<class 'abc.NT_0000_P_00000'>"": [], ""<class 'int'>"": [27329, 89970, 15638, 94912, 92233, 49242, 25019, 94292, 7422, 68689, 10348, 68747, 83981, 41079, 54502, 67215, 24459, 16472, 24884, 87223, 86415, 85267, 68526, 37631, 26738, 18149, 77382, 79248, 43492, 30291, 69479, 56653, 51366, 29977, 63194, 54071, 55863, 38385], ""<class 'abc.NT_0000_P_00001'>"": [], ""<class 'abc.NT_0000_P_00002'>"": [], ""<class 'abc.NT_0000_P_00003'>"": [], ""<class 'abc.NT_0001'>"": [1, 6, 78872, 80416], ""<class 'abc.NT_0001_P_00000'>"": [], ""<class 'abc.NT_0001_P_00001'>"": [], ""<class 'abc.NT_0001_P_00002'>"": [], ""<class 'abc.NT_0001_P_00003'>"": [], ""<class 'abc.NT_0001_P_00004'>"": [], ""<class 'abc.NT_0001_P_00005'>"": [], ""<class 'abc.NT_0001_P_00006'>"": [], ""<class 'abc.NT_0003_P_00001'>"": [], ""<class 'abc.NT_0002'>"": [0, 54058], ""<class 'abc.NT_0002_P_00000'>"": [], ""<class 'abc.NT_0002_P_00001'>"": [], ""<class 'abc.NT_0002_P_00002'>"": [], ""<class 'abc.NT_0002_P_00003'>"": [], ""<class 'abc.NT_0004'>"": [], ""<class 'abc.NT_0004_P_00000'>"": [], ""<class 'abc.NT_0014_P_00001'>"": [], ""<class 'abc.NT_0013'>"": [43273, 87753, 83292], ""<class 'abc.NT_0013_P_00000'>"": [], ""<class 'abc.NT_0011'>"": [1, 13278], ""<class 'abc.NT_0011_P_00000'>"": [], ""<class 'abc.NT_0011_P_00001'>"": [], ""<class 'abc.NT_0008'>"": [56358, 25492], ""<class 'abc.NT_0008_P_00000'>"": [], ""<class 'abc.NT_0005'>"": [65439, 70998], ""<class 'abc.NT_0005_P_00000'>"": [], ""<class 'abc.NT_0005_P_00001'>"": [], ""<class 'abc.NT_0007'>"": [0, 27295], ""<class 'abc.NT_0007_P_00000'>"": [], ""<class 'abc.NT_0006'>"": [51447, 17441], ""<class 'abc.NT_0006_P_00000'>"": [], ""<class 'abc.NT_0006_P_00001'>"": [], ""<class 'abc.NT_0007_P_00001'>"": [], ""<class 'abc.NT_0007_P_00002'>"": [], ""<class 'abc.NT_0007_P_00003'>"": [], ""<class 'abc.NT_0008_P_00001'>"": [], ""<class 'abc.NT_0009'>"": [8, 1, 39787], ""<class 'abc.NT_0009_P_00000'>"": [], ""<class 'abc.NT_0009_P_00001'>"": [], ""<class 'abc.NT_0009_P_00002'>"": [], ""<class 'abc.NT_0009_P_00003'>"": [], ""<class 'abc.NT_0009_P_00004'>"": [], ""<class 'abc.NT_0009_P_00005'>"": [], ""<class 'abc.NT_0009_P_00006'>"": [], ""<class 'abc.NT_0009_P_00007'>"": [], ""<class 'abc.NT_0009_P_00008'>"": [], ""<class 'abc.NT_0011_P_00002'>"": [], ""<class 'abc.NT_0010'>"": [53447, 27680], ""<class 'abc.NT_0010_P_00000'>"": [], ""<class 'abc.NT_0010_P_00001'>"": [], ""<class 'abc.NT_0010_P_00002'>"": [], ""<class 'abc.NT_0010_P_00003'>"": [], ""<class 'abc.NT_0010_P_00004'>"": [], ""<class 'abc.NT_0010_P_00005'>"": [], ""<class 'abc.NT_0011_P_00003'>"": [], ""<class 'abc.NT_0011_P_00004'>"": [], ""<class 'abc.NT_0011_P_00005'>"": [], ""<class 'abc.NT_0011_P_00006'>"": [], ""<class 'abc.NT_0011_P_00007'>"": [], ""<class 'abc.NT_0011_P_00008'>"": [], ""<class 'abc.NT_0011_P_00009'>"": [], ""<class 'abc.NT_0014_P_00002'>"": [], ""<class 'abc.NT_0014_P_00003'>"": [], ""<class 'abc.NT_0014_P_00004'>"": [], '$leftovers': [46416, 33566, 93834, 69479, 8313, 69016, 56653, 612, 51366, 29977, 7941, 62781, 93978, 48081, 63396, 57279, 63194, 37786, 54499, 54071, 7255, 805, 91855, 9788, 55863, 13874, 90931, 38385, 43619, 36227, 61359, 25033, 26828, 94952, 78514, 81573, 7035, 57599, 63649, 37284, 79243, 23816, 36097, 45176, 45221, 21659, 73410, 77378, 61609, 53485, 83091, 55364, 804, 37863, 62128, 64631, 84523, 68409, 46658, 59869, 22948, 53816, 17703, 86036, 23930, 54711, 27159, 47907, 22129, 19429, 11704, 67050, 80298, 69224, 57646, 14733, 44317, 85077, 74191, 78264, 27076, 89776, 5196, 46711, 95884, 100000, 42859, 92197, 62164, 34041, 96434, 9186, 84986, 23729, 32442, 9078, 30947, 10584, 90176, 39265, 2903, 26641, 17813, 64068, 47390, 53496, 84055, 91192, 43627, 10978, 20051, 63072, 17541, 52384, 82602, 2071, 73349, 76496, 93237, 90746, 94169, 1089, 1963, 87259, 78716, 97251, 74560, 92319, 88430, 30065, 35943, 26646, 58575, 20564, 68822, 1955, 11977, 701, 8879, 51642, 65013, 37021, 8254, 64968, 54544, 55206, 50487, 94823, 39401, 11005, 50507, 4078, 47520, 40046, 60171, 93652, 930, 40344, 61205, 60575, 32914, 87845, 18974, 88335, 23738, 9159, 67945, 35873, 79289, 92027, 47069, 50717, 19269, 86431, 12677, 1847, 82569, 10719, 49874, 57438, 74245, 9728, 35214, 60927, 50418, 3072, 33653, 84097, 10451, 10948, 43565, 35042, 52901, 60373, 71523, 99916, 21066, 31862, 7158, 61957, 29065, 73503, 77066, 90914, 2224, 23949, 58836, 36313, 52163, 15402, 95181, 97248, 72223, 64484, 31579, 7361, 13133, 8559, 5315, 12957, 97480, 15964, 47289, 18201, 64048, 38836, 23949, 65274, 81688, 15908, 97641, 68909, 88194, 58203, 54156, 17884, 17015, 98114, 85070, 44487, 35609, 43946, 13163, 68656, 46368, 64590, 40998, 4333, 23209, 48312, 91519, 45912, 95154, 82162, 65190, 2680, 41571, 50993, 530, 20715, 62325, 69130, 87411, 51896, 25041, 1061, 92007, 16083, 61009, 22448, 76926, 40530, 5740, 65551, 74307, 70243, 88860, 56449, 62236, 73737, 14864, 20769, 33438, 2720, 19958, 14224, 62871, 11924, 4195, 94579, 90772, 15850, 32394, 39534, 94217, 24432, 49736, 19142, 95031, 91556, 84878, 36003, 82744, 39005, 77560, 67854, 74174, 65238, 42610, 38442, 5045, 8394, 50169, 85223, 39318, 11999, 19698, 62218, 20982, 75579, 83921, 36322, 81232, 74890, 79155, 7974, 87957, 31618, 15302, 46288, 41529, 54402, 51898, 8904, 68466, 16655, 33307, 87657, 62302, 99805, 94712, 27432, 6792, 318, 28470, 61849, 26074, 24481, 33234, 11701, 90978, 8418, 34547, 73073, 14229, 92931, 45528, 46305, 58234, 95428, 52910, 64691, 89529, 6125, 95529, 23717, 34258, 15039, 26343, 25322, 18533, 87153, 22501, 24377, 93511, 91108, 66007, 60481, 95208, 62676, 92031, 61249, 21040, 27224, 8088, 84181, 33593, 86548, 72607, 12800, 5611, 73844, 6692, 65230, 36526, 2469, 35635, 48449, 14719, 78189, 85243, 55844, 24071, 23788, 78878, 22883, 30166, 25797, 10713, 24202, 63862, 69116, 6614, 65627, 74821, 9118, 52050, 1045, 85212, 62012, 89898, 79364, 88858, 96964, 35830, 60888, 26734, 88556, 30404, 7619, 80278, 68622, 93232, 34306, 31485, 56275, 18665, 75621, 64839, 93770, 28199, 22239, 59130, 77628, 99168, 70420, 75781, 62501, 671, 82149, 26309, 8026, 6187, 34342, 77941, 96327, 7003, 65713, 2941, 26673, 45799, 5550, 98918, 65458, 56546, 58743, 93533, 64790, 30347, 32662, 73325, 77970, 21733, 35559, 73040, 79043, 59441, 82022, 37637, 7661, 94041, 96708, 7898, 70255, 89025, 83488, 90561, 63581, 77717, 74197, 27575, 58299, 53110, 73807, 71575, 26219, 35022, 49263, 13153, 34531, 51399, 44165, 26477, 4658, 89217, 10088, 77375, 38696, 57234, 69828, 27880, 19969, 12884, 48301, 32382, 79158, 72530, 2303, 28606, 30300, 17727, 74408, 82473, 74031, 47501, 28349, 67701, 75802, 89880, 6847, 37677, 42094, 59098, 33292, 25396, 1653, 33802, 37033, 82988, 18807, 34788, 32442, 21412, 79504, 70667, 67140, 188, 92567, 14712, 41955, 83231, 16604, 44261, 9248, 17311, 28714, 91679, 32487, 26287, 45537, 96338, 4907, 91004, 40305, 38855, 30113, 31802, 90368, 29632, 22399, 27504, 74924, 64570, 3170, 73381, 73608, 82107, 55004, 28453, 81413, 83401, 86827, 3755, 19280, 39809, 58531, 69352, 77285, 75236, 65692, 7596, 96792, 61193, 32718, 15171, 87988, 30166, 54746, 77236, 17432, 95331, 38981, 88240, 38898, 32172, 79555, 11740, 12372, 21314, 35314, 93047, 42158, 12888, 45757, 12444, 53196, 24354, 10754, 11298, 51034, 29460, 54561, 63362, 63137, 80288, 88200, 90124, 34341, 79738, 29507, 1371, 45727, 33233, 20038, 80414, 21940, 30707, 90006, 24595, 36850, 16424, 43356, 57374, 16541, 37502, 37384, 44186, 1581, 55147, 81574, 36342, 34700, 77319, 28025, 42804, 70814, 97334, 63170, 45671, 92728, 50865, 61805, 79230, 95797, 79382, 69832, 39248, 70970, 62614, 68180, 36578, 66699, 90803, 28447, 48009, 97357, 19944, 60879, 16057, 92445, 75982, 37067, 41406, 92224, 10099, 38077, 10238, 68458, 6537, 63778, 57556, 62039, 11823, 13270, 39382, 5448, 99101, 892, 8806, 21031, 7912, 86405, 50251, 88331, 79170, 19276, 48689, 73426, 83963, 98871, 32530, 19826, 24930, 70628, 89666, 23784, 22342, 79694, 80437, 28733, 99765, 7735, 65443, 39629, 65691, 45234, 52942, 70165, 64742, 7593, 35389, 38346, 53370, 1486, 63745, 59201, 84112, 82078, 59842, 55744, 6361, 15079, 910, 53287, 86305, 5582, 34924, 69056, 67927, 31852, 80811, 3497, 24763, 76576, 6447, 51921, 24582, 67902, 99777, 99703, 83341, 49007, 99280, 24090, 6799, 52732, 30031, 47977, 87252, 5024, 40270, 25148, 18576, 16321, 73258, 96568, 50330, 93058, 53931, 82548, 70345, 30377, 16363, 46283, 71917, 19219, 34599, 59905, 76185, 99134, 52728, 85779, 32717, 4809, 23223, 7767, 36688, 17927, 33222, 5461, 58987, 99150, 82453, 68878, 27439, 92942, 79331, 71474, 34897, 35197, 84658, 51810, 88051, 90117, 15640, 25537, 1192, 5758, 16919, 16570, 54940, 71350, 57863, 28374, 25430, 96910, 25138, 30623, 84961, 23541, 35862, 94330, 34467, 45322, 3068, 32691, 19717, 72709, 77504, 12874, 8035, 4199, 32629, 29326, 50091, 4290, 69037, 67868, 4858, 18189, 81289, 10537, 34484, 97761, 36705, 52886, 29677, 92414, 65300, 4493, 83991, 25685, 6104, 23112, 72137, 96757, 13483, 18308, 221, 14358, 49795, 76044, 65013, 87872, 95304, 14399, 812, 64706, 60775, 65656, 55460, 64130, 33001, 14835, 17431, 45023, 79744, 46149, 17211, 1932, 89664, 35867, 75834, 45835, 33920, 51887, 56077, 57612, 3201, 66246, 43129, 72962, 59486, 41799, 36083, 78794, 55644, 16064, 47916, 43687, 87424, 99482, 17585, 78994, 36067, 56930, 68493, 83129, 64732, 86546, 74055, 94524, 52064, 83683, 31321, 53390, 89787, 97909, 96890, 42138, 43171, 63419, 72477, 642, 72325, 14142, 88837, 64298, 53853, 33912, 90976, 51351, 53580, 44520, 1115, 7377, 51291, 91564, 16199, 86922, 17805, 85895, 43694, 18547, 43604, 34423, 97118, 34445, 84791, 71375, 31055, 9941, 27422, 27295, 25492, 21731, 54058, 56103, 74702, 88389, 39787, 83292, 56321, 80058, 48446, 90534, 99020, 53183, 57349, 5351, 62399, 11726, 72703, 23079, 88458, 14886, 42115, 37381, 53447, 80416, 75451, 17441, 22787, 25968, 37997, 43457, 70409, 3144, 30291, 27680]})"
47.0,9,41,10,7.702130317687988,210,"Genotype(dna={""<class 'abc.NT_0014'>"": [0, 7628], ""<class 'abc.NT_0014_P_00000'>"": [], ""<class 'abc.NT_0003'>"": [], ""<class 'abc.NT_0003_P_00000'>"": [], ""<class 'bool'>"": [44268, 98370, 93055, 22069, 91850, 93033, 11504, 95280, 30806, 13913, 50294, 97012, 50516, 89077, 91601, 80048, 98529, 76229, 96396, 90534, 62399, 14886, 42115, 30291], ""<class 'abc.NT_0000'>"": [0, 2, 3, 0, 0, 92735, 3, 0, 1, 0, 0, 0, 0, 77429, 3, 67907, 2, 0, 2823, 0, 47365, 0, 40082, 0, 1, 36984, 2, 0, 2, 0, 0, 0, 0, 0, 1053, 40150, 1, 3136, 1, 1290, 48446, 25314, 57349, 5351, 72703, 23079, 88458, 75451, 17441, 22787, 25968, 37997, 43457, 70409, 3144], ""<class 'abc.NT_0000_P_00000'>"": [], ""<class 'int'>"": [27329, 89970, 15638, 94912, 92233, 49242, 25019, 94292, 7422, 68689, 10348, 68747, 83981, 41079, 54502, 67215, 24459, 16472, 24884, 87223, 86415, 85267, 68526, 37631, 26738, 18149, 77382, 79248, 43492, 30291, 69479, 56653, 51366, 29977, 63194, 54071, 55863, 38385], ""<class 'abc.NT_0000_P_00001'>"": [], ""<class 'abc.NT_0000_P_00002'>"": [], ""<class 'abc.NT_0000_P_00003'>"": [], ""<class 'abc.NT_0001'>"": [1, 6, 78872, 80416], ""<class 'abc.NT_0001_P_00000'>"": [], ""<class 'abc.NT_0001_P_00001'>"": [], ""<class 'abc.NT_0001_P_00002'>"": [], ""<class 'abc.NT_0001_P_00003'>"": [], ""<class 'abc.NT_0001_P_00004'>"": [], ""<class 'abc.NT_0001_P_00005'>"": [], ""<class 'abc.NT_0001_P_00006'>"": [], ""<class 'abc.NT_0003_P_00001'>"": [], ""<class 'abc.NT_0002'>"": [0, 54058], ""<class 'abc.NT_0002_P_00000'>"": [], ""<class 'abc.NT_0002_P_00001'>"": [], ""<class 'abc.NT_0002_P_00002'>"": [], ""<class 'abc.NT_0002_P_00003'>"": [], ""<class 'abc.NT_0004'>"": [], ""<class 'abc.NT_0004_P_00000'>"": [], ""<class 'abc.NT_0014_P_00001'>"": [], ""<class 'abc.NT_0013'>"": [43273, 87753, 83292], ""<class 'abc.NT_0013_P_00000'>"": [], ""<class 'abc.NT_0011'>"": [1, 13278], ""<class 'abc.NT_0011_P_00000'>"": [], ""<class 'abc.NT_0011_P_00001'>"": [], ""<class 'abc.NT_0008'>"": [56358, 25492], ""<class 'abc.NT_0008_P_00000'>"": [], ""<class 'abc.NT_0005'>"": [65439, 70998], ""<class 'abc.NT_0005_P_00000'>"": [], ""<class 'abc.NT_0005_P_00001'>"": [], ""<class 'abc.NT_0007'>"": [0, 27295], ""<class 'abc.NT_0007_P_00000'>"": [], ""<class 'abc.NT_0006'>"": [51447, 17441], ""<class 'abc.NT_0006_P_00000'>"": [], ""<class 'abc.NT_0006_P_00001'>"": [], ""<class 'abc.NT_0007_P_00001'>"": [], ""<class 'abc.NT_0007_P_00002'>"": [], ""<class 'abc.NT_0007_P_00003'>"": [], ""<class 'abc.NT_0008_P_00001'>"": [], ""<class 'abc.NT_0009'>"": [8, 1, 39787], ""<class 'abc.NT_0009_P_00000'>"": [], ""<class 'abc.NT_0009_P_00001'>"": [], ""<class 'abc.NT_0009_P_00002'>"": [], ""<class 'abc.NT_0009_P_00003'>"": [], ""<class 'abc.NT_0009_P_00004'>"": [], ""<class 'abc.NT_0009_P_00005'>"": [], ""<class 'abc.NT_0009_P_00006'>"": [], ""<class 'abc.NT_0009_P_00007'>"": [], ""<class 'abc.NT_0009_P_00008'>"": [], ""<class 'abc.NT_0011_P_00002'>"": [], ""<class 'abc.NT_0010'>"": [53447, 27680], ""<class 'abc.NT_0010_P_00000'>"": [], ""<class 'abc.NT_0010_P_00001'>"": [], ""<class 'abc.NT_0010_P_00002'>"": [], ""<class 'abc.NT_0010_P_00003'>"": [], ""<class 'abc.NT_0010_P_00004'>"": [], ""<class 'abc.NT_0010_P_00005'>"": [], ""<class 'abc.NT_0011_P_00003'>"": [], ""<class 'abc.NT_0011_P_00004'>"": [], ""<class 'abc.NT_0011_P_00005'>"": [], ""<class 'abc.NT_0011_P_00006'>"": [], ""<class 'abc.NT_0011_P_00007'>"": [], ""<class 'abc.NT_0011_P_00008'>"": [], ""<class 'abc.NT_0011_P_00009'>"": [], ""<class 'abc.NT_0014_P_00002'>"": [], ""<class 'abc.NT_0014_P_00003'>"": [], ""<class 'abc.NT_0014_P_00004'>"": [], '$leftovers': [46416, 33566, 93834, 69479, 8313, 69016, 56653, 612, 51366, 29977, 7941, 62781, 93978, 48081, 63396, 57279, 63194, 37786, 54499, 54071, 7255, 805, 91855, 9788, 55863, 13874, 90931, 38385, 43619, 36227, 61359, 25033, 26828, 94952, 78514, 81573, 7035, 57599, 63649, 37284, 79243, 23816, 36097, 45176, 45221, 21659, 73410, 77378, 61609, 53485, 83091, 55364, 804, 37863, 62128, 64631, 84523, 68409, 46658, 59869, 22948, 53816, 17703, 86036, 23930, 54711, 27159, 47907, 22129, 19429, 11704, 67050, 80298, 69224, 57646, 14733, 44317, 85077, 74191, 78264, 27076, 89776, 5196, 46711, 95884, 100000, 42859, 92197, 62164, 34041, 96434, 9186, 84986, 23729, 32442, 9078, 30947, 10584, 90176, 39265, 2903, 26641, 17813, 64068, 47390, 53496, 84055, 91192, 43627, 10978, 20051, 63072, 17541, 52384, 82602, 2071, 73349, 76496, 93237, 90746, 94169, 1089, 1963, 87259, 78716, 97251, 74560, 92319, 88430, 30065, 35943, 26646, 58575, 20564, 68822, 1955, 11977, 701, 8879, 51642, 65013, 37021, 8254, 64968, 54544, 55206, 50487, 94823, 39401, 11005, 50507, 4078, 47520, 40046, 60171, 93652, 930, 40344, 61205, 60575, 32914, 87845, 18974, 88335, 23738, 9159, 67945, 35873, 79289, 92027, 47069, 50717, 19269, 86431, 12677, 1847, 82569, 10719, 49874, 57438, 74245, 9728, 35214, 60927, 50418, 3072, 33653, 84097, 10451, 10948, 43565, 35042, 52901, 60373, 71523, 99916, 21066, 31862, 7158, 61957, 29065, 73503, 77066, 90914, 2224, 23949, 58836, 36313, 52163, 15402, 95181, 97248, 72223, 64484, 31579, 7361, 13133, 8559, 5315, 12957, 97480, 15964, 47289, 18201, 64048, 38836, 23949, 65274, 81688, 15908, 97641, 68909, 88194, 58203, 54156, 17884, 17015, 98114, 85070, 44487, 35609, 43946, 13163, 68656, 46368, 64590, 40998, 4333, 23209, 48312, 91519, 45912, 95154, 82162, 65190, 2680, 41571, 50993, 530, 20715, 62325, 69130, 87411, 51896, 25041, 1061, 92007, 16083, 61009, 22448, 76926, 40530, 5740, 65551, 74307, 70243, 88860, 56449, 62236, 73737, 14864, 20769, 33438, 2720, 19958, 14224, 62871, 11924, 4195, 94579, 90772, 15850, 32394, 39534, 94217, 24432, 49736, 19142, 95031, 91556, 84878, 36003, 82744, 39005, 77560, 67854, 74174, 65238, 42610, 38442, 5045, 8394, 50169, 85223, 39318, 11999, 19698, 62218, 20982, 75579, 83921, 36322, 81232, 74890, 79155, 7974, 87957, 31618, 15302, 46288, 41529, 54402, 51898, 8904, 68466, 16655, 33307, 87657, 62302, 99805, 94712, 27432, 6792, 318, 28470, 61849, 26074, 24481, 33234, 11701, 90978, 8418, 34547, 73073, 14229, 92931, 45528, 46305, 58234, 95428, 52910, 64691, 89529, 6125, 95529, 23717, 34258, 15039, 26343, 25322, 18533, 87153, 22501, 24377, 93511, 91108, 66007, 60481, 95208, 62676, 92031, 61249, 21040, 27224, 8088, 84181, 33593, 86548, 72607, 12800, 5611, 73844, 6692, 65230, 36526, 2469, 35635, 48449, 14719, 78189, 85243, 55844, 24071, 23788, 78878, 22883, 30166, 25797, 10713, 24202, 63862, 69116, 6614, 65627, 74821, 9118, 52050, 1045, 85212, 62012, 89898, 79364, 88858, 96964, 35830, 60888, 26734, 88556, 30404, 7619, 80278, 68622, 93232, 34306, 31485, 56275, 18665, 75621, 64839, 93770, 28199, 22239, 59130, 77628, 99168, 70420, 75781, 62501, 671, 82149, 26309, 8026, 6187, 34342, 77941, 96327, 7003, 65713, 2941, 26673, 45799, 5550, 98918, 65458, 56546, 58743, 93533, 64790, 30347, 32662, 73325, 77970, 21733, 35559, 73040, 79043, 59441, 82022, 37637, 7661, 94041, 96708, 7898, 70255, 89025, 83488, 90561, 63581, 77717, 74197, 27575, 58299, 53110, 73807, 71575, 26219, 35022, 49263, 13153, 34531, 51399, 44165, 26477, 4658, 89217, 10088, 77375, 38696, 57234, 69828, 27880, 19969, 12884, 48301, 32382, 79158, 72530, 2303, 28606, 30300, 17727, 74408, 82473, 74031, 47501, 28349, 67701, 75802, 89880, 6847, 37677, 42094, 59098, 33292, 25396, 1653, 33802, 37033, 82988, 18807, 34788, 32442, 21412, 79504, 70667, 67140, 188, 92567, 14712, 41955, 83231, 16604, 44261, 9248, 17311, 28714, 91679, 32487, 26287, 45537, 96338, 4907, 91004, 40305, 38855, 30113, 31802, 90368, 29632, 22399, 27504, 74924, 64570, 3170, 73381, 73608, 82107, 55004, 28453, 81413, 83401, 86827, 3755, 19280, 39809, 58531, 69352, 77285, 75236, 65692, 7596, 96792, 61193, 32718, 15171, 87988, 30166, 54746, 77236, 17432, 95331, 38981, 88240, 38898, 32172, 79555, 11740, 12372, 21314, 35314, 93047, 42158, 12888, 45757, 12444, 53196, 24354, 10754, 11298, 51034, 29460, 54561, 63362, 63137, 80288, 88200, 90124, 34341, 79738, 29507, 1371, 45727, 33233, 20038, 80414, 21940, 30707, 90006, 24595, 36850, 16424, 43356, 57374, 16541, 37502, 37384, 44186, 1581, 55147, 81574, 36342, 34700, 77319, 28025, 42804, 70814, 97334, 63170, 45671, 92728, 50865, 61805, 79230, 95797, 79382, 69832, 39248, 70970, 62614, 68180, 36578, 66699, 90803, 28447, 48009, 97357, 19944, 60879, 16057, 92445, 75982, 37067, 41406, 92224, 10099, 38077, 10238, 68458, 6537, 63778, 57556, 62039, 11823, 13270, 39382, 5448, 99101, 892, 8806, 21031, 7912, 86405, 50251, 88331, 79170, 19276, 48689, 73426, 83963, 98871, 32530, 19826, 24930, 70628, 89666, 23784, 22342, 79694, 80437, 28733, 99765, 7735, 65443, 39629, 65691, 45234, 52942, 70165, 64742, 7593, 35389, 38346, 53370, 1486, 63745, 59201, 84112, 82078, 59842, 55744, 6361, 15079, 910, 53287, 86305, 5582, 34924, 69056, 67927, 31852, 80811, 3497, 24763, 76576, 6447, 51921, 24582, 67902, 99777, 99703, 83341, 49007, 99280, 24090, 6799, 52732, 30031, 47977, 87252, 5024, 40270, 25148, 18576, 16321, 73258, 96568, 50330, 93058, 53931, 82548, 70345, 30377, 16363, 46283, 71917, 19219, 34599, 59905, 76185, 99134, 52728, 85779, 32717, 4809, 23223, 7767, 36688, 17927, 33222, 5461, 58987, 99150, 82453, 68878, 27439, 92942, 79331, 71474, 34897, 35197, 84658, 51810, 88051, 90117, 15640, 25537, 1192, 5758, 16919, 16570, 54940, 71350, 57863, 28374, 25430, 96910, 25138, 30623, 84961, 23541, 35862, 94330, 34467, 45322, 3068, 32691, 19717, 72709, 77504, 12874, 8035, 4199, 32629, 29326, 50091, 4290, 69037, 67868, 4858, 18189, 81289, 10537, 34484, 97761, 36705, 52886, 29677, 92414, 65300, 4493, 83991, 25685, 6104, 23112, 72137, 96757, 13483, 18308, 221, 14358, 49795, 76044, 65013, 87872, 95304, 14399, 812, 64706, 60775, 65656, 55460, 64130, 33001, 14835, 17431, 45023, 79744, 46149, 17211, 1932, 89664, 35867, 75834, 45835, 33920, 51887, 56077, 57612, 3201, 66246, 43129, 72962, 59486, 41799, 36083, 78794, 55644, 16064, 47916, 43687, 87424, 99482, 17585, 78994, 36067, 56930, 68493, 83129, 64732, 86546, 74055, 94524, 52064, 83683, 31321, 53390, 89787, 97909, 96890, 42138, 43171, 63419, 72477, 642, 72325, 14142, 88837, 64298, 53853, 33912, 90976, 51351, 53580, 44520, 1115, 7377, 51291, 91564, 16199, 86922, 17805, 85895, 43694, 18547, 43604, 34423, 97118, 34445, 84791, 71375, 31055, 9941, 27422, 27295, 25492, 21731, 54058, 56103, 74702, 88389, 39787, 83292, 56321, 80058, 48446, 90534, 99020, 53183, 57349, 5351, 62399, 11726, 72703, 23079, 88458, 14886, 42115, 37381, 53447, 80416, 75451, 17441, 22787, 25968, 37997, 43457, 70409, 3144, 30291, 27680]})"
47.0,9,41,11,8.357797145843506,210,"Genotype(dna={""<class 'abc.NT_0014'>"": [0, 7628], ""<class 'abc.NT_0014_P_00000'>"": [], ""<class 'abc.NT_0003'>"": [], ""<class 'abc.NT_0003_P_00000'>"": [], ""<class 'bool'>"": [44268, 98370, 93055, 22069, 91850, 93033, 11504, 95280, 30806, 13913, 50294, 97012, 50516, 89077, 91601, 80048, 98529, 76229, 96396, 90534, 62399, 14886, 42115, 30291], ""<class 'abc.NT_0000'>"": [0, 2, 3, 0, 0, 92735, 3, 0, 1, 0, 0, 0, 0, 77429, 3, 67907, 2, 0, 2823, 0, 47365, 0, 40082, 0, 1, 36984, 2, 0, 2, 0, 0, 0, 0, 0, 1053, 40150, 1, 3136, 1, 1290, 48446, 25314, 57349, 5351, 72703, 23079, 88458, 75451, 17441, 22787, 25968, 37997, 43457, 70409, 3144], ""<class 'abc.NT_0000_P_00000'>"": [], ""<class 'int'>"": [27329, 89970, 15638, 94912, 92233, 49242, 25019, 94292, 7422, 68689, 10348, 68747, 83981, 41079, 54502, 67215, 24459, 16472, 24884, 87223, 86415, 85267, 68526, 37631, 26738, 18149, 77382, 79248, 43492, 30291, 69479, 56653, 51366, 29977, 63194, 54071, 55863, 38385], ""<class 'abc.NT_0000_P_00001'>"": [], ""<class 'abc.NT_0000_P_00002'>"": [], ""<class 'abc.NT_0000_P_00003'>"": [], ""<class 'abc.NT_0001'>"": [1, 6, 78872, 80416], ""<class 'abc.NT_0001_P_00000'>"": [], ""<class 'abc.NT_0001_P_00001'>"": [], ""<class 'abc.NT_0001_P_00002'>"": [], ""<class 'abc.NT_0001_P_00003'>"": [], ""<class 'abc.NT_0001_P_00004'>"": [], ""<class 'abc.NT_0001_P_00005'>"": [], ""<class 'abc.NT_0001_P_00006'>"": [], ""<class 'abc.NT_0003_P_00001'>"": [], ""<class 'abc.NT_0002'>"": [0, 54058], ""<class 'abc.NT_0002_P_00000'>"": [], ""<class 'abc.NT_0002_P_00001'>"": [], ""<class 'abc.NT_0002_P_00002'>"": [], ""<class 'abc.NT_0002_P_00003'>"": [], ""<class 'abc.NT_0004'>"": [], ""<class 'abc.NT_0004_P_00000'>"": [], ""<class 'abc.NT_0014_P_00001'>"": [], ""<class 'abc.NT_0013'>"": [43273, 87753, 83292], ""<class 'abc.NT_0013_P_00000'>"": [], ""<class 'abc.NT_0011'>"": [1, 13278], ""<class 'abc.NT_0011_P_00000'>"": [], ""<class 'abc.NT_0011_P_00001'>"": [], ""<class 'abc.NT_0008'>"": [56358, 25492], ""<class 'abc.NT_0008_P_00000'>"": [], ""<class 'abc.NT_0005'>"": [65439, 70998], ""<class 'abc.NT_0005_P_00000'>"": [], ""<class 'abc.NT_0005_P_00001'>"": [], ""<class 'abc.NT_0007'>"": [0, 27295], ""<class 'abc.NT_0007_P_00000'>"": [], ""<class 'abc.NT_0006'>"": [51447, 17441], ""<class 'abc.NT_0006_P_00000'>"": [], ""<class 'abc.NT_0006_P_00001'>"": [], ""<class 'abc.NT_0007_P_00001'>"": [], ""<class 'abc.NT_0007_P_00002'>"": [], ""<class 'abc.NT_0007_P_00003'>"": [], ""<class 'abc.NT_0008_P_00001'>"": [], ""<class 'abc.NT_0009'>"": [8, 1, 39787], ""<class 'abc.NT_0009_P_00000'>"": [], ""<class 'abc.NT_0009_P_00001'>"": [], ""<class 'abc.NT_0009_P_00002'>"": [], ""<class 'abc.NT_0009_P_00003'>"": [], ""<class 'abc.NT_0009_P_00004'>"": [], ""<class 'abc.NT_0009_P_00005'>"": [], ""<class 'abc.NT_0009_P_00006'>"": [], ""<class 'abc.NT_0009_P_00007'>"": [], ""<class 'abc.NT_0009_P_00008'>"": [], ""<class 'abc.NT_0011_P_00002'>"": [], ""<class 'abc.NT_0010'>"": [53447, 27680], ""<class 'abc.NT_0010_P_00000'>"": [], ""<class 'abc.NT_0010_P_00001'>"": [], ""<class 'abc.NT_0010_P_00002'>"": [], ""<class 'abc.NT_0010_P_00003'>"": [], ""<class 'abc.NT_0010_P_00004'>"": [], ""<class 'abc.NT_0010_P_00005'>"": [], ""<class 'abc.NT_0011_P_00003'>"": [], ""<class 'abc.NT_0011_P_00004'>"": [], ""<class 'abc.NT_0011_P_00005'>"": [], ""<class 'abc.NT_0011_P_00006'>"": [], ""<class 'abc.NT_0011_P_00007'>"": [], ""<class 'abc.NT_0011_P_00008'>"": [], ""<class 'abc.NT_0011_P_00009'>"": [], ""<class 'abc.NT_0014_P_00002'>"": [], ""<class 'abc.NT_0014_P_00003'>"": [], ""<class 'abc.NT_0014_P_00004'>"": [], '$leftovers': [46416, 33566, 93834, 69479, 8313, 69016, 56653, 612, 51366, 29977, 7941, 62781, 93978, 48081, 63396, 57279, 63194, 37786, 54499, 54071, 7255, 805, 91855, 9788, 55863, 13874, 90931, 38385, 43619, 36227, 61359, 25033, 26828, 94952, 78514, 81573, 7035, 57599, 63649, 37284, 79243, 23816, 36097, 45176, 45221, 21659, 73410, 77378, 61609, 53485, 83091, 55364, 804, 37863, 62128, 64631, 84523, 68409, 46658, 59869, 22948, 53816, 17703, 86036, 23930, 54711, 27159, 47907, 22129, 19429, 11704, 67050, 80298, 69224, 57646, 14733, 44317, 85077, 74191, 78264, 27076, 89776, 5196, 46711, 95884, 100000, 42859, 92197, 62164, 34041, 96434, 9186, 84986, 23729, 32442, 9078, 30947, 10584, 90176, 39265, 2903, 26641, 17813, 64068, 47390, 53496, 84055, 91192, 43627, 10978, 20051, 63072, 17541, 52384, 82602, 2071, 73349, 76496, 93237, 90746, 94169, 1089, 1963, 87259, 78716, 97251, 74560, 92319, 88430, 30065, 35943, 26646, 58575, 20564, 68822, 1955, 11977, 701, 8879, 51642, 65013, 37021, 8254, 64968, 54544, 55206, 50487, 94823, 39401, 11005, 50507, 4078, 47520, 40046, 60171, 93652, 930, 40344, 61205, 60575, 32914, 87845, 18974, 88335, 23738, 9159, 67945, 35873, 79289, 92027, 47069, 50717, 19269, 86431, 12677, 1847, 82569, 10719, 49874, 57438, 74245, 9728, 35214, 60927, 50418, 3072, 33653, 84097, 10451, 10948, 43565, 35042, 52901, 60373, 71523, 99916, 21066, 31862, 7158, 61957, 29065, 73503, 77066, 90914, 2224, 23949, 58836, 36313, 52163, 15402, 95181, 97248, 72223, 64484, 31579, 7361, 13133, 8559, 5315, 12957, 97480, 15964, 47289, 18201, 64048, 38836, 23949, 65274, 81688, 15908, 97641, 68909, 88194, 58203, 54156, 17884, 17015, 98114, 85070, 44487, 35609, 43946, 13163, 68656, 46368, 64590, 40998, 4333, 23209, 48312, 91519, 45912, 95154, 82162, 65190, 2680, 41571, 50993, 530, 20715, 62325, 69130, 87411, 51896, 25041, 1061, 92007, 16083, 61009, 22448, 76926, 40530, 5740, 65551, 74307, 70243, 88860, 56449, 62236, 73737, 14864, 20769, 33438, 2720, 19958, 14224, 62871, 11924, 4195, 94579, 90772, 15850, 32394, 39534, 94217, 24432, 49736, 19142, 95031, 91556, 84878, 36003, 82744, 39005, 77560, 67854, 74174, 65238, 42610, 38442, 5045, 8394, 50169, 85223, 39318, 11999, 19698, 62218, 20982, 75579, 83921, 36322, 81232, 74890, 79155, 7974, 87957, 31618, 15302, 46288, 41529, 54402, 51898, 8904, 68466, 16655, 33307, 87657, 62302, 99805, 94712, 27432, 6792, 318, 28470, 61849, 26074, 24481, 33234, 11701, 90978, 8418, 34547, 73073, 14229, 92931, 45528, 46305, 58234, 95428, 52910, 64691, 89529, 6125, 95529, 23717, 34258, 15039, 26343, 25322, 18533, 87153, 22501, 24377, 93511, 91108, 66007, 60481, 95208, 62676, 92031, 61249, 21040, 27224, 8088, 84181, 33593, 86548, 72607, 12800, 5611, 73844, 6692, 65230, 36526, 2469, 35635, 48449, 14719, 78189, 85243, 55844, 24071, 23788, 78878, 22883, 30166, 25797, 10713, 24202, 63862, 69116, 6614, 65627, 74821, 9118, 52050, 1045, 85212, 62012, 89898, 79364, 88858, 96964, 35830, 60888, 26734, 88556, 30404, 7619, 80278, 68622, 93232, 34306, 31485, 56275, 18665, 75621, 64839, 93770, 28199, 22239, 59130, 77628, 99168, 70420, 75781, 62501, 671, 82149, 26309, 8026, 6187, 34342, 77941, 96327, 7003, 65713, 2941, 26673, 45799, 5550, 98918, 65458, 56546, 58743, 93533, 64790, 30347, 32662, 73325, 77970, 21733, 35559, 73040, 79043, 59441, 82022, 37637, 7661, 94041, 96708, 7898, 70255, 89025, 83488, 90561, 63581, 77717, 74197, 27575, 58299, 53110, 73807, 71575, 26219, 35022, 49263, 13153, 34531, 51399, 44165, 26477, 4658, 89217, 10088, 77375, 38696, 57234, 69828, 27880, 19969, 12884, 48301, 32382, 79158, 72530, 2303, 28606, 30300, 17727, 74408, 82473, 74031, 47501, 28349, 67701, 75802, 89880, 6847, 37677, 42094, 59098, 33292, 25396, 1653, 33802, 37033, 82988, 18807, 34788, 32442, 21412, 79504, 70667, 67140, 188, 92567, 14712, 41955, 83231, 16604, 44261, 9248, 17311, 28714, 91679, 32487, 26287, 45537, 96338, 4907, 91004, 40305, 38855, 30113, 31802, 90368, 29632, 22399, 27504, 74924, 64570, 3170, 73381, 73608, 82107, 55004, 28453, 81413, 83401, 86827, 3755, 19280, 39809, 58531, 69352, 77285, 75236, 65692, 7596, 96792, 61193, 32718, 15171, 87988, 30166, 54746, 77236, 17432, 95331, 38981, 88240, 38898, 32172, 79555, 11740, 12372, 21314, 35314, 93047, 42158, 12888, 45757, 12444, 53196, 24354, 10754, 11298, 51034, 29460, 54561, 63362, 63137, 80288, 88200, 90124, 34341, 79738, 29507, 1371, 45727, 33233, 20038, 80414, 21940, 30707, 90006, 24595, 36850, 16424, 43356, 57374, 16541, 37502, 37384, 44186, 1581, 55147, 81574, 36342, 34700, 77319, 28025, 42804, 70814, 97334, 63170, 45671, 92728, 50865, 61805, 79230, 95797, 79382, 69832, 39248, 70970, 62614, 68180, 36578, 66699, 90803, 28447, 48009, 97357, 19944, 60879, 16057, 92445, 75982, 37067, 41406, 92224, 10099, 38077, 10238, 68458, 6537, 63778, 57556, 62039, 11823, 13270, 39382, 5448, 99101, 892, 8806, 21031, 7912, 86405, 50251, 88331, 79170, 19276, 48689, 73426, 83963, 98871, 32530, 19826, 24930, 70628, 89666, 23784, 22342, 79694, 80437, 28733, 99765, 7735, 65443, 39629, 65691, 45234, 52942, 70165, 64742, 7593, 35389, 38346, 53370, 1486, 63745, 59201, 84112, 82078, 59842, 55744, 6361, 15079, 910, 53287, 86305, 5582, 34924, 69056, 67927, 31852, 80811, 3497, 24763, 76576, 6447, 51921, 24582, 67902, 99777, 99703, 83341, 49007, 99280, 24090, 6799, 52732, 30031, 47977, 87252, 5024, 40270, 25148, 18576, 16321, 73258, 96568, 50330, 93058, 53931, 82548, 70345, 30377, 16363, 46283, 71917, 19219, 34599, 59905, 76185, 99134, 52728, 85779, 32717, 4809, 23223, 7767, 36688, 17927, 33222, 5461, 58987, 99150, 82453, 68878, 27439, 92942, 79331, 71474, 34897, 35197, 84658, 51810, 88051, 90117, 15640, 25537, 1192, 5758, 16919, 16570, 54940, 71350, 57863, 28374, 25430, 96910, 25138, 30623, 84961, 23541, 35862, 94330, 34467, 45322, 3068, 32691, 19717, 72709, 77504, 12874, 8035, 4199, 32629, 29326, 50091, 4290, 69037, 67868, 4858, 18189, 81289, 10537, 34484, 97761, 36705, 52886, 29677, 92414, 65300, 4493, 83991, 25685, 6104, 23112, 72137, 96757, 13483, 18308, 221, 14358, 49795, 76044, 65013, 87872, 95304, 14399, 812, 64706, 60775, 65656, 55460, 64130, 33001, 14835, 17431, 45023, 79744, 46149, 17211, 1932, 89664, 35867, 75834, 45835, 33920, 51887, 56077, 57612, 3201, 66246, 43129, 72962, 59486, 41799, 36083, 78794, 55644, 16064, 47916, 43687, 87424, 99482, 17585, 78994, 36067, 56930, 68493, 83129, 64732, 86546, 74055, 94524, 52064, 83683, 31321, 53390, 89787, 97909, 96890, 42138, 43171, 63419, 72477, 642, 72325, 14142, 88837, 64298, 53853, 33912, 90976, 51351, 53580, 44520, 1115, 7377, 51291, 91564, 16199, 86922, 17805, 85895, 43694, 18547, 43604, 34423, 97118, 34445, 84791, 71375, 31055, 9941, 27422, 27295, 25492, 21731, 54058, 56103, 74702, 88389, 39787, 83292, 56321, 80058, 48446, 90534, 99020, 53183, 57349, 5351, 62399, 11726, 72703, 23079, 88458, 14886, 42115, 37381, 53447, 80416, 75451, 17441, 22787, 25968, 37997, 43457, 70409, 3144, 30291, 27680]})"
43.0,9,41,12,8.969842195510864,210,"Genotype(dna={""<class 'abc.NT_0014'>"": [28716, 7628], ""<class 'abc.NT_0014_P_00000'>"": [], ""<class 'abc.NT_0003'>"": [], ""<class 'abc.NT_0003_P_00000'>"": [], ""<class 'bool'>"": [44268, 98370, 93055, 22069, 91850, 93033, 11504, 95280, 56278, 13913, 91591, 97012, 50516, 89077, 91601, 80048, 98529, 76229, 96396, 90534, 62399, 14886, 86613, 30291, 93834, 69479, 8313], ""<class 'abc.NT_0000'>"": [0, 2, 3, 0, 0, 92735, 3, 0, 57112, 0, 0, 0, 0, 77429, 3, 67907, 2, 0, 2823, 0, 47365, 0, 40082, 0, 1, 36984, 2, 0, 2, 0, 0, 0, 0, 0, 1053, 40150, 1, 3136, 63679, 1290, 48446, 25314, 57349, 5351, 72703, 23079, 88458, 75451, 17441, 22787, 25968, 37997, 43457, 70409, 3144], ""<class 'abc.NT_0000_P_00000'>"": [], ""<class 'int'>"": [27329, 89970, 15638, 94912, 79572, 49242, 25019, 94292, 7422, 15130, 10348, 68747, 83981, 41079, 54502, 67215, 24459, 16472, 24884, 87223, 86415, 85267, 30558, 68477, 26738, 18149, 77382, 79248, 95021, 30291, 69479, 56653, 51366, 76187, 63194, 54071, 44166, 38385], ""<class 'abc.NT_0000_P_00001'>"": [], ""<class 'abc.NT_0000_P_00002'>"": [], ""<class 'abc.NT_0000_P_00003'>"": [], ""<class 'abc.NT_0001'>"": [1, 6, 59169, 80416, 46416, 33566], ""<class 'abc.NT_0001_P_00000'>"": [], ""<class 'abc.NT_0001_P_00001'>"": [], ""<class 'abc.NT_0001_P_00002'>"": [], ""<class 'abc.NT_0001_P_00003'>"": [], ""<class 'abc.NT_0001_P_00004'>"": [], ""<class 'abc.NT_0001_P_00005'>"": [], ""<class 'abc.NT_0001_P_00006'>"": [], ""<class 'abc.NT_0003_P_00001'>"": [], ""<class 'abc.NT_0002'>"": [0, 54058], ""<class 'abc.NT_0002_P_00000'>"": [], ""<class 'abc.NT_0002_P_00001'>"": [], ""<class 'abc.NT_0002_P_00002'>"": [], ""<class 'abc.NT_0002_P_00003'>"": [], ""<class 'abc.NT_0004'>"": [], ""<class 'abc.NT_0004_P_00000'>"": [], ""<class 'abc.NT_0014_P_00001'>"": [], ""<class 'abc.NT_0013'>"": [43273, 87753, 83292], ""<class 'abc.NT_0013_P_00000'>"": [], ""<class 'abc.NT_0011'>"": [1, 98607], ""<class 'abc.NT_0011_P_00000'>"": [], ""<class 'abc.NT_0011_P_00001'>"": [], ""<class 'abc.NT_0008'>"": [56358, 25492], ""<class 'abc.NT_0008_P_00000'>"": [], ""<class 'abc.NT_0005'>"": [65439, 70998], ""<class 'abc.NT_0005_P_00000'>"": [], ""<class 'abc.NT_0005_P_00001'>"": [], ""<class 'abc.NT_0007'>"": [0, 27295], ""<class 'abc.NT_0007_P_00000'>"": [], ""<class 'abc.NT_0006'>"": [51447, 91312], ""<class 'abc.NT_0006_P_00000'>"": [], ""<class 'abc.NT_0006_P_00001'>"": [], ""<class 'abc.NT_0007_P_00001'>"": [], ""<class 'abc.NT_0007_P_00002'>"": [], ""<class 'abc.NT_0007_P_00003'>"": [], ""<class 'abc.NT_0008_P_00001'>"": [], ""<class 'abc.NT_0009'>"": [8, 1, 39787], ""<class 'abc.NT_0009_P_00000'>"": [], ""<class 'abc.NT_0009_P_00001'>"": [], ""<class 'abc.NT_0009_P_00002'>"": [], ""<class 'abc.NT_0009_P_00003'>"": [], ""<class 'abc.NT_0009_P_00004'>"": [], ""<class 'abc.NT_0009_P_00005'>"": [], ""<class 'abc.NT_0009_P_00006'>"": [], ""<class 'abc.NT_0009_P_00007'>"": [], ""<class 'abc.NT_0009_P_00008'>"": [], ""<class 'abc.NT_0011_P_00002'>"": [], ""<class 'abc.NT_0010'>"": [53447, 27680], ""<class 'abc.NT_0010_P_00000'>"": [], ""<class 'abc.NT_0010_P_00001'>"": [], ""<class 'abc.NT_0010_P_00002'>"": [], ""<class 'abc.NT_0010_P_00003'>"": [], ""<class 'abc.NT_0010_P_00004'>"": [], ""<class 'abc.NT_0010_P_00005'>"": [], ""<class 'abc.NT_0011_P_00003'>"": [], ""<class 'abc.NT_0011_P_00004'>"": [], ""<class 'abc.NT_0011_P_00005'>"": [], ""<class 'abc.NT_0011_P_00006'>"": [], ""<class 'abc.NT_0011_P_00007'>"": [], ""<class 'abc.NT_0011_P_00008'>"": [], ""<class 'abc.NT_0011_P_00009'>"": [], ""<class 'abc.NT_0014_P_00002'>"": [], ""<class 'abc.NT_0014_P_00003'>"": [], ""<class 'abc.NT_0014_P_00004'>"": [], '$leftovers': [69016, 56653, 612, 51366, 29977, 7941, 62781, 93978, 48081, 63396, 57279, 63194, 37786, 54499, 54071, 7255, 805, 91855, 9788, 55863, 13874, 90931, 38385, 43619, 36227, 61359, 25033, 26828, 94952, 78514, 81573, 7035, 57599, 63649, 37284, 79243, 23816, 36097, 45176, 45221, 21659, 73410, 77378, 61609, 53485, 83091, 55364, 804, 37863, 62128, 64631, 84523, 68409, 46658, 59869, 22948, 53816, 17703, 86036, 23930, 54711, 27159, 47907, 22129, 19429, 11704, 67050, 80298, 69224, 57646, 14733, 44317, 85077, 74191, 78264, 27076, 89776, 5196, 46711, 95884, 100000, 42859, 92197, 62164, 34041, 96434, 9186, 84986, 23729, 32442, 9078, 30947, 10584, 90176, 39265, 2903, 26641, 17813, 64068, 47390, 53496, 84055, 91192, 43627, 10978, 20051, 63072, 17541, 52384, 82602, 2071, 73349, 76496, 93237, 90746, 94169, 1089, 1963, 87259, 78716, 97251, 74560, 92319, 88430, 30065, 35943, 26646, 58575, 20564, 68822, 1955, 11977, 701, 8879, 51642, 65013, 37021, 8254, 64968, 54544, 55206, 50487, 94823, 39401, 11005, 50507, 4078, 47520, 40046, 60171, 93652, 930, 40344, 61205, 60575, 32914, 87845, 18974, 88335, 23738, 9159, 67945, 35873, 79289, 92027, 47069, 50717, 19269, 86431, 12677, 1847, 82569, 10719, 49874, 57438, 74245, 9728, 35214, 60927, 50418, 3072, 33653, 84097, 10451, 10948, 43565, 35042, 52901, 60373, 71523, 99916, 21066, 31862, 7158, 61957, 29065, 73503, 77066, 90914, 2224, 23949, 58836, 36313, 52163, 15402, 95181, 97248, 72223, 64484, 31579, 7361, 13133, 8559, 5315, 12957, 97480, 15964, 47289, 18201, 64048, 38836, 23949, 65274, 81688, 15908, 97641, 68909, 88194, 58203, 54156, 17884, 17015, 98114, 85070, 44487, 35609, 43946, 13163, 68656, 46368, 64590, 40998, 4333, 23209, 48312, 91519, 45912, 95154, 82162, 65190, 2680, 41571, 50993, 530, 20715, 62325, 69130, 87411, 51896, 25041, 1061, 92007, 16083, 61009, 22448, 76926, 40530, 5740, 65551, 74307, 70243, 88860, 56449, 62236, 73737, 14864, 20769, 33438, 2720, 19958, 14224, 62871, 11924, 4195, 94579, 90772, 15850, 32394, 39534, 94217, 24432, 49736, 19142, 95031, 91556, 84878, 36003, 82744, 39005, 77560, 67854, 74174, 65238, 42610, 38442, 5045, 8394, 50169, 85223, 39318, 11999, 19698, 62218, 20982, 75579, 83921, 36322, 81232, 74890, 79155, 7974, 87957, 31618, 15302, 46288, 41529, 54402, 51898, 8904, 68466, 16655, 33307, 87657, 62302, 99805, 94712, 27432, 6792, 318, 28470, 61849, 26074, 24481, 33234, 11701, 90978, 8418, 34547, 73073, 14229, 92931, 45528, 46305, 58234, 95428, 52910, 64691, 89529, 6125, 95529, 23717, 34258, 15039, 26343, 25322, 18533, 87153, 22501, 24377, 93511, 91108, 66007, 60481, 95208, 62676, 92031, 61249, 21040, 27224, 8088, 84181, 33593, 86548, 72607, 12800, 5611, 73844, 6692, 65230, 36526, 2469, 35635, 48449, 14719, 78189, 85243, 55844, 24071, 23788, 78878, 22883, 30166, 25797, 10713, 24202, 63862, 69116, 6614, 65627, 74821, 9118, 52050, 1045, 85212, 62012, 89898, 79364, 88858, 96964, 35830, 60888, 26734, 88556, 30404, 7619, 80278, 68622, 93232, 34306, 31485, 56275, 18665, 75621, 64839, 93770, 28199, 22239, 59130, 77628, 99168, 70420, 75781, 62501, 671, 82149, 26309, 8026, 6187, 34342, 77941, 96327, 7003, 65713, 2941, 26673, 45799, 5550, 98918, 65458, 56546, 58743, 93533, 64790, 30347, 32662, 73325, 77970, 21733, 35559, 73040, 79043, 59441, 82022, 37637, 7661, 94041, 96708, 7898, 70255, 89025, 83488, 90561, 63581, 77717, 74197, 27575, 58299, 53110, 73807, 71575, 26219, 35022, 49263, 13153, 34531, 51399, 44165, 26477, 4658, 89217, 10088, 77375, 38696, 57234, 69828, 27880, 19969, 12884, 48301, 32382, 79158, 72530, 2303, 28606, 30300, 17727, 74408, 82473, 74031, 47501, 28349, 67701, 75802, 89880, 6847, 37677, 42094, 59098, 33292, 25396, 1653, 33802, 37033, 82988, 18807, 34788, 32442, 21412, 79504, 70667, 67140, 188, 92567, 14712, 41955, 83231, 16604, 44261, 9248, 17311, 28714, 91679, 32487, 26287, 45537, 96338, 4907, 91004, 40305, 38855, 30113, 31802, 90368, 29632, 22399, 27504, 74924, 64570, 3170, 73381, 73608, 82107, 55004, 28453, 81413, 83401, 86827, 3755, 19280, 39809, 58531, 69352, 77285, 75236, 65692, 7596, 96792, 61193, 32718, 15171, 87988, 30166, 54746, 77236, 17432, 95331, 38981, 88240, 38898, 32172, 79555, 11740, 12372, 21314, 35314, 93047, 42158, 12888, 45757, 12444, 53196, 24354, 10754, 11298, 51034, 29460, 54561, 63362, 63137, 80288, 88200, 90124, 34341, 79738, 29507, 1371, 45727, 33233, 20038, 80414, 21940, 30707, 90006, 24595, 36850, 16424, 43356, 57374, 16541, 37502, 37384, 44186, 1581, 55147, 81574, 36342, 34700, 77319, 28025, 42804, 70814, 97334, 63170, 45671, 92728, 50865, 61805, 79230, 95797, 79382, 69832, 39248, 70970, 62614, 68180, 36578, 66699, 90803, 28447, 48009, 97357, 19944, 60879, 16057, 92445, 75982, 37067, 41406, 92224, 10099, 38077, 10238, 68458, 6537, 63778, 57556, 62039, 11823, 13270, 39382, 5448, 99101, 892, 8806, 21031, 7912, 86405, 50251, 88331, 79170, 19276, 48689, 73426, 83963, 98871, 32530, 19826, 24930, 70628, 89666, 23784, 22342, 79694, 80437, 28733, 99765, 7735, 65443, 39629, 65691, 45234, 52942, 70165, 64742, 7593, 35389, 38346, 53370, 1486, 63745, 59201, 84112, 82078, 59842, 55744, 6361, 15079, 910, 53287, 86305, 5582, 34924, 69056, 67927, 31852, 80811, 3497, 24763, 76576, 6447, 51921, 24582, 67902, 99777, 99703, 83341, 49007, 99280, 24090, 6799, 52732, 30031, 47977, 87252, 5024, 40270, 25148, 18576, 16321, 73258, 96568, 50330, 93058, 53931, 82548, 70345, 30377, 16363, 46283, 71917, 19219, 34599, 59905, 76185, 99134, 52728, 85779, 32717, 4809, 23223, 7767, 36688, 17927, 33222, 5461, 58987, 99150, 82453, 68878, 27439, 92942, 79331, 71474, 34897, 35197, 84658, 51810, 88051, 90117, 15640, 25537, 1192, 5758, 16919, 16570, 54940, 71350, 57863, 28374, 25430, 96910, 25138, 30623, 84961, 23541, 35862, 94330, 34467, 45322, 3068, 32691, 19717, 72709, 77504, 12874, 8035, 4199, 32629, 29326, 50091, 4290, 69037, 67868, 4858, 18189, 81289, 10537, 34484, 97761, 36705, 52886, 29677, 92414, 65300, 4493, 83991, 25685, 6104, 23112, 72137, 96757, 13483, 18308, 221, 14358, 49795, 76044, 65013, 87872, 95304, 14399, 812, 64706, 60775, 65656, 55460, 64130, 33001, 14835, 17431, 45023, 79744, 46149, 17211, 1932, 89664, 35867, 75834, 45835, 33920, 51887, 56077, 57612, 3201, 66246, 43129, 72962, 59486, 41799, 36083, 78794, 55644, 16064, 47916, 43687, 87424, 99482, 17585, 78994, 36067, 56930, 68493, 83129, 64732, 86546, 74055, 94524, 52064, 83683, 31321, 53390, 89787, 97909, 96890, 42138, 43171, 63419, 72477, 642, 72325, 14142, 88837, 64298, 53853, 33912, 90976, 51351, 53580, 44520, 1115, 7377, 51291, 91564, 16199, 86922, 17805, 85895, 43694, 18547, 43604, 34423, 97118, 34445, 84791, 71375, 31055, 9941, 27422, 27295, 25492, 21731, 54058, 56103, 74702, 88389, 39787, 83292, 56321, 80058, 48446, 90534, 99020, 53183, 57349, 5351, 62399, 11726, 72703, 23079, 88458, 14886, 42115, 37381, 53447, 80416, 75451, 17441, 22787, 25968, 37997, 43457, 70409, 3144, 30291, 27680, 46416, 33566, 93834, 69479, 8313]})"
43.0,9,41,13,9.669700384140015,210,"Genotype(dna={""<class 'abc.NT_0014'>"": [28716, 7628], ""<class 'abc.NT_0014_P_00000'>"": [], ""<class 'abc.NT_0003'>"": [], ""<class 'abc.NT_0003_P_00000'>"": [], ""<class 'bool'>"": [44268, 98370, 93055, 22069, 91850, 93033, 11504, 95280, 56278, 13913, 91591, 97012, 50516, 89077, 91601, 80048, 98529, 76229, 96396, 90534, 62399, 14886, 86613, 30291, 93834, 69479, 8313], ""<class 'abc.NT_0000'>"": [0, 2, 3, 0, 0, 92735, 3, 0, 57112, 0, 0, 0, 0, 77429, 3, 67907, 2, 0, 2823, 0, 47365, 0, 40082, 0, 1, 36984, 2, 0, 2, 0, 0, 0, 0, 0, 1053, 40150, 1, 3136, 63679, 1290, 48446, 25314, 57349, 5351, 72703, 23079, 88458, 75451, 17441, 22787, 25968, 37997, 43457, 70409, 3144], ""<class 'abc.NT_0000_P_00000'>"": [], ""<class 'int'>"": [27329, 89970, 15638, 94912, 79572, 49242, 25019, 94292, 7422, 15130, 10348, 68747, 83981, 41079, 54502, 67215, 24459, 16472, 24884, 87223, 86415, 85267, 30558, 68477, 26738, 18149, 77382, 79248, 95021, 30291, 69479, 56653, 51366, 76187, 63194, 54071, 44166, 38385], ""<class 'abc.NT_0000_P_00001'>"": [], ""<class 'abc.NT_0000_P_00002'>"": [], ""<class 'abc.NT_0000_P_00003'>"": [], ""<class 'abc.NT_0001'>"": [1, 6, 59169, 80416, 46416, 33566], ""<class 'abc.NT_0001_P_00000'>"": [], ""<class 'abc.NT_0001_P_00001'>"": [], ""<class 'abc.NT_0001_P_00002'>"": [], ""<class 'abc.NT_0001_P_00003'>"": [], ""<class 'abc.NT_0001_P_00004'>"": [], ""<class 'abc.NT_0001_P_00005'>"": [], ""<class 'abc.NT_0001_P_00006'>"": [], ""<class 'abc.NT_0003_P_00001'>"": [], ""<class 'abc.NT_0002'>"": [0, 54058], ""<class 'abc.NT_0002_P_00000'>"": [], ""<class 'abc.NT_0002_P_00001'>"": [], ""<class 'abc.NT_0002_P_00002'>"": [], ""<class 'abc.NT_0002_P_00003'>"": [], ""<class 'abc.NT_0004'>"": [], ""<class 'abc.NT_0004_P_00000'>"": [], ""<class 'abc.NT_0014_P_00001'>"": [], ""<class 'abc.NT_0013'>"": [43273, 87753, 83292], ""<class 'abc.NT_0013_P_00000'>"": [], ""<class 'abc.NT_0011'>"": [1, 98607], ""<class 'abc.NT_0011_P_00000'>"": [], ""<class 'abc.NT_0011_P_00001'>"": [], ""<class 'abc.NT_0008'>"": [56358, 25492], ""<class 'abc.NT_0008_P_00000'>"": [], ""<class 'abc.NT_0005'>"": [65439, 70998], ""<class 'abc.NT_0005_P_00000'>"": [], ""<class 'abc.NT_0005_P_00001'>"": [], ""<class 'abc.NT_0007'>"": [0, 27295], ""<class 'abc.NT_0007_P_00000'>"": [], ""<class 'abc.NT_0006'>"": [51447, 91312], ""<class 'abc.NT_0006_P_00000'>"": [], ""<class 'abc.NT_0006_P_00001'>"": [], ""<class 'abc.NT_0007_P_00001'>"": [], ""<class 'abc.NT_0007_P_00002'>"": [], ""<class 'abc.NT_0007_P_00003'>"": [], ""<class 'abc.NT_0008_P_00001'>"": [], ""<class 'abc.NT_0009'>"": [8, 1, 39787], ""<class 'abc.NT_0009_P_00000'>"": [], ""<class 'abc.NT_0009_P_00001'>"": [], ""<class 'abc.NT_0009_P_00002'>"": [], ""<class 'abc.NT_0009_P_00003'>"": [], ""<class 'abc.NT_0009_P_00004'>"": [], ""<class 'abc.NT_0009_P_00005'>"": [], ""<class 'abc.NT_0009_P_00006'>"": [], ""<class 'abc.NT_0009_P_00007'>"": [], ""<class 'abc.NT_0009_P_00008'>"": [], ""<class 'abc.NT_0011_P_00002'>"": [], ""<class 'abc.NT_0010'>"": [53447, 27680], ""<class 'abc.NT_0010_P_00000'>"": [], ""<class 'abc.NT_0010_P_00001'>"": [], ""<class 'abc.NT_0010_P_00002'>"": [], ""<class 'abc.NT_0010_P_00003'>"": [], ""<class 'abc.NT_0010_P_00004'>"": [], ""<class 'abc.NT_0010_P_00005'>"": [], ""<class 'abc.NT_0011_P_00003'>"": [], ""<class 'abc.NT_0011_P_00004'>"": [], ""<class 'abc.NT_0011_P_00005'>"": [], ""<class 'abc.NT_0011_P_00006'>"": [], ""<class 'abc.NT_0011_P_00007'>"": [], ""<class 'abc.NT_0011_P_00008'>"": [], ""<class 'abc.NT_0011_P_00009'>"": [], ""<class 'abc.NT_0014_P_00002'>"": [], ""<class 'abc.NT_0014_P_00003'>"": [], ""<class 'abc.NT_0014_P_00004'>"": [], '$leftovers': [69016, 56653, 612, 51366, 29977, 7941, 62781, 93978, 48081, 63396, 57279, 63194, 37786, 54499, 54071, 7255, 805, 91855, 9788, 55863, 13874, 90931, 38385, 43619, 36227, 61359, 25033, 26828, 94952, 78514, 81573, 7035, 57599, 63649, 37284, 79243, 23816, 36097, 45176, 45221, 21659, 73410, 77378, 61609, 53485, 83091, 55364, 804, 37863, 62128, 64631, 84523, 68409, 46658, 59869, 22948, 53816, 17703, 86036, 23930, 54711, 27159, 47907, 22129, 19429, 11704, 67050, 80298, 69224, 57646, 14733, 44317, 85077, 74191, 78264, 27076, 89776, 5196, 46711, 95884, 100000, 42859, 92197, 62164, 34041, 96434, 9186, 84986, 23729, 32442, 9078, 30947, 10584, 90176, 39265, 2903, 26641, 17813, 64068, 47390, 53496, 84055, 91192, 43627, 10978, 20051, 63072, 17541, 52384, 82602, 2071, 73349, 76496, 93237, 90746, 94169, 1089, 1963, 87259, 78716, 97251, 74560, 92319, 88430, 30065, 35943, 26646, 58575, 20564, 68822, 1955, 11977, 701, 8879, 51642, 65013, 37021, 8254, 64968, 54544, 55206, 50487, 94823, 39401, 11005, 50507, 4078, 47520, 40046, 60171, 93652, 930, 40344, 61205, 60575, 32914, 87845, 18974, 88335, 23738, 9159, 67945, 35873, 79289, 92027, 47069, 50717, 19269, 86431, 12677, 1847, 82569, 10719, 49874, 57438, 74245, 9728, 35214, 60927, 50418, 3072, 33653, 84097, 10451, 10948, 43565, 35042, 52901, 60373, 71523, 99916, 21066, 31862, 7158, 61957, 29065, 73503, 77066, 90914, 2224, 23949, 58836, 36313, 52163, 15402, 95181, 97248, 72223, 64484, 31579, 7361, 13133, 8559, 5315, 12957, 97480, 15964, 47289, 18201, 64048, 38836, 23949, 65274, 81688, 15908, 97641, 68909, 88194, 58203, 54156, 17884, 17015, 98114, 85070, 44487, 35609, 43946, 13163, 68656, 46368, 64590, 40998, 4333, 23209, 48312, 91519, 45912, 95154, 82162, 65190, 2680, 41571, 50993, 530, 20715, 62325, 69130, 87411, 51896, 25041, 1061, 92007, 16083, 61009, 22448, 76926, 40530, 5740, 65551, 74307, 70243, 88860, 56449, 62236, 73737, 14864, 20769, 33438, 2720, 19958, 14224, 62871, 11924, 4195, 94579, 90772, 15850, 32394, 39534, 94217, 24432, 49736, 19142, 95031, 91556, 84878, 36003, 82744, 39005, 77560, 67854, 74174, 65238, 42610, 38442, 5045, 8394, 50169, 85223, 39318, 11999, 19698, 62218, 20982, 75579, 83921, 36322, 81232, 74890, 79155, 7974, 87957, 31618, 15302, 46288, 41529, 54402, 51898, 8904, 68466, 16655, 33307, 87657, 62302, 99805, 94712, 27432, 6792, 318, 28470, 61849, 26074, 24481, 33234, 11701, 90978, 8418, 34547, 73073, 14229, 92931, 45528, 46305, 58234, 95428, 52910, 64691, 89529, 6125, 95529, 23717, 34258, 15039, 26343, 25322, 18533, 87153, 22501, 24377, 93511, 91108, 66007, 60481, 95208, 62676, 92031, 61249, 21040, 27224, 8088, 84181, 33593, 86548, 72607, 12800, 5611, 73844, 6692, 65230, 36526, 2469, 35635, 48449, 14719, 78189, 85243, 55844, 24071, 23788, 78878, 22883, 30166, 25797, 10713, 24202, 63862, 69116, 6614, 65627, 74821, 9118, 52050, 1045, 85212, 62012, 89898, 79364, 88858, 96964, 35830, 60888, 26734, 88556, 30404, 7619, 80278, 68622, 93232, 34306, 31485, 56275, 18665, 75621, 64839, 93770, 28199, 22239, 59130, 77628, 99168, 70420, 75781, 62501, 671, 82149, 26309, 8026, 6187, 34342, 77941, 96327, 7003, 65713, 2941, 26673, 45799, 5550, 98918, 65458, 56546, 58743, 93533, 64790, 30347, 32662, 73325, 77970, 21733, 35559, 73040, 79043, 59441, 82022, 37637, 7661, 94041, 96708, 7898, 70255, 89025, 83488, 90561, 63581, 77717, 74197, 27575, 58299, 53110, 73807, 71575, 26219, 35022, 49263, 13153, 34531, 51399, 44165, 26477, 4658, 89217, 10088, 77375, 38696, 57234, 69828, 27880, 19969, 12884, 48301, 32382, 79158, 72530, 2303, 28606, 30300, 17727, 74408, 82473, 74031, 47501, 28349, 67701, 75802, 89880, 6847, 37677, 42094, 59098, 33292, 25396, 1653, 33802, 37033, 82988, 18807, 34788, 32442, 21412, 79504, 70667, 67140, 188, 92567, 14712, 41955, 83231, 16604, 44261, 9248, 17311, 28714, 91679, 32487, 26287, 45537, 96338, 4907, 91004, 40305, 38855, 30113, 31802, 90368, 29632, 22399, 27504, 74924, 64570, 3170, 73381, 73608, 82107, 55004, 28453, 81413, 83401, 86827, 3755, 19280, 39809, 58531, 69352, 77285, 75236, 65692, 7596, 96792, 61193, 32718, 15171, 87988, 30166, 54746, 77236, 17432, 95331, 38981, 88240, 38898, 32172, 79555, 11740, 12372, 21314, 35314, 93047, 42158, 12888, 45757, 12444, 53196, 24354, 10754, 11298, 51034, 29460, 54561, 63362, 63137, 80288, 88200, 90124, 34341, 79738, 29507, 1371, 45727, 33233, 20038, 80414, 21940, 30707, 90006, 24595, 36850, 16424, 43356, 57374, 16541, 37502, 37384, 44186, 1581, 55147, 81574, 36342, 34700, 77319, 28025, 42804, 70814, 97334, 63170, 45671, 92728, 50865, 61805, 79230, 95797, 79382, 69832, 39248, 70970, 62614, 68180, 36578, 66699, 90803, 28447, 48009, 97357, 19944, 60879, 16057, 92445, 75982, 37067, 41406, 92224, 10099, 38077, 10238, 68458, 6537, 63778, 57556, 62039, 11823, 13270, 39382, 5448, 99101, 892, 8806, 21031, 7912, 86405, 50251, 88331, 79170, 19276, 48689, 73426, 83963, 98871, 32530, 19826, 24930, 70628, 89666, 23784, 22342, 79694, 80437, 28733, 99765, 7735, 65443, 39629, 65691, 45234, 52942, 70165, 64742, 7593, 35389, 38346, 53370, 1486, 63745, 59201, 84112, 82078, 59842, 55744, 6361, 15079, 910, 53287, 86305, 5582, 34924, 69056, 67927, 31852, 80811, 3497, 24763, 76576, 6447, 51921, 24582, 67902, 99777, 99703, 83341, 49007, 99280, 24090, 6799, 52732, 30031, 47977, 87252, 5024, 40270, 25148, 18576, 16321, 73258, 96568, 50330, 93058, 53931, 82548, 70345, 30377, 16363, 46283, 71917, 19219, 34599, 59905, 76185, 99134, 52728, 85779, 32717, 4809, 23223, 7767, 36688, 17927, 33222, 5461, 58987, 99150, 82453, 68878, 27439, 92942, 79331, 71474, 34897, 35197, 84658, 51810, 88051, 90117, 15640, 25537, 1192, 5758, 16919, 16570, 54940, 71350, 57863, 28374, 25430, 96910, 25138, 30623, 84961, 23541, 35862, 94330, 34467, 45322, 3068, 32691, 19717, 72709, 77504, 12874, 8035, 4199, 32629, 29326, 50091, 4290, 69037, 67868, 4858, 18189, 81289, 10537, 34484, 97761, 36705, 52886, 29677, 92414, 65300, 4493, 83991, 25685, 6104, 23112, 72137, 96757, 13483, 18308, 221, 14358, 49795, 76044, 65013, 87872, 95304, 14399, 812, 64706, 60775, 65656, 55460, 64130, 33001, 14835, 17431, 45023, 79744, 46149, 17211, 1932, 89664, 35867, 75834, 45835, 33920, 51887, 56077, 57612, 3201, 66246, 43129, 72962, 59486, 41799, 36083, 78794, 55644, 16064, 47916, 43687, 87424, 99482, 17585, 78994, 36067, 56930, 68493, 83129, 64732, 86546, 74055, 94524, 52064, 83683, 31321, 53390, 89787, 97909, 96890, 42138, 43171, 63419, 72477, 642, 72325, 14142, 88837, 64298, 53853, 33912, 90976, 51351, 53580, 44520, 1115, 7377, 51291, 91564, 16199, 86922, 17805, 85895, 43694, 18547, 43604, 34423, 97118, 34445, 84791, 71375, 31055, 9941, 27422, 27295, 25492, 21731, 54058, 56103, 74702, 88389, 39787, 83292, 56321, 80058, 48446, 90534, 99020, 53183, 57349, 5351, 62399, 11726, 72703, 23079, 88458, 14886, 42115, 37381, 53447, 80416, 75451, 17441, 22787, 25968, 37997, 43457, 70409, 3144, 30291, 27680, 46416, 33566, 93834, 69479, 8313]})"
43.0,9,41,14,10.385895252227783,210,"Genotype(dna={""<class 'abc.NT_0014'>"": [28716, 7628], ""<class 'abc.NT_0014_P_00000'>"": [], ""<class 'abc.NT_0003'>"": [], ""<class 'abc.NT_0003_P_00000'>"": [], ""<class 'bool'>"": [44268, 98370, 93055, 22069, 91850, 93033, 11504, 95280, 56278, 13913, 91591, 97012, 50516, 89077, 91601, 80048, 98529, 76229, 96396, 90534, 62399, 14886, 86613, 30291, 93834, 69479, 8313], ""<class 'abc.NT_0000'>"": [0, 2, 3, 0, 0, 92735, 3, 0, 57112, 0, 0, 0, 0, 77429, 3, 67907, 2, 0, 2823, 0, 47365, 0, 40082, 0, 1, 36984, 2, 0, 2, 0, 0, 0, 0, 0, 1053, 40150, 1, 3136, 63679, 1290, 48446, 25314, 57349, 5351, 72703, 23079, 88458, 75451, 17441, 22787, 25968, 37997, 43457, 70409, 3144], ""<class 'abc.NT_0000_P_00000'>"": [], ""<class 'int'>"": [27329, 89970, 15638, 94912, 79572, 49242, 25019, 94292, 7422, 15130, 10348, 68747, 83981, 41079, 54502, 67215, 24459, 16472, 24884, 87223, 86415, 85267, 30558, 68477, 26738, 18149, 77382, 79248, 95021, 30291, 69479, 56653, 51366, 76187, 63194, 54071, 44166, 38385], ""<class 'abc.NT_0000_P_00001'>"": [], ""<class 'abc.NT_0000_P_00002'>"": [], ""<class 'abc.NT_0000_P_00003'>"": [], ""<class 'abc.NT_0001'>"": [1, 6, 59169, 80416, 46416, 33566], ""<class 'abc.NT_0001_P_00000'>"": [], ""<class 'abc.NT_0001_P_00001'>"": [], ""<class 'abc.NT_0001_P_00002'>"": [], ""<class 'abc.NT_0001_P_00003'>"": [], ""<class 'abc.NT_0001_P_00004'>"": [], ""<class 'abc.NT_0001_P_00005'>"": [], ""<class 'abc.NT_0001_P_00006'>"": [], ""<class 'abc.NT_0003_P_00001'>"": [], ""<class 'abc.NT_0002'>"": [0, 54058], ""<class 'abc.NT_0002_P_00000'>"": [], ""<class 'abc.NT_0002_P_00001'>"": [], ""<class 'abc.NT_0002_P_00002'>"": [], ""<class 'abc.NT_0002_P_00003'>"": [], ""<class 'abc.NT_0004'>"": [], ""<class 'abc.NT_0004_P_00000'>"": [], ""<class 'abc.NT_0014_P_00001'>"": [], ""<class 'abc.NT_0013'>"": [43273, 87753, 83292], ""<class 'abc.NT_0013_P_00000'>"": [], ""<class 'abc.NT_0011'>"": [1, 98607], ""<class 'abc.NT_0011_P_00000'>"": [], ""<class 'abc.NT_0011_P_00001'>"": [], ""<class 'abc.NT_0008'>"": [56358, 25492], ""<class 'abc.NT_0008_P_00000'>"": [], ""<class 'abc.NT_0005'>"": [65439, 70998], ""<class 'abc.NT_0005_P_00000'>"": [], ""<class 'abc.NT_0005_P_00001'>"": [], ""<class 'abc.NT_0007'>"": [0, 27295], ""<class 'abc.NT_0007_P_00000'>"": [], ""<class 'abc.NT_0006'>"": [51447, 91312], ""<class 'abc.NT_0006_P_00000'>"": [], ""<class 'abc.NT_0006_P_00001'>"": [], ""<class 'abc.NT_0007_P_00001'>"": [], ""<class 'abc.NT_0007_P_00002'>"": [], ""<class 'abc.NT_0007_P_00003'>"": [], ""<class 'abc.NT_0008_P_00001'>"": [], ""<class 'abc.NT_0009'>"": [8, 1, 39787], ""<class 'abc.NT_0009_P_00000'>"": [], ""<class 'abc.NT_0009_P_00001'>"": [], ""<class 'abc.NT_0009_P_00002'>"": [], ""<class 'abc.NT_0009_P_00003'>"": [], ""<class 'abc.NT_0009_P_00004'>"": [], ""<class 'abc.NT_0009_P_00005'>"": [], ""<class 'abc.NT_0009_P_00006'>"": [], ""<class 'abc.NT_0009_P_00007'>"": [], ""<class 'abc.NT_0009_P_00008'>"": [], ""<class 'abc.NT_0011_P_00002'>"": [], ""<class 'abc.NT_0010'>"": [53447, 27680], ""<class 'abc.NT_0010_P_00000'>"": [], ""<class 'abc.NT_0010_P_00001'>"": [], ""<class 'abc.NT_0010_P_00002'>"": [], ""<class 'abc.NT_0010_P_00003'>"": [], ""<class 'abc.NT_0010_P_00004'>"": [], ""<class 'abc.NT_0010_P_00005'>"": [], ""<class 'abc.NT_0011_P_00003'>"": [], ""<class 'abc.NT_0011_P_00004'>"": [], ""<class 'abc.NT_0011_P_00005'>"": [], ""<class 'abc.NT_0011_P_00006'>"": [], ""<class 'abc.NT_0011_P_00007'>"": [], ""<class 'abc.NT_0011_P_00008'>"": [], ""<class 'abc.NT_0011_P_00009'>"": [], ""<class 'abc.NT_0014_P_00002'>"": [], ""<class 'abc.NT_0014_P_00003'>"": [], ""<class 'abc.NT_0014_P_00004'>"": [], '$leftovers': [69016, 56653, 612, 51366, 29977, 7941, 62781, 93978, 48081, 63396, 57279, 63194, 37786, 54499, 54071, 7255, 805, 91855, 9788, 55863, 13874, 90931, 38385, 43619, 36227, 61359, 25033, 26828, 94952, 78514, 81573, 7035, 57599, 63649, 37284, 79243, 23816, 36097, 45176, 45221, 21659, 73410, 77378, 61609, 53485, 83091, 55364, 804, 37863, 62128, 64631, 84523, 68409, 46658, 59869, 22948, 53816, 17703, 86036, 23930, 54711, 27159, 47907, 22129, 19429, 11704, 67050, 80298, 69224, 57646, 14733, 44317, 85077, 74191, 78264, 27076, 89776, 5196, 46711, 95884, 100000, 42859, 92197, 62164, 34041, 96434, 9186, 84986, 23729, 32442, 9078, 30947, 10584, 90176, 39265, 2903, 26641, 17813, 64068, 47390, 53496, 84055, 91192, 43627, 10978, 20051, 63072, 17541, 52384, 82602, 2071, 73349, 76496, 93237, 90746, 94169, 1089, 1963, 87259, 78716, 97251, 74560, 92319, 88430, 30065, 35943, 26646, 58575, 20564, 68822, 1955, 11977, 701, 8879, 51642, 65013, 37021, 8254, 64968, 54544, 55206, 50487, 94823, 39401, 11005, 50507, 4078, 47520, 40046, 60171, 93652, 930, 40344, 61205, 60575, 32914, 87845, 18974, 88335, 23738, 9159, 67945, 35873, 79289, 92027, 47069, 50717, 19269, 86431, 12677, 1847, 82569, 10719, 49874, 57438, 74245, 9728, 35214, 60927, 50418, 3072, 33653, 84097, 10451, 10948, 43565, 35042, 52901, 60373, 71523, 99916, 21066, 31862, 7158, 61957, 29065, 73503, 77066, 90914, 2224, 23949, 58836, 36313, 52163, 15402, 95181, 97248, 72223, 64484, 31579, 7361, 13133, 8559, 5315, 12957, 97480, 15964, 47289, 18201, 64048, 38836, 23949, 65274, 81688, 15908, 97641, 68909, 88194, 58203, 54156, 17884, 17015, 98114, 85070, 44487, 35609, 43946, 13163, 68656, 46368, 64590, 40998, 4333, 23209, 48312, 91519, 45912, 95154, 82162, 65190, 2680, 41571, 50993, 530, 20715, 62325, 69130, 87411, 51896, 25041, 1061, 92007, 16083, 61009, 22448, 76926, 40530, 5740, 65551, 74307, 70243, 88860, 56449, 62236, 73737, 14864, 20769, 33438, 2720, 19958, 14224, 62871, 11924, 4195, 94579, 90772, 15850, 32394, 39534, 94217, 24432, 49736, 19142, 95031, 91556, 84878, 36003, 82744, 39005, 77560, 67854, 74174, 65238, 42610, 38442, 5045, 8394, 50169, 85223, 39318, 11999, 19698, 62218, 20982, 75579, 83921, 36322, 81232, 74890, 79155, 7974, 87957, 31618, 15302, 46288, 41529, 54402, 51898, 8904, 68466, 16655, 33307, 87657, 62302, 99805, 94712, 27432, 6792, 318, 28470, 61849, 26074, 24481, 33234, 11701, 90978, 8418, 34547, 73073, 14229, 92931, 45528, 46305, 58234, 95428, 52910, 64691, 89529, 6125, 95529, 23717, 34258, 15039, 26343, 25322, 18533, 87153, 22501, 24377, 93511, 91108, 66007, 60481, 95208, 62676, 92031, 61249, 21040, 27224, 8088, 84181, 33593, 86548, 72607, 12800, 5611, 73844, 6692, 65230, 36526, 2469, 35635, 48449, 14719, 78189, 85243, 55844, 24071, 23788, 78878, 22883, 30166, 25797, 10713, 24202, 63862, 69116, 6614, 65627, 74821, 9118, 52050, 1045, 85212, 62012, 89898, 79364, 88858, 96964, 35830, 60888, 26734, 88556, 30404, 7619, 80278, 68622, 93232, 34306, 31485, 56275, 18665, 75621, 64839, 93770, 28199, 22239, 59130, 77628, 99168, 70420, 75781, 62501, 671, 82149, 26309, 8026, 6187, 34342, 77941, 96327, 7003, 65713, 2941, 26673, 45799, 5550, 98918, 65458, 56546, 58743, 93533, 64790, 30347, 32662, 73325, 77970, 21733, 35559, 73040, 79043, 59441, 82022, 37637, 7661, 94041, 96708, 7898, 70255, 89025, 83488, 90561, 63581, 77717, 74197, 27575, 58299, 53110, 73807, 71575, 26219, 35022, 49263, 13153, 34531, 51399, 44165, 26477, 4658, 89217, 10088, 77375, 38696, 57234, 69828, 27880, 19969, 12884, 48301, 32382, 79158, 72530, 2303, 28606, 30300, 17727, 74408, 82473, 74031, 47501, 28349, 67701, 75802, 89880, 6847, 37677, 42094, 59098, 33292, 25396, 1653, 33802, 37033, 82988, 18807, 34788, 32442, 21412, 79504, 70667, 67140, 188, 92567, 14712, 41955, 83231, 16604, 44261, 9248, 17311, 28714, 91679, 32487, 26287, 45537, 96338, 4907, 91004, 40305, 38855, 30113, 31802, 90368, 29632, 22399, 27504, 74924, 64570, 3170, 73381, 73608, 82107, 55004, 28453, 81413, 83401, 86827, 3755, 19280, 39809, 58531, 69352, 77285, 75236, 65692, 7596, 96792, 61193, 32718, 15171, 87988, 30166, 54746, 77236, 17432, 95331, 38981, 88240, 38898, 32172, 79555, 11740, 12372, 21314, 35314, 93047, 42158, 12888, 45757, 12444, 53196, 24354, 10754, 11298, 51034, 29460, 54561, 63362, 63137, 80288, 88200, 90124, 34341, 79738, 29507, 1371, 45727, 33233, 20038, 80414, 21940, 30707, 90006, 24595, 36850, 16424, 43356, 57374, 16541, 37502, 37384, 44186, 1581, 55147, 81574, 36342, 34700, 77319, 28025, 42804, 70814, 97334, 63170, 45671, 92728, 50865, 61805, 79230, 95797, 79382, 69832, 39248, 70970, 62614, 68180, 36578, 66699, 90803, 28447, 48009, 97357, 19944, 60879, 16057, 92445, 75982, 37067, 41406, 92224, 10099, 38077, 10238, 68458, 6537, 63778, 57556, 62039, 11823, 13270, 39382, 5448, 99101, 892, 8806, 21031, 7912, 86405, 50251, 88331, 79170, 19276, 48689, 73426, 83963, 98871, 32530, 19826, 24930, 70628, 89666, 23784, 22342, 79694, 80437, 28733, 99765, 7735, 65443, 39629, 65691, 45234, 52942, 70165, 64742, 7593, 35389, 38346, 53370, 1486, 63745, 59201, 84112, 82078, 59842, 55744, 6361, 15079, 910, 53287, 86305, 5582, 34924, 69056, 67927, 31852, 80811, 3497, 24763, 76576, 6447, 51921, 24582, 67902, 99777, 99703, 83341, 49007, 99280, 24090, 6799, 52732, 30031, 47977, 87252, 5024, 40270, 25148, 18576, 16321, 73258, 96568, 50330, 93058, 53931, 82548, 70345, 30377, 16363, 46283, 71917, 19219, 34599, 59905, 76185, 99134, 52728, 85779, 32717, 4809, 23223, 7767, 36688, 17927, 33222, 5461, 58987, 99150, 82453, 68878, 27439, 92942, 79331, 71474, 34897, 35197, 84658, 51810, 88051, 90117, 15640, 25537, 1192, 5758, 16919, 16570, 54940, 71350, 57863, 28374, 25430, 96910, 25138, 30623, 84961, 23541, 35862, 94330, 34467, 45322, 3068, 32691, 19717, 72709, 77504, 12874, 8035, 4199, 32629, 29326, 50091, 4290, 69037, 67868, 4858, 18189, 81289, 10537, 34484, 97761, 36705, 52886, 29677, 92414, 65300, 4493, 83991, 25685, 6104, 23112, 72137, 96757, 13483, 18308, 221, 14358, 49795, 76044, 65013, 87872, 95304, 14399, 812, 64706, 60775, 65656, 55460, 64130, 33001, 14835, 17431, 45023, 79744, 46149, 17211, 1932, 89664, 35867, 75834, 45835, 33920, 51887, 56077, 57612, 3201, 66246, 43129, 72962, 59486, 41799, 36083, 78794, 55644, 16064, 47916, 43687, 87424, 99482, 17585, 78994, 36067, 56930, 68493, 83129, 64732, 86546, 74055, 94524, 52064, 83683, 31321, 53390, 89787, 97909, 96890, 42138, 43171, 63419, 72477, 642, 72325, 14142, 88837, 64298, 53853, 33912, 90976, 51351, 53580, 44520, 1115, 7377, 51291, 91564, 16199, 86922, 17805, 85895, 43694, 18547, 43604, 34423, 97118, 34445, 84791, 71375, 31055, 9941, 27422, 27295, 25492, 21731, 54058, 56103, 74702, 88389, 39787, 83292, 56321, 80058, 48446, 90534, 99020, 53183, 57349, 5351, 62399, 11726, 72703, 23079, 88458, 14886, 42115, 37381, 53447, 80416, 75451, 17441, 22787, 25968, 37997, 43457, 70409, 3144, 30291, 27680, 46416, 33566, 93834, 69479, 8313]})"
43.0,9,41,15,10.971337795257568,210,"Genotype(dna={""<class 'abc.NT_0014'>"": [28716, 7628], ""<class 'abc.NT_0014_P_00000'>"": [], ""<class 'abc.NT_0003'>"": [], ""<class 'abc.NT_0003_P_00000'>"": [], ""<class 'bool'>"": [44268, 98370, 93055, 22069, 91850, 93033, 11504, 95280, 56278, 13913, 91591, 97012, 50516, 89077, 91601, 80048, 98529, 76229, 96396, 90534, 62399, 14886, 86613, 30291, 93834, 69479, 8313], ""<class 'abc.NT_0000'>"": [0, 2, 3, 0, 0, 92735, 3, 0, 57112, 0, 0, 0, 0, 77429, 3, 67907, 2, 0, 2823, 0, 47365, 0, 40082, 0, 1, 36984, 2, 0, 2, 0, 0, 0, 0, 0, 1053, 40150, 1, 3136, 63679, 1290, 48446, 25314, 57349, 5351, 72703, 23079, 88458, 75451, 17441, 22787, 25968, 37997, 43457, 70409, 3144], ""<class 'abc.NT_0000_P_00000'>"": [], ""<class 'int'>"": [27329, 89970, 15638, 94912, 79572, 49242, 25019, 94292, 7422, 15130, 10348, 68747, 83981, 41079, 54502, 67215, 24459, 16472, 24884, 87223, 86415, 85267, 30558, 68477, 26738, 18149, 77382, 79248, 95021, 30291, 69479, 56653, 51366, 76187, 63194, 54071, 44166, 38385], ""<class 'abc.NT_0000_P_00001'>"": [], ""<class 'abc.NT_0000_P_00002'>"": [], ""<class 'abc.NT_0000_P_00003'>"": [], ""<class 'abc.NT_0001'>"": [1, 6, 59169, 80416, 46416, 33566], ""<class 'abc.NT_0001_P_00000'>"": [], ""<class 'abc.NT_0001_P_00001'>"": [], ""<class 'abc.NT_0001_P_00002'>"": [], ""<class 'abc.NT_0001_P_00003'>"": [], ""<class 'abc.NT_0001_P_00004'>"": [], ""<class 'abc.NT_0001_P_00005'>"": [], ""<class 'abc.NT_0001_P_00006'>"": [], ""<class 'abc.NT_0003_P_00001'>"": [], ""<class 'abc.NT_0002'>"": [0, 54058], ""<class 'abc.NT_0002_P_00000'>"": [], ""<class 'abc.NT_0002_P_00001'>"": [], ""<class 'abc.NT_0002_P_00002'>"": [], ""<class 'abc.NT_0002_P_00003'>"": [], ""<class 'abc.NT_0004'>"": [], ""<class 'abc.NT_0004_P_00000'>"": [], ""<class 'abc.NT_0014_P_00001'>"": [], ""<class 'abc.NT_0013'>"": [43273, 87753, 83292], ""<class 'abc.NT_0013_P_00000'>"": [], ""<class 'abc.NT_0011'>"": [1, 98607], ""<class 'abc.NT_0011_P_00000'>"": [], ""<class 'abc.NT_0011_P_00001'>"": [], ""<class 'abc.NT_0008'>"": [56358, 25492], ""<class 'abc.NT_0008_P_00000'>"": [], ""<class 'abc.NT_0005'>"": [65439, 70998], ""<class 'abc.NT_0005_P_00000'>"": [], ""<class 'abc.NT_0005_P_00001'>"": [], ""<class 'abc.NT_0007'>"": [0, 27295], ""<class 'abc.NT_0007_P_00000'>"": [], ""<class 'abc.NT_0006'>"": [51447, 91312], ""<class 'abc.NT_0006_P_00000'>"": [], ""<class 'abc.NT_0006_P_00001'>"": [], ""<class 'abc.NT_0007_P_00001'>"": [], ""<class 'abc.NT_0007_P_00002'>"": [], ""<class 'abc.NT_0007_P_00003'>"": [], ""<class 'abc.NT_0008_P_00001'>"": [], ""<class 'abc.NT_0009'>"": [8, 1, 39787], ""<class 'abc.NT_0009_P_00000'>"": [], ""<class 'abc.NT_0009_P_00001'>"": [], ""<class 'abc.NT_0009_P_00002'>"": [], ""<class 'abc.NT_0009_P_00003'>"": [], ""<class 'abc.NT_0009_P_00004'>"": [], ""<class 'abc.NT_0009_P_00005'>"": [], ""<class 'abc.NT_0009_P_00006'>"": [], ""<class 'abc.NT_0009_P_00007'>"": [], ""<class 'abc.NT_0009_P_00008'>"": [], ""<class 'abc.NT_0011_P_00002'>"": [], ""<class 'abc.NT_0010'>"": [53447, 27680], ""<class 'abc.NT_0010_P_00000'>"": [], ""<class 'abc.NT_0010_P_00001'>"": [], ""<class 'abc.NT_0010_P_00002'>"": [], ""<class 'abc.NT_0010_P_00003'>"": [], ""<class 'abc.NT_0010_P_00004'>"": [], ""<class 'abc.NT_0010_P_00005'>"": [], ""<class 'abc.NT_0011_P_00003'>"": [], ""<class 'abc.NT_0011_P_00004'>"": [], ""<class 'abc.NT_0011_P_00005'>"": [], ""<class 'abc.NT_0011_P_00006'>"": [], ""<class 'abc.NT_0011_P_00007'>"": [], ""<class 'abc.NT_0011_P_00008'>"": [], ""<class 'abc.NT_0011_P_00009'>"": [], ""<class 'abc.NT_0014_P_00002'>"": [], ""<class 'abc.NT_0014_P_00003'>"": [], ""<class 'abc.NT_0014_P_00004'>"": [], '$leftovers': [69016, 56653, 612, 51366, 29977, 7941, 62781, 93978, 48081, 63396, 57279, 63194, 37786, 54499, 54071, 7255, 805, 91855, 9788, 55863, 13874, 90931, 38385, 43619, 36227, 61359, 25033, 26828, 94952, 78514, 81573, 7035, 57599, 63649, 37284, 79243, 23816, 36097, 45176, 45221, 21659, 73410, 77378, 61609, 53485, 83091, 55364, 804, 37863, 62128, 64631, 84523, 68409, 46658, 59869, 22948, 53816, 17703, 86036, 23930, 54711, 27159, 47907, 22129, 19429, 11704, 67050, 80298, 69224, 57646, 14733, 44317, 85077, 74191, 78264, 27076, 89776, 5196, 46711, 95884, 100000, 42859, 92197, 62164, 34041, 96434, 9186, 84986, 23729, 32442, 9078, 30947, 10584, 90176, 39265, 2903, 26641, 17813, 64068, 47390, 53496, 84055, 91192, 43627, 10978, 20051, 63072, 17541, 52384, 82602, 2071, 73349, 76496, 93237, 90746, 94169, 1089, 1963, 87259, 78716, 97251, 74560, 92319, 88430, 30065, 35943, 26646, 58575, 20564, 68822, 1955, 11977, 701, 8879, 51642, 65013, 37021, 8254, 64968, 54544, 55206, 50487, 94823, 39401, 11005, 50507, 4078, 47520, 40046, 60171, 93652, 930, 40344, 61205, 60575, 32914, 87845, 18974, 88335, 23738, 9159, 67945, 35873, 79289, 92027, 47069, 50717, 19269, 86431, 12677, 1847, 82569, 10719, 49874, 57438, 74245, 9728, 35214, 60927, 50418, 3072, 33653, 84097, 10451, 10948, 43565, 35042, 52901, 60373, 71523, 99916, 21066, 31862, 7158, 61957, 29065, 73503, 77066, 90914, 2224, 23949, 58836, 36313, 52163, 15402, 95181, 97248, 72223, 64484, 31579, 7361, 13133, 8559, 5315, 12957, 97480, 15964, 47289, 18201, 64048, 38836, 23949, 65274, 81688, 15908, 97641, 68909, 88194, 58203, 54156, 17884, 17015, 98114, 85070, 44487, 35609, 43946, 13163, 68656, 46368, 64590, 40998, 4333, 23209, 48312, 91519, 45912, 95154, 82162, 65190, 2680, 41571, 50993, 530, 20715, 62325, 69130, 87411, 51896, 25041, 1061, 92007, 16083, 61009, 22448, 76926, 40530, 5740, 65551, 74307, 70243, 88860, 56449, 62236, 73737, 14864, 20769, 33438, 2720, 19958, 14224, 62871, 11924, 4195, 94579, 90772, 15850, 32394, 39534, 94217, 24432, 49736, 19142, 95031, 91556, 84878, 36003, 82744, 39005, 77560, 67854, 74174, 65238, 42610, 38442, 5045, 8394, 50169, 85223, 39318, 11999, 19698, 62218, 20982, 75579, 83921, 36322, 81232, 74890, 79155, 7974, 87957, 31618, 15302, 46288, 41529, 54402, 51898, 8904, 68466, 16655, 33307, 87657, 62302, 99805, 94712, 27432, 6792, 318, 28470, 61849, 26074, 24481, 33234, 11701, 90978, 8418, 34547, 73073, 14229, 92931, 45528, 46305, 58234, 95428, 52910, 64691, 89529, 6125, 95529, 23717, 34258, 15039, 26343, 25322, 18533, 87153, 22501, 24377, 93511, 91108, 66007, 60481, 95208, 62676, 92031, 61249, 21040, 27224, 8088, 84181, 33593, 86548, 72607, 12800, 5611, 73844, 6692, 65230, 36526, 2469, 35635, 48449, 14719, 78189, 85243, 55844, 24071, 23788, 78878, 22883, 30166, 25797, 10713, 24202, 63862, 69116, 6614, 65627, 74821, 9118, 52050, 1045, 85212, 62012, 89898, 79364, 88858, 96964, 35830, 60888, 26734, 88556, 30404, 7619, 80278, 68622, 93232, 34306, 31485, 56275, 18665, 75621, 64839, 93770, 28199, 22239, 59130, 77628, 99168, 70420, 75781, 62501, 671, 82149, 26309, 8026, 6187, 34342, 77941, 96327, 7003, 65713, 2941, 26673, 45799, 5550, 98918, 65458, 56546, 58743, 93533, 64790, 30347, 32662, 73325, 77970, 21733, 35559, 73040, 79043, 59441, 82022, 37637, 7661, 94041, 96708, 7898, 70255, 89025, 83488, 90561, 63581, 77717, 74197, 27575, 58299, 53110, 73807, 71575, 26219, 35022, 49263, 13153, 34531, 51399, 44165, 26477, 4658, 89217, 10088, 77375, 38696, 57234, 69828, 27880, 19969, 12884, 48301, 32382, 79158, 72530, 2303, 28606, 30300, 17727, 74408, 82473, 74031, 47501, 28349, 67701, 75802, 89880, 6847, 37677, 42094, 59098, 33292, 25396, 1653, 33802, 37033, 82988, 18807, 34788, 32442, 21412, 79504, 70667, 67140, 188, 92567, 14712, 41955, 83231, 16604, 44261, 9248, 17311, 28714, 91679, 32487, 26287, 45537, 96338, 4907, 91004, 40305, 38855, 30113, 31802, 90368, 29632, 22399, 27504, 74924, 64570, 3170, 73381, 73608, 82107, 55004, 28453, 81413, 83401, 86827, 3755, 19280, 39809, 58531, 69352, 77285, 75236, 65692, 7596, 96792, 61193, 32718, 15171, 87988, 30166, 54746, 77236, 17432, 95331, 38981, 88240, 38898, 32172, 79555, 11740, 12372, 21314, 35314, 93047, 42158, 12888, 45757, 12444, 53196, 24354, 10754, 11298, 51034, 29460, 54561, 63362, 63137, 80288, 88200, 90124, 34341, 79738, 29507, 1371, 45727, 33233, 20038, 80414, 21940, 30707, 90006, 24595, 36850, 16424, 43356, 57374, 16541, 37502, 37384, 44186, 1581, 55147, 81574, 36342, 34700, 77319, 28025, 42804, 70814, 97334, 63170, 45671, 92728, 50865, 61805, 79230, 95797, 79382, 69832, 39248, 70970, 62614, 68180, 36578, 66699, 90803, 28447, 48009, 97357, 19944, 60879, 16057, 92445, 75982, 37067, 41406, 92224, 10099, 38077, 10238, 68458, 6537, 63778, 57556, 62039, 11823, 13270, 39382, 5448, 99101, 892, 8806, 21031, 7912, 86405, 50251, 88331, 79170, 19276, 48689, 73426, 83963, 98871, 32530, 19826, 24930, 70628, 89666, 23784, 22342, 79694, 80437, 28733, 99765, 7735, 65443, 39629, 65691, 45234, 52942, 70165, 64742, 7593, 35389, 38346, 53370, 1486, 63745, 59201, 84112, 82078, 59842, 55744, 6361, 15079, 910, 53287, 86305, 5582, 34924, 69056, 67927, 31852, 80811, 3497, 24763, 76576, 6447, 51921, 24582, 67902, 99777, 99703, 83341, 49007, 99280, 24090, 6799, 52732, 30031, 47977, 87252, 5024, 40270, 25148, 18576, 16321, 73258, 96568, 50330, 93058, 53931, 82548, 70345, 30377, 16363, 46283, 71917, 19219, 34599, 59905, 76185, 99134, 52728, 85779, 32717, 4809, 23223, 7767, 36688, 17927, 33222, 5461, 58987, 99150, 82453, 68878, 27439, 92942, 79331, 71474, 34897, 35197, 84658, 51810, 88051, 90117, 15640, 25537, 1192, 5758, 16919, 16570, 54940, 71350, 57863, 28374, 25430, 96910, 25138, 30623, 84961, 23541, 35862, 94330, 34467, 45322, 3068, 32691, 19717, 72709, 77504, 12874, 8035, 4199, 32629, 29326, 50091, 4290, 69037, 67868, 4858, 18189, 81289, 10537, 34484, 97761, 36705, 52886, 29677, 92414, 65300, 4493, 83991, 25685, 6104, 23112, 72137, 96757, 13483, 18308, 221, 14358, 49795, 76044, 65013, 87872, 95304, 14399, 812, 64706, 60775, 65656, 55460, 64130, 33001, 14835, 17431, 45023, 79744, 46149, 17211, 1932, 89664, 35867, 75834, 45835, 33920, 51887, 56077, 57612, 3201, 66246, 43129, 72962, 59486, 41799, 36083, 78794, 55644, 16064, 47916, 43687, 87424, 99482, 17585, 78994, 36067, 56930, 68493, 83129, 64732, 86546, 74055, 94524, 52064, 83683, 31321, 53390, 89787, 97909, 96890, 42138, 43171, 63419, 72477, 642, 72325, 14142, 88837, 64298, 53853, 33912, 90976, 51351, 53580, 44520, 1115, 7377, 51291, 91564, 16199, 86922, 17805, 85895, 43694, 18547, 43604, 34423, 97118, 34445, 84791, 71375, 31055, 9941, 27422, 27295, 25492, 21731, 54058, 56103, 74702, 88389, 39787, 83292, 56321, 80058, 48446, 90534, 99020, 53183, 57349, 5351, 62399, 11726, 72703, 23079, 88458, 14886, 42115, 37381, 53447, 80416, 75451, 17441, 22787, 25968, 37997, 43457, 70409, 3144, 30291, 27680, 46416, 33566, 93834, 69479, 8313]})"
42.0,9,38,16,11.514835834503174,210,"Genotype(dna={""<class 'abc.NT_0014'>"": [28716, 7628], ""<class 'abc.NT_0014_P_00000'>"": [], ""<class 'abc.NT_0003'>"": [], ""<class 'abc.NT_0003_P_00000'>"": [], ""<class 'bool'>"": [44268, 98370, 93055, 22069, 91850, 93033, 11504, 95280, 56278, 13913, 91591, 97012, 50516, 89077, 91601, 80048, 98529, 76229, 96396, 90534, 62399, 14886, 86613, 30291, 93834, 91750, 8313], ""<class 'abc.NT_0000'>"": [0, 2, 3, 0, 0, 92735, 3, 0, 57112, 0, 0, 0, 0, 77429, 3, 67907, 2, 0, 2823, 0, 47365, 0, 40082, 0, 1, 36984, 2, 0, 2, 0, 0, 23376, 0, 0, 1053, 40150, 1, 3136, 63679, 1290, 48446, 25314, 57349, 5351, 72703, 18669, 88458, 75451, 17441, 22787, 25968, 37997, 43457, 70409, 3144], ""<class 'abc.NT_0000_P_00000'>"": [], ""<class 'int'>"": [27329, 89970, 15638, 94912, 79572, 49242, 25019, 94292, 7422, 15130, 10348, 68747, 30251, 41079, 54502, 67215, 24459, 16472, 24884, 87223, 86415, 85267, 30558, 68477, 26738, 18149, 77382, 79248, 95021, 30291, 69479, 56653, 51366, 76187, 63194, 54071, 44166, 38385], ""<class 'abc.NT_0000_P_00001'>"": [], ""<class 'abc.NT_0000_P_00002'>"": [], ""<class 'abc.NT_0000_P_00003'>"": [], ""<class 'abc.NT_0001'>"": [1, 6, 59169, 80416, 46416, 33566], ""<class 'abc.NT_0001_P_00000'>"": [], ""<class 'abc.NT_0001_P_00001'>"": [], ""<class 'abc.NT_0001_P_00002'>"": [], ""<class 'abc.NT_0001_P_00003'>"": [], ""<class 'abc.NT_0001_P_00004'>"": [], ""<class 'abc.NT_0001_P_00005'>"": [], ""<class 'abc.NT_0001_P_00006'>"": [], ""<class 'abc.NT_0003_P_00001'>"": [], ""<class 'abc.NT_0002'>"": [0, 54058], ""<class 'abc.NT_0002_P_00000'>"": [], ""<class 'abc.NT_0002_P_00001'>"": [], ""<class 'abc.NT_0002_P_00002'>"": [], ""<class 'abc.NT_0002_P_00003'>"": [], ""<class 'abc.NT_0004'>"": [], ""<class 'abc.NT_0004_P_00000'>"": [], ""<class 'abc.NT_0014_P_00001'>"": [], ""<class 'abc.NT_0013'>"": [43273, 87753, 83292], ""<class 'abc.NT_0013_P_00000'>"": [], ""<class 'abc.NT_0011'>"": [1, 98607], ""<class 'abc.NT_0011_P_00000'>"": [], ""<class 'abc.NT_0011_P_00001'>"": [], ""<class 'abc.NT_0008'>"": [56358, 25492], ""<class 'abc.NT_0008_P_00000'>"": [], ""<class 'abc.NT_0005'>"": [65439, 70998], ""<class 'abc.NT_0005_P_00000'>"": [], ""<class 'abc.NT_0005_P_00001'>"": [], ""<class 'abc.NT_0007'>"": [47427, 27295], ""<class 'abc.NT_0007_P_00000'>"": [], ""<class 'abc.NT_0006'>"": [51447, 91312], ""<class 'abc.NT_0006_P_00000'>"": [], ""<class 'abc.NT_0006_P_00001'>"": [], ""<class 'abc.NT_0007_P_00001'>"": [], ""<class 'abc.NT_0007_P_00002'>"": [], ""<class 'abc.NT_0007_P_00003'>"": [], ""<class 'abc.NT_0008_P_00001'>"": [], ""<class 'abc.NT_0009'>"": [8, 1, 39787], ""<class 'abc.NT_0009_P_00000'>"": [], ""<class 'abc.NT_0009_P_00001'>"": [], ""<class 'abc.NT_0009_P_00002'>"": [], ""<class 'abc.NT_0009_P_00003'>"": [], ""<class 'abc.NT_0009_P_00004'>"": [], ""<class 'abc.NT_0009_P_00005'>"": [], ""<class 'abc.NT_0009_P_00006'>"": [], ""<class 'abc.NT_0009_P_00007'>"": [], ""<class 'abc.NT_0009_P_00008'>"": [], ""<class 'abc.NT_0011_P_00002'>"": [], ""<class 'abc.NT_0010'>"": [53447, 27680], ""<class 'abc.NT_0010_P_00000'>"": [], ""<class 'abc.NT_0010_P_00001'>"": [], ""<class 'abc.NT_0010_P_00002'>"": [], ""<class 'abc.NT_0010_P_00003'>"": [], ""<class 'abc.NT_0010_P_00004'>"": [], ""<class 'abc.NT_0010_P_00005'>"": [], ""<class 'abc.NT_0011_P_00003'>"": [], ""<class 'abc.NT_0011_P_00004'>"": [], ""<class 'abc.NT_0011_P_00005'>"": [], ""<class 'abc.NT_0011_P_00006'>"": [], ""<class 'abc.NT_0011_P_00007'>"": [], ""<class 'abc.NT_0011_P_00008'>"": [], ""<class 'abc.NT_0011_P_00009'>"": [], ""<class 'abc.NT_0014_P_00002'>"": [], ""<class 'abc.NT_0014_P_00003'>"": [], ""<class 'abc.NT_0014_P_00004'>"": [], '$leftovers': [69016, 56653, 612, 51366, 29977, 7941, 62781, 93978, 48081, 63396, 57279, 63194, 37786, 54499, 54071, 7255, 805, 91855, 9788, 55863, 13874, 90931, 38385, 43619, 36227, 61359, 25033, 26828, 94952, 78514, 81573, 7035, 57599, 63649, 37284, 79243, 23816, 36097, 45176, 45221, 21659, 73410, 77378, 61609, 53485, 83091, 55364, 804, 37863, 62128, 64631, 84523, 68409, 46658, 59869, 22948, 53816, 17703, 86036, 23930, 54711, 27159, 47907, 22129, 19429, 11704, 67050, 80298, 69224, 57646, 14733, 44317, 85077, 74191, 78264, 27076, 89776, 5196, 46711, 95884, 100000, 42859, 92197, 62164, 34041, 96434, 9186, 84986, 23729, 32442, 9078, 30947, 10584, 90176, 39265, 2903, 26641, 17813, 64068, 47390, 53496, 84055, 91192, 43627, 10978, 20051, 63072, 17541, 52384, 82602, 2071, 73349, 76496, 93237, 90746, 94169, 1089, 1963, 87259, 78716, 97251, 74560, 92319, 88430, 30065, 35943, 26646, 58575, 20564, 68822, 1955, 11977, 701, 8879, 51642, 65013, 37021, 8254, 64968, 54544, 55206, 50487, 94823, 39401, 11005, 50507, 4078, 47520, 40046, 60171, 93652, 930, 40344, 61205, 60575, 32914, 87845, 18974, 88335, 23738, 9159, 67945, 35873, 79289, 92027, 47069, 50717, 19269, 86431, 12677, 1847, 82569, 10719, 49874, 57438, 74245, 9728, 35214, 60927, 50418, 3072, 33653, 84097, 10451, 10948, 43565, 35042, 52901, 60373, 71523, 99916, 21066, 31862, 7158, 61957, 29065, 73503, 77066, 90914, 2224, 23949, 58836, 36313, 52163, 15402, 95181, 97248, 72223, 64484, 31579, 7361, 13133, 8559, 5315, 12957, 97480, 15964, 47289, 18201, 64048, 38836, 23949, 65274, 81688, 15908, 97641, 68909, 88194, 58203, 54156, 17884, 17015, 98114, 85070, 44487, 35609, 43946, 13163, 68656, 46368, 64590, 40998, 4333, 23209, 48312, 91519, 45912, 95154, 82162, 65190, 2680, 41571, 50993, 530, 20715, 62325, 69130, 87411, 51896, 25041, 1061, 92007, 16083, 61009, 22448, 76926, 40530, 5740, 65551, 74307, 70243, 88860, 56449, 62236, 73737, 14864, 20769, 33438, 2720, 19958, 14224, 62871, 11924, 4195, 94579, 90772, 15850, 32394, 39534, 94217, 24432, 49736, 19142, 95031, 91556, 84878, 36003, 82744, 39005, 77560, 67854, 74174, 65238, 42610, 38442, 5045, 8394, 50169, 85223, 39318, 11999, 19698, 62218, 20982, 75579, 83921, 36322, 81232, 74890, 79155, 7974, 87957, 31618, 15302, 46288, 41529, 54402, 51898, 8904, 68466, 16655, 33307, 87657, 62302, 99805, 94712, 27432, 6792, 318, 28470, 61849, 26074, 24481, 33234, 11701, 90978, 8418, 34547, 73073, 14229, 92931, 45528, 46305, 58234, 95428, 52910, 64691, 89529, 6125, 95529, 23717, 34258, 15039, 26343, 25322, 18533, 87153, 22501, 24377, 93511, 91108, 66007, 60481, 95208, 62676, 92031, 61249, 21040, 27224, 8088, 84181, 33593, 86548, 72607, 12800, 5611, 73844, 6692, 65230, 36526, 2469, 35635, 48449, 14719, 78189, 85243, 55844, 24071, 23788, 78878, 22883, 30166, 25797, 10713, 24202, 63862, 69116, 6614, 65627, 74821, 9118, 52050, 1045, 85212, 62012, 89898, 79364, 88858, 96964, 35830, 60888, 26734, 88556, 30404, 7619, 80278, 68622, 93232, 34306, 31485, 56275, 18665, 75621, 64839, 93770, 28199, 22239, 59130, 77628, 99168, 70420, 75781, 62501, 671, 82149, 26309, 8026, 6187, 34342, 77941, 96327, 7003, 65713, 2941, 26673, 45799, 5550, 98918, 65458, 56546, 58743, 93533, 64790, 30347, 32662, 73325, 77970, 21733, 35559, 73040, 79043, 59441, 82022, 37637, 7661, 94041, 96708, 7898, 70255, 89025, 83488, 90561, 63581, 77717, 74197, 27575, 58299, 53110, 73807, 71575, 26219, 35022, 49263, 13153, 34531, 51399, 44165, 26477, 4658, 89217, 10088, 77375, 38696, 57234, 69828, 27880, 19969, 12884, 48301, 32382, 79158, 72530, 2303, 28606, 30300, 17727, 74408, 82473, 74031, 47501, 28349, 67701, 75802, 89880, 6847, 37677, 42094, 59098, 33292, 25396, 1653, 33802, 37033, 82988, 18807, 34788, 32442, 21412, 79504, 70667, 67140, 188, 92567, 14712, 41955, 83231, 16604, 44261, 9248, 17311, 28714, 91679, 32487, 26287, 45537, 96338, 4907, 91004, 40305, 38855, 30113, 31802, 90368, 29632, 22399, 27504, 74924, 64570, 3170, 73381, 73608, 82107, 55004, 28453, 81413, 83401, 86827, 3755, 19280, 39809, 58531, 69352, 77285, 75236, 65692, 7596, 96792, 61193, 32718, 15171, 87988, 30166, 54746, 77236, 17432, 95331, 38981, 88240, 38898, 32172, 79555, 11740, 12372, 21314, 35314, 93047, 42158, 12888, 45757, 12444, 53196, 24354, 10754, 11298, 51034, 29460, 54561, 63362, 63137, 80288, 88200, 90124, 34341, 79738, 29507, 1371, 45727, 33233, 20038, 80414, 21940, 30707, 90006, 24595, 36850, 16424, 43356, 57374, 16541, 37502, 37384, 44186, 1581, 55147, 81574, 36342, 34700, 77319, 28025, 42804, 70814, 97334, 63170, 45671, 92728, 50865, 61805, 79230, 95797, 79382, 69832, 39248, 70970, 62614, 68180, 36578, 66699, 90803, 28447, 48009, 97357, 19944, 60879, 16057, 92445, 75982, 37067, 41406, 92224, 10099, 38077, 10238, 68458, 6537, 63778, 57556, 62039, 11823, 13270, 39382, 5448, 99101, 892, 8806, 21031, 7912, 86405, 50251, 88331, 79170, 19276, 48689, 73426, 83963, 98871, 32530, 19826, 24930, 70628, 89666, 23784, 22342, 79694, 80437, 28733, 99765, 7735, 65443, 39629, 65691, 45234, 52942, 70165, 64742, 7593, 35389, 38346, 53370, 1486, 63745, 59201, 84112, 82078, 59842, 55744, 6361, 15079, 910, 53287, 86305, 5582, 34924, 69056, 67927, 31852, 80811, 3497, 24763, 76576, 6447, 51921, 24582, 67902, 99777, 99703, 83341, 49007, 99280, 24090, 6799, 52732, 30031, 47977, 87252, 5024, 40270, 25148, 18576, 16321, 73258, 96568, 50330, 93058, 53931, 82548, 70345, 30377, 16363, 46283, 71917, 19219, 34599, 59905, 76185, 99134, 52728, 85779, 32717, 4809, 23223, 7767, 36688, 17927, 33222, 5461, 58987, 99150, 82453, 68878, 27439, 92942, 79331, 71474, 34897, 35197, 84658, 51810, 88051, 90117, 15640, 25537, 1192, 5758, 16919, 16570, 54940, 71350, 57863, 28374, 25430, 96910, 25138, 30623, 84961, 23541, 35862, 94330, 34467, 45322, 3068, 32691, 19717, 72709, 77504, 12874, 8035, 4199, 32629, 29326, 50091, 4290, 69037, 67868, 4858, 18189, 81289, 10537, 34484, 97761, 36705, 52886, 29677, 92414, 65300, 4493, 83991, 25685, 6104, 23112, 72137, 96757, 13483, 18308, 221, 14358, 49795, 76044, 65013, 87872, 95304, 14399, 812, 64706, 60775, 65656, 55460, 64130, 33001, 14835, 17431, 45023, 79744, 46149, 17211, 1932, 89664, 35867, 75834, 45835, 33920, 51887, 56077, 57612, 3201, 66246, 43129, 72962, 59486, 41799, 36083, 78794, 55644, 16064, 47916, 43687, 87424, 99482, 17585, 78994, 36067, 56930, 68493, 83129, 64732, 86546, 74055, 94524, 52064, 83683, 31321, 53390, 89787, 97909, 96890, 42138, 43171, 63419, 72477, 642, 72325, 14142, 88837, 64298, 53853, 33912, 90976, 51351, 53580, 44520, 1115, 7377, 51291, 91564, 16199, 86922, 17805, 85895, 43694, 18547, 43604, 34423, 97118, 34445, 84791, 71375, 31055, 9941, 27422, 27295, 25492, 21731, 54058, 56103, 74702, 88389, 39787, 83292, 56321, 80058, 48446, 90534, 99020, 53183, 57349, 5351, 62399, 11726, 72703, 23079, 88458, 14886, 42115, 37381, 53447, 80416, 75451, 17441, 22787, 25968, 37997, 43457, 70409, 3144, 30291, 27680, 46416, 33566, 93834, 69479, 8313]})"
42.0,9,38,17,12.200565814971924,210,"Genotype(dna={""<class 'abc.NT_0014'>"": [28716, 7628], ""<class 'abc.NT_0014_P_00000'>"": [], ""<class 'abc.NT_0003'>"": [], ""<class 'abc.NT_0003_P_00000'>"": [], ""<class 'bool'>"": [44268, 98370, 93055, 22069, 91850, 93033, 11504, 95280, 56278, 13913, 91591, 97012, 50516, 89077, 91601, 80048, 98529, 76229, 96396, 90534, 62399, 14886, 86613, 30291, 93834, 91750, 8313], ""<class 'abc.NT_0000'>"": [0, 2, 3, 0, 0, 92735, 3, 0, 57112, 0, 0, 0, 0, 77429, 3, 67907, 2, 0, 2823, 0, 47365, 0, 40082, 0, 1, 36984, 2, 0, 2, 0, 0, 23376, 0, 0, 1053, 40150, 1, 3136, 63679, 1290, 48446, 25314, 57349, 5351, 72703, 18669, 88458, 75451, 17441, 22787, 25968, 37997, 43457, 70409, 3144], ""<class 'abc.NT_0000_P_00000'>"": [], ""<class 'int'>"": [27329, 89970, 15638, 94912, 79572, 49242, 25019, 94292, 7422, 15130, 10348, 68747, 30251, 41079, 54502, 67215, 24459, 16472, 24884, 87223, 86415, 85267, 30558, 68477, 26738, 18149, 77382, 79248, 95021, 30291, 69479, 56653, 51366, 76187, 63194, 54071, 44166, 38385], ""<class 'abc.NT_0000_P_00001'>"": [], ""<class 'abc.NT_0000_P_00002'>"": [], ""<class 'abc.NT_0000_P_00003'>"": [], ""<class 'abc.NT_0001'>"": [1, 6, 59169, 80416, 46416, 33566], ""<class 'abc.NT_0001_P_00000'>"": [], ""<class 'abc.NT_0001_P_00001'>"": [], ""<class 'abc.NT_0001_P_00002'>"": [], ""<class 'abc.NT_0001_P_00003'>"": [], ""<class 'abc.NT_0001_P_00004'>"": [], ""<class 'abc.NT_0001_P_00005'>"": [], ""<class 'abc.NT_0001_P_00006'>"": [], ""<class 'abc.NT_0003_P_00001'>"": [], ""<class 'abc.NT_0002'>"": [0, 54058], ""<class 'abc.NT_0002_P_00000'>"": [], ""<class 'abc.NT_0002_P_00001'>"": [], ""<class 'abc.NT_0002_P_00002'>"": [], ""<class 'abc.NT_0002_P_00003'>"": [], ""<class 'abc.NT_0004'>"": [], ""<class 'abc.NT_0004_P_00000'>"": [], ""<class 'abc.NT_0014_P_00001'>"": [], ""<class 'abc.NT_0013'>"": [43273, 87753, 83292], ""<class 'abc.NT_0013_P_00000'>"": [], ""<class 'abc.NT_0011'>"": [1, 98607], ""<class 'abc.NT_0011_P_00000'>"": [], ""<class 'abc.NT_0011_P_00001'>"": [], ""<class 'abc.NT_0008'>"": [56358, 25492], ""<class 'abc.NT_0008_P_00000'>"": [], ""<class 'abc.NT_0005'>"": [65439, 70998], ""<class 'abc.NT_0005_P_00000'>"": [], ""<class 'abc.NT_0005_P_00001'>"": [], ""<class 'abc.NT_0007'>"": [47427, 27295], ""<class 'abc.NT_0007_P_00000'>"": [], ""<class 'abc.NT_0006'>"": [51447, 91312], ""<class 'abc.NT_0006_P_00000'>"": [], ""<class 'abc.NT_0006_P_00001'>"": [], ""<class 'abc.NT_0007_P_00001'>"": [], ""<class 'abc.NT_0007_P_00002'>"": [], ""<class 'abc.NT_0007_P_00003'>"": [], ""<class 'abc.NT_0008_P_00001'>"": [], ""<class 'abc.NT_0009'>"": [8, 1, 39787], ""<class 'abc.NT_0009_P_00000'>"": [], ""<class 'abc.NT_0009_P_00001'>"": [], ""<class 'abc.NT_0009_P_00002'>"": [], ""<class 'abc.NT_0009_P_00003'>"": [], ""<class 'abc.NT_0009_P_00004'>"": [], ""<class 'abc.NT_0009_P_00005'>"": [], ""<class 'abc.NT_0009_P_00006'>"": [], ""<class 'abc.NT_0009_P_00007'>"": [], ""<class 'abc.NT_0009_P_00008'>"": [], ""<class 'abc.NT_0011_P_00002'>"": [], ""<class 'abc.NT_0010'>"": [53447, 27680], ""<class 'abc.NT_0010_P_00000'>"": [], ""<class 'abc.NT_0010_P_00001'>"": [], ""<class 'abc.NT_0010_P_00002'>"": [], ""<class 'abc.NT_0010_P_00003'>"": [], ""<class 'abc.NT_0010_P_00004'>"": [], ""<class 'abc.NT_0010_P_00005'>"": [], ""<class 'abc.NT_0011_P_00003'>"": [], ""<class 'abc.NT_0011_P_00004'>"": [], ""<class 'abc.NT_0011_P_00005'>"": [], ""<class 'abc.NT_0011_P_00006'>"": [], ""<class 'abc.NT_0011_P_00007'>"": [], ""<class 'abc.NT_0011_P_00008'>"": [], ""<class 'abc.NT_0011_P_00009'>"": [], ""<class 'abc.NT_0014_P_00002'>"": [], ""<class 'abc.NT_0014_P_00003'>"": [], ""<class 'abc.NT_0014_P_00004'>"": [], '$leftovers': [69016, 56653, 612, 51366, 29977, 7941, 62781, 93978, 48081, 63396, 57279, 63194, 37786, 54499, 54071, 7255, 805, 91855, 9788, 55863, 13874, 90931, 38385, 43619, 36227, 61359, 25033, 26828, 94952, 78514, 81573, 7035, 57599, 63649, 37284, 79243, 23816, 36097, 45176, 45221, 21659, 73410, 77378, 61609, 53485, 83091, 55364, 804, 37863, 62128, 64631, 84523, 68409, 46658, 59869, 22948, 53816, 17703, 86036, 23930, 54711, 27159, 47907, 22129, 19429, 11704, 67050, 80298, 69224, 57646, 14733, 44317, 85077, 74191, 78264, 27076, 89776, 5196, 46711, 95884, 100000, 42859, 92197, 62164, 34041, 96434, 9186, 84986, 23729, 32442, 9078, 30947, 10584, 90176, 39265, 2903, 26641, 17813, 64068, 47390, 53496, 84055, 91192, 43627, 10978, 20051, 63072, 17541, 52384, 82602, 2071, 73349, 76496, 93237, 90746, 94169, 1089, 1963, 87259, 78716, 97251, 74560, 92319, 88430, 30065, 35943, 26646, 58575, 20564, 68822, 1955, 11977, 701, 8879, 51642, 65013, 37021, 8254, 64968, 54544, 55206, 50487, 94823, 39401, 11005, 50507, 4078, 47520, 40046, 60171, 93652, 930, 40344, 61205, 60575, 32914, 87845, 18974, 88335, 23738, 9159, 67945, 35873, 79289, 92027, 47069, 50717, 19269, 86431, 12677, 1847, 82569, 10719, 49874, 57438, 74245, 9728, 35214, 60927, 50418, 3072, 33653, 84097, 10451, 10948, 43565, 35042, 52901, 60373, 71523, 99916, 21066, 31862, 7158, 61957, 29065, 73503, 77066, 90914, 2224, 23949, 58836, 36313, 52163, 15402, 95181, 97248, 72223, 64484, 31579, 7361, 13133, 8559, 5315, 12957, 97480, 15964, 47289, 18201, 64048, 38836, 23949, 65274, 81688, 15908, 97641, 68909, 88194, 58203, 54156, 17884, 17015, 98114, 85070, 44487, 35609, 43946, 13163, 68656, 46368, 64590, 40998, 4333, 23209, 48312, 91519, 45912, 95154, 82162, 65190, 2680, 41571, 50993, 530, 20715, 62325, 69130, 87411, 51896, 25041, 1061, 92007, 16083, 61009, 22448, 76926, 40530, 5740, 65551, 74307, 70243, 88860, 56449, 62236, 73737, 14864, 20769, 33438, 2720, 19958, 14224, 62871, 11924, 4195, 94579, 90772, 15850, 32394, 39534, 94217, 24432, 49736, 19142, 95031, 91556, 84878, 36003, 82744, 39005, 77560, 67854, 74174, 65238, 42610, 38442, 5045, 8394, 50169, 85223, 39318, 11999, 19698, 62218, 20982, 75579, 83921, 36322, 81232, 74890, 79155, 7974, 87957, 31618, 15302, 46288, 41529, 54402, 51898, 8904, 68466, 16655, 33307, 87657, 62302, 99805, 94712, 27432, 6792, 318, 28470, 61849, 26074, 24481, 33234, 11701, 90978, 8418, 34547, 73073, 14229, 92931, 45528, 46305, 58234, 95428, 52910, 64691, 89529, 6125, 95529, 23717, 34258, 15039, 26343, 25322, 18533, 87153, 22501, 24377, 93511, 91108, 66007, 60481, 95208, 62676, 92031, 61249, 21040, 27224, 8088, 84181, 33593, 86548, 72607, 12800, 5611, 73844, 6692, 65230, 36526, 2469, 35635, 48449, 14719, 78189, 85243, 55844, 24071, 23788, 78878, 22883, 30166, 25797, 10713, 24202, 63862, 69116, 6614, 65627, 74821, 9118, 52050, 1045, 85212, 62012, 89898, 79364, 88858, 96964, 35830, 60888, 26734, 88556, 30404, 7619, 80278, 68622, 93232, 34306, 31485, 56275, 18665, 75621, 64839, 93770, 28199, 22239, 59130, 77628, 99168, 70420, 75781, 62501, 671, 82149, 26309, 8026, 6187, 34342, 77941, 96327, 7003, 65713, 2941, 26673, 45799, 5550, 98918, 65458, 56546, 58743, 93533, 64790, 30347, 32662, 73325, 77970, 21733, 35559, 73040, 79043, 59441, 82022, 37637, 7661, 94041, 96708, 7898, 70255, 89025, 83488, 90561, 63581, 77717, 74197, 27575, 58299, 53110, 73807, 71575, 26219, 35022, 49263, 13153, 34531, 51399, 44165, 26477, 4658, 89217, 10088, 77375, 38696, 57234, 69828, 27880, 19969, 12884, 48301, 32382, 79158, 72530, 2303, 28606, 30300, 17727, 74408, 82473, 74031, 47501, 28349, 67701, 75802, 89880, 6847, 37677, 42094, 59098, 33292, 25396, 1653, 33802, 37033, 82988, 18807, 34788, 32442, 21412, 79504, 70667, 67140, 188, 92567, 14712, 41955, 83231, 16604, 44261, 9248, 17311, 28714, 91679, 32487, 26287, 45537, 96338, 4907, 91004, 40305, 38855, 30113, 31802, 90368, 29632, 22399, 27504, 74924, 64570, 3170, 73381, 73608, 82107, 55004, 28453, 81413, 83401, 86827, 3755, 19280, 39809, 58531, 69352, 77285, 75236, 65692, 7596, 96792, 61193, 32718, 15171, 87988, 30166, 54746, 77236, 17432, 95331, 38981, 88240, 38898, 32172, 79555, 11740, 12372, 21314, 35314, 93047, 42158, 12888, 45757, 12444, 53196, 24354, 10754, 11298, 51034, 29460, 54561, 63362, 63137, 80288, 88200, 90124, 34341, 79738, 29507, 1371, 45727, 33233, 20038, 80414, 21940, 30707, 90006, 24595, 36850, 16424, 43356, 57374, 16541, 37502, 37384, 44186, 1581, 55147, 81574, 36342, 34700, 77319, 28025, 42804, 70814, 97334, 63170, 45671, 92728, 50865, 61805, 79230, 95797, 79382, 69832, 39248, 70970, 62614, 68180, 36578, 66699, 90803, 28447, 48009, 97357, 19944, 60879, 16057, 92445, 75982, 37067, 41406, 92224, 10099, 38077, 10238, 68458, 6537, 63778, 57556, 62039, 11823, 13270, 39382, 5448, 99101, 892, 8806, 21031, 7912, 86405, 50251, 88331, 79170, 19276, 48689, 73426, 83963, 98871, 32530, 19826, 24930, 70628, 89666, 23784, 22342, 79694, 80437, 28733, 99765, 7735, 65443, 39629, 65691, 45234, 52942, 70165, 64742, 7593, 35389, 38346, 53370, 1486, 63745, 59201, 84112, 82078, 59842, 55744, 6361, 15079, 910, 53287, 86305, 5582, 34924, 69056, 67927, 31852, 80811, 3497, 24763, 76576, 6447, 51921, 24582, 67902, 99777, 99703, 83341, 49007, 99280, 24090, 6799, 52732, 30031, 47977, 87252, 5024, 40270, 25148, 18576, 16321, 73258, 96568, 50330, 93058, 53931, 82548, 70345, 30377, 16363, 46283, 71917, 19219, 34599, 59905, 76185, 99134, 52728, 85779, 32717, 4809, 23223, 7767, 36688, 17927, 33222, 5461, 58987, 99150, 82453, 68878, 27439, 92942, 79331, 71474, 34897, 35197, 84658, 51810, 88051, 90117, 15640, 25537, 1192, 5758, 16919, 16570, 54940, 71350, 57863, 28374, 25430, 96910, 25138, 30623, 84961, 23541, 35862, 94330, 34467, 45322, 3068, 32691, 19717, 72709, 77504, 12874, 8035, 4199, 32629, 29326, 50091, 4290, 69037, 67868, 4858, 18189, 81289, 10537, 34484, 97761, 36705, 52886, 29677, 92414, 65300, 4493, 83991, 25685, 6104, 23112, 72137, 96757, 13483, 18308, 221, 14358, 49795, 76044, 65013, 87872, 95304, 14399, 812, 64706, 60775, 65656, 55460, 64130, 33001, 14835, 17431, 45023, 79744, 46149, 17211, 1932, 89664, 35867, 75834, 45835, 33920, 51887, 56077, 57612, 3201, 66246, 43129, 72962, 59486, 41799, 36083, 78794, 55644, 16064, 47916, 43687, 87424, 99482, 17585, 78994, 36067, 56930, 68493, 83129, 64732, 86546, 74055, 94524, 52064, 83683, 31321, 53390, 89787, 97909, 96890, 42138, 43171, 63419, 72477, 642, 72325, 14142, 88837, 64298, 53853, 33912, 90976, 51351, 53580, 44520, 1115, 7377, 51291, 91564, 16199, 86922, 17805, 85895, 43694, 18547, 43604, 34423, 97118, 34445, 84791, 71375, 31055, 9941, 27422, 27295, 25492, 21731, 54058, 56103, 74702, 88389, 39787, 83292, 56321, 80058, 48446, 90534, 99020, 53183, 57349, 5351, 62399, 11726, 72703, 23079, 88458, 14886, 42115, 37381, 53447, 80416, 75451, 17441, 22787, 25968, 37997, 43457, 70409, 3144, 30291, 27680, 46416, 33566, 93834, 69479, 8313]})"
40.0,9,39,18,13.036116123199463,210,"Genotype(dna={""<class 'abc.NT_0014'>"": [28716, 7628], ""<class 'abc.NT_0014_P_00000'>"": [], ""<class 'abc.NT_0003'>"": [], ""<class 'abc.NT_0003_P_00000'>"": [], ""<class 'bool'>"": [34892, 98370, 93055, 22069, 91850, 93033, 11504, 95280, 56278, 13913, 91591, 97012, 50516, 89077, 91601, 80048, 98529, 76229, 96396, 90534, 62399, 14886, 86613, 30291, 93834, 69479, 91703], ""<class 'abc.NT_0000'>"": [0, 2, 3, 0, 0, 92735, 3, 0, 57112, 0, 0, 0, 0, 77429, 3, 67907, 2, 0, 2823, 0, 47365, 0, 40082, 0, 1, 36984, 2, 0, 2, 0, 0, 0, 0, 0, 1053, 68095, 1, 3136, 63679, 1290, 48446, 25314, 57349, 5351, 72703, 23079, 37821, 75451, 17441, 22787, 25968, 37997, 43457, 70409, 3144], ""<class 'abc.NT_0000_P_00000'>"": [], ""<class 'int'>"": [27329, 89970, 15638, 94912, 79572, 49242, 25019, 94292, 7422, 15130, 10348, 68747, 83981, 41079, 54502, 67215, 24459, 66531, 7776, 87223, 86415, 85267, 30558, 68477, 26738, 18149, 77382, 79248, 84283, 30291, 69479, 56653, 51366, 76187, 63194, 54071, 44166, 38385], ""<class 'abc.NT_0000_P_00001'>"": [], ""<class 'abc.NT_0000_P_00002'>"": [], ""<class 'abc.NT_0000_P_00003'>"": [], ""<class 'abc.NT_0001'>"": [1, 6, 59169, 80416, 46416, 33566], ""<class 'abc.NT_0001_P_00000'>"": [], ""<class 'abc.NT_0001_P_00001'>"": [], ""<class 'abc.NT_0001_P_00002'>"": [], ""<class 'abc.NT_0001_P_00003'>"": [], ""<class 'abc.NT_0001_P_00004'>"": [], ""<class 'abc.NT_0001_P_00005'>"": [], ""<class 'abc.NT_0001_P_00006'>"": [], ""<class 'abc.NT_0003_P_00001'>"": [], ""<class 'abc.NT_0002'>"": [0, 54058], ""<class 'abc.NT_0002_P_00000'>"": [], ""<class 'abc.NT_0002_P_00001'>"": [], ""<class 'abc.NT_0002_P_00002'>"": [], ""<class 'abc.NT_0002_P_00003'>"": [], ""<class 'abc.NT_0004'>"": [], ""<class 'abc.NT_0004_P_00000'>"": [], ""<class 'abc.NT_0014_P_00001'>"": [], ""<class 'abc.NT_0013'>"": [43273, 87753, 70326], ""<class 'abc.NT_0013_P_00000'>"": [], ""<class 'abc.NT_0011'>"": [1, 98607], ""<class 'abc.NT_0011_P_00000'>"": [], ""<class 'abc.NT_0011_P_00001'>"": [], ""<class 'abc.NT_0008'>"": [56358, 25492], ""<class 'abc.NT_0008_P_00000'>"": [], ""<class 'abc.NT_0005'>"": [65439, 70998], ""<class 'abc.NT_0005_P_00000'>"": [], ""<class 'abc.NT_0005_P_00001'>"": [], ""<class 'abc.NT_0007'>"": [0, 27295], ""<class 'abc.NT_0007_P_00000'>"": [], ""<class 'abc.NT_0006'>"": [51447, 91312], ""<class 'abc.NT_0006_P_00000'>"": [], ""<class 'abc.NT_0006_P_00001'>"": [], ""<class 'abc.NT_0007_P_00001'>"": [], ""<class 'abc.NT_0007_P_00002'>"": [], ""<class 'abc.NT_0007_P_00003'>"": [], ""<class 'abc.NT_0008_P_00001'>"": [], ""<class 'abc.NT_0009'>"": [8, 58070, 39787], ""<class 'abc.NT_0009_P_00000'>"": [], ""<class 'abc.NT_0009_P_00001'>"": [], ""<class 'abc.NT_0009_P_00002'>"": [], ""<class 'abc.NT_0009_P_00003'>"": [], ""<class 'abc.NT_0009_P_00004'>"": [], ""<class 'abc.NT_0009_P_00005'>"": [], ""<class 'abc.NT_0009_P_00006'>"": [], ""<class 'abc.NT_0009_P_00007'>"": [], ""<class 'abc.NT_0009_P_00008'>"": [], ""<class 'abc.NT_0011_P_00002'>"": [], ""<class 'abc.NT_0010'>"": [53447, 27680], ""<class 'abc.NT_0010_P_00000'>"": [], ""<class 'abc.NT_0010_P_00001'>"": [], ""<class 'abc.NT_0010_P_00002'>"": [], ""<class 'abc.NT_0010_P_00003'>"": [], ""<class 'abc.NT_0010_P_00004'>"": [], ""<class 'abc.NT_0010_P_00005'>"": [], ""<class 'abc.NT_0011_P_00003'>"": [], ""<class 'abc.NT_0011_P_00004'>"": [], ""<class 'abc.NT_0011_P_00005'>"": [], ""<class 'abc.NT_0011_P_00006'>"": [], ""<class 'abc.NT_0011_P_00007'>"": [], ""<class 'abc.NT_0011_P_00008'>"": [], ""<class 'abc.NT_0011_P_00009'>"": [], ""<class 'abc.NT_0014_P_00002'>"": [], ""<class 'abc.NT_0014_P_00003'>"": [], ""<class 'abc.NT_0014_P_00004'>"": [], '$leftovers': [69016, 56653, 612, 51366, 29977, 7941, 62781, 93978, 48081, 63396, 57279, 63194, 37786, 54499, 54071, 7255, 805, 91855, 9788, 55863, 13874, 90931, 38385, 43619, 36227, 61359, 25033, 26828, 94952, 78514, 81573, 7035, 57599, 63649, 37284, 79243, 23816, 36097, 45176, 45221, 21659, 73410, 77378, 61609, 53485, 83091, 55364, 804, 37863, 62128, 64631, 84523, 68409, 46658, 59869, 22948, 53816, 17703, 86036, 23930, 54711, 27159, 47907, 22129, 19429, 11704, 67050, 80298, 69224, 57646, 14733, 44317, 85077, 74191, 78264, 27076, 89776, 5196, 46711, 95884, 100000, 42859, 92197, 62164, 34041, 96434, 9186, 84986, 23729, 32442, 9078, 30947, 10584, 90176, 39265, 2903, 26641, 17813, 64068, 47390, 53496, 84055, 91192, 43627, 10978, 20051, 63072, 17541, 52384, 82602, 2071, 73349, 76496, 93237, 90746, 94169, 1089, 1963, 87259, 78716, 97251, 74560, 92319, 88430, 30065, 35943, 26646, 58575, 20564, 68822, 1955, 11977, 701, 8879, 51642, 65013, 37021, 8254, 64968, 54544, 55206, 50487, 94823, 39401, 11005, 50507, 4078, 47520, 40046, 60171, 93652, 930, 40344, 61205, 60575, 32914, 87845, 18974, 88335, 23738, 9159, 67945, 35873, 79289, 92027, 47069, 50717, 19269, 86431, 12677, 1847, 82569, 10719, 49874, 57438, 74245, 9728, 35214, 60927, 50418, 3072, 33653, 84097, 10451, 10948, 43565, 35042, 52901, 60373, 71523, 99916, 21066, 31862, 7158, 61957, 29065, 73503, 77066, 90914, 2224, 23949, 58836, 36313, 52163, 15402, 95181, 97248, 72223, 64484, 31579, 7361, 13133, 8559, 5315, 12957, 97480, 15964, 47289, 18201, 64048, 38836, 23949, 65274, 81688, 15908, 97641, 68909, 88194, 58203, 54156, 17884, 17015, 98114, 85070, 44487, 35609, 43946, 13163, 68656, 46368, 64590, 40998, 4333, 23209, 48312, 91519, 45912, 95154, 82162, 65190, 2680, 41571, 50993, 530, 20715, 62325, 69130, 87411, 51896, 25041, 1061, 92007, 16083, 61009, 22448, 76926, 40530, 5740, 65551, 74307, 70243, 88860, 56449, 62236, 73737, 14864, 20769, 33438, 2720, 19958, 14224, 62871, 11924, 4195, 94579, 90772, 15850, 32394, 39534, 94217, 24432, 49736, 19142, 95031, 91556, 84878, 36003, 82744, 39005, 77560, 67854, 74174, 65238, 42610, 38442, 5045, 8394, 50169, 85223, 39318, 11999, 19698, 62218, 20982, 75579, 83921, 36322, 81232, 74890, 79155, 7974, 87957, 31618, 15302, 46288, 41529, 54402, 51898, 8904, 68466, 16655, 33307, 87657, 62302, 99805, 94712, 27432, 6792, 318, 28470, 61849, 26074, 24481, 33234, 11701, 90978, 8418, 34547, 73073, 14229, 92931, 45528, 46305, 58234, 95428, 52910, 64691, 89529, 6125, 95529, 23717, 34258, 15039, 26343, 25322, 18533, 87153, 22501, 24377, 93511, 91108, 66007, 60481, 95208, 62676, 92031, 61249, 21040, 27224, 8088, 84181, 33593, 86548, 72607, 12800, 5611, 73844, 6692, 65230, 36526, 2469, 35635, 48449, 14719, 78189, 85243, 55844, 24071, 23788, 78878, 22883, 30166, 25797, 10713, 24202, 63862, 69116, 6614, 65627, 74821, 9118, 52050, 1045, 85212, 62012, 89898, 79364, 88858, 96964, 35830, 60888, 26734, 88556, 30404, 7619, 80278, 68622, 93232, 34306, 31485, 56275, 18665, 75621, 64839, 93770, 28199, 22239, 59130, 77628, 99168, 70420, 75781, 62501, 671, 82149, 26309, 8026, 6187, 34342, 77941, 96327, 7003, 65713, 2941, 26673, 45799, 5550, 98918, 65458, 56546, 58743, 93533, 64790, 30347, 32662, 73325, 77970, 21733, 35559, 73040, 79043, 59441, 82022, 37637, 7661, 94041, 96708, 7898, 70255, 89025, 83488, 90561, 63581, 77717, 74197, 27575, 58299, 53110, 73807, 71575, 26219, 35022, 49263, 13153, 34531, 51399, 44165, 26477, 4658, 89217, 10088, 77375, 38696, 57234, 69828, 27880, 19969, 12884, 48301, 32382, 79158, 72530, 2303, 28606, 30300, 17727, 74408, 82473, 74031, 47501, 28349, 67701, 75802, 89880, 6847, 37677, 42094, 59098, 33292, 25396, 1653, 33802, 37033, 82988, 18807, 34788, 32442, 21412, 79504, 70667, 67140, 188, 92567, 14712, 41955, 83231, 16604, 44261, 9248, 17311, 28714, 91679, 32487, 26287, 45537, 96338, 4907, 91004, 40305, 38855, 30113, 31802, 90368, 29632, 22399, 27504, 74924, 64570, 3170, 73381, 73608, 82107, 55004, 28453, 81413, 83401, 86827, 3755, 19280, 39809, 58531, 69352, 77285, 75236, 65692, 7596, 96792, 61193, 32718, 15171, 87988, 30166, 54746, 77236, 17432, 95331, 38981, 88240, 38898, 32172, 79555, 11740, 12372, 21314, 35314, 93047, 42158, 12888, 45757, 12444, 53196, 24354, 10754, 11298, 51034, 29460, 54561, 63362, 63137, 80288, 88200, 90124, 34341, 79738, 29507, 1371, 45727, 33233, 20038, 80414, 21940, 30707, 90006, 24595, 36850, 16424, 43356, 57374, 16541, 37502, 37384, 44186, 1581, 55147, 81574, 36342, 34700, 77319, 28025, 42804, 70814, 97334, 63170, 45671, 92728, 50865, 61805, 79230, 95797, 79382, 69832, 39248, 70970, 62614, 68180, 36578, 66699, 90803, 28447, 48009, 97357, 19944, 60879, 16057, 92445, 75982, 37067, 41406, 92224, 10099, 38077, 10238, 68458, 6537, 63778, 57556, 62039, 11823, 13270, 39382, 5448, 99101, 892, 8806, 21031, 7912, 86405, 50251, 88331, 79170, 19276, 48689, 73426, 83963, 98871, 32530, 19826, 24930, 70628, 89666, 23784, 22342, 79694, 80437, 28733, 99765, 7735, 65443, 39629, 65691, 45234, 52942, 70165, 64742, 7593, 35389, 38346, 53370, 1486, 63745, 59201, 84112, 82078, 59842, 55744, 6361, 15079, 910, 53287, 86305, 5582, 34924, 69056, 67927, 31852, 80811, 3497, 24763, 76576, 6447, 51921, 24582, 67902, 99777, 99703, 83341, 49007, 99280, 24090, 6799, 52732, 30031, 47977, 87252, 5024, 40270, 25148, 18576, 16321, 73258, 96568, 50330, 93058, 53931, 82548, 70345, 30377, 16363, 46283, 71917, 19219, 34599, 59905, 76185, 99134, 52728, 85779, 32717, 4809, 23223, 7767, 36688, 17927, 33222, 5461, 58987, 99150, 82453, 68878, 27439, 92942, 79331, 71474, 34897, 35197, 84658, 51810, 88051, 90117, 15640, 25537, 1192, 5758, 16919, 16570, 54940, 71350, 57863, 28374, 25430, 96910, 25138, 30623, 84961, 23541, 35862, 94330, 34467, 45322, 3068, 32691, 19717, 72709, 77504, 12874, 8035, 4199, 32629, 29326, 50091, 4290, 69037, 67868, 4858, 18189, 81289, 10537, 34484, 97761, 36705, 52886, 29677, 92414, 65300, 4493, 83991, 25685, 6104, 23112, 72137, 96757, 13483, 18308, 221, 14358, 49795, 76044, 65013, 87872, 95304, 14399, 812, 64706, 60775, 65656, 55460, 64130, 33001, 14835, 17431, 45023, 79744, 46149, 17211, 1932, 89664, 35867, 75834, 45835, 33920, 51887, 56077, 57612, 3201, 66246, 43129, 72962, 59486, 41799, 36083, 78794, 55644, 16064, 47916, 43687, 87424, 99482, 17585, 78994, 36067, 56930, 68493, 83129, 64732, 86546, 74055, 94524, 52064, 83683, 31321, 53390, 89787, 97909, 96890, 42138, 43171, 63419, 72477, 642, 72325, 14142, 88837, 64298, 53853, 33912, 90976, 51351, 53580, 44520, 1115, 7377, 51291, 91564, 16199, 86922, 17805, 85895, 43694, 18547, 43604, 34423, 97118, 34445, 84791, 71375, 31055, 9941, 27422, 27295, 25492, 21731, 54058, 56103, 74702, 88389, 39787, 83292, 56321, 80058, 48446, 90534, 99020, 53183, 57349, 5351, 62399, 11726, 72703, 23079, 88458, 14886, 42115, 37381, 53447, 80416, 75451, 17441, 22787, 25968, 37997, 43457, 70409, 3144, 30291, 27680, 46416, 33566, 93834, 69479, 8313]})"
40.0,9,39,19,13.656030654907227,210,"Genotype(dna={""<class 'abc.NT_0014'>"": [28716, 7628], ""<class 'abc.NT_0014_P_00000'>"": [], ""<class 'abc.NT_0003'>"": [], ""<class 'abc.NT_0003_P_00000'>"": [], ""<class 'bool'>"": [34892, 98370, 93055, 22069, 91850, 93033, 11504, 95280, 56278, 13913, 91591, 97012, 50516, 89077, 91601, 80048, 98529, 76229, 96396, 90534, 62399, 14886, 86613, 30291, 93834, 69479, 91703], ""<class 'abc.NT_0000'>"": [0, 2, 3, 0, 0, 92735, 3, 0, 57112, 0, 0, 0, 0, 77429, 3, 67907, 2, 0, 2823, 0, 47365, 0, 40082, 0, 1, 36984, 2, 0, 2, 0, 0, 0, 0, 0, 1053, 68095, 1, 3136, 63679, 1290, 48446, 25314, 57349, 5351, 72703, 23079, 37821, 75451, 17441, 22787, 25968, 37997, 43457, 70409, 3144], ""<class 'abc.NT_0000_P_00000'>"": [], ""<class 'int'>"": [27329, 89970, 15638, 94912, 79572, 49242, 25019, 94292, 7422, 15130, 10348, 68747, 83981, 41079, 54502, 67215, 24459, 66531, 7776, 87223, 86415, 85267, 30558, 68477, 26738, 18149, 77382, 79248, 84283, 30291, 69479, 56653, 51366, 76187, 63194, 54071, 44166, 38385], ""<class 'abc.NT_0000_P_00001'>"": [], ""<class 'abc.NT_0000_P_00002'>"": [], ""<class 'abc.NT_0000_P_00003'>"": [], ""<class 'abc.NT_0001'>"": [1, 6, 59169, 80416, 46416, 33566], ""<class 'abc.NT_0001_P_00000'>"": [], ""<class 'abc.NT_0001_P_00001'>"": [], ""<class 'abc.NT_0001_P_00002'>"": [], ""<class 'abc.NT_0001_P_00003'>"": [], ""<class 'abc.NT_0001_P_00004'>"": [], ""<class 'abc.NT_0001_P_00005'>"": [], ""<class 'abc.NT_0001_P_00006'>"": [], ""<class 'abc.NT_0003_P_00001'>"": [], ""<class 'abc.NT_0002'>"": [0, 54058], ""<class 'abc.NT_0002_P_00000'>"": [], ""<class 'abc.NT_0002_P_00001'>"": [], ""<class 'abc.NT_0002_P_00002'>"": [], ""<class 'abc.NT_0002_P_00003'>"": [], ""<class 'abc.NT_0004'>"": [], ""<class 'abc.NT_0004_P_00000'>"": [], ""<class 'abc.NT_0014_P_00001'>"": [], ""<class 'abc.NT_0013'>"": [43273, 87753, 70326], ""<class 'abc.NT_0013_P_00000'>"": [], ""<class 'abc.NT_0011'>"": [1, 98607], ""<class 'abc.NT_0011_P_00000'>"": [], ""<class 'abc.NT_0011_P_00001'>"": [], ""<class 'abc.NT_0008'>"": [56358, 25492], ""<class 'abc.NT_0008_P_00000'>"": [], ""<class 'abc.NT_0005'>"": [65439, 70998], ""<class 'abc.NT_0005_P_00000'>"": [], ""<class 'abc.NT_0005_P_00001'>"": [], ""<class 'abc.NT_0007'>"": [0, 27295], ""<class 'abc.NT_0007_P_00000'>"": [], ""<class 'abc.NT_0006'>"": [51447, 91312], ""<class 'abc.NT_0006_P_00000'>"": [], ""<class 'abc.NT_0006_P_00001'>"": [], ""<class 'abc.NT_0007_P_00001'>"": [], ""<class 'abc.NT_0007_P_00002'>"": [], ""<class 'abc.NT_0007_P_00003'>"": [], ""<class 'abc.NT_0008_P_00001'>"": [], ""<class 'abc.NT_0009'>"": [8, 58070, 39787], ""<class 'abc.NT_0009_P_00000'>"": [], ""<class 'abc.NT_0009_P_00001'>"": [], ""<class 'abc.NT_0009_P_00002'>"": [], ""<class 'abc.NT_0009_P_00003'>"": [], ""<class 'abc.NT_0009_P_00004'>"": [], ""<class 'abc.NT_0009_P_00005'>"": [], ""<class 'abc.NT_0009_P_00006'>"": [], ""<class 'abc.NT_0009_P_00007'>"": [], ""<class 'abc.NT_0009_P_00008'>"": [], ""<class 'abc.NT_0011_P_00002'>"": [], ""<class 'abc.NT_0010'>"": [53447, 27680], ""<class 'abc.NT_0010_P_00000'>"": [], ""<class 'abc.NT_0010_P_00001'>"": [], ""<class 'abc.NT_0010_P_00002'>"": [], ""<class 'abc.NT_0010_P_00003'>"": [], ""<class 'abc.NT_0010_P_00004'>"": [], ""<class 'abc.NT_0010_P_00005'>"": [], ""<class 'abc.NT_0011_P_00003'>"": [], ""<class 'abc.NT_0011_P_00004'>"": [], ""<class 'abc.NT_0011_P_00005'>"": [], ""<class 'abc.NT_0011_P_00006'>"": [], ""<class 'abc.NT_0011_P_00007'>"": [], ""<class 'abc.NT_0011_P_00008'>"": [], ""<class 'abc.NT_0011_P_00009'>"": [], ""<class 'abc.NT_0014_P_00002'>"": [], ""<class 'abc.NT_0014_P_00003'>"": [], ""<class 'abc.NT_0014_P_00004'>"": [], '$leftovers': [69016, 56653, 612, 51366, 29977, 7941, 62781, 93978, 48081, 63396, 57279, 63194, 37786, 54499, 54071, 7255, 805, 91855, 9788, 55863, 13874, 90931, 38385, 43619, 36227, 61359, 25033, 26828, 94952, 78514, 81573, 7035, 57599, 63649, 37284, 79243, 23816, 36097, 45176, 45221, 21659, 73410, 77378, 61609, 53485, 83091, 55364, 804, 37863, 62128, 64631, 84523, 68409, 46658, 59869, 22948, 53816, 17703, 86036, 23930, 54711, 27159, 47907, 22129, 19429, 11704, 67050, 80298, 69224, 57646, 14733, 44317, 85077, 74191, 78264, 27076, 89776, 5196, 46711, 95884, 100000, 42859, 92197, 62164, 34041, 96434, 9186, 84986, 23729, 32442, 9078, 30947, 10584, 90176, 39265, 2903, 26641, 17813, 64068, 47390, 53496, 84055, 91192, 43627, 10978, 20051, 63072, 17541, 52384, 82602, 2071, 73349, 76496, 93237, 90746, 94169, 1089, 1963, 87259, 78716, 97251, 74560, 92319, 88430, 30065, 35943, 26646, 58575, 20564, 68822, 1955, 11977, 701, 8879, 51642, 65013, 37021, 8254, 64968, 54544, 55206, 50487, 94823, 39401, 11005, 50507, 4078, 47520, 40046, 60171, 93652, 930, 40344, 61205, 60575, 32914, 87845, 18974, 88335, 23738, 9159, 67945, 35873, 79289, 92027, 47069, 50717, 19269, 86431, 12677, 1847, 82569, 10719, 49874, 57438, 74245, 9728, 35214, 60927, 50418, 3072, 33653, 84097, 10451, 10948, 43565, 35042, 52901, 60373, 71523, 99916, 21066, 31862, 7158, 61957, 29065, 73503, 77066, 90914, 2224, 23949, 58836, 36313, 52163, 15402, 95181, 97248, 72223, 64484, 31579, 7361, 13133, 8559, 5315, 12957, 97480, 15964, 47289, 18201, 64048, 38836, 23949, 65274, 81688, 15908, 97641, 68909, 88194, 58203, 54156, 17884, 17015, 98114, 85070, 44487, 35609, 43946, 13163, 68656, 46368, 64590, 40998, 4333, 23209, 48312, 91519, 45912, 95154, 82162, 65190, 2680, 41571, 50993, 530, 20715, 62325, 69130, 87411, 51896, 25041, 1061, 92007, 16083, 61009, 22448, 76926, 40530, 5740, 65551, 74307, 70243, 88860, 56449, 62236, 73737, 14864, 20769, 33438, 2720, 19958, 14224, 62871, 11924, 4195, 94579, 90772, 15850, 32394, 39534, 94217, 24432, 49736, 19142, 95031, 91556, 84878, 36003, 82744, 39005, 77560, 67854, 74174, 65238, 42610, 38442, 5045, 8394, 50169, 85223, 39318, 11999, 19698, 62218, 20982, 75579, 83921, 36322, 81232, 74890, 79155, 7974, 87957, 31618, 15302, 46288, 41529, 54402, 51898, 8904, 68466, 16655, 33307, 87657, 62302, 99805, 94712, 27432, 6792, 318, 28470, 61849, 26074, 24481, 33234, 11701, 90978, 8418, 34547, 73073, 14229, 92931, 45528, 46305, 58234, 95428, 52910, 64691, 89529, 6125, 95529, 23717, 34258, 15039, 26343, 25322, 18533, 87153, 22501, 24377, 93511, 91108, 66007, 60481, 95208, 62676, 92031, 61249, 21040, 27224, 8088, 84181, 33593, 86548, 72607, 12800, 5611, 73844, 6692, 65230, 36526, 2469, 35635, 48449, 14719, 78189, 85243, 55844, 24071, 23788, 78878, 22883, 30166, 25797, 10713, 24202, 63862, 69116, 6614, 65627, 74821, 9118, 52050, 1045, 85212, 62012, 89898, 79364, 88858, 96964, 35830, 60888, 26734, 88556, 30404, 7619, 80278, 68622, 93232, 34306, 31485, 56275, 18665, 75621, 64839, 93770, 28199, 22239, 59130, 77628, 99168, 70420, 75781, 62501, 671, 82149, 26309, 8026, 6187, 34342, 77941, 96327, 7003, 65713, 2941, 26673, 45799, 5550, 98918, 65458, 56546, 58743, 93533, 64790, 30347, 32662, 73325, 77970, 21733, 35559, 73040, 79043, 59441, 82022, 37637, 7661, 94041, 96708, 7898, 70255, 89025, 83488, 90561, 63581, 77717, 74197, 27575, 58299, 53110, 73807, 71575, 26219, 35022, 49263, 13153, 34531, 51399, 44165, 26477, 4658, 89217, 10088, 77375, 38696, 57234, 69828, 27880, 19969, 12884, 48301, 32382, 79158, 72530, 2303, 28606, 30300, 17727, 74408, 82473, 74031, 47501, 28349, 67701, 75802, 89880, 6847, 37677, 42094, 59098, 33292, 25396, 1653, 33802, 37033, 82988, 18807, 34788, 32442, 21412, 79504, 70667, 67140, 188, 92567, 14712, 41955, 83231, 16604, 44261, 9248, 17311, 28714, 91679, 32487, 26287, 45537, 96338, 4907, 91004, 40305, 38855, 30113, 31802, 90368, 29632, 22399, 27504, 74924, 64570, 3170, 73381, 73608, 82107, 55004, 28453, 81413, 83401, 86827, 3755, 19280, 39809, 58531, 69352, 77285, 75236, 65692, 7596, 96792, 61193, 32718, 15171, 87988, 30166, 54746, 77236, 17432, 95331, 38981, 88240, 38898, 32172, 79555, 11740, 12372, 21314, 35314, 93047, 42158, 12888, 45757, 12444, 53196, 24354, 10754, 11298, 51034, 29460, 54561, 63362, 63137, 80288, 88200, 90124, 34341, 79738, 29507, 1371, 45727, 33233, 20038, 80414, 21940, 30707, 90006, 24595, 36850, 16424, 43356, 57374, 16541, 37502, 37384, 44186, 1581, 55147, 81574, 36342, 34700, 77319, 28025, 42804, 70814, 97334, 63170, 45671, 92728, 50865, 61805, 79230, 95797, 79382, 69832, 39248, 70970, 62614, 68180, 36578, 66699, 90803, 28447, 48009, 97357, 19944, 60879, 16057, 92445, 75982, 37067, 41406, 92224, 10099, 38077, 10238, 68458, 6537, 63778, 57556, 62039, 11823, 13270, 39382, 5448, 99101, 892, 8806, 21031, 7912, 86405, 50251, 88331, 79170, 19276, 48689, 73426, 83963, 98871, 32530, 19826, 24930, 70628, 89666, 23784, 22342, 79694, 80437, 28733, 99765, 7735, 65443, 39629, 65691, 45234, 52942, 70165, 64742, 7593, 35389, 38346, 53370, 1486, 63745, 59201, 84112, 82078, 59842, 55744, 6361, 15079, 910, 53287, 86305, 5582, 34924, 69056, 67927, 31852, 80811, 3497, 24763, 76576, 6447, 51921, 24582, 67902, 99777, 99703, 83341, 49007, 99280, 24090, 6799, 52732, 30031, 47977, 87252, 5024, 40270, 25148, 18576, 16321, 73258, 96568, 50330, 93058, 53931, 82548, 70345, 30377, 16363, 46283, 71917, 19219, 34599, 59905, 76185, 99134, 52728, 85779, 32717, 4809, 23223, 7767, 36688, 17927, 33222, 5461, 58987, 99150, 82453, 68878, 27439, 92942, 79331, 71474, 34897, 35197, 84658, 51810, 88051, 90117, 15640, 25537, 1192, 5758, 16919, 16570, 54940, 71350, 57863, 28374, 25430, 96910, 25138, 30623, 84961, 23541, 35862, 94330, 34467, 45322, 3068, 32691, 19717, 72709, 77504, 12874, 8035, 4199, 32629, 29326, 50091, 4290, 69037, 67868, 4858, 18189, 81289, 10537, 34484, 97761, 36705, 52886, 29677, 92414, 65300, 4493, 83991, 25685, 6104, 23112, 72137, 96757, 13483, 18308, 221, 14358, 49795, 76044, 65013, 87872, 95304, 14399, 812, 64706, 60775, 65656, 55460, 64130, 33001, 14835, 17431, 45023, 79744, 46149, 17211, 1932, 89664, 35867, 75834, 45835, 33920, 51887, 56077, 57612, 3201, 66246, 43129, 72962, 59486, 41799, 36083, 78794, 55644, 16064, 47916, 43687, 87424, 99482, 17585, 78994, 36067, 56930, 68493, 83129, 64732, 86546, 74055, 94524, 52064, 83683, 31321, 53390, 89787, 97909, 96890, 42138, 43171, 63419, 72477, 642, 72325, 14142, 88837, 64298, 53853, 33912, 90976, 51351, 53580, 44520, 1115, 7377, 51291, 91564, 16199, 86922, 17805, 85895, 43694, 18547, 43604, 34423, 97118, 34445, 84791, 71375, 31055, 9941, 27422, 27295, 25492, 21731, 54058, 56103, 74702, 88389, 39787, 83292, 56321, 80058, 48446, 90534, 99020, 53183, 57349, 5351, 62399, 11726, 72703, 23079, 88458, 14886, 42115, 37381, 53447, 80416, 75451, 17441, 22787, 25968, 37997, 43457, 70409, 3144, 30291, 27680, 46416, 33566, 93834, 69479, 8313]})"
40.0,9,39,20,14.254467487335205,210,"Genotype(dna={""<class 'abc.NT_0014'>"": [28716, 7628], ""<class 'abc.NT_0014_P_00000'>"": [], ""<class 'abc.NT_0003'>"": [], ""<class 'abc.NT_0003_P_00000'>"": [], ""<class 'bool'>"": [34892, 98370, 93055, 22069, 91850, 93033, 11504, 95280, 56278, 13913, 91591, 97012, 50516, 89077, 91601, 80048, 98529, 76229, 96396, 90534, 62399, 14886, 86613, 30291, 93834, 69479, 91703], ""<class 'abc.NT_0000'>"": [0, 2, 3, 0, 0, 92735, 3, 0, 57112, 0, 0, 0, 0, 77429, 3, 67907, 2, 0, 2823, 0, 47365, 0, 40082, 0, 1, 36984, 2, 0, 2, 0, 0, 0, 0, 0, 1053, 68095, 1, 3136, 63679, 1290, 48446, 25314, 57349, 5351, 72703, 23079, 37821, 75451, 17441, 22787, 25968, 37997, 43457, 70409, 3144], ""<class 'abc.NT_0000_P_00000'>"": [], ""<class 'int'>"": [27329, 89970, 15638, 94912, 79572, 49242, 25019, 94292, 7422, 15130, 10348, 68747, 83981, 41079, 54502, 67215, 24459, 66531, 7776, 87223, 86415, 85267, 30558, 68477, 26738, 18149, 77382, 79248, 84283, 30291, 69479, 56653, 51366, 76187, 63194, 54071, 44166, 38385], ""<class 'abc.NT_0000_P_00001'>"": [], ""<class 'abc.NT_0000_P_00002'>"": [], ""<class 'abc.NT_0000_P_00003'>"": [], ""<class 'abc.NT_0001'>"": [1, 6, 59169, 80416, 46416, 33566], ""<class 'abc.NT_0001_P_00000'>"": [], ""<class 'abc.NT_0001_P_00001'>"": [], ""<class 'abc.NT_0001_P_00002'>"": [], ""<class 'abc.NT_0001_P_00003'>"": [], ""<class 'abc.NT_0001_P_00004'>"": [], ""<class 'abc.NT_0001_P_00005'>"": [], ""<class 'abc.NT_0001_P_00006'>"": [], ""<class 'abc.NT_0003_P_00001'>"": [], ""<class 'abc.NT_0002'>"": [0, 54058], ""<class 'abc.NT_0002_P_00000'>"": [], ""<class 'abc.NT_0002_P_00001'>"": [], ""<class 'abc.NT_0002_P_00002'>"": [], ""<class 'abc.NT_0002_P_00003'>"": [], ""<class 'abc.NT_0004'>"": [], ""<class 'abc.NT_0004_P_00000'>"": [], ""<class 'abc.NT_0014_P_00001'>"": [], ""<class 'abc.NT_0013'>"": [43273, 87753, 70326], ""<class 'abc.NT_0013_P_00000'>"": [], ""<class 'abc.NT_0011'>"": [1, 98607], ""<class 'abc.NT_0011_P_00000'>"": [], ""<class 'abc.NT_0011_P_00001'>"": [], ""<class 'abc.NT_0008'>"": [56358, 25492], ""<class 'abc.NT_0008_P_00000'>"": [], ""<class 'abc.NT_0005'>"": [65439, 70998], ""<class 'abc.NT_0005_P_00000'>"": [], ""<class 'abc.NT_0005_P_00001'>"": [], ""<class 'abc.NT_0007'>"": [0, 27295], ""<class 'abc.NT_0007_P_00000'>"": [], ""<class 'abc.NT_0006'>"": [51447, 91312], ""<class 'abc.NT_0006_P_00000'>"": [], ""<class 'abc.NT_0006_P_00001'>"": [], ""<class 'abc.NT_0007_P_00001'>"": [], ""<class 'abc.NT_0007_P_00002'>"": [], ""<class 'abc.NT_0007_P_00003'>"": [], ""<class 'abc.NT_0008_P_00001'>"": [], ""<class 'abc.NT_0009'>"": [8, 58070, 39787], ""<class 'abc.NT_0009_P_00000'>"": [], ""<class 'abc.NT_0009_P_00001'>"": [], ""<class 'abc.NT_0009_P_00002'>"": [], ""<class 'abc.NT_0009_P_00003'>"": [], ""<class 'abc.NT_0009_P_00004'>"": [], ""<class 'abc.NT_0009_P_00005'>"": [], ""<class 'abc.NT_0009_P_00006'>"": [], ""<class 'abc.NT_0009_P_00007'>"": [], ""<class 'abc.NT_0009_P_00008'>"": [], ""<class 'abc.NT_0011_P_00002'>"": [], ""<class 'abc.NT_0010'>"": [53447, 27680], ""<class 'abc.NT_0010_P_00000'>"": [], ""<class 'abc.NT_0010_P_00001'>"": [], ""<class 'abc.NT_0010_P_00002'>"": [], ""<class 'abc.NT_0010_P_00003'>"": [], ""<class 'abc.NT_0010_P_00004'>"": [], ""<class 'abc.NT_0010_P_00005'>"": [], ""<class 'abc.NT_0011_P_00003'>"": [], ""<class 'abc.NT_0011_P_00004'>"": [], ""<class 'abc.NT_0011_P_00005'>"": [], ""<class 'abc.NT_0011_P_00006'>"": [], ""<class 'abc.NT_0011_P_00007'>"": [], ""<class 'abc.NT_0011_P_00008'>"": [], ""<class 'abc.NT_0011_P_00009'>"": [], ""<class 'abc.NT_0014_P_00002'>"": [], ""<class 'abc.NT_0014_P_00003'>"": [], ""<class 'abc.NT_0014_P_00004'>"": [], '$leftovers': [69016, 56653, 612, 51366, 29977, 7941, 62781, 93978, 48081, 63396, 57279, 63194, 37786, 54499, 54071, 7255, 805, 91855, 9788, 55863, 13874, 90931, 38385, 43619, 36227, 61359, 25033, 26828, 94952, 78514, 81573, 7035, 57599, 63649, 37284, 79243, 23816, 36097, 45176, 45221, 21659, 73410, 77378, 61609, 53485, 83091, 55364, 804, 37863, 62128, 64631, 84523, 68409, 46658, 59869, 22948, 53816, 17703, 86036, 23930, 54711, 27159, 47907, 22129, 19429, 11704, 67050, 80298, 69224, 57646, 14733, 44317, 85077, 74191, 78264, 27076, 89776, 5196, 46711, 95884, 100000, 42859, 92197, 62164, 34041, 96434, 9186, 84986, 23729, 32442, 9078, 30947, 10584, 90176, 39265, 2903, 26641, 17813, 64068, 47390, 53496, 84055, 91192, 43627, 10978, 20051, 63072, 17541, 52384, 82602, 2071, 73349, 76496, 93237, 90746, 94169, 1089, 1963, 87259, 78716, 97251, 74560, 92319, 88430, 30065, 35943, 26646, 58575, 20564, 68822, 1955, 11977, 701, 8879, 51642, 65013, 37021, 8254, 64968, 54544, 55206, 50487, 94823, 39401, 11005, 50507, 4078, 47520, 40046, 60171, 93652, 930, 40344, 61205, 60575, 32914, 87845, 18974, 88335, 23738, 9159, 67945, 35873, 79289, 92027, 47069, 50717, 19269, 86431, 12677, 1847, 82569, 10719, 49874, 57438, 74245, 9728, 35214, 60927, 50418, 3072, 33653, 84097, 10451, 10948, 43565, 35042, 52901, 60373, 71523, 99916, 21066, 31862, 7158, 61957, 29065, 73503, 77066, 90914, 2224, 23949, 58836, 36313, 52163, 15402, 95181, 97248, 72223, 64484, 31579, 7361, 13133, 8559, 5315, 12957, 97480, 15964, 47289, 18201, 64048, 38836, 23949, 65274, 81688, 15908, 97641, 68909, 88194, 58203, 54156, 17884, 17015, 98114, 85070, 44487, 35609, 43946, 13163, 68656, 46368, 64590, 40998, 4333, 23209, 48312, 91519, 45912, 95154, 82162, 65190, 2680, 41571, 50993, 530, 20715, 62325, 69130, 87411, 51896, 25041, 1061, 92007, 16083, 61009, 22448, 76926, 40530, 5740, 65551, 74307, 70243, 88860, 56449, 62236, 73737, 14864, 20769, 33438, 2720, 19958, 14224, 62871, 11924, 4195, 94579, 90772, 15850, 32394, 39534, 94217, 24432, 49736, 19142, 95031, 91556, 84878, 36003, 82744, 39005, 77560, 67854, 74174, 65238, 42610, 38442, 5045, 8394, 50169, 85223, 39318, 11999, 19698, 62218, 20982, 75579, 83921, 36322, 81232, 74890, 79155, 7974, 87957, 31618, 15302, 46288, 41529, 54402, 51898, 8904, 68466, 16655, 33307, 87657, 62302, 99805, 94712, 27432, 6792, 318, 28470, 61849, 26074, 24481, 33234, 11701, 90978, 8418, 34547, 73073, 14229, 92931, 45528, 46305, 58234, 95428, 52910, 64691, 89529, 6125, 95529, 23717, 34258, 15039, 26343, 25322, 18533, 87153, 22501, 24377, 93511, 91108, 66007, 60481, 95208, 62676, 92031, 61249, 21040, 27224, 8088, 84181, 33593, 86548, 72607, 12800, 5611, 73844, 6692, 65230, 36526, 2469, 35635, 48449, 14719, 78189, 85243, 55844, 24071, 23788, 78878, 22883, 30166, 25797, 10713, 24202, 63862, 69116, 6614, 65627, 74821, 9118, 52050, 1045, 85212, 62012, 89898, 79364, 88858, 96964, 35830, 60888, 26734, 88556, 30404, 7619, 80278, 68622, 93232, 34306, 31485, 56275, 18665, 75621, 64839, 93770, 28199, 22239, 59130, 77628, 99168, 70420, 75781, 62501, 671, 82149, 26309, 8026, 6187, 34342, 77941, 96327, 7003, 65713, 2941, 26673, 45799, 5550, 98918, 65458, 56546, 58743, 93533, 64790, 30347, 32662, 73325, 77970, 21733, 35559, 73040, 79043, 59441, 82022, 37637, 7661, 94041, 96708, 7898, 70255, 89025, 83488, 90561, 63581, 77717, 74197, 27575, 58299, 53110, 73807, 71575, 26219, 35022, 49263, 13153, 34531, 51399, 44165, 26477, 4658, 89217, 10088, 77375, 38696, 57234, 69828, 27880, 19969, 12884, 48301, 32382, 79158, 72530, 2303, 28606, 30300, 17727, 74408, 82473, 74031, 47501, 28349, 67701, 75802, 89880, 6847, 37677, 42094, 59098, 33292, 25396, 1653, 33802, 37033, 82988, 18807, 34788, 32442, 21412, 79504, 70667, 67140, 188, 92567, 14712, 41955, 83231, 16604, 44261, 9248, 17311, 28714, 91679, 32487, 26287, 45537, 96338, 4907, 91004, 40305, 38855, 30113, 31802, 90368, 29632, 22399, 27504, 74924, 64570, 3170, 73381, 73608, 82107, 55004, 28453, 81413, 83401, 86827, 3755, 19280, 39809, 58531, 69352, 77285, 75236, 65692, 7596, 96792, 61193, 32718, 15171, 87988, 30166, 54746, 77236, 17432, 95331, 38981, 88240, 38898, 32172, 79555, 11740, 12372, 21314, 35314, 93047, 42158, 12888, 45757, 12444, 53196, 24354, 10754, 11298, 51034, 29460, 54561, 63362, 63137, 80288, 88200, 90124, 34341, 79738, 29507, 1371, 45727, 33233, 20038, 80414, 21940, 30707, 90006, 24595, 36850, 16424, 43356, 57374, 16541, 37502, 37384, 44186, 1581, 55147, 81574, 36342, 34700, 77319, 28025, 42804, 70814, 97334, 63170, 45671, 92728, 50865, 61805, 79230, 95797, 79382, 69832, 39248, 70970, 62614, 68180, 36578, 66699, 90803, 28447, 48009, 97357, 19944, 60879, 16057, 92445, 75982, 37067, 41406, 92224, 10099, 38077, 10238, 68458, 6537, 63778, 57556, 62039, 11823, 13270, 39382, 5448, 99101, 892, 8806, 21031, 7912, 86405, 50251, 88331, 79170, 19276, 48689, 73426, 83963, 98871, 32530, 19826, 24930, 70628, 89666, 23784, 22342, 79694, 80437, 28733, 99765, 7735, 65443, 39629, 65691, 45234, 52942, 70165, 64742, 7593, 35389, 38346, 53370, 1486, 63745, 59201, 84112, 82078, 59842, 55744, 6361, 15079, 910, 53287, 86305, 5582, 34924, 69056, 67927, 31852, 80811, 3497, 24763, 76576, 6447, 51921, 24582, 67902, 99777, 99703, 83341, 49007, 99280, 24090, 6799, 52732, 30031, 47977, 87252, 5024, 40270, 25148, 18576, 16321, 73258, 96568, 50330, 93058, 53931, 82548, 70345, 30377, 16363, 46283, 71917, 19219, 34599, 59905, 76185, 99134, 52728, 85779, 32717, 4809, 23223, 7767, 36688, 17927, 33222, 5461, 58987, 99150, 82453, 68878, 27439, 92942, 79331, 71474, 34897, 35197, 84658, 51810, 88051, 90117, 15640, 25537, 1192, 5758, 16919, 16570, 54940, 71350, 57863, 28374, 25430, 96910, 25138, 30623, 84961, 23541, 35862, 94330, 34467, 45322, 3068, 32691, 19717, 72709, 77504, 12874, 8035, 4199, 32629, 29326, 50091, 4290, 69037, 67868, 4858, 18189, 81289, 10537, 34484, 97761, 36705, 52886, 29677, 92414, 65300, 4493, 83991, 25685, 6104, 23112, 72137, 96757, 13483, 18308, 221, 14358, 49795, 76044, 65013, 87872, 95304, 14399, 812, 64706, 60775, 65656, 55460, 64130, 33001, 14835, 17431, 45023, 79744, 46149, 17211, 1932, 89664, 35867, 75834, 45835, 33920, 51887, 56077, 57612, 3201, 66246, 43129, 72962, 59486, 41799, 36083, 78794, 55644, 16064, 47916, 43687, 87424, 99482, 17585, 78994, 36067, 56930, 68493, 83129, 64732, 86546, 74055, 94524, 52064, 83683, 31321, 53390, 89787, 97909, 96890, 42138, 43171, 63419, 72477, 642, 72325, 14142, 88837, 64298, 53853, 33912, 90976, 51351, 53580, 44520, 1115, 7377, 51291, 91564, 16199, 86922, 17805, 85895, 43694, 18547, 43604, 34423, 97118, 34445, 84791, 71375, 31055, 9941, 27422, 27295, 25492, 21731, 54058, 56103, 74702, 88389, 39787, 83292, 56321, 80058, 48446, 90534, 99020, 53183, 57349, 5351, 62399, 11726, 72703, 23079, 88458, 14886, 42115, 37381, 53447, 80416, 75451, 17441, 22787, 25968, 37997, 43457, 70409, 3144, 30291, 27680, 46416, 33566, 93834, 69479, 8313]})"
40.0,9,39,21,14.976556777954102,210,"Genotype(dna={""<class 'abc.NT_0014'>"": [28716, 7628], ""<class 'abc.NT_0014_P_00000'>"": [], ""<class 'abc.NT_0003'>"": [], ""<class 'abc.NT_0003_P_00000'>"": [], ""<class 'bool'>"": [34892, 98370, 93055, 22069, 91850, 93033, 11504, 95280, 56278, 13913, 91591, 97012, 50516, 89077, 91601, 80048, 98529, 76229, 96396, 90534, 62399, 14886, 86613, 30291, 93834, 69479, 91703], ""<class 'abc.NT_0000'>"": [0, 2, 3, 0, 0, 92735, 3, 0, 57112, 0, 0, 0, 0, 77429, 3, 67907, 2, 0, 2823, 0, 47365, 0, 40082, 0, 1, 36984, 2, 0, 2, 0, 0, 0, 0, 0, 1053, 68095, 1, 3136, 63679, 1290, 48446, 25314, 57349, 5351, 72703, 23079, 37821, 75451, 17441, 22787, 25968, 37997, 43457, 70409, 3144], ""<class 'abc.NT_0000_P_00000'>"": [], ""<class 'int'>"": [27329, 89970, 15638, 94912, 79572, 49242, 25019, 94292, 7422, 15130, 10348, 68747, 83981, 41079, 54502, 67215, 24459, 66531, 7776, 87223, 86415, 85267, 30558, 68477, 26738, 18149, 77382, 79248, 84283, 30291, 69479, 56653, 51366, 76187, 63194, 54071, 44166, 38385], ""<class 'abc.NT_0000_P_00001'>"": [], ""<class 'abc.NT_0000_P_00002'>"": [], ""<class 'abc.NT_0000_P_00003'>"": [], ""<class 'abc.NT_0001'>"": [1, 6, 59169, 80416, 46416, 33566], ""<class 'abc.NT_0001_P_00000'>"": [], ""<class 'abc.NT_0001_P_00001'>"": [], ""<class 'abc.NT_0001_P_00002'>"": [], ""<class 'abc.NT_0001_P_00003'>"": [], ""<class 'abc.NT_0001_P_00004'>"": [], ""<class 'abc.NT_0001_P_00005'>"": [], ""<class 'abc.NT_0001_P_00006'>"": [], ""<class 'abc.NT_0003_P_00001'>"": [], ""<class 'abc.NT_0002'>"": [0, 54058], ""<class 'abc.NT_0002_P_00000'>"": [], ""<class 'abc.NT_0002_P_00001'>"": [], ""<class 'abc.NT_0002_P_00002'>"": [], ""<class 'abc.NT_0002_P_00003'>"": [], ""<class 'abc.NT_0004'>"": [], ""<class 'abc.NT_0004_P_00000'>"": [], ""<class 'abc.NT_0014_P_00001'>"": [], ""<class 'abc.NT_0013'>"": [43273, 87753, 70326], ""<class 'abc.NT_0013_P_00000'>"": [], ""<class 'abc.NT_0011'>"": [1, 98607], ""<class 'abc.NT_0011_P_00000'>"": [], ""<class 'abc.NT_0011_P_00001'>"": [], ""<class 'abc.NT_0008'>"": [56358, 25492], ""<class 'abc.NT_0008_P_00000'>"": [], ""<class 'abc.NT_0005'>"": [65439, 70998], ""<class 'abc.NT_0005_P_00000'>"": [], ""<class 'abc.NT_0005_P_00001'>"": [], ""<class 'abc.NT_0007'>"": [0, 27295], ""<class 'abc.NT_0007_P_00000'>"": [], ""<class 'abc.NT_0006'>"": [51447, 91312], ""<class 'abc.NT_0006_P_00000'>"": [], ""<class 'abc.NT_0006_P_00001'>"": [], ""<class 'abc.NT_0007_P_00001'>"": [], ""<class 'abc.NT_0007_P_00002'>"": [], ""<class 'abc.NT_0007_P_00003'>"": [], ""<class 'abc.NT_0008_P_00001'>"": [], ""<class 'abc.NT_0009'>"": [8, 58070, 39787], ""<class 'abc.NT_0009_P_00000'>"": [], ""<class 'abc.NT_0009_P_00001'>"": [], ""<class 'abc.NT_0009_P_00002'>"": [], ""<class 'abc.NT_0009_P_00003'>"": [], ""<class 'abc.NT_0009_P_00004'>"": [], ""<class 'abc.NT_0009_P_00005'>"": [], ""<class 'abc.NT_0009_P_00006'>"": [], ""<class 'abc.NT_0009_P_00007'>"": [], ""<class 'abc.NT_0009_P_00008'>"": [], ""<class 'abc.NT_0011_P_00002'>"": [], ""<class 'abc.NT_0010'>"": [53447, 27680], ""<class 'abc.NT_0010_P_00000'>"": [], ""<class 'abc.NT_0010_P_00001'>"": [], ""<class 'abc.NT_0010_P_00002'>"": [], ""<class 'abc.NT_0010_P_00003'>"": [], ""<class 'abc.NT_0010_P_00004'>"": [], ""<class 'abc.NT_0010_P_00005'>"": [], ""<class 'abc.NT_0011_P_00003'>"": [], ""<class 'abc.NT_0011_P_00004'>"": [], ""<class 'abc.NT_0011_P_00005'>"": [], ""<class 'abc.NT_0011_P_00006'>"": [], ""<class 'abc.NT_0011_P_00007'>"": [], ""<class 'abc.NT_0011_P_00008'>"": [], ""<class 'abc.NT_0011_P_00009'>"": [], ""<class 'abc.NT_0014_P_00002'>"": [], ""<class 'abc.NT_0014_P_00003'>"": [], ""<class 'abc.NT_0014_P_00004'>"": [], '$leftovers': [69016, 56653, 612, 51366, 29977, 7941, 62781, 93978, 48081, 63396, 57279, 63194, 37786, 54499, 54071, 7255, 805, 91855, 9788, 55863, 13874, 90931, 38385, 43619, 36227, 61359, 25033, 26828, 94952, 78514, 81573, 7035, 57599, 63649, 37284, 79243, 23816, 36097, 45176, 45221, 21659, 73410, 77378, 61609, 53485, 83091, 55364, 804, 37863, 62128, 64631, 84523, 68409, 46658, 59869, 22948, 53816, 17703, 86036, 23930, 54711, 27159, 47907, 22129, 19429, 11704, 67050, 80298, 69224, 57646, 14733, 44317, 85077, 74191, 78264, 27076, 89776, 5196, 46711, 95884, 100000, 42859, 92197, 62164, 34041, 96434, 9186, 84986, 23729, 32442, 9078, 30947, 10584, 90176, 39265, 2903, 26641, 17813, 64068, 47390, 53496, 84055, 91192, 43627, 10978, 20051, 63072, 17541, 52384, 82602, 2071, 73349, 76496, 93237, 90746, 94169, 1089, 1963, 87259, 78716, 97251, 74560, 92319, 88430, 30065, 35943, 26646, 58575, 20564, 68822, 1955, 11977, 701, 8879, 51642, 65013, 37021, 8254, 64968, 54544, 55206, 50487, 94823, 39401, 11005, 50507, 4078, 47520, 40046, 60171, 93652, 930, 40344, 61205, 60575, 32914, 87845, 18974, 88335, 23738, 9159, 67945, 35873, 79289, 92027, 47069, 50717, 19269, 86431, 12677, 1847, 82569, 10719, 49874, 57438, 74245, 9728, 35214, 60927, 50418, 3072, 33653, 84097, 10451, 10948, 43565, 35042, 52901, 60373, 71523, 99916, 21066, 31862, 7158, 61957, 29065, 73503, 77066, 90914, 2224, 23949, 58836, 36313, 52163, 15402, 95181, 97248, 72223, 64484, 31579, 7361, 13133, 8559, 5315, 12957, 97480, 15964, 47289, 18201, 64048, 38836, 23949, 65274, 81688, 15908, 97641, 68909, 88194, 58203, 54156, 17884, 17015, 98114, 85070, 44487, 35609, 43946, 13163, 68656, 46368, 64590, 40998, 4333, 23209, 48312, 91519, 45912, 95154, 82162, 65190, 2680, 41571, 50993, 530, 20715, 62325, 69130, 87411, 51896, 25041, 1061, 92007, 16083, 61009, 22448, 76926, 40530, 5740, 65551, 74307, 70243, 88860, 56449, 62236, 73737, 14864, 20769, 33438, 2720, 19958, 14224, 62871, 11924, 4195, 94579, 90772, 15850, 32394, 39534, 94217, 24432, 49736, 19142, 95031, 91556, 84878, 36003, 82744, 39005, 77560, 67854, 74174, 65238, 42610, 38442, 5045, 8394, 50169, 85223, 39318, 11999, 19698, 62218, 20982, 75579, 83921, 36322, 81232, 74890, 79155, 7974, 87957, 31618, 15302, 46288, 41529, 54402, 51898, 8904, 68466, 16655, 33307, 87657, 62302, 99805, 94712, 27432, 6792, 318, 28470, 61849, 26074, 24481, 33234, 11701, 90978, 8418, 34547, 73073, 14229, 92931, 45528, 46305, 58234, 95428, 52910, 64691, 89529, 6125, 95529, 23717, 34258, 15039, 26343, 25322, 18533, 87153, 22501, 24377, 93511, 91108, 66007, 60481, 95208, 62676, 92031, 61249, 21040, 27224, 8088, 84181, 33593, 86548, 72607, 12800, 5611, 73844, 6692, 65230, 36526, 2469, 35635, 48449, 14719, 78189, 85243, 55844, 24071, 23788, 78878, 22883, 30166, 25797, 10713, 24202, 63862, 69116, 6614, 65627, 74821, 9118, 52050, 1045, 85212, 62012, 89898, 79364, 88858, 96964, 35830, 60888, 26734, 88556, 30404, 7619, 80278, 68622, 93232, 34306, 31485, 56275, 18665, 75621, 64839, 93770, 28199, 22239, 59130, 77628, 99168, 70420, 75781, 62501, 671, 82149, 26309, 8026, 6187, 34342, 77941, 96327, 7003, 65713, 2941, 26673, 45799, 5550, 98918, 65458, 56546, 58743, 93533, 64790, 30347, 32662, 73325, 77970, 21733, 35559, 73040, 79043, 59441, 82022, 37637, 7661, 94041, 96708, 7898, 70255, 89025, 83488, 90561, 63581, 77717, 74197, 27575, 58299, 53110, 73807, 71575, 26219, 35022, 49263, 13153, 34531, 51399, 44165, 26477, 4658, 89217, 10088, 77375, 38696, 57234, 69828, 27880, 19969, 12884, 48301, 32382, 79158, 72530, 2303, 28606, 30300, 17727, 74408, 82473, 74031, 47501, 28349, 67701, 75802, 89880, 6847, 37677, 42094, 59098, 33292, 25396, 1653, 33802, 37033, 82988, 18807, 34788, 32442, 21412, 79504, 70667, 67140, 188, 92567, 14712, 41955, 83231, 16604, 44261, 9248, 17311, 28714, 91679, 32487, 26287, 45537, 96338, 4907, 91004, 40305, 38855, 30113, 31802, 90368, 29632, 22399, 27504, 74924, 64570, 3170, 73381, 73608, 82107, 55004, 28453, 81413, 83401, 86827, 3755, 19280, 39809, 58531, 69352, 77285, 75236, 65692, 7596, 96792, 61193, 32718, 15171, 87988, 30166, 54746, 77236, 17432, 95331, 38981, 88240, 38898, 32172, 79555, 11740, 12372, 21314, 35314, 93047, 42158, 12888, 45757, 12444, 53196, 24354, 10754, 11298, 51034, 29460, 54561, 63362, 63137, 80288, 88200, 90124, 34341, 79738, 29507, 1371, 45727, 33233, 20038, 80414, 21940, 30707, 90006, 24595, 36850, 16424, 43356, 57374, 16541, 37502, 37384, 44186, 1581, 55147, 81574, 36342, 34700, 77319, 28025, 42804, 70814, 97334, 63170, 45671, 92728, 50865, 61805, 79230, 95797, 79382, 69832, 39248, 70970, 62614, 68180, 36578, 66699, 90803, 28447, 48009, 97357, 19944, 60879, 16057, 92445, 75982, 37067, 41406, 92224, 10099, 38077, 10238, 68458, 6537, 63778, 57556, 62039, 11823, 13270, 39382, 5448, 99101, 892, 8806, 21031, 7912, 86405, 50251, 88331, 79170, 19276, 48689, 73426, 83963, 98871, 32530, 19826, 24930, 70628, 89666, 23784, 22342, 79694, 80437, 28733, 99765, 7735, 65443, 39629, 65691, 45234, 52942, 70165, 64742, 7593, 35389, 38346, 53370, 1486, 63745, 59201, 84112, 82078, 59842, 55744, 6361, 15079, 910, 53287, 86305, 5582, 34924, 69056, 67927, 31852, 80811, 3497, 24763, 76576, 6447, 51921, 24582, 67902, 99777, 99703, 83341, 49007, 99280, 24090, 6799, 52732, 30031, 47977, 87252, 5024, 40270, 25148, 18576, 16321, 73258, 96568, 50330, 93058, 53931, 82548, 70345, 30377, 16363, 46283, 71917, 19219, 34599, 59905, 76185, 99134, 52728, 85779, 32717, 4809, 23223, 7767, 36688, 17927, 33222, 5461, 58987, 99150, 82453, 68878, 27439, 92942, 79331, 71474, 34897, 35197, 84658, 51810, 88051, 90117, 15640, 25537, 1192, 5758, 16919, 16570, 54940, 71350, 57863, 28374, 25430, 96910, 25138, 30623, 84961, 23541, 35862, 94330, 34467, 45322, 3068, 32691, 19717, 72709, 77504, 12874, 8035, 4199, 32629, 29326, 50091, 4290, 69037, 67868, 4858, 18189, 81289, 10537, 34484, 97761, 36705, 52886, 29677, 92414, 65300, 4493, 83991, 25685, 6104, 23112, 72137, 96757, 13483, 18308, 221, 14358, 49795, 76044, 65013, 87872, 95304, 14399, 812, 64706, 60775, 65656, 55460, 64130, 33001, 14835, 17431, 45023, 79744, 46149, 17211, 1932, 89664, 35867, 75834, 45835, 33920, 51887, 56077, 57612, 3201, 66246, 43129, 72962, 59486, 41799, 36083, 78794, 55644, 16064, 47916, 43687, 87424, 99482, 17585, 78994, 36067, 56930, 68493, 83129, 64732, 86546, 74055, 94524, 52064, 83683, 31321, 53390, 89787, 97909, 96890, 42138, 43171, 63419, 72477, 642, 72325, 14142, 88837, 64298, 53853, 33912, 90976, 51351, 53580, 44520, 1115, 7377, 51291, 91564, 16199, 86922, 17805, 85895, 43694, 18547, 43604, 34423, 97118, 34445, 84791, 71375, 31055, 9941, 27422, 27295, 25492, 21731, 54058, 56103, 74702, 88389, 39787, 83292, 56321, 80058, 48446, 90534, 99020, 53183, 57349, 5351, 62399, 11726, 72703, 23079, 88458, 14886, 42115, 37381, 53447, 80416, 75451, 17441, 22787, 25968, 37997, 43457, 70409, 3144, 30291, 27680, 46416, 33566, 93834, 69479, 8313]})"
40.0,9,39,22,15.531513929367065,210,"Genotype(dna={""<class 'abc.NT_0014'>"": [28716, 7628], ""<class 'abc.NT_0014_P_00000'>"": [], ""<class 'abc.NT_0003'>"": [], ""<class 'abc.NT_0003_P_00000'>"": [], ""<class 'bool'>"": [34892, 98370, 93055, 22069, 91850, 93033, 11504, 95280, 56278, 13913, 91591, 97012, 50516, 89077, 91601, 80048, 98529, 76229, 96396, 90534, 62399, 14886, 86613, 30291, 93834, 69479, 91703], ""<class 'abc.NT_0000'>"": [0, 2, 3, 0, 0, 92735, 3, 0, 57112, 0, 0, 0, 0, 77429, 3, 67907, 2, 0, 2823, 0, 47365, 0, 40082, 0, 1, 36984, 2, 0, 2, 0, 0, 0, 0, 0, 1053, 68095, 1, 3136, 63679, 1290, 48446, 25314, 57349, 5351, 72703, 23079, 37821, 75451, 17441, 22787, 25968, 37997, 43457, 70409, 3144], ""<class 'abc.NT_0000_P_00000'>"": [], ""<class 'int'>"": [27329, 89970, 15638, 94912, 79572, 49242, 25019, 94292, 7422, 15130, 10348, 68747, 83981, 41079, 54502, 67215, 24459, 66531, 7776, 87223, 86415, 85267, 30558, 68477, 26738, 18149, 77382, 79248, 84283, 30291, 69479, 56653, 51366, 76187, 63194, 54071, 44166, 38385], ""<class 'abc.NT_0000_P_00001'>"": [], ""<class 'abc.NT_0000_P_00002'>"": [], ""<class 'abc.NT_0000_P_00003'>"": [], ""<class 'abc.NT_0001'>"": [1, 6, 59169, 80416, 46416, 33566], ""<class 'abc.NT_0001_P_00000'>"": [], ""<class 'abc.NT_0001_P_00001'>"": [], ""<class 'abc.NT_0001_P_00002'>"": [], ""<class 'abc.NT_0001_P_00003'>"": [], ""<class 'abc.NT_0001_P_00004'>"": [], ""<class 'abc.NT_0001_P_00005'>"": [], ""<class 'abc.NT_0001_P_00006'>"": [], ""<class 'abc.NT_0003_P_00001'>"": [], ""<class 'abc.NT_0002'>"": [0, 54058], ""<class 'abc.NT_0002_P_00000'>"": [], ""<class 'abc.NT_0002_P_00001'>"": [], ""<class 'abc.NT_0002_P_00002'>"": [], ""<class 'abc.NT_0002_P_00003'>"": [], ""<class 'abc.NT_0004'>"": [], ""<class 'abc.NT_0004_P_00000'>"": [], ""<class 'abc.NT_0014_P_00001'>"": [], ""<class 'abc.NT_0013'>"": [43273, 87753, 70326], ""<class 'abc.NT_0013_P_00000'>"": [], ""<class 'abc.NT_0011'>"": [1, 98607], ""<class 'abc.NT_0011_P_00000'>"": [], ""<class 'abc.NT_0011_P_00001'>"": [], ""<class 'abc.NT_0008'>"": [56358, 25492], ""<class 'abc.NT_0008_P_00000'>"": [], ""<class 'abc.NT_0005'>"": [65439, 70998], ""<class 'abc.NT_0005_P_00000'>"": [], ""<class 'abc.NT_0005_P_00001'>"": [], ""<class 'abc.NT_0007'>"": [0, 27295], ""<class 'abc.NT_0007_P_00000'>"": [], ""<class 'abc.NT_0006'>"": [51447, 91312], ""<class 'abc.NT_0006_P_00000'>"": [], ""<class 'abc.NT_0006_P_00001'>"": [], ""<class 'abc.NT_0007_P_00001'>"": [], ""<class 'abc.NT_0007_P_00002'>"": [], ""<class 'abc.NT_0007_P_00003'>"": [], ""<class 'abc.NT_0008_P_00001'>"": [], ""<class 'abc.NT_0009'>"": [8, 58070, 39787], ""<class 'abc.NT_0009_P_00000'>"": [], ""<class 'abc.NT_0009_P_00001'>"": [], ""<class 'abc.NT_0009_P_00002'>"": [], ""<class 'abc.NT_0009_P_00003'>"": [], ""<class 'abc.NT_0009_P_00004'>"": [], ""<class 'abc.NT_0009_P_00005'>"": [], ""<class 'abc.NT_0009_P_00006'>"": [], ""<class 'abc.NT_0009_P_00007'>"": [], ""<class 'abc.NT_0009_P_00008'>"": [], ""<class 'abc.NT_0011_P_00002'>"": [], ""<class 'abc.NT_0010'>"": [53447, 27680], ""<class 'abc.NT_0010_P_00000'>"": [], ""<class 'abc.NT_0010_P_00001'>"": [], ""<class 'abc.NT_0010_P_00002'>"": [], ""<class 'abc.NT_0010_P_00003'>"": [], ""<class 'abc.NT_0010_P_00004'>"": [], ""<class 'abc.NT_0010_P_00005'>"": [], ""<class 'abc.NT_0011_P_00003'>"": [], ""<class 'abc.NT_0011_P_00004'>"": [], ""<class 'abc.NT_0011_P_00005'>"": [], ""<class 'abc.NT_0011_P_00006'>"": [], ""<class 'abc.NT_0011_P_00007'>"": [], ""<class 'abc.NT_0011_P_00008'>"": [], ""<class 'abc.NT_0011_P_00009'>"": [], ""<class 'abc.NT_0014_P_00002'>"": [], ""<class 'abc.NT_0014_P_00003'>"": [], ""<class 'abc.NT_0014_P_00004'>"": [], '$leftovers': [69016, 56653, 612, 51366, 29977, 7941, 62781, 93978, 48081, 63396, 57279, 63194, 37786, 54499, 54071, 7255, 805, 91855, 9788, 55863, 13874, 90931, 38385, 43619, 36227, 61359, 25033, 26828, 94952, 78514, 81573, 7035, 57599, 63649, 37284, 79243, 23816, 36097, 45176, 45221, 21659, 73410, 77378, 61609, 53485, 83091, 55364, 804, 37863, 62128, 64631, 84523, 68409, 46658, 59869, 22948, 53816, 17703, 86036, 23930, 54711, 27159, 47907, 22129, 19429, 11704, 67050, 80298, 69224, 57646, 14733, 44317, 85077, 74191, 78264, 27076, 89776, 5196, 46711, 95884, 100000, 42859, 92197, 62164, 34041, 96434, 9186, 84986, 23729, 32442, 9078, 30947, 10584, 90176, 39265, 2903, 26641, 17813, 64068, 47390, 53496, 84055, 91192, 43627, 10978, 20051, 63072, 17541, 52384, 82602, 2071, 73349, 76496, 93237, 90746, 94169, 1089, 1963, 87259, 78716, 97251, 74560, 92319, 88430, 30065, 35943, 26646, 58575, 20564, 68822, 1955, 11977, 701, 8879, 51642, 65013, 37021, 8254, 64968, 54544, 55206, 50487, 94823, 39401, 11005, 50507, 4078, 47520, 40046, 60171, 93652, 930, 40344, 61205, 60575, 32914, 87845, 18974, 88335, 23738, 9159, 67945, 35873, 79289, 92027, 47069, 50717, 19269, 86431, 12677, 1847, 82569, 10719, 49874, 57438, 74245, 9728, 35214, 60927, 50418, 3072, 33653, 84097, 10451, 10948, 43565, 35042, 52901, 60373, 71523, 99916, 21066, 31862, 7158, 61957, 29065, 73503, 77066, 90914, 2224, 23949, 58836, 36313, 52163, 15402, 95181, 97248, 72223, 64484, 31579, 7361, 13133, 8559, 5315, 12957, 97480, 15964, 47289, 18201, 64048, 38836, 23949, 65274, 81688, 15908, 97641, 68909, 88194, 58203, 54156, 17884, 17015, 98114, 85070, 44487, 35609, 43946, 13163, 68656, 46368, 64590, 40998, 4333, 23209, 48312, 91519, 45912, 95154, 82162, 65190, 2680, 41571, 50993, 530, 20715, 62325, 69130, 87411, 51896, 25041, 1061, 92007, 16083, 61009, 22448, 76926, 40530, 5740, 65551, 74307, 70243, 88860, 56449, 62236, 73737, 14864, 20769, 33438, 2720, 19958, 14224, 62871, 11924, 4195, 94579, 90772, 15850, 32394, 39534, 94217, 24432, 49736, 19142, 95031, 91556, 84878, 36003, 82744, 39005, 77560, 67854, 74174, 65238, 42610, 38442, 5045, 8394, 50169, 85223, 39318, 11999, 19698, 62218, 20982, 75579, 83921, 36322, 81232, 74890, 79155, 7974, 87957, 31618, 15302, 46288, 41529, 54402, 51898, 8904, 68466, 16655, 33307, 87657, 62302, 99805, 94712, 27432, 6792, 318, 28470, 61849, 26074, 24481, 33234, 11701, 90978, 8418, 34547, 73073, 14229, 92931, 45528, 46305, 58234, 95428, 52910, 64691, 89529, 6125, 95529, 23717, 34258, 15039, 26343, 25322, 18533, 87153, 22501, 24377, 93511, 91108, 66007, 60481, 95208, 62676, 92031, 61249, 21040, 27224, 8088, 84181, 33593, 86548, 72607, 12800, 5611, 73844, 6692, 65230, 36526, 2469, 35635, 48449, 14719, 78189, 85243, 55844, 24071, 23788, 78878, 22883, 30166, 25797, 10713, 24202, 63862, 69116, 6614, 65627, 74821, 9118, 52050, 1045, 85212, 62012, 89898, 79364, 88858, 96964, 35830, 60888, 26734, 88556, 30404, 7619, 80278, 68622, 93232, 34306, 31485, 56275, 18665, 75621, 64839, 93770, 28199, 22239, 59130, 77628, 99168, 70420, 75781, 62501, 671, 82149, 26309, 8026, 6187, 34342, 77941, 96327, 7003, 65713, 2941, 26673, 45799, 5550, 98918, 65458, 56546, 58743, 93533, 64790, 30347, 32662, 73325, 77970, 21733, 35559, 73040, 79043, 59441, 82022, 37637, 7661, 94041, 96708, 7898, 70255, 89025, 83488, 90561, 63581, 77717, 74197, 27575, 58299, 53110, 73807, 71575, 26219, 35022, 49263, 13153, 34531, 51399, 44165, 26477, 4658, 89217, 10088, 77375, 38696, 57234, 69828, 27880, 19969, 12884, 48301, 32382, 79158, 72530, 2303, 28606, 30300, 17727, 74408, 82473, 74031, 47501, 28349, 67701, 75802, 89880, 6847, 37677, 42094, 59098, 33292, 25396, 1653, 33802, 37033, 82988, 18807, 34788, 32442, 21412, 79504, 70667, 67140, 188, 92567, 14712, 41955, 83231, 16604, 44261, 9248, 17311, 28714, 91679, 32487, 26287, 45537, 96338, 4907, 91004, 40305, 38855, 30113, 31802, 90368, 29632, 22399, 27504, 74924, 64570, 3170, 73381, 73608, 82107, 55004, 28453, 81413, 83401, 86827, 3755, 19280, 39809, 58531, 69352, 77285, 75236, 65692, 7596, 96792, 61193, 32718, 15171, 87988, 30166, 54746, 77236, 17432, 95331, 38981, 88240, 38898, 32172, 79555, 11740, 12372, 21314, 35314, 93047, 42158, 12888, 45757, 12444, 53196, 24354, 10754, 11298, 51034, 29460, 54561, 63362, 63137, 80288, 88200, 90124, 34341, 79738, 29507, 1371, 45727, 33233, 20038, 80414, 21940, 30707, 90006, 24595, 36850, 16424, 43356, 57374, 16541, 37502, 37384, 44186, 1581, 55147, 81574, 36342, 34700, 77319, 28025, 42804, 70814, 97334, 63170, 45671, 92728, 50865, 61805, 79230, 95797, 79382, 69832, 39248, 70970, 62614, 68180, 36578, 66699, 90803, 28447, 48009, 97357, 19944, 60879, 16057, 92445, 75982, 37067, 41406, 92224, 10099, 38077, 10238, 68458, 6537, 63778, 57556, 62039, 11823, 13270, 39382, 5448, 99101, 892, 8806, 21031, 7912, 86405, 50251, 88331, 79170, 19276, 48689, 73426, 83963, 98871, 32530, 19826, 24930, 70628, 89666, 23784, 22342, 79694, 80437, 28733, 99765, 7735, 65443, 39629, 65691, 45234, 52942, 70165, 64742, 7593, 35389, 38346, 53370, 1486, 63745, 59201, 84112, 82078, 59842, 55744, 6361, 15079, 910, 53287, 86305, 5582, 34924, 69056, 67927, 31852, 80811, 3497, 24763, 76576, 6447, 51921, 24582, 67902, 99777, 99703, 83341, 49007, 99280, 24090, 6799, 52732, 30031, 47977, 87252, 5024, 40270, 25148, 18576, 16321, 73258, 96568, 50330, 93058, 53931, 82548, 70345, 30377, 16363, 46283, 71917, 19219, 34599, 59905, 76185, 99134, 52728, 85779, 32717, 4809, 23223, 7767, 36688, 17927, 33222, 5461, 58987, 99150, 82453, 68878, 27439, 92942, 79331, 71474, 34897, 35197, 84658, 51810, 88051, 90117, 15640, 25537, 1192, 5758, 16919, 16570, 54940, 71350, 57863, 28374, 25430, 96910, 25138, 30623, 84961, 23541, 35862, 94330, 34467, 45322, 3068, 32691, 19717, 72709, 77504, 12874, 8035, 4199, 32629, 29326, 50091, 4290, 69037, 67868, 4858, 18189, 81289, 10537, 34484, 97761, 36705, 52886, 29677, 92414, 65300, 4493, 83991, 25685, 6104, 23112, 72137, 96757, 13483, 18308, 221, 14358, 49795, 76044, 65013, 87872, 95304, 14399, 812, 64706, 60775, 65656, 55460, 64130, 33001, 14835, 17431, 45023, 79744, 46149, 17211, 1932, 89664, 35867, 75834, 45835, 33920, 51887, 56077, 57612, 3201, 66246, 43129, 72962, 59486, 41799, 36083, 78794, 55644, 16064, 47916, 43687, 87424, 99482, 17585, 78994, 36067, 56930, 68493, 83129, 64732, 86546, 74055, 94524, 52064, 83683, 31321, 53390, 89787, 97909, 96890, 42138, 43171, 63419, 72477, 642, 72325, 14142, 88837, 64298, 53853, 33912, 90976, 51351, 53580, 44520, 1115, 7377, 51291, 91564, 16199, 86922, 17805, 85895, 43694, 18547, 43604, 34423, 97118, 34445, 84791, 71375, 31055, 9941, 27422, 27295, 25492, 21731, 54058, 56103, 74702, 88389, 39787, 83292, 56321, 80058, 48446, 90534, 99020, 53183, 57349, 5351, 62399, 11726, 72703, 23079, 88458, 14886, 42115, 37381, 53447, 80416, 75451, 17441, 22787, 25968, 37997, 43457, 70409, 3144, 30291, 27680, 46416, 33566, 93834, 69479, 8313]})"
40.0,9,39,23,16.0033118724823,210,"Genotype(dna={""<class 'abc.NT_0014'>"": [28716, 7628], ""<class 'abc.NT_0014_P_00000'>"": [], ""<class 'abc.NT_0003'>"": [], ""<class 'abc.NT_0003_P_00000'>"": [], ""<class 'bool'>"": [34892, 98370, 93055, 22069, 91850, 93033, 11504, 95280, 56278, 13913, 91591, 97012, 50516, 89077, 91601, 80048, 98529, 76229, 96396, 90534, 62399, 14886, 86613, 30291, 93834, 69479, 91703], ""<class 'abc.NT_0000'>"": [0, 2, 3, 0, 0, 92735, 3, 0, 57112, 0, 0, 0, 0, 77429, 3, 67907, 2, 0, 2823, 0, 47365, 0, 40082, 0, 1, 36984, 2, 0, 2, 0, 0, 0, 0, 0, 1053, 68095, 1, 3136, 63679, 1290, 48446, 25314, 57349, 5351, 72703, 23079, 37821, 75451, 17441, 22787, 25968, 37997, 43457, 70409, 3144], ""<class 'abc.NT_0000_P_00000'>"": [], ""<class 'int'>"": [27329, 89970, 15638, 94912, 79572, 49242, 25019, 94292, 7422, 15130, 10348, 68747, 83981, 41079, 54502, 67215, 24459, 66531, 7776, 87223, 86415, 85267, 30558, 68477, 26738, 18149, 77382, 79248, 84283, 30291, 69479, 56653, 51366, 76187, 63194, 54071, 44166, 38385], ""<class 'abc.NT_0000_P_00001'>"": [], ""<class 'abc.NT_0000_P_00002'>"": [], ""<class 'abc.NT_0000_P_00003'>"": [], ""<class 'abc.NT_0001'>"": [1, 6, 59169, 80416, 46416, 33566], ""<class 'abc.NT_0001_P_00000'>"": [], ""<class 'abc.NT_0001_P_00001'>"": [], ""<class 'abc.NT_0001_P_00002'>"": [], ""<class 'abc.NT_0001_P_00003'>"": [], ""<class 'abc.NT_0001_P_00004'>"": [], ""<class 'abc.NT_0001_P_00005'>"": [], ""<class 'abc.NT_0001_P_00006'>"": [], ""<class 'abc.NT_0003_P_00001'>"": [], ""<class 'abc.NT_0002'>"": [0, 54058], ""<class 'abc.NT_0002_P_00000'>"": [], ""<class 'abc.NT_0002_P_00001'>"": [], ""<class 'abc.NT_0002_P_00002'>"": [], ""<class 'abc.NT_0002_P_00003'>"": [], ""<class 'abc.NT_0004'>"": [], ""<class 'abc.NT_0004_P_00000'>"": [], ""<class 'abc.NT_0014_P_00001'>"": [], ""<class 'abc.NT_0013'>"": [43273, 87753, 70326], ""<class 'abc.NT_0013_P_00000'>"": [], ""<class 'abc.NT_0011'>"": [1, 98607], ""<class 'abc.NT_0011_P_00000'>"": [], ""<class 'abc.NT_0011_P_00001'>"": [], ""<class 'abc.NT_0008'>"": [56358, 25492], ""<class 'abc.NT_0008_P_00000'>"": [], ""<class 'abc.NT_0005'>"": [65439, 70998], ""<class 'abc.NT_0005_P_00000'>"": [], ""<class 'abc.NT_0005_P_00001'>"": [], ""<class 'abc.NT_0007'>"": [0, 27295], ""<class 'abc.NT_0007_P_00000'>"": [], ""<class 'abc.NT_0006'>"": [51447, 91312], ""<class 'abc.NT_0006_P_00000'>"": [], ""<class 'abc.NT_0006_P_00001'>"": [], ""<class 'abc.NT_0007_P_00001'>"": [], ""<class 'abc.NT_0007_P_00002'>"": [], ""<class 'abc.NT_0007_P_00003'>"": [], ""<class 'abc.NT_0008_P_00001'>"": [], ""<class 'abc.NT_0009'>"": [8, 58070, 39787], ""<class 'abc.NT_0009_P_00000'>"": [], ""<class 'abc.NT_0009_P_00001'>"": [], ""<class 'abc.NT_0009_P_00002'>"": [], ""<class 'abc.NT_0009_P_00003'>"": [], ""<class 'abc.NT_0009_P_00004'>"": [], ""<class 'abc.NT_0009_P_00005'>"": [], ""<class 'abc.NT_0009_P_00006'>"": [], ""<class 'abc.NT_0009_P_00007'>"": [], ""<class 'abc.NT_0009_P_00008'>"": [], ""<class 'abc.NT_0011_P_00002'>"": [], ""<class 'abc.NT_0010'>"": [53447, 27680], ""<class 'abc.NT_0010_P_00000'>"": [], ""<class 'abc.NT_0010_P_00001'>"": [], ""<class 'abc.NT_0010_P_00002'>"": [], ""<class 'abc.NT_0010_P_00003'>"": [], ""<class 'abc.NT_0010_P_00004'>"": [], ""<class 'abc.NT_0010_P_00005'>"": [], ""<class 'abc.NT_0011_P_00003'>"": [], ""<class 'abc.NT_0011_P_00004'>"": [], ""<class 'abc.NT_0011_P_00005'>"": [], ""<class 'abc.NT_0011_P_00006'>"": [], ""<class 'abc.NT_0011_P_00007'>"": [], ""<class 'abc.NT_0011_P_00008'>"": [], ""<class 'abc.NT_0011_P_00009'>"": [], ""<class 'abc.NT_0014_P_00002'>"": [], ""<class 'abc.NT_0014_P_00003'>"": [], ""<class 'abc.NT_0014_P_00004'>"": [], '$leftovers': [69016, 56653, 612, 51366, 29977, 7941, 62781, 93978, 48081, 63396, 57279, 63194, 37786, 54499, 54071, 7255, 805, 91855, 9788, 55863, 13874, 90931, 38385, 43619, 36227, 61359, 25033, 26828, 94952, 78514, 81573, 7035, 57599, 63649, 37284, 79243, 23816, 36097, 45176, 45221, 21659, 73410, 77378, 61609, 53485, 83091, 55364, 804, 37863, 62128, 64631, 84523, 68409, 46658, 59869, 22948, 53816, 17703, 86036, 23930, 54711, 27159, 47907, 22129, 19429, 11704, 67050, 80298, 69224, 57646, 14733, 44317, 85077, 74191, 78264, 27076, 89776, 5196, 46711, 95884, 100000, 42859, 92197, 62164, 34041, 96434, 9186, 84986, 23729, 32442, 9078, 30947, 10584, 90176, 39265, 2903, 26641, 17813, 64068, 47390, 53496, 84055, 91192, 43627, 10978, 20051, 63072, 17541, 52384, 82602, 2071, 73349, 76496, 93237, 90746, 94169, 1089, 1963, 87259, 78716, 97251, 74560, 92319, 88430, 30065, 35943, 26646, 58575, 20564, 68822, 1955, 11977, 701, 8879, 51642, 65013, 37021, 8254, 64968, 54544, 55206, 50487, 94823, 39401, 11005, 50507, 4078, 47520, 40046, 60171, 93652, 930, 40344, 61205, 60575, 32914, 87845, 18974, 88335, 23738, 9159, 67945, 35873, 79289, 92027, 47069, 50717, 19269, 86431, 12677, 1847, 82569, 10719, 49874, 57438, 74245, 9728, 35214, 60927, 50418, 3072, 33653, 84097, 10451, 10948, 43565, 35042, 52901, 60373, 71523, 99916, 21066, 31862, 7158, 61957, 29065, 73503, 77066, 90914, 2224, 23949, 58836, 36313, 52163, 15402, 95181, 97248, 72223, 64484, 31579, 7361, 13133, 8559, 5315, 12957, 97480, 15964, 47289, 18201, 64048, 38836, 23949, 65274, 81688, 15908, 97641, 68909, 88194, 58203, 54156, 17884, 17015, 98114, 85070, 44487, 35609, 43946, 13163, 68656, 46368, 64590, 40998, 4333, 23209, 48312, 91519, 45912, 95154, 82162, 65190, 2680, 41571, 50993, 530, 20715, 62325, 69130, 87411, 51896, 25041, 1061, 92007, 16083, 61009, 22448, 76926, 40530, 5740, 65551, 74307, 70243, 88860, 56449, 62236, 73737, 14864, 20769, 33438, 2720, 19958, 14224, 62871, 11924, 4195, 94579, 90772, 15850, 32394, 39534, 94217, 24432, 49736, 19142, 95031, 91556, 84878, 36003, 82744, 39005, 77560, 67854, 74174, 65238, 42610, 38442, 5045, 8394, 50169, 85223, 39318, 11999, 19698, 62218, 20982, 75579, 83921, 36322, 81232, 74890, 79155, 7974, 87957, 31618, 15302, 46288, 41529, 54402, 51898, 8904, 68466, 16655, 33307, 87657, 62302, 99805, 94712, 27432, 6792, 318, 28470, 61849, 26074, 24481, 33234, 11701, 90978, 8418, 34547, 73073, 14229, 92931, 45528, 46305, 58234, 95428, 52910, 64691, 89529, 6125, 95529, 23717, 34258, 15039, 26343, 25322, 18533, 87153, 22501, 24377, 93511, 91108, 66007, 60481, 95208, 62676, 92031, 61249, 21040, 27224, 8088, 84181, 33593, 86548, 72607, 12800, 5611, 73844, 6692, 65230, 36526, 2469, 35635, 48449, 14719, 78189, 85243, 55844, 24071, 23788, 78878, 22883, 30166, 25797, 10713, 24202, 63862, 69116, 6614, 65627, 74821, 9118, 52050, 1045, 85212, 62012, 89898, 79364, 88858, 96964, 35830, 60888, 26734, 88556, 30404, 7619, 80278, 68622, 93232, 34306, 31485, 56275, 18665, 75621, 64839, 93770, 28199, 22239, 59130, 77628, 99168, 70420, 75781, 62501, 671, 82149, 26309, 8026, 6187, 34342, 77941, 96327, 7003, 65713, 2941, 26673, 45799, 5550, 98918, 65458, 56546, 58743, 93533, 64790, 30347, 32662, 73325, 77970, 21733, 35559, 73040, 79043, 59441, 82022, 37637, 7661, 94041, 96708, 7898, 70255, 89025, 83488, 90561, 63581, 77717, 74197, 27575, 58299, 53110, 73807, 71575, 26219, 35022, 49263, 13153, 34531, 51399, 44165, 26477, 4658, 89217, 10088, 77375, 38696, 57234, 69828, 27880, 19969, 12884, 48301, 32382, 79158, 72530, 2303, 28606, 30300, 17727, 74408, 82473, 74031, 47501, 28349, 67701, 75802, 89880, 6847, 37677, 42094, 59098, 33292, 25396, 1653, 33802, 37033, 82988, 18807, 34788, 32442, 21412, 79504, 70667, 67140, 188, 92567, 14712, 41955, 83231, 16604, 44261, 9248, 17311, 28714, 91679, 32487, 26287, 45537, 96338, 4907, 91004, 40305, 38855, 30113, 31802, 90368, 29632, 22399, 27504, 74924, 64570, 3170, 73381, 73608, 82107, 55004, 28453, 81413, 83401, 86827, 3755, 19280, 39809, 58531, 69352, 77285, 75236, 65692, 7596, 96792, 61193, 32718, 15171, 87988, 30166, 54746, 77236, 17432, 95331, 38981, 88240, 38898, 32172, 79555, 11740, 12372, 21314, 35314, 93047, 42158, 12888, 45757, 12444, 53196, 24354, 10754, 11298, 51034, 29460, 54561, 63362, 63137, 80288, 88200, 90124, 34341, 79738, 29507, 1371, 45727, 33233, 20038, 80414, 21940, 30707, 90006, 24595, 36850, 16424, 43356, 57374, 16541, 37502, 37384, 44186, 1581, 55147, 81574, 36342, 34700, 77319, 28025, 42804, 70814, 97334, 63170, 45671, 92728, 50865, 61805, 79230, 95797, 79382, 69832, 39248, 70970, 62614, 68180, 36578, 66699, 90803, 28447, 48009, 97357, 19944, 60879, 16057, 92445, 75982, 37067, 41406, 92224, 10099, 38077, 10238, 68458, 6537, 63778, 57556, 62039, 11823, 13270, 39382, 5448, 99101, 892, 8806, 21031, 7912, 86405, 50251, 88331, 79170, 19276, 48689, 73426, 83963, 98871, 32530, 19826, 24930, 70628, 89666, 23784, 22342, 79694, 80437, 28733, 99765, 7735, 65443, 39629, 65691, 45234, 52942, 70165, 64742, 7593, 35389, 38346, 53370, 1486, 63745, 59201, 84112, 82078, 59842, 55744, 6361, 15079, 910, 53287, 86305, 5582, 34924, 69056, 67927, 31852, 80811, 3497, 24763, 76576, 6447, 51921, 24582, 67902, 99777, 99703, 83341, 49007, 99280, 24090, 6799, 52732, 30031, 47977, 87252, 5024, 40270, 25148, 18576, 16321, 73258, 96568, 50330, 93058, 53931, 82548, 70345, 30377, 16363, 46283, 71917, 19219, 34599, 59905, 76185, 99134, 52728, 85779, 32717, 4809, 23223, 7767, 36688, 17927, 33222, 5461, 58987, 99150, 82453, 68878, 27439, 92942, 79331, 71474, 34897, 35197, 84658, 51810, 88051, 90117, 15640, 25537, 1192, 5758, 16919, 16570, 54940, 71350, 57863, 28374, 25430, 96910, 25138, 30623, 84961, 23541, 35862, 94330, 34467, 45322, 3068, 32691, 19717, 72709, 77504, 12874, 8035, 4199, 32629, 29326, 50091, 4290, 69037, 67868, 4858, 18189, 81289, 10537, 34484, 97761, 36705, 52886, 29677, 92414, 65300, 4493, 83991, 25685, 6104, 23112, 72137, 96757, 13483, 18308, 221, 14358, 49795, 76044, 65013, 87872, 95304, 14399, 812, 64706, 60775, 65656, 55460, 64130, 33001, 14835, 17431, 45023, 79744, 46149, 17211, 1932, 89664, 35867, 75834, 45835, 33920, 51887, 56077, 57612, 3201, 66246, 43129, 72962, 59486, 41799, 36083, 78794, 55644, 16064, 47916, 43687, 87424, 99482, 17585, 78994, 36067, 56930, 68493, 83129, 64732, 86546, 74055, 94524, 52064, 83683, 31321, 53390, 89787, 97909, 96890, 42138, 43171, 63419, 72477, 642, 72325, 14142, 88837, 64298, 53853, 33912, 90976, 51351, 53580, 44520, 1115, 7377, 51291, 91564, 16199, 86922, 17805, 85895, 43694, 18547, 43604, 34423, 97118, 34445, 84791, 71375, 31055, 9941, 27422, 27295, 25492, 21731, 54058, 56103, 74702, 88389, 39787, 83292, 56321, 80058, 48446, 90534, 99020, 53183, 57349, 5351, 62399, 11726, 72703, 23079, 88458, 14886, 42115, 37381, 53447, 80416, 75451, 17441, 22787, 25968, 37997, 43457, 70409, 3144, 30291, 27680, 46416, 33566, 93834, 69479, 8313]})"
40.0,9,39,24,16.485498666763306,210,"Genotype(dna={""<class 'abc.NT_0014'>"": [28716, 7628], ""<class 'abc.NT_0014_P_00000'>"": [], ""<class 'abc.NT_0003'>"": [], ""<class 'abc.NT_0003_P_00000'>"": [], ""<class 'bool'>"": [34892, 98370, 93055, 22069, 91850, 93033, 11504, 95280, 56278, 13913, 91591, 97012, 50516, 89077, 91601, 80048, 98529, 76229, 96396, 90534, 62399, 14886, 86613, 30291, 93834, 69479, 91703], ""<class 'abc.NT_0000'>"": [0, 2, 3, 0, 0, 92735, 3, 0, 57112, 0, 0, 0, 0, 77429, 3, 67907, 2, 0, 2823, 0, 47365, 0, 40082, 0, 1, 36984, 2, 0, 2, 0, 0, 0, 0, 0, 1053, 68095, 1, 3136, 63679, 1290, 48446, 25314, 57349, 5351, 72703, 23079, 37821, 75451, 17441, 22787, 25968, 37997, 43457, 70409, 3144], ""<class 'abc.NT_0000_P_00000'>"": [], ""<class 'int'>"": [27329, 89970, 15638, 94912, 79572, 49242, 25019, 94292, 7422, 15130, 10348, 68747, 83981, 41079, 54502, 67215, 24459, 66531, 7776, 87223, 86415, 85267, 30558, 68477, 26738, 18149, 77382, 79248, 84283, 30291, 69479, 56653, 51366, 76187, 63194, 54071, 44166, 38385], ""<class 'abc.NT_0000_P_00001'>"": [], ""<class 'abc.NT_0000_P_00002'>"": [], ""<class 'abc.NT_0000_P_00003'>"": [], ""<class 'abc.NT_0001'>"": [1, 6, 59169, 80416, 46416, 33566], ""<class 'abc.NT_0001_P_00000'>"": [], ""<class 'abc.NT_0001_P_00001'>"": [], ""<class 'abc.NT_0001_P_00002'>"": [], ""<class 'abc.NT_0001_P_00003'>"": [], ""<class 'abc.NT_0001_P_00004'>"": [], ""<class 'abc.NT_0001_P_00005'>"": [], ""<class 'abc.NT_0001_P_00006'>"": [], ""<class 'abc.NT_0003_P_00001'>"": [], ""<class 'abc.NT_0002'>"": [0, 54058], ""<class 'abc.NT_0002_P_00000'>"": [], ""<class 'abc.NT_0002_P_00001'>"": [], ""<class 'abc.NT_0002_P_00002'>"": [], ""<class 'abc.NT_0002_P_00003'>"": [], ""<class 'abc.NT_0004'>"": [], ""<class 'abc.NT_0004_P_00000'>"": [], ""<class 'abc.NT_0014_P_00001'>"": [], ""<class 'abc.NT_0013'>"": [43273, 87753, 70326], ""<class 'abc.NT_0013_P_00000'>"": [], ""<class 'abc.NT_0011'>"": [1, 98607], ""<class 'abc.NT_0011_P_00000'>"": [], ""<class 'abc.NT_0011_P_00001'>"": [], ""<class 'abc.NT_0008'>"": [56358, 25492], ""<class 'abc.NT_0008_P_00000'>"": [], ""<class 'abc.NT_0005'>"": [65439, 70998], ""<class 'abc.NT_0005_P_00000'>"": [], ""<class 'abc.NT_0005_P_00001'>"": [], ""<class 'abc.NT_0007'>"": [0, 27295], ""<class 'abc.NT_0007_P_00000'>"": [], ""<class 'abc.NT_0006'>"": [51447, 91312], ""<class 'abc.NT_0006_P_00000'>"": [], ""<class 'abc.NT_0006_P_00001'>"": [], ""<class 'abc.NT_0007_P_00001'>"": [], ""<class 'abc.NT_0007_P_00002'>"": [], ""<class 'abc.NT_0007_P_00003'>"": [], ""<class 'abc.NT_0008_P_00001'>"": [], ""<class 'abc.NT_0009'>"": [8, 58070, 39787], ""<class 'abc.NT_0009_P_00000'>"": [], ""<class 'abc.NT_0009_P_00001'>"": [], ""<class 'abc.NT_0009_P_00002'>"": [], ""<class 'abc.NT_0009_P_00003'>"": [], ""<class 'abc.NT_0009_P_00004'>"": [], ""<class 'abc.NT_0009_P_00005'>"": [], ""<class 'abc.NT_0009_P_00006'>"": [], ""<class 'abc.NT_0009_P_00007'>"": [], ""<class 'abc.NT_0009_P_00008'>"": [], ""<class 'abc.NT_0011_P_00002'>"": [], ""<class 'abc.NT_0010'>"": [53447, 27680], ""<class 'abc.NT_0010_P_00000'>"": [], ""<class 'abc.NT_0010_P_00001'>"": [], ""<class 'abc.NT_0010_P_00002'>"": [], ""<class 'abc.NT_0010_P_00003'>"": [], ""<class 'abc.NT_0010_P_00004'>"": [], ""<class 'abc.NT_0010_P_00005'>"": [], ""<class 'abc.NT_0011_P_00003'>"": [], ""<class 'abc.NT_0011_P_00004'>"": [], ""<class 'abc.NT_0011_P_00005'>"": [], ""<class 'abc.NT_0011_P_00006'>"": [], ""<class 'abc.NT_0011_P_00007'>"": [], ""<class 'abc.NT_0011_P_00008'>"": [], ""<class 'abc.NT_0011_P_00009'>"": [], ""<class 'abc.NT_0014_P_00002'>"": [], ""<class 'abc.NT_0014_P_00003'>"": [], ""<class 'abc.NT_0014_P_00004'>"": [], '$leftovers': [69016, 56653, 612, 51366, 29977, 7941, 62781, 93978, 48081, 63396, 57279, 63194, 37786, 54499, 54071, 7255, 805, 91855, 9788, 55863, 13874, 90931, 38385, 43619, 36227, 61359, 25033, 26828, 94952, 78514, 81573, 7035, 57599, 63649, 37284, 79243, 23816, 36097, 45176, 45221, 21659, 73410, 77378, 61609, 53485, 83091, 55364, 804, 37863, 62128, 64631, 84523, 68409, 46658, 59869, 22948, 53816, 17703, 86036, 23930, 54711, 27159, 47907, 22129, 19429, 11704, 67050, 80298, 69224, 57646, 14733, 44317, 85077, 74191, 78264, 27076, 89776, 5196, 46711, 95884, 100000, 42859, 92197, 62164, 34041, 96434, 9186, 84986, 23729, 32442, 9078, 30947, 10584, 90176, 39265, 2903, 26641, 17813, 64068, 47390, 53496, 84055, 91192, 43627, 10978, 20051, 63072, 17541, 52384, 82602, 2071, 73349, 76496, 93237, 90746, 94169, 1089, 1963, 87259, 78716, 97251, 74560, 92319, 88430, 30065, 35943, 26646, 58575, 20564, 68822, 1955, 11977, 701, 8879, 51642, 65013, 37021, 8254, 64968, 54544, 55206, 50487, 94823, 39401, 11005, 50507, 4078, 47520, 40046, 60171, 93652, 930, 40344, 61205, 60575, 32914, 87845, 18974, 88335, 23738, 9159, 67945, 35873, 79289, 92027, 47069, 50717, 19269, 86431, 12677, 1847, 82569, 10719, 49874, 57438, 74245, 9728, 35214, 60927, 50418, 3072, 33653, 84097, 10451, 10948, 43565, 35042, 52901, 60373, 71523, 99916, 21066, 31862, 7158, 61957, 29065, 73503, 77066, 90914, 2224, 23949, 58836, 36313, 52163, 15402, 95181, 97248, 72223, 64484, 31579, 7361, 13133, 8559, 5315, 12957, 97480, 15964, 47289, 18201, 64048, 38836, 23949, 65274, 81688, 15908, 97641, 68909, 88194, 58203, 54156, 17884, 17015, 98114, 85070, 44487, 35609, 43946, 13163, 68656, 46368, 64590, 40998, 4333, 23209, 48312, 91519, 45912, 95154, 82162, 65190, 2680, 41571, 50993, 530, 20715, 62325, 69130, 87411, 51896, 25041, 1061, 92007, 16083, 61009, 22448, 76926, 40530, 5740, 65551, 74307, 70243, 88860, 56449, 62236, 73737, 14864, 20769, 33438, 2720, 19958, 14224, 62871, 11924, 4195, 94579, 90772, 15850, 32394, 39534, 94217, 24432, 49736, 19142, 95031, 91556, 84878, 36003, 82744, 39005, 77560, 67854, 74174, 65238, 42610, 38442, 5045, 8394, 50169, 85223, 39318, 11999, 19698, 62218, 20982, 75579, 83921, 36322, 81232, 74890, 79155, 7974, 87957, 31618, 15302, 46288, 41529, 54402, 51898, 8904, 68466, 16655, 33307, 87657, 62302, 99805, 94712, 27432, 6792, 318, 28470, 61849, 26074, 24481, 33234, 11701, 90978, 8418, 34547, 73073, 14229, 92931, 45528, 46305, 58234, 95428, 52910, 64691, 89529, 6125, 95529, 23717, 34258, 15039, 26343, 25322, 18533, 87153, 22501, 24377, 93511, 91108, 66007, 60481, 95208, 62676, 92031, 61249, 21040, 27224, 8088, 84181, 33593, 86548, 72607, 12800, 5611, 73844, 6692, 65230, 36526, 2469, 35635, 48449, 14719, 78189, 85243, 55844, 24071, 23788, 78878, 22883, 30166, 25797, 10713, 24202, 63862, 69116, 6614, 65627, 74821, 9118, 52050, 1045, 85212, 62012, 89898, 79364, 88858, 96964, 35830, 60888, 26734, 88556, 30404, 7619, 80278, 68622, 93232, 34306, 31485, 56275, 18665, 75621, 64839, 93770, 28199, 22239, 59130, 77628, 99168, 70420, 75781, 62501, 671, 82149, 26309, 8026, 6187, 34342, 77941, 96327, 7003, 65713, 2941, 26673, 45799, 5550, 98918, 65458, 56546, 58743, 93533, 64790, 30347, 32662, 73325, 77970, 21733, 35559, 73040, 79043, 59441, 82022, 37637, 7661, 94041, 96708, 7898, 70255, 89025, 83488, 90561, 63581, 77717, 74197, 27575, 58299, 53110, 73807, 71575, 26219, 35022, 49263, 13153, 34531, 51399, 44165, 26477, 4658, 89217, 10088, 77375, 38696, 57234, 69828, 27880, 19969, 12884, 48301, 32382, 79158, 72530, 2303, 28606, 30300, 17727, 74408, 82473, 74031, 47501, 28349, 67701, 75802, 89880, 6847, 37677, 42094, 59098, 33292, 25396, 1653, 33802, 37033, 82988, 18807, 34788, 32442, 21412, 79504, 70667, 67140, 188, 92567, 14712, 41955, 83231, 16604, 44261, 9248, 17311, 28714, 91679, 32487, 26287, 45537, 96338, 4907, 91004, 40305, 38855, 30113, 31802, 90368, 29632, 22399, 27504, 74924, 64570, 3170, 73381, 73608, 82107, 55004, 28453, 81413, 83401, 86827, 3755, 19280, 39809, 58531, 69352, 77285, 75236, 65692, 7596, 96792, 61193, 32718, 15171, 87988, 30166, 54746, 77236, 17432, 95331, 38981, 88240, 38898, 32172, 79555, 11740, 12372, 21314, 35314, 93047, 42158, 12888, 45757, 12444, 53196, 24354, 10754, 11298, 51034, 29460, 54561, 63362, 63137, 80288, 88200, 90124, 34341, 79738, 29507, 1371, 45727, 33233, 20038, 80414, 21940, 30707, 90006, 24595, 36850, 16424, 43356, 57374, 16541, 37502, 37384, 44186, 1581, 55147, 81574, 36342, 34700, 77319, 28025, 42804, 70814, 97334, 63170, 45671, 92728, 50865, 61805, 79230, 95797, 79382, 69832, 39248, 70970, 62614, 68180, 36578, 66699, 90803, 28447, 48009, 97357, 19944, 60879, 16057, 92445, 75982, 37067, 41406, 92224, 10099, 38077, 10238, 68458, 6537, 63778, 57556, 62039, 11823, 13270, 39382, 5448, 99101, 892, 8806, 21031, 7912, 86405, 50251, 88331, 79170, 19276, 48689, 73426, 83963, 98871, 32530, 19826, 24930, 70628, 89666, 23784, 22342, 79694, 80437, 28733, 99765, 7735, 65443, 39629, 65691, 45234, 52942, 70165, 64742, 7593, 35389, 38346, 53370, 1486, 63745, 59201, 84112, 82078, 59842, 55744, 6361, 15079, 910, 53287, 86305, 5582, 34924, 69056, 67927, 31852, 80811, 3497, 24763, 76576, 6447, 51921, 24582, 67902, 99777, 99703, 83341, 49007, 99280, 24090, 6799, 52732, 30031, 47977, 87252, 5024, 40270, 25148, 18576, 16321, 73258, 96568, 50330, 93058, 53931, 82548, 70345, 30377, 16363, 46283, 71917, 19219, 34599, 59905, 76185, 99134, 52728, 85779, 32717, 4809, 23223, 7767, 36688, 17927, 33222, 5461, 58987, 99150, 82453, 68878, 27439, 92942, 79331, 71474, 34897, 35197, 84658, 51810, 88051, 90117, 15640, 25537, 1192, 5758, 16919, 16570, 54940, 71350, 57863, 28374, 25430, 96910, 25138, 30623, 84961, 23541, 35862, 94330, 34467, 45322, 3068, 32691, 19717, 72709, 77504, 12874, 8035, 4199, 32629, 29326, 50091, 4290, 69037, 67868, 4858, 18189, 81289, 10537, 34484, 97761, 36705, 52886, 29677, 92414, 65300, 4493, 83991, 25685, 6104, 23112, 72137, 96757, 13483, 18308, 221, 14358, 49795, 76044, 65013, 87872, 95304, 14399, 812, 64706, 60775, 65656, 55460, 64130, 33001, 14835, 17431, 45023, 79744, 46149, 17211, 1932, 89664, 35867, 75834, 45835, 33920, 51887, 56077, 57612, 3201, 66246, 43129, 72962, 59486, 41799, 36083, 78794, 55644, 16064, 47916, 43687, 87424, 99482, 17585, 78994, 36067, 56930, 68493, 83129, 64732, 86546, 74055, 94524, 52064, 83683, 31321, 53390, 89787, 97909, 96890, 42138, 43171, 63419, 72477, 642, 72325, 14142, 88837, 64298, 53853, 33912, 90976, 51351, 53580, 44520, 1115, 7377, 51291, 91564, 16199, 86922, 17805, 85895, 43694, 18547, 43604, 34423, 97118, 34445, 84791, 71375, 31055, 9941, 27422, 27295, 25492, 21731, 54058, 56103, 74702, 88389, 39787, 83292, 56321, 80058, 48446, 90534, 99020, 53183, 57349, 5351, 62399, 11726, 72703, 23079, 88458, 14886, 42115, 37381, 53447, 80416, 75451, 17441, 22787, 25968, 37997, 43457, 70409, 3144, 30291, 27680, 46416, 33566, 93834, 69479, 8313]})"
40.0,9,39,25,16.9983651638031,210,"Genotype(dna={""<class 'abc.NT_0014'>"": [28716, 7628], ""<class 'abc.NT_0014_P_00000'>"": [], ""<class 'abc.NT_0003'>"": [], ""<class 'abc.NT_0003_P_00000'>"": [], ""<class 'bool'>"": [34892, 98370, 93055, 22069, 91850, 93033, 11504, 95280, 56278, 13913, 91591, 97012, 50516, 89077, 91601, 80048, 98529, 76229, 96396, 90534, 62399, 14886, 86613, 30291, 93834, 69479, 91703], ""<class 'abc.NT_0000'>"": [0, 2, 3, 0, 0, 92735, 3, 0, 57112, 0, 0, 0, 0, 77429, 3, 67907, 2, 0, 2823, 0, 47365, 0, 40082, 0, 1, 36984, 2, 0, 2, 0, 0, 0, 0, 0, 1053, 68095, 1, 3136, 63679, 1290, 48446, 25314, 57349, 5351, 72703, 23079, 37821, 75451, 17441, 22787, 25968, 37997, 43457, 70409, 3144], ""<class 'abc.NT_0000_P_00000'>"": [], ""<class 'int'>"": [27329, 89970, 15638, 94912, 79572, 49242, 25019, 94292, 7422, 15130, 10348, 68747, 83981, 41079, 54502, 67215, 24459, 66531, 7776, 87223, 86415, 85267, 30558, 68477, 26738, 18149, 77382, 79248, 84283, 30291, 69479, 56653, 51366, 76187, 63194, 54071, 44166, 38385], ""<class 'abc.NT_0000_P_00001'>"": [], ""<class 'abc.NT_0000_P_00002'>"": [], ""<class 'abc.NT_0000_P_00003'>"": [], ""<class 'abc.NT_0001'>"": [1, 6, 59169, 80416, 46416, 33566], ""<class 'abc.NT_0001_P_00000'>"": [], ""<class 'abc.NT_0001_P_00001'>"": [], ""<class 'abc.NT_0001_P_00002'>"": [], ""<class 'abc.NT_0001_P_00003'>"": [], ""<class 'abc.NT_0001_P_00004'>"": [], ""<class 'abc.NT_0001_P_00005'>"": [], ""<class 'abc.NT_0001_P_00006'>"": [], ""<class 'abc.NT_0003_P_00001'>"": [], ""<class 'abc.NT_0002'>"": [0, 54058], ""<class 'abc.NT_0002_P_00000'>"": [], ""<class 'abc.NT_0002_P_00001'>"": [], ""<class 'abc.NT_0002_P_00002'>"": [], ""<class 'abc.NT_0002_P_00003'>"": [], ""<class 'abc.NT_0004'>"": [], ""<class 'abc.NT_0004_P_00000'>"": [], ""<class 'abc.NT_0014_P_00001'>"": [], ""<class 'abc.NT_0013'>"": [43273, 87753, 70326], ""<class 'abc.NT_0013_P_00000'>"": [], ""<class 'abc.NT_0011'>"": [1, 98607], ""<class 'abc.NT_0011_P_00000'>"": [], ""<class 'abc.NT_0011_P_00001'>"": [], ""<class 'abc.NT_0008'>"": [56358, 25492], ""<class 'abc.NT_0008_P_00000'>"": [], ""<class 'abc.NT_0005'>"": [65439, 70998], ""<class 'abc.NT_0005_P_00000'>"": [], ""<class 'abc.NT_0005_P_00001'>"": [], ""<class 'abc.NT_0007'>"": [0, 27295], ""<class 'abc.NT_0007_P_00000'>"": [], ""<class 'abc.NT_0006'>"": [51447, 91312], ""<class 'abc.NT_0006_P_00000'>"": [], ""<class 'abc.NT_0006_P_00001'>"": [], ""<class 'abc.NT_0007_P_00001'>"": [], ""<class 'abc.NT_0007_P_00002'>"": [], ""<class 'abc.NT_0007_P_00003'>"": [], ""<class 'abc.NT_0008_P_00001'>"": [], ""<class 'abc.NT_0009'>"": [8, 58070, 39787], ""<class 'abc.NT_0009_P_00000'>"": [], ""<class 'abc.NT_0009_P_00001'>"": [], ""<class 'abc.NT_0009_P_00002'>"": [], ""<class 'abc.NT_0009_P_00003'>"": [], ""<class 'abc.NT_0009_P_00004'>"": [], ""<class 'abc.NT_0009_P_00005'>"": [], ""<class 'abc.NT_0009_P_00006'>"": [], ""<class 'abc.NT_0009_P_00007'>"": [], ""<class 'abc.NT_0009_P_00008'>"": [], ""<class 'abc.NT_0011_P_00002'>"": [], ""<class 'abc.NT_0010'>"": [53447, 27680], ""<class 'abc.NT_0010_P_00000'>"": [], ""<class 'abc.NT_0010_P_00001'>"": [], ""<class 'abc.NT_0010_P_00002'>"": [], ""<class 'abc.NT_0010_P_00003'>"": [], ""<class 'abc.NT_0010_P_00004'>"": [], ""<class 'abc.NT_0010_P_00005'>"": [], ""<class 'abc.NT_0011_P_00003'>"": [], ""<class 'abc.NT_0011_P_00004'>"": [], ""<class 'abc.NT_0011_P_00005'>"": [], ""<class 'abc.NT_0011_P_00006'>"": [], ""<class 'abc.NT_0011_P_00007'>"": [], ""<class 'abc.NT_0011_P_00008'>"": [], ""<class 'abc.NT_0011_P_00009'>"": [], ""<class 'abc.NT_0014_P_00002'>"": [], ""<class 'abc.NT_0014_P_00003'>"": [], ""<class 'abc.NT_0014_P_00004'>"": [], '$leftovers': [69016, 56653, 612, 51366, 29977, 7941, 62781, 93978, 48081, 63396, 57279, 63194, 37786, 54499, 54071, 7255, 805, 91855, 9788, 55863, 13874, 90931, 38385, 43619, 36227, 61359, 25033, 26828, 94952, 78514, 81573, 7035, 57599, 63649, 37284, 79243, 23816, 36097, 45176, 45221, 21659, 73410, 77378, 61609, 53485, 83091, 55364, 804, 37863, 62128, 64631, 84523, 68409, 46658, 59869, 22948, 53816, 17703, 86036, 23930, 54711, 27159, 47907, 22129, 19429, 11704, 67050, 80298, 69224, 57646, 14733, 44317, 85077, 74191, 78264, 27076, 89776, 5196, 46711, 95884, 100000, 42859, 92197, 62164, 34041, 96434, 9186, 84986, 23729, 32442, 9078, 30947, 10584, 90176, 39265, 2903, 26641, 17813, 64068, 47390, 53496, 84055, 91192, 43627, 10978, 20051, 63072, 17541, 52384, 82602, 2071, 73349, 76496, 93237, 90746, 94169, 1089, 1963, 87259, 78716, 97251, 74560, 92319, 88430, 30065, 35943, 26646, 58575, 20564, 68822, 1955, 11977, 701, 8879, 51642, 65013, 37021, 8254, 64968, 54544, 55206, 50487, 94823, 39401, 11005, 50507, 4078, 47520, 40046, 60171, 93652, 930, 40344, 61205, 60575, 32914, 87845, 18974, 88335, 23738, 9159, 67945, 35873, 79289, 92027, 47069, 50717, 19269, 86431, 12677, 1847, 82569, 10719, 49874, 57438, 74245, 9728, 35214, 60927, 50418, 3072, 33653, 84097, 10451, 10948, 43565, 35042, 52901, 60373, 71523, 99916, 21066, 31862, 7158, 61957, 29065, 73503, 77066, 90914, 2224, 23949, 58836, 36313, 52163, 15402, 95181, 97248, 72223, 64484, 31579, 7361, 13133, 8559, 5315, 12957, 97480, 15964, 47289, 18201, 64048, 38836, 23949, 65274, 81688, 15908, 97641, 68909, 88194, 58203, 54156, 17884, 17015, 98114, 85070, 44487, 35609, 43946, 13163, 68656, 46368, 64590, 40998, 4333, 23209, 48312, 91519, 45912, 95154, 82162, 65190, 2680, 41571, 50993, 530, 20715, 62325, 69130, 87411, 51896, 25041, 1061, 92007, 16083, 61009, 22448, 76926, 40530, 5740, 65551, 74307, 70243, 88860, 56449, 62236, 73737, 14864, 20769, 33438, 2720, 19958, 14224, 62871, 11924, 4195, 94579, 90772, 15850, 32394, 39534, 94217, 24432, 49736, 19142, 95031, 91556, 84878, 36003, 82744, 39005, 77560, 67854, 74174, 65238, 42610, 38442, 5045, 8394, 50169, 85223, 39318, 11999, 19698, 62218, 20982, 75579, 83921, 36322, 81232, 74890, 79155, 7974, 87957, 31618, 15302, 46288, 41529, 54402, 51898, 8904, 68466, 16655, 33307, 87657, 62302, 99805, 94712, 27432, 6792, 318, 28470, 61849, 26074, 24481, 33234, 11701, 90978, 8418, 34547, 73073, 14229, 92931, 45528, 46305, 58234, 95428, 52910, 64691, 89529, 6125, 95529, 23717, 34258, 15039, 26343, 25322, 18533, 87153, 22501, 24377, 93511, 91108, 66007, 60481, 95208, 62676, 92031, 61249, 21040, 27224, 8088, 84181, 33593, 86548, 72607, 12800, 5611, 73844, 6692, 65230, 36526, 2469, 35635, 48449, 14719, 78189, 85243, 55844, 24071, 23788, 78878, 22883, 30166, 25797, 10713, 24202, 63862, 69116, 6614, 65627, 74821, 9118, 52050, 1045, 85212, 62012, 89898, 79364, 88858, 96964, 35830, 60888, 26734, 88556, 30404, 7619, 80278, 68622, 93232, 34306, 31485, 56275, 18665, 75621, 64839, 93770, 28199, 22239, 59130, 77628, 99168, 70420, 75781, 62501, 671, 82149, 26309, 8026, 6187, 34342, 77941, 96327, 7003, 65713, 2941, 26673, 45799, 5550, 98918, 65458, 56546, 58743, 93533, 64790, 30347, 32662, 73325, 77970, 21733, 35559, 73040, 79043, 59441, 82022, 37637, 7661, 94041, 96708, 7898, 70255, 89025, 83488, 90561, 63581, 77717, 74197, 27575, 58299, 53110, 73807, 71575, 26219, 35022, 49263, 13153, 34531, 51399, 44165, 26477, 4658, 89217, 10088, 77375, 38696, 57234, 69828, 27880, 19969, 12884, 48301, 32382, 79158, 72530, 2303, 28606, 30300, 17727, 74408, 82473, 74031, 47501, 28349, 67701, 75802, 89880, 6847, 37677, 42094, 59098, 33292, 25396, 1653, 33802, 37033, 82988, 18807, 34788, 32442, 21412, 79504, 70667, 67140, 188, 92567, 14712, 41955, 83231, 16604, 44261, 9248, 17311, 28714, 91679, 32487, 26287, 45537, 96338, 4907, 91004, 40305, 38855, 30113, 31802, 90368, 29632, 22399, 27504, 74924, 64570, 3170, 73381, 73608, 82107, 55004, 28453, 81413, 83401, 86827, 3755, 19280, 39809, 58531, 69352, 77285, 75236, 65692, 7596, 96792, 61193, 32718, 15171, 87988, 30166, 54746, 77236, 17432, 95331, 38981, 88240, 38898, 32172, 79555, 11740, 12372, 21314, 35314, 93047, 42158, 12888, 45757, 12444, 53196, 24354, 10754, 11298, 51034, 29460, 54561, 63362, 63137, 80288, 88200, 90124, 34341, 79738, 29507, 1371, 45727, 33233, 20038, 80414, 21940, 30707, 90006, 24595, 36850, 16424, 43356, 57374, 16541, 37502, 37384, 44186, 1581, 55147, 81574, 36342, 34700, 77319, 28025, 42804, 70814, 97334, 63170, 45671, 92728, 50865, 61805, 79230, 95797, 79382, 69832, 39248, 70970, 62614, 68180, 36578, 66699, 90803, 28447, 48009, 97357, 19944, 60879, 16057, 92445, 75982, 37067, 41406, 92224, 10099, 38077, 10238, 68458, 6537, 63778, 57556, 62039, 11823, 13270, 39382, 5448, 99101, 892, 8806, 21031, 7912, 86405, 50251, 88331, 79170, 19276, 48689, 73426, 83963, 98871, 32530, 19826, 24930, 70628, 89666, 23784, 22342, 79694, 80437, 28733, 99765, 7735, 65443, 39629, 65691, 45234, 52942, 70165, 64742, 7593, 35389, 38346, 53370, 1486, 63745, 59201, 84112, 82078, 59842, 55744, 6361, 15079, 910, 53287, 86305, 5582, 34924, 69056, 67927, 31852, 80811, 3497, 24763, 76576, 6447, 51921, 24582, 67902, 99777, 99703, 83341, 49007, 99280, 24090, 6799, 52732, 30031, 47977, 87252, 5024, 40270, 25148, 18576, 16321, 73258, 96568, 50330, 93058, 53931, 82548, 70345, 30377, 16363, 46283, 71917, 19219, 34599, 59905, 76185, 99134, 52728, 85779, 32717, 4809, 23223, 7767, 36688, 17927, 33222, 5461, 58987, 99150, 82453, 68878, 27439, 92942, 79331, 71474, 34897, 35197, 84658, 51810, 88051, 90117, 15640, 25537, 1192, 5758, 16919, 16570, 54940, 71350, 57863, 28374, 25430, 96910, 25138, 30623, 84961, 23541, 35862, 94330, 34467, 45322, 3068, 32691, 19717, 72709, 77504, 12874, 8035, 4199, 32629, 29326, 50091, 4290, 69037, 67868, 4858, 18189, 81289, 10537, 34484, 97761, 36705, 52886, 29677, 92414, 65300, 4493, 83991, 25685, 6104, 23112, 72137, 96757, 13483, 18308, 221, 14358, 49795, 76044, 65013, 87872, 95304, 14399, 812, 64706, 60775, 65656, 55460, 64130, 33001, 14835, 17431, 45023, 79744, 46149, 17211, 1932, 89664, 35867, 75834, 45835, 33920, 51887, 56077, 57612, 3201, 66246, 43129, 72962, 59486, 41799, 36083, 78794, 55644, 16064, 47916, 43687, 87424, 99482, 17585, 78994, 36067, 56930, 68493, 83129, 64732, 86546, 74055, 94524, 52064, 83683, 31321, 53390, 89787, 97909, 96890, 42138, 43171, 63419, 72477, 642, 72325, 14142, 88837, 64298, 53853, 33912, 90976, 51351, 53580, 44520, 1115, 7377, 51291, 91564, 16199, 86922, 17805, 85895, 43694, 18547, 43604, 34423, 97118, 34445, 84791, 71375, 31055, 9941, 27422, 27295, 25492, 21731, 54058, 56103, 74702, 88389, 39787, 83292, 56321, 80058, 48446, 90534, 99020, 53183, 57349, 5351, 62399, 11726, 72703, 23079, 88458, 14886, 42115, 37381, 53447, 80416, 75451, 17441, 22787, 25968, 37997, 43457, 70409, 3144, 30291, 27680, 46416, 33566, 93834, 69479, 8313]})"
38.0,9,41,26,17.565409898757935,210,"Genotype(dna={""<class 'abc.NT_0014'>"": [0, 7628], ""<class 'abc.NT_0014_P_00000'>"": [], ""<class 'abc.NT_0003'>"": [], ""<class 'abc.NT_0003_P_00000'>"": [], ""<class 'bool'>"": [34892, 98370, 93055, 22069, 91850, 93033, 11504, 95280, 56278, 13913, 91591, 97012, 50516, 59058, 91601, 80048, 98529, 76229, 96396, 90534, 62399, 14886, 86613, 30291, 93834, 69479, 91703], ""<class 'abc.NT_0000'>"": [0, 2, 3, 0, 0, 66646, 80541, 0, 57112, 0, 0, 0, 0, 52153, 3, 67907, 2, 0, 2823, 0, 47365, 0, 40082, 0, 1, 36984, 2, 0, 2, 6530, 90460, 0, 0, 0, 1053, 51537, 1, 3136, 63679, 1290, 48446, 25314, 57349, 5351, 72703, 23079, 41017, 75451, 17441, 35176, 25968, 36249, 43457, 70409, 3144], ""<class 'abc.NT_0000_P_00000'>"": [], ""<class 'int'>"": [11527, 89970, 15638, 94912, 79572, 49242, 25019, 94292, 7422, 84436, 79517, 68747, 83981, 41079, 54502, 66359, 24459, 66531, 7776, 87223, 18331, 85267, 30558, 2676, 26738, 18149, 77382, 79248, 84283, 30291, 69479, 56653, 51366, 76187, 63194, 54071, 7575, 38385], ""<class 'abc.NT_0000_P_00001'>"": [], ""<class 'abc.NT_0000_P_00002'>"": [], ""<class 'abc.NT_0000_P_00003'>"": [], ""<class 'abc.NT_0001'>"": [1, 6, 59169, 80416, 13326, 33566, 56653], ""<class 'abc.NT_0001_P_00000'>"": [], ""<class 'abc.NT_0001_P_00001'>"": [], ""<class 'abc.NT_0001_P_00002'>"": [], ""<class 'abc.NT_0001_P_00003'>"": [], ""<class 'abc.NT_0001_P_00004'>"": [], ""<class 'abc.NT_0001_P_00005'>"": [], ""<class 'abc.NT_0001_P_00006'>"": [], ""<class 'abc.NT_0003_P_00001'>"": [], ""<class 'abc.NT_0002'>"": [0, 54058], ""<class 'abc.NT_0002_P_00000'>"": [], ""<class 'abc.NT_0002_P_00001'>"": [], ""<class 'abc.NT_0002_P_00002'>"": [], ""<class 'abc.NT_0002_P_00003'>"": [], ""<class 'abc.NT_0004'>"": [], ""<class 'abc.NT_0004_P_00000'>"": [], ""<class 'abc.NT_0014_P_00001'>"": [], ""<class 'abc.NT_0013'>"": [43273, 87753, 70326], ""<class 'abc.NT_0013_P_00000'>"": [], ""<class 'abc.NT_0011'>"": [1, 98607], ""<class 'abc.NT_0011_P_00000'>"": [], ""<class 'abc.NT_0011_P_00001'>"": [], ""<class 'abc.NT_0008'>"": [56358, 25492], ""<class 'abc.NT_0008_P_00000'>"": [], ""<class 'abc.NT_0005'>"": [65439, 70998], ""<class 'abc.NT_0005_P_00000'>"": [], ""<class 'abc.NT_0005_P_00001'>"": [], ""<class 'abc.NT_0007'>"": [0, 27295], ""<class 'abc.NT_0007_P_00000'>"": [], ""<class 'abc.NT_0006'>"": [51447, 91312], ""<class 'abc.NT_0006_P_00000'>"": [], ""<class 'abc.NT_0006_P_00001'>"": [], ""<class 'abc.NT_0007_P_00001'>"": [], ""<class 'abc.NT_0007_P_00002'>"": [], ""<class 'abc.NT_0007_P_00003'>"": [], ""<class 'abc.NT_0008_P_00001'>"": [], ""<class 'abc.NT_0009'>"": [8, 58070, 39787], ""<class 'abc.NT_0009_P_00000'>"": [], ""<class 'abc.NT_0009_P_00001'>"": [], ""<class 'abc.NT_0009_P_00002'>"": [], ""<class 'abc.NT_0009_P_00003'>"": [], ""<class 'abc.NT_0009_P_00004'>"": [], ""<class 'abc.NT_0009_P_00005'>"": [], ""<class 'abc.NT_0009_P_00006'>"": [], ""<class 'abc.NT_0009_P_00007'>"": [], ""<class 'abc.NT_0009_P_00008'>"": [], ""<class 'abc.NT_0011_P_00002'>"": [], ""<class 'abc.NT_0010'>"": [53447, 89091], ""<class 'abc.NT_0010_P_00000'>"": [], ""<class 'abc.NT_0010_P_00001'>"": [], ""<class 'abc.NT_0010_P_00002'>"": [], ""<class 'abc.NT_0010_P_00003'>"": [], ""<class 'abc.NT_0010_P_00004'>"": [], ""<class 'abc.NT_0010_P_00005'>"": [], ""<class 'abc.NT_0011_P_00003'>"": [], ""<class 'abc.NT_0011_P_00004'>"": [], ""<class 'abc.NT_0011_P_00005'>"": [], ""<class 'abc.NT_0011_P_00006'>"": [], ""<class 'abc.NT_0011_P_00007'>"": [], ""<class 'abc.NT_0011_P_00008'>"": [], ""<class 'abc.NT_0011_P_00009'>"": [], ""<class 'abc.NT_0014_P_00002'>"": [], ""<class 'abc.NT_0014_P_00003'>"": [], ""<class 'abc.NT_0014_P_00004'>"": [], '$leftovers': [612, 51366, 29977, 7941, 62781, 93978, 48081, 63396, 57279, 63194, 37786, 54499, 54071, 7255, 805, 91855, 9788, 55863, 13874, 90931, 38385, 43619, 36227, 61359, 25033, 26828, 94952, 78514, 81573, 7035, 57599, 63649, 37284, 79243, 23816, 36097, 45176, 45221, 21659, 73410, 77378, 61609, 53485, 83091, 55364, 804, 37863, 62128, 64631, 84523, 68409, 46658, 59869, 22948, 53816, 17703, 86036, 23930, 54711, 27159, 47907, 22129, 19429, 11704, 67050, 80298, 69224, 57646, 14733, 44317, 85077, 74191, 78264, 27076, 89776, 5196, 46711, 95884, 100000, 42859, 92197, 62164, 34041, 96434, 9186, 84986, 23729, 32442, 9078, 30947, 10584, 90176, 39265, 2903, 26641, 17813, 64068, 47390, 53496, 84055, 91192, 43627, 10978, 20051, 63072, 17541, 52384, 82602, 2071, 73349, 76496, 93237, 90746, 94169, 1089, 1963, 87259, 78716, 97251, 74560, 92319, 88430, 30065, 35943, 26646, 58575, 20564, 68822, 1955, 11977, 701, 8879, 51642, 65013, 37021, 8254, 64968, 54544, 55206, 50487, 94823, 39401, 11005, 50507, 4078, 47520, 40046, 60171, 93652, 930, 40344, 61205, 60575, 32914, 87845, 18974, 88335, 23738, 9159, 67945, 35873, 79289, 92027, 47069, 50717, 19269, 86431, 12677, 1847, 82569, 10719, 49874, 57438, 74245, 9728, 35214, 60927, 50418, 3072, 33653, 84097, 10451, 10948, 43565, 35042, 52901, 60373, 71523, 99916, 21066, 31862, 7158, 61957, 29065, 73503, 77066, 90914, 2224, 23949, 58836, 36313, 52163, 15402, 95181, 97248, 72223, 64484, 31579, 7361, 13133, 8559, 5315, 12957, 97480, 15964, 47289, 18201, 64048, 38836, 23949, 65274, 81688, 15908, 97641, 68909, 88194, 58203, 54156, 17884, 17015, 98114, 85070, 44487, 35609, 43946, 13163, 68656, 46368, 64590, 40998, 4333, 23209, 48312, 91519, 45912, 95154, 82162, 65190, 2680, 41571, 50993, 530, 20715, 62325, 69130, 87411, 51896, 25041, 1061, 92007, 16083, 61009, 22448, 76926, 40530, 5740, 65551, 74307, 70243, 88860, 56449, 62236, 73737, 14864, 20769, 33438, 2720, 19958, 14224, 62871, 11924, 4195, 94579, 90772, 15850, 32394, 39534, 94217, 24432, 49736, 19142, 95031, 91556, 84878, 36003, 82744, 39005, 77560, 67854, 74174, 65238, 42610, 38442, 5045, 8394, 50169, 85223, 39318, 11999, 19698, 62218, 20982, 75579, 83921, 36322, 81232, 74890, 79155, 7974, 87957, 31618, 15302, 46288, 41529, 54402, 51898, 8904, 68466, 16655, 33307, 87657, 62302, 99805, 94712, 27432, 6792, 318, 28470, 61849, 26074, 24481, 33234, 11701, 90978, 8418, 34547, 73073, 14229, 92931, 45528, 46305, 58234, 95428, 52910, 64691, 89529, 6125, 95529, 23717, 34258, 15039, 26343, 25322, 18533, 87153, 22501, 24377, 93511, 91108, 66007, 60481, 95208, 62676, 92031, 61249, 21040, 27224, 8088, 84181, 33593, 86548, 72607, 12800, 5611, 73844, 6692, 65230, 36526, 2469, 35635, 48449, 14719, 78189, 85243, 55844, 24071, 23788, 78878, 22883, 30166, 25797, 10713, 24202, 63862, 69116, 6614, 65627, 74821, 9118, 52050, 1045, 85212, 62012, 89898, 79364, 88858, 96964, 35830, 60888, 26734, 88556, 30404, 7619, 80278, 68622, 93232, 34306, 31485, 56275, 18665, 75621, 64839, 93770, 28199, 22239, 59130, 77628, 99168, 70420, 75781, 62501, 671, 82149, 26309, 8026, 6187, 34342, 77941, 96327, 7003, 65713, 2941, 26673, 45799, 5550, 98918, 65458, 56546, 58743, 93533, 64790, 30347, 32662, 73325, 77970, 21733, 35559, 73040, 79043, 59441, 82022, 37637, 7661, 94041, 96708, 7898, 70255, 89025, 83488, 90561, 63581, 77717, 74197, 27575, 58299, 53110, 73807, 71575, 26219, 35022, 49263, 13153, 34531, 51399, 44165, 26477, 4658, 89217, 10088, 77375, 38696, 57234, 69828, 27880, 19969, 12884, 48301, 32382, 79158, 72530, 2303, 28606, 30300, 17727, 74408, 82473, 74031, 47501, 28349, 67701, 75802, 89880, 6847, 37677, 42094, 59098, 33292, 25396, 1653, 33802, 37033, 82988, 18807, 34788, 32442, 21412, 79504, 70667, 67140, 188, 92567, 14712, 41955, 83231, 16604, 44261, 9248, 17311, 28714, 91679, 32487, 26287, 45537, 96338, 4907, 91004, 40305, 38855, 30113, 31802, 90368, 29632, 22399, 27504, 74924, 64570, 3170, 73381, 73608, 82107, 55004, 28453, 81413, 83401, 86827, 3755, 19280, 39809, 58531, 69352, 77285, 75236, 65692, 7596, 96792, 61193, 32718, 15171, 87988, 30166, 54746, 77236, 17432, 95331, 38981, 88240, 38898, 32172, 79555, 11740, 12372, 21314, 35314, 93047, 42158, 12888, 45757, 12444, 53196, 24354, 10754, 11298, 51034, 29460, 54561, 63362, 63137, 80288, 88200, 90124, 34341, 79738, 29507, 1371, 45727, 33233, 20038, 80414, 21940, 30707, 90006, 24595, 36850, 16424, 43356, 57374, 16541, 37502, 37384, 44186, 1581, 55147, 81574, 36342, 34700, 77319, 28025, 42804, 70814, 97334, 63170, 45671, 92728, 50865, 61805, 79230, 95797, 79382, 69832, 39248, 70970, 62614, 68180, 36578, 66699, 90803, 28447, 48009, 97357, 19944, 60879, 16057, 92445, 75982, 37067, 41406, 92224, 10099, 38077, 10238, 68458, 6537, 63778, 57556, 62039, 11823, 13270, 39382, 5448, 99101, 892, 8806, 21031, 7912, 86405, 50251, 88331, 79170, 19276, 48689, 73426, 83963, 98871, 32530, 19826, 24930, 70628, 89666, 23784, 22342, 79694, 80437, 28733, 99765, 7735, 65443, 39629, 65691, 45234, 52942, 70165, 64742, 7593, 35389, 38346, 53370, 1486, 63745, 59201, 84112, 82078, 59842, 55744, 6361, 15079, 910, 53287, 86305, 5582, 34924, 69056, 67927, 31852, 80811, 3497, 24763, 76576, 6447, 51921, 24582, 67902, 99777, 99703, 83341, 49007, 99280, 24090, 6799, 52732, 30031, 47977, 87252, 5024, 40270, 25148, 18576, 16321, 73258, 96568, 50330, 93058, 53931, 82548, 70345, 30377, 16363, 46283, 71917, 19219, 34599, 59905, 76185, 99134, 52728, 85779, 32717, 4809, 23223, 7767, 36688, 17927, 33222, 5461, 58987, 99150, 82453, 68878, 27439, 92942, 79331, 71474, 34897, 35197, 84658, 51810, 88051, 90117, 15640, 25537, 1192, 5758, 16919, 16570, 54940, 71350, 57863, 28374, 25430, 96910, 25138, 30623, 84961, 23541, 35862, 94330, 34467, 45322, 3068, 32691, 19717, 72709, 77504, 12874, 8035, 4199, 32629, 29326, 50091, 4290, 69037, 67868, 4858, 18189, 81289, 10537, 34484, 97761, 36705, 52886, 29677, 92414, 65300, 4493, 83991, 25685, 6104, 23112, 72137, 96757, 13483, 18308, 221, 14358, 49795, 76044, 65013, 87872, 95304, 14399, 812, 64706, 60775, 65656, 55460, 64130, 33001, 14835, 17431, 45023, 79744, 46149, 17211, 1932, 89664, 35867, 75834, 45835, 33920, 51887, 56077, 57612, 3201, 66246, 43129, 72962, 59486, 41799, 36083, 78794, 55644, 16064, 47916, 43687, 87424, 99482, 17585, 78994, 36067, 56930, 68493, 83129, 64732, 86546, 74055, 94524, 52064, 83683, 31321, 53390, 89787, 97909, 96890, 42138, 43171, 63419, 72477, 642, 72325, 14142, 88837, 64298, 53853, 33912, 90976, 51351, 53580, 44520, 1115, 7377, 51291, 91564, 16199, 86922, 17805, 85895, 43694, 18547, 43604, 34423, 97118, 34445, 84791, 71375, 31055, 9941, 27422, 27295, 25492, 21731, 54058, 56103, 74702, 88389, 39787, 83292, 56321, 80058, 48446, 90534, 99020, 53183, 57349, 5351, 62399, 11726, 72703, 23079, 88458, 14886, 42115, 37381, 53447, 80416, 75451, 17441, 22787, 25968, 37997, 43457, 70409, 3144, 30291, 27680, 46416, 33566, 93834, 69479, 8313, 69016, 56653]})"
38.0,9,41,27,18.03658437728882,210,"Genotype(dna={""<class 'abc.NT_0014'>"": [0, 7628], ""<class 'abc.NT_0014_P_00000'>"": [], ""<class 'abc.NT_0003'>"": [], ""<class 'abc.NT_0003_P_00000'>"": [], ""<class 'bool'>"": [34892, 98370, 93055, 22069, 91850, 93033, 11504, 95280, 56278, 13913, 91591, 97012, 50516, 59058, 91601, 80048, 98529, 76229, 96396, 90534, 62399, 14886, 86613, 30291, 93834, 69479, 91703], ""<class 'abc.NT_0000'>"": [0, 2, 3, 0, 0, 66646, 80541, 0, 57112, 0, 0, 0, 0, 52153, 3, 67907, 2, 0, 2823, 0, 47365, 0, 40082, 0, 1, 36984, 2, 0, 2, 6530, 90460, 0, 0, 0, 1053, 51537, 1, 3136, 63679, 1290, 48446, 25314, 57349, 5351, 72703, 23079, 41017, 75451, 17441, 35176, 25968, 36249, 43457, 70409, 3144], ""<class 'abc.NT_0000_P_00000'>"": [], ""<class 'int'>"": [11527, 89970, 15638, 94912, 79572, 49242, 25019, 94292, 7422, 84436, 79517, 68747, 83981, 41079, 54502, 66359, 24459, 66531, 7776, 87223, 18331, 85267, 30558, 2676, 26738, 18149, 77382, 79248, 84283, 30291, 69479, 56653, 51366, 76187, 63194, 54071, 7575, 38385], ""<class 'abc.NT_0000_P_00001'>"": [], ""<class 'abc.NT_0000_P_00002'>"": [], ""<class 'abc.NT_0000_P_00003'>"": [], ""<class 'abc.NT_0001'>"": [1, 6, 59169, 80416, 13326, 33566, 56653], ""<class 'abc.NT_0001_P_00000'>"": [], ""<class 'abc.NT_0001_P_00001'>"": [], ""<class 'abc.NT_0001_P_00002'>"": [], ""<class 'abc.NT_0001_P_00003'>"": [], ""<class 'abc.NT_0001_P_00004'>"": [], ""<class 'abc.NT_0001_P_00005'>"": [], ""<class 'abc.NT_0001_P_00006'>"": [], ""<class 'abc.NT_0003_P_00001'>"": [], ""<class 'abc.NT_0002'>"": [0, 54058], ""<class 'abc.NT_0002_P_00000'>"": [], ""<class 'abc.NT_0002_P_00001'>"": [], ""<class 'abc.NT_0002_P_00002'>"": [], ""<class 'abc.NT_0002_P_00003'>"": [], ""<class 'abc.NT_0004'>"": [], ""<class 'abc.NT_0004_P_00000'>"": [], ""<class 'abc.NT_0014_P_00001'>"": [], ""<class 'abc.NT_0013'>"": [43273, 87753, 70326], ""<class 'abc.NT_0013_P_00000'>"": [], ""<class 'abc.NT_0011'>"": [1, 98607], ""<class 'abc.NT_0011_P_00000'>"": [], ""<class 'abc.NT_0011_P_00001'>"": [], ""<class 'abc.NT_0008'>"": [56358, 25492], ""<class 'abc.NT_0008_P_00000'>"": [], ""<class 'abc.NT_0005'>"": [65439, 70998], ""<class 'abc.NT_0005_P_00000'>"": [], ""<class 'abc.NT_0005_P_00001'>"": [], ""<class 'abc.NT_0007'>"": [0, 27295], ""<class 'abc.NT_0007_P_00000'>"": [], ""<class 'abc.NT_0006'>"": [51447, 91312], ""<class 'abc.NT_0006_P_00000'>"": [], ""<class 'abc.NT_0006_P_00001'>"": [], ""<class 'abc.NT_0007_P_00001'>"": [], ""<class 'abc.NT_0007_P_00002'>"": [], ""<class 'abc.NT_0007_P_00003'>"": [], ""<class 'abc.NT_0008_P_00001'>"": [], ""<class 'abc.NT_0009'>"": [8, 58070, 39787], ""<class 'abc.NT_0009_P_00000'>"": [], ""<class 'abc.NT_0009_P_00001'>"": [], ""<class 'abc.NT_0009_P_00002'>"": [], ""<class 'abc.NT_0009_P_00003'>"": [], ""<class 'abc.NT_0009_P_00004'>"": [], ""<class 'abc.NT_0009_P_00005'>"": [], ""<class 'abc.NT_0009_P_00006'>"": [], ""<class 'abc.NT_0009_P_00007'>"": [], ""<class 'abc.NT_0009_P_00008'>"": [], ""<class 'abc.NT_0011_P_00002'>"": [], ""<class 'abc.NT_0010'>"": [53447, 89091], ""<class 'abc.NT_0010_P_00000'>"": [], ""<class 'abc.NT_0010_P_00001'>"": [], ""<class 'abc.NT_0010_P_00002'>"": [], ""<class 'abc.NT_0010_P_00003'>"": [], ""<class 'abc.NT_0010_P_00004'>"": [], ""<class 'abc.NT_0010_P_00005'>"": [], ""<class 'abc.NT_0011_P_00003'>"": [], ""<class 'abc.NT_0011_P_00004'>"": [], ""<class 'abc.NT_0011_P_00005'>"": [], ""<class 'abc.NT_0011_P_00006'>"": [], ""<class 'abc.NT_0011_P_00007'>"": [], ""<class 'abc.NT_0011_P_00008'>"": [], ""<class 'abc.NT_0011_P_00009'>"": [], ""<class 'abc.NT_0014_P_00002'>"": [], ""<class 'abc.NT_0014_P_00003'>"": [], ""<class 'abc.NT_0014_P_00004'>"": [], '$leftovers': [612, 51366, 29977, 7941, 62781, 93978, 48081, 63396, 57279, 63194, 37786, 54499, 54071, 7255, 805, 91855, 9788, 55863, 13874, 90931, 38385, 43619, 36227, 61359, 25033, 26828, 94952, 78514, 81573, 7035, 57599, 63649, 37284, 79243, 23816, 36097, 45176, 45221, 21659, 73410, 77378, 61609, 53485, 83091, 55364, 804, 37863, 62128, 64631, 84523, 68409, 46658, 59869, 22948, 53816, 17703, 86036, 23930, 54711, 27159, 47907, 22129, 19429, 11704, 67050, 80298, 69224, 57646, 14733, 44317, 85077, 74191, 78264, 27076, 89776, 5196, 46711, 95884, 100000, 42859, 92197, 62164, 34041, 96434, 9186, 84986, 23729, 32442, 9078, 30947, 10584, 90176, 39265, 2903, 26641, 17813, 64068, 47390, 53496, 84055, 91192, 43627, 10978, 20051, 63072, 17541, 52384, 82602, 2071, 73349, 76496, 93237, 90746, 94169, 1089, 1963, 87259, 78716, 97251, 74560, 92319, 88430, 30065, 35943, 26646, 58575, 20564, 68822, 1955, 11977, 701, 8879, 51642, 65013, 37021, 8254, 64968, 54544, 55206, 50487, 94823, 39401, 11005, 50507, 4078, 47520, 40046, 60171, 93652, 930, 40344, 61205, 60575, 32914, 87845, 18974, 88335, 23738, 9159, 67945, 35873, 79289, 92027, 47069, 50717, 19269, 86431, 12677, 1847, 82569, 10719, 49874, 57438, 74245, 9728, 35214, 60927, 50418, 3072, 33653, 84097, 10451, 10948, 43565, 35042, 52901, 60373, 71523, 99916, 21066, 31862, 7158, 61957, 29065, 73503, 77066, 90914, 2224, 23949, 58836, 36313, 52163, 15402, 95181, 97248, 72223, 64484, 31579, 7361, 13133, 8559, 5315, 12957, 97480, 15964, 47289, 18201, 64048, 38836, 23949, 65274, 81688, 15908, 97641, 68909, 88194, 58203, 54156, 17884, 17015, 98114, 85070, 44487, 35609, 43946, 13163, 68656, 46368, 64590, 40998, 4333, 23209, 48312, 91519, 45912, 95154, 82162, 65190, 2680, 41571, 50993, 530, 20715, 62325, 69130, 87411, 51896, 25041, 1061, 92007, 16083, 61009, 22448, 76926, 40530, 5740, 65551, 74307, 70243, 88860, 56449, 62236, 73737, 14864, 20769, 33438, 2720, 19958, 14224, 62871, 11924, 4195, 94579, 90772, 15850, 32394, 39534, 94217, 24432, 49736, 19142, 95031, 91556, 84878, 36003, 82744, 39005, 77560, 67854, 74174, 65238, 42610, 38442, 5045, 8394, 50169, 85223, 39318, 11999, 19698, 62218, 20982, 75579, 83921, 36322, 81232, 74890, 79155, 7974, 87957, 31618, 15302, 46288, 41529, 54402, 51898, 8904, 68466, 16655, 33307, 87657, 62302, 99805, 94712, 27432, 6792, 318, 28470, 61849, 26074, 24481, 33234, 11701, 90978, 8418, 34547, 73073, 14229, 92931, 45528, 46305, 58234, 95428, 52910, 64691, 89529, 6125, 95529, 23717, 34258, 15039, 26343, 25322, 18533, 87153, 22501, 24377, 93511, 91108, 66007, 60481, 95208, 62676, 92031, 61249, 21040, 27224, 8088, 84181, 33593, 86548, 72607, 12800, 5611, 73844, 6692, 65230, 36526, 2469, 35635, 48449, 14719, 78189, 85243, 55844, 24071, 23788, 78878, 22883, 30166, 25797, 10713, 24202, 63862, 69116, 6614, 65627, 74821, 9118, 52050, 1045, 85212, 62012, 89898, 79364, 88858, 96964, 35830, 60888, 26734, 88556, 30404, 7619, 80278, 68622, 93232, 34306, 31485, 56275, 18665, 75621, 64839, 93770, 28199, 22239, 59130, 77628, 99168, 70420, 75781, 62501, 671, 82149, 26309, 8026, 6187, 34342, 77941, 96327, 7003, 65713, 2941, 26673, 45799, 5550, 98918, 65458, 56546, 58743, 93533, 64790, 30347, 32662, 73325, 77970, 21733, 35559, 73040, 79043, 59441, 82022, 37637, 7661, 94041, 96708, 7898, 70255, 89025, 83488, 90561, 63581, 77717, 74197, 27575, 58299, 53110, 73807, 71575, 26219, 35022, 49263, 13153, 34531, 51399, 44165, 26477, 4658, 89217, 10088, 77375, 38696, 57234, 69828, 27880, 19969, 12884, 48301, 32382, 79158, 72530, 2303, 28606, 30300, 17727, 74408, 82473, 74031, 47501, 28349, 67701, 75802, 89880, 6847, 37677, 42094, 59098, 33292, 25396, 1653, 33802, 37033, 82988, 18807, 34788, 32442, 21412, 79504, 70667, 67140, 188, 92567, 14712, 41955, 83231, 16604, 44261, 9248, 17311, 28714, 91679, 32487, 26287, 45537, 96338, 4907, 91004, 40305, 38855, 30113, 31802, 90368, 29632, 22399, 27504, 74924, 64570, 3170, 73381, 73608, 82107, 55004, 28453, 81413, 83401, 86827, 3755, 19280, 39809, 58531, 69352, 77285, 75236, 65692, 7596, 96792, 61193, 32718, 15171, 87988, 30166, 54746, 77236, 17432, 95331, 38981, 88240, 38898, 32172, 79555, 11740, 12372, 21314, 35314, 93047, 42158, 12888, 45757, 12444, 53196, 24354, 10754, 11298, 51034, 29460, 54561, 63362, 63137, 80288, 88200, 90124, 34341, 79738, 29507, 1371, 45727, 33233, 20038, 80414, 21940, 30707, 90006, 24595, 36850, 16424, 43356, 57374, 16541, 37502, 37384, 44186, 1581, 55147, 81574, 36342, 34700, 77319, 28025, 42804, 70814, 97334, 63170, 45671, 92728, 50865, 61805, 79230, 95797, 79382, 69832, 39248, 70970, 62614, 68180, 36578, 66699, 90803, 28447, 48009, 97357, 19944, 60879, 16057, 92445, 75982, 37067, 41406, 92224, 10099, 38077, 10238, 68458, 6537, 63778, 57556, 62039, 11823, 13270, 39382, 5448, 99101, 892, 8806, 21031, 7912, 86405, 50251, 88331, 79170, 19276, 48689, 73426, 83963, 98871, 32530, 19826, 24930, 70628, 89666, 23784, 22342, 79694, 80437, 28733, 99765, 7735, 65443, 39629, 65691, 45234, 52942, 70165, 64742, 7593, 35389, 38346, 53370, 1486, 63745, 59201, 84112, 82078, 59842, 55744, 6361, 15079, 910, 53287, 86305, 5582, 34924, 69056, 67927, 31852, 80811, 3497, 24763, 76576, 6447, 51921, 24582, 67902, 99777, 99703, 83341, 49007, 99280, 24090, 6799, 52732, 30031, 47977, 87252, 5024, 40270, 25148, 18576, 16321, 73258, 96568, 50330, 93058, 53931, 82548, 70345, 30377, 16363, 46283, 71917, 19219, 34599, 59905, 76185, 99134, 52728, 85779, 32717, 4809, 23223, 7767, 36688, 17927, 33222, 5461, 58987, 99150, 82453, 68878, 27439, 92942, 79331, 71474, 34897, 35197, 84658, 51810, 88051, 90117, 15640, 25537, 1192, 5758, 16919, 16570, 54940, 71350, 57863, 28374, 25430, 96910, 25138, 30623, 84961, 23541, 35862, 94330, 34467, 45322, 3068, 32691, 19717, 72709, 77504, 12874, 8035, 4199, 32629, 29326, 50091, 4290, 69037, 67868, 4858, 18189, 81289, 10537, 34484, 97761, 36705, 52886, 29677, 92414, 65300, 4493, 83991, 25685, 6104, 23112, 72137, 96757, 13483, 18308, 221, 14358, 49795, 76044, 65013, 87872, 95304, 14399, 812, 64706, 60775, 65656, 55460, 64130, 33001, 14835, 17431, 45023, 79744, 46149, 17211, 1932, 89664, 35867, 75834, 45835, 33920, 51887, 56077, 57612, 3201, 66246, 43129, 72962, 59486, 41799, 36083, 78794, 55644, 16064, 47916, 43687, 87424, 99482, 17585, 78994, 36067, 56930, 68493, 83129, 64732, 86546, 74055, 94524, 52064, 83683, 31321, 53390, 89787, 97909, 96890, 42138, 43171, 63419, 72477, 642, 72325, 14142, 88837, 64298, 53853, 33912, 90976, 51351, 53580, 44520, 1115, 7377, 51291, 91564, 16199, 86922, 17805, 85895, 43694, 18547, 43604, 34423, 97118, 34445, 84791, 71375, 31055, 9941, 27422, 27295, 25492, 21731, 54058, 56103, 74702, 88389, 39787, 83292, 56321, 80058, 48446, 90534, 99020, 53183, 57349, 5351, 62399, 11726, 72703, 23079, 88458, 14886, 42115, 37381, 53447, 80416, 75451, 17441, 22787, 25968, 37997, 43457, 70409, 3144, 30291, 27680, 46416, 33566, 93834, 69479, 8313, 69016, 56653]})"
38.0,9,41,28,18.538013458251953,210,"Genotype(dna={""<class 'abc.NT_0014'>"": [0, 7628], ""<class 'abc.NT_0014_P_00000'>"": [], ""<class 'abc.NT_0003'>"": [], ""<class 'abc.NT_0003_P_00000'>"": [], ""<class 'bool'>"": [34892, 98370, 93055, 22069, 91850, 93033, 11504, 95280, 56278, 13913, 91591, 97012, 50516, 59058, 91601, 80048, 98529, 76229, 96396, 90534, 62399, 14886, 86613, 30291, 93834, 69479, 91703], ""<class 'abc.NT_0000'>"": [0, 2, 3, 0, 0, 66646, 80541, 0, 57112, 0, 0, 0, 0, 52153, 3, 67907, 2, 0, 2823, 0, 47365, 0, 40082, 0, 1, 36984, 2, 0, 2, 6530, 90460, 0, 0, 0, 1053, 51537, 1, 3136, 63679, 1290, 48446, 25314, 57349, 5351, 72703, 23079, 41017, 75451, 17441, 35176, 25968, 36249, 43457, 70409, 3144], ""<class 'abc.NT_0000_P_00000'>"": [], ""<class 'int'>"": [11527, 89970, 15638, 94912, 79572, 49242, 25019, 94292, 7422, 84436, 79517, 68747, 83981, 41079, 54502, 66359, 24459, 66531, 7776, 87223, 18331, 85267, 30558, 2676, 26738, 18149, 77382, 79248, 84283, 30291, 69479, 56653, 51366, 76187, 63194, 54071, 7575, 38385], ""<class 'abc.NT_0000_P_00001'>"": [], ""<class 'abc.NT_0000_P_00002'>"": [], ""<class 'abc.NT_0000_P_00003'>"": [], ""<class 'abc.NT_0001'>"": [1, 6, 59169, 80416, 13326, 33566, 56653], ""<class 'abc.NT_0001_P_00000'>"": [], ""<class 'abc.NT_0001_P_00001'>"": [], ""<class 'abc.NT_0001_P_00002'>"": [], ""<class 'abc.NT_0001_P_00003'>"": [], ""<class 'abc.NT_0001_P_00004'>"": [], ""<class 'abc.NT_0001_P_00005'>"": [], ""<class 'abc.NT_0001_P_00006'>"": [], ""<class 'abc.NT_0003_P_00001'>"": [], ""<class 'abc.NT_0002'>"": [0, 54058], ""<class 'abc.NT_0002_P_00000'>"": [], ""<class 'abc.NT_0002_P_00001'>"": [], ""<class 'abc.NT_0002_P_00002'>"": [], ""<class 'abc.NT_0002_P_00003'>"": [], ""<class 'abc.NT_0004'>"": [], ""<class 'abc.NT_0004_P_00000'>"": [], ""<class 'abc.NT_0014_P_00001'>"": [], ""<class 'abc.NT_0013'>"": [43273, 87753, 70326], ""<class 'abc.NT_0013_P_00000'>"": [], ""<class 'abc.NT_0011'>"": [1, 98607], ""<class 'abc.NT_0011_P_00000'>"": [], ""<class 'abc.NT_0011_P_00001'>"": [], ""<class 'abc.NT_0008'>"": [56358, 25492], ""<class 'abc.NT_0008_P_00000'>"": [], ""<class 'abc.NT_0005'>"": [65439, 70998], ""<class 'abc.NT_0005_P_00000'>"": [], ""<class 'abc.NT_0005_P_00001'>"": [], ""<class 'abc.NT_0007'>"": [0, 27295], ""<class 'abc.NT_0007_P_00000'>"": [], ""<class 'abc.NT_0006'>"": [51447, 91312], ""<class 'abc.NT_0006_P_00000'>"": [], ""<class 'abc.NT_0006_P_00001'>"": [], ""<class 'abc.NT_0007_P_00001'>"": [], ""<class 'abc.NT_0007_P_00002'>"": [], ""<class 'abc.NT_0007_P_00003'>"": [], ""<class 'abc.NT_0008_P_00001'>"": [], ""<class 'abc.NT_0009'>"": [8, 58070, 39787], ""<class 'abc.NT_0009_P_00000'>"": [], ""<class 'abc.NT_0009_P_00001'>"": [], ""<class 'abc.NT_0009_P_00002'>"": [], ""<class 'abc.NT_0009_P_00003'>"": [], ""<class 'abc.NT_0009_P_00004'>"": [], ""<class 'abc.NT_0009_P_00005'>"": [], ""<class 'abc.NT_0009_P_00006'>"": [], ""<class 'abc.NT_0009_P_00007'>"": [], ""<class 'abc.NT_0009_P_00008'>"": [], ""<class 'abc.NT_0011_P_00002'>"": [], ""<class 'abc.NT_0010'>"": [53447, 89091], ""<class 'abc.NT_0010_P_00000'>"": [], ""<class 'abc.NT_0010_P_00001'>"": [], ""<class 'abc.NT_0010_P_00002'>"": [], ""<class 'abc.NT_0010_P_00003'>"": [], ""<class 'abc.NT_0010_P_00004'>"": [], ""<class 'abc.NT_0010_P_00005'>"": [], ""<class 'abc.NT_0011_P_00003'>"": [], ""<class 'abc.NT_0011_P_00004'>"": [], ""<class 'abc.NT_0011_P_00005'>"": [], ""<class 'abc.NT_0011_P_00006'>"": [], ""<class 'abc.NT_0011_P_00007'>"": [], ""<class 'abc.NT_0011_P_00008'>"": [], ""<class 'abc.NT_0011_P_00009'>"": [], ""<class 'abc.NT_0014_P_00002'>"": [], ""<class 'abc.NT_0014_P_00003'>"": [], ""<class 'abc.NT_0014_P_00004'>"": [], '$leftovers': [612, 51366, 29977, 7941, 62781, 93978, 48081, 63396, 57279, 63194, 37786, 54499, 54071, 7255, 805, 91855, 9788, 55863, 13874, 90931, 38385, 43619, 36227, 61359, 25033, 26828, 94952, 78514, 81573, 7035, 57599, 63649, 37284, 79243, 23816, 36097, 45176, 45221, 21659, 73410, 77378, 61609, 53485, 83091, 55364, 804, 37863, 62128, 64631, 84523, 68409, 46658, 59869, 22948, 53816, 17703, 86036, 23930, 54711, 27159, 47907, 22129, 19429, 11704, 67050, 80298, 69224, 57646, 14733, 44317, 85077, 74191, 78264, 27076, 89776, 5196, 46711, 95884, 100000, 42859, 92197, 62164, 34041, 96434, 9186, 84986, 23729, 32442, 9078, 30947, 10584, 90176, 39265, 2903, 26641, 17813, 64068, 47390, 53496, 84055, 91192, 43627, 10978, 20051, 63072, 17541, 52384, 82602, 2071, 73349, 76496, 93237, 90746, 94169, 1089, 1963, 87259, 78716, 97251, 74560, 92319, 88430, 30065, 35943, 26646, 58575, 20564, 68822, 1955, 11977, 701, 8879, 51642, 65013, 37021, 8254, 64968, 54544, 55206, 50487, 94823, 39401, 11005, 50507, 4078, 47520, 40046, 60171, 93652, 930, 40344, 61205, 60575, 32914, 87845, 18974, 88335, 23738, 9159, 67945, 35873, 79289, 92027, 47069, 50717, 19269, 86431, 12677, 1847, 82569, 10719, 49874, 57438, 74245, 9728, 35214, 60927, 50418, 3072, 33653, 84097, 10451, 10948, 43565, 35042, 52901, 60373, 71523, 99916, 21066, 31862, 7158, 61957, 29065, 73503, 77066, 90914, 2224, 23949, 58836, 36313, 52163, 15402, 95181, 97248, 72223, 64484, 31579, 7361, 13133, 8559, 5315, 12957, 97480, 15964, 47289, 18201, 64048, 38836, 23949, 65274, 81688, 15908, 97641, 68909, 88194, 58203, 54156, 17884, 17015, 98114, 85070, 44487, 35609, 43946, 13163, 68656, 46368, 64590, 40998, 4333, 23209, 48312, 91519, 45912, 95154, 82162, 65190, 2680, 41571, 50993, 530, 20715, 62325, 69130, 87411, 51896, 25041, 1061, 92007, 16083, 61009, 22448, 76926, 40530, 5740, 65551, 74307, 70243, 88860, 56449, 62236, 73737, 14864, 20769, 33438, 2720, 19958, 14224, 62871, 11924, 4195, 94579, 90772, 15850, 32394, 39534, 94217, 24432, 49736, 19142, 95031, 91556, 84878, 36003, 82744, 39005, 77560, 67854, 74174, 65238, 42610, 38442, 5045, 8394, 50169, 85223, 39318, 11999, 19698, 62218, 20982, 75579, 83921, 36322, 81232, 74890, 79155, 7974, 87957, 31618, 15302, 46288, 41529, 54402, 51898, 8904, 68466, 16655, 33307, 87657, 62302, 99805, 94712, 27432, 6792, 318, 28470, 61849, 26074, 24481, 33234, 11701, 90978, 8418, 34547, 73073, 14229, 92931, 45528, 46305, 58234, 95428, 52910, 64691, 89529, 6125, 95529, 23717, 34258, 15039, 26343, 25322, 18533, 87153, 22501, 24377, 93511, 91108, 66007, 60481, 95208, 62676, 92031, 61249, 21040, 27224, 8088, 84181, 33593, 86548, 72607, 12800, 5611, 73844, 6692, 65230, 36526, 2469, 35635, 48449, 14719, 78189, 85243, 55844, 24071, 23788, 78878, 22883, 30166, 25797, 10713, 24202, 63862, 69116, 6614, 65627, 74821, 9118, 52050, 1045, 85212, 62012, 89898, 79364, 88858, 96964, 35830, 60888, 26734, 88556, 30404, 7619, 80278, 68622, 93232, 34306, 31485, 56275, 18665, 75621, 64839, 93770, 28199, 22239, 59130, 77628, 99168, 70420, 75781, 62501, 671, 82149, 26309, 8026, 6187, 34342, 77941, 96327, 7003, 65713, 2941, 26673, 45799, 5550, 98918, 65458, 56546, 58743, 93533, 64790, 30347, 32662, 73325, 77970, 21733, 35559, 73040, 79043, 59441, 82022, 37637, 7661, 94041, 96708, 7898, 70255, 89025, 83488, 90561, 63581, 77717, 74197, 27575, 58299, 53110, 73807, 71575, 26219, 35022, 49263, 13153, 34531, 51399, 44165, 26477, 4658, 89217, 10088, 77375, 38696, 57234, 69828, 27880, 19969, 12884, 48301, 32382, 79158, 72530, 2303, 28606, 30300, 17727, 74408, 82473, 74031, 47501, 28349, 67701, 75802, 89880, 6847, 37677, 42094, 59098, 33292, 25396, 1653, 33802, 37033, 82988, 18807, 34788, 32442, 21412, 79504, 70667, 67140, 188, 92567, 14712, 41955, 83231, 16604, 44261, 9248, 17311, 28714, 91679, 32487, 26287, 45537, 96338, 4907, 91004, 40305, 38855, 30113, 31802, 90368, 29632, 22399, 27504, 74924, 64570, 3170, 73381, 73608, 82107, 55004, 28453, 81413, 83401, 86827, 3755, 19280, 39809, 58531, 69352, 77285, 75236, 65692, 7596, 96792, 61193, 32718, 15171, 87988, 30166, 54746, 77236, 17432, 95331, 38981, 88240, 38898, 32172, 79555, 11740, 12372, 21314, 35314, 93047, 42158, 12888, 45757, 12444, 53196, 24354, 10754, 11298, 51034, 29460, 54561, 63362, 63137, 80288, 88200, 90124, 34341, 79738, 29507, 1371, 45727, 33233, 20038, 80414, 21940, 30707, 90006, 24595, 36850, 16424, 43356, 57374, 16541, 37502, 37384, 44186, 1581, 55147, 81574, 36342, 34700, 77319, 28025, 42804, 70814, 97334, 63170, 45671, 92728, 50865, 61805, 79230, 95797, 79382, 69832, 39248, 70970, 62614, 68180, 36578, 66699, 90803, 28447, 48009, 97357, 19944, 60879, 16057, 92445, 75982, 37067, 41406, 92224, 10099, 38077, 10238, 68458, 6537, 63778, 57556, 62039, 11823, 13270, 39382, 5448, 99101, 892, 8806, 21031, 7912, 86405, 50251, 88331, 79170, 19276, 48689, 73426, 83963, 98871, 32530, 19826, 24930, 70628, 89666, 23784, 22342, 79694, 80437, 28733, 99765, 7735, 65443, 39629, 65691, 45234, 52942, 70165, 64742, 7593, 35389, 38346, 53370, 1486, 63745, 59201, 84112, 82078, 59842, 55744, 6361, 15079, 910, 53287, 86305, 5582, 34924, 69056, 67927, 31852, 80811, 3497, 24763, 76576, 6447, 51921, 24582, 67902, 99777, 99703, 83341, 49007, 99280, 24090, 6799, 52732, 30031, 47977, 87252, 5024, 40270, 25148, 18576, 16321, 73258, 96568, 50330, 93058, 53931, 82548, 70345, 30377, 16363, 46283, 71917, 19219, 34599, 59905, 76185, 99134, 52728, 85779, 32717, 4809, 23223, 7767, 36688, 17927, 33222, 5461, 58987, 99150, 82453, 68878, 27439, 92942, 79331, 71474, 34897, 35197, 84658, 51810, 88051, 90117, 15640, 25537, 1192, 5758, 16919, 16570, 54940, 71350, 57863, 28374, 25430, 96910, 25138, 30623, 84961, 23541, 35862, 94330, 34467, 45322, 3068, 32691, 19717, 72709, 77504, 12874, 8035, 4199, 32629, 29326, 50091, 4290, 69037, 67868, 4858, 18189, 81289, 10537, 34484, 97761, 36705, 52886, 29677, 92414, 65300, 4493, 83991, 25685, 6104, 23112, 72137, 96757, 13483, 18308, 221, 14358, 49795, 76044, 65013, 87872, 95304, 14399, 812, 64706, 60775, 65656, 55460, 64130, 33001, 14835, 17431, 45023, 79744, 46149, 17211, 1932, 89664, 35867, 75834, 45835, 33920, 51887, 56077, 57612, 3201, 66246, 43129, 72962, 59486, 41799, 36083, 78794, 55644, 16064, 47916, 43687, 87424, 99482, 17585, 78994, 36067, 56930, 68493, 83129, 64732, 86546, 74055, 94524, 52064, 83683, 31321, 53390, 89787, 97909, 96890, 42138, 43171, 63419, 72477, 642, 72325, 14142, 88837, 64298, 53853, 33912, 90976, 51351, 53580, 44520, 1115, 7377, 51291, 91564, 16199, 86922, 17805, 85895, 43694, 18547, 43604, 34423, 97118, 34445, 84791, 71375, 31055, 9941, 27422, 27295, 25492, 21731, 54058, 56103, 74702, 88389, 39787, 83292, 56321, 80058, 48446, 90534, 99020, 53183, 57349, 5351, 62399, 11726, 72703, 23079, 88458, 14886, 42115, 37381, 53447, 80416, 75451, 17441, 22787, 25968, 37997, 43457, 70409, 3144, 30291, 27680, 46416, 33566, 93834, 69479, 8313, 69016, 56653]})"
38.0,9,41,29,19.15033721923828,210,"Genotype(dna={""<class 'abc.NT_0014'>"": [0, 7628], ""<class 'abc.NT_0014_P_00000'>"": [], ""<class 'abc.NT_0003'>"": [], ""<class 'abc.NT_0003_P_00000'>"": [], ""<class 'bool'>"": [34892, 98370, 93055, 22069, 91850, 93033, 11504, 95280, 56278, 13913, 91591, 97012, 50516, 59058, 91601, 80048, 98529, 76229, 96396, 90534, 62399, 14886, 86613, 30291, 93834, 69479, 91703], ""<class 'abc.NT_0000'>"": [0, 2, 3, 0, 0, 66646, 80541, 0, 57112, 0, 0, 0, 0, 52153, 3, 67907, 2, 0, 2823, 0, 47365, 0, 40082, 0, 1, 36984, 2, 0, 2, 6530, 90460, 0, 0, 0, 1053, 51537, 1, 3136, 63679, 1290, 48446, 25314, 57349, 5351, 72703, 23079, 41017, 75451, 17441, 35176, 25968, 36249, 43457, 70409, 3144], ""<class 'abc.NT_0000_P_00000'>"": [], ""<class 'int'>"": [11527, 89970, 15638, 94912, 79572, 49242, 25019, 94292, 7422, 84436, 79517, 68747, 83981, 41079, 54502, 66359, 24459, 66531, 7776, 87223, 18331, 85267, 30558, 2676, 26738, 18149, 77382, 79248, 84283, 30291, 69479, 56653, 51366, 76187, 63194, 54071, 7575, 38385], ""<class 'abc.NT_0000_P_00001'>"": [], ""<class 'abc.NT_0000_P_00002'>"": [], ""<class 'abc.NT_0000_P_00003'>"": [], ""<class 'abc.NT_0001'>"": [1, 6, 59169, 80416, 13326, 33566, 56653], ""<class 'abc.NT_0001_P_00000'>"": [], ""<class 'abc.NT_0001_P_00001'>"": [], ""<class 'abc.NT_0001_P_00002'>"": [], ""<class 'abc.NT_0001_P_00003'>"": [], ""<class 'abc.NT_0001_P_00004'>"": [], ""<class 'abc.NT_0001_P_00005'>"": [], ""<class 'abc.NT_0001_P_00006'>"": [], ""<class 'abc.NT_0003_P_00001'>"": [], ""<class 'abc.NT_0002'>"": [0, 54058], ""<class 'abc.NT_0002_P_00000'>"": [], ""<class 'abc.NT_0002_P_00001'>"": [], ""<class 'abc.NT_0002_P_00002'>"": [], ""<class 'abc.NT_0002_P_00003'>"": [], ""<class 'abc.NT_0004'>"": [], ""<class 'abc.NT_0004_P_00000'>"": [], ""<class 'abc.NT_0014_P_00001'>"": [], ""<class 'abc.NT_0013'>"": [43273, 87753, 70326], ""<class 'abc.NT_0013_P_00000'>"": [], ""<class 'abc.NT_0011'>"": [1, 98607], ""<class 'abc.NT_0011_P_00000'>"": [], ""<class 'abc.NT_0011_P_00001'>"": [], ""<class 'abc.NT_0008'>"": [56358, 25492], ""<class 'abc.NT_0008_P_00000'>"": [], ""<class 'abc.NT_0005'>"": [65439, 70998], ""<class 'abc.NT_0005_P_00000'>"": [], ""<class 'abc.NT_0005_P_00001'>"": [], ""<class 'abc.NT_0007'>"": [0, 27295], ""<class 'abc.NT_0007_P_00000'>"": [], ""<class 'abc.NT_0006'>"": [51447, 91312], ""<class 'abc.NT_0006_P_00000'>"": [], ""<class 'abc.NT_0006_P_00001'>"": [], ""<class 'abc.NT_0007_P_00001'>"": [], ""<class 'abc.NT_0007_P_00002'>"": [], ""<class 'abc.NT_0007_P_00003'>"": [], ""<class 'abc.NT_0008_P_00001'>"": [], ""<class 'abc.NT_0009'>"": [8, 58070, 39787], ""<class 'abc.NT_0009_P_00000'>"": [], ""<class 'abc.NT_0009_P_00001'>"": [], ""<class 'abc.NT_0009_P_00002'>"": [], ""<class 'abc.NT_0009_P_00003'>"": [], ""<class 'abc.NT_0009_P_00004'>"": [], ""<class 'abc.NT_0009_P_00005'>"": [], ""<class 'abc.NT_0009_P_00006'>"": [], ""<class 'abc.NT_0009_P_00007'>"": [], ""<class 'abc.NT_0009_P_00008'>"": [], ""<class 'abc.NT_0011_P_00002'>"": [], ""<class 'abc.NT_0010'>"": [53447, 89091], ""<class 'abc.NT_0010_P_00000'>"": [], ""<class 'abc.NT_0010_P_00001'>"": [], ""<class 'abc.NT_0010_P_00002'>"": [], ""<class 'abc.NT_0010_P_00003'>"": [], ""<class 'abc.NT_0010_P_00004'>"": [], ""<class 'abc.NT_0010_P_00005'>"": [], ""<class 'abc.NT_0011_P_00003'>"": [], ""<class 'abc.NT_0011_P_00004'>"": [], ""<class 'abc.NT_0011_P_00005'>"": [], ""<class 'abc.NT_0011_P_00006'>"": [], ""<class 'abc.NT_0011_P_00007'>"": [], ""<class 'abc.NT_0011_P_00008'>"": [], ""<class 'abc.NT_0011_P_00009'>"": [], ""<class 'abc.NT_0014_P_00002'>"": [], ""<class 'abc.NT_0014_P_00003'>"": [], ""<class 'abc.NT_0014_P_00004'>"": [], '$leftovers': [612, 51366, 29977, 7941, 62781, 93978, 48081, 63396, 57279, 63194, 37786, 54499, 54071, 7255, 805, 91855, 9788, 55863, 13874, 90931, 38385, 43619, 36227, 61359, 25033, 26828, 94952, 78514, 81573, 7035, 57599, 63649, 37284, 79243, 23816, 36097, 45176, 45221, 21659, 73410, 77378, 61609, 53485, 83091, 55364, 804, 37863, 62128, 64631, 84523, 68409, 46658, 59869, 22948, 53816, 17703, 86036, 23930, 54711, 27159, 47907, 22129, 19429, 11704, 67050, 80298, 69224, 57646, 14733, 44317, 85077, 74191, 78264, 27076, 89776, 5196, 46711, 95884, 100000, 42859, 92197, 62164, 34041, 96434, 9186, 84986, 23729, 32442, 9078, 30947, 10584, 90176, 39265, 2903, 26641, 17813, 64068, 47390, 53496, 84055, 91192, 43627, 10978, 20051, 63072, 17541, 52384, 82602, 2071, 73349, 76496, 93237, 90746, 94169, 1089, 1963, 87259, 78716, 97251, 74560, 92319, 88430, 30065, 35943, 26646, 58575, 20564, 68822, 1955, 11977, 701, 8879, 51642, 65013, 37021, 8254, 64968, 54544, 55206, 50487, 94823, 39401, 11005, 50507, 4078, 47520, 40046, 60171, 93652, 930, 40344, 61205, 60575, 32914, 87845, 18974, 88335, 23738, 9159, 67945, 35873, 79289, 92027, 47069, 50717, 19269, 86431, 12677, 1847, 82569, 10719, 49874, 57438, 74245, 9728, 35214, 60927, 50418, 3072, 33653, 84097, 10451, 10948, 43565, 35042, 52901, 60373, 71523, 99916, 21066, 31862, 7158, 61957, 29065, 73503, 77066, 90914, 2224, 23949, 58836, 36313, 52163, 15402, 95181, 97248, 72223, 64484, 31579, 7361, 13133, 8559, 5315, 12957, 97480, 15964, 47289, 18201, 64048, 38836, 23949, 65274, 81688, 15908, 97641, 68909, 88194, 58203, 54156, 17884, 17015, 98114, 85070, 44487, 35609, 43946, 13163, 68656, 46368, 64590, 40998, 4333, 23209, 48312, 91519, 45912, 95154, 82162, 65190, 2680, 41571, 50993, 530, 20715, 62325, 69130, 87411, 51896, 25041, 1061, 92007, 16083, 61009, 22448, 76926, 40530, 5740, 65551, 74307, 70243, 88860, 56449, 62236, 73737, 14864, 20769, 33438, 2720, 19958, 14224, 62871, 11924, 4195, 94579, 90772, 15850, 32394, 39534, 94217, 24432, 49736, 19142, 95031, 91556, 84878, 36003, 82744, 39005, 77560, 67854, 74174, 65238, 42610, 38442, 5045, 8394, 50169, 85223, 39318, 11999, 19698, 62218, 20982, 75579, 83921, 36322, 81232, 74890, 79155, 7974, 87957, 31618, 15302, 46288, 41529, 54402, 51898, 8904, 68466, 16655, 33307, 87657, 62302, 99805, 94712, 27432, 6792, 318, 28470, 61849, 26074, 24481, 33234, 11701, 90978, 8418, 34547, 73073, 14229, 92931, 45528, 46305, 58234, 95428, 52910, 64691, 89529, 6125, 95529, 23717, 34258, 15039, 26343, 25322, 18533, 87153, 22501, 24377, 93511, 91108, 66007, 60481, 95208, 62676, 92031, 61249, 21040, 27224, 8088, 84181, 33593, 86548, 72607, 12800, 5611, 73844, 6692, 65230, 36526, 2469, 35635, 48449, 14719, 78189, 85243, 55844, 24071, 23788, 78878, 22883, 30166, 25797, 10713, 24202, 63862, 69116, 6614, 65627, 74821, 9118, 52050, 1045, 85212, 62012, 89898, 79364, 88858, 96964, 35830, 60888, 26734, 88556, 30404, 7619, 80278, 68622, 93232, 34306, 31485, 56275, 18665, 75621, 64839, 93770, 28199, 22239, 59130, 77628, 99168, 70420, 75781, 62501, 671, 82149, 26309, 8026, 6187, 34342, 77941, 96327, 7003, 65713, 2941, 26673, 45799, 5550, 98918, 65458, 56546, 58743, 93533, 64790, 30347, 32662, 73325, 77970, 21733, 35559, 73040, 79043, 59441, 82022, 37637, 7661, 94041, 96708, 7898, 70255, 89025, 83488, 90561, 63581, 77717, 74197, 27575, 58299, 53110, 73807, 71575, 26219, 35022, 49263, 13153, 34531, 51399, 44165, 26477, 4658, 89217, 10088, 77375, 38696, 57234, 69828, 27880, 19969, 12884, 48301, 32382, 79158, 72530, 2303, 28606, 30300, 17727, 74408, 82473, 74031, 47501, 28349, 67701, 75802, 89880, 6847, 37677, 42094, 59098, 33292, 25396, 1653, 33802, 37033, 82988, 18807, 34788, 32442, 21412, 79504, 70667, 67140, 188, 92567, 14712, 41955, 83231, 16604, 44261, 9248, 17311, 28714, 91679, 32487, 26287, 45537, 96338, 4907, 91004, 40305, 38855, 30113, 31802, 90368, 29632, 22399, 27504, 74924, 64570, 3170, 73381, 73608, 82107, 55004, 28453, 81413, 83401, 86827, 3755, 19280, 39809, 58531, 69352, 77285, 75236, 65692, 7596, 96792, 61193, 32718, 15171, 87988, 30166, 54746, 77236, 17432, 95331, 38981, 88240, 38898, 32172, 79555, 11740, 12372, 21314, 35314, 93047, 42158, 12888, 45757, 12444, 53196, 24354, 10754, 11298, 51034, 29460, 54561, 63362, 63137, 80288, 88200, 90124, 34341, 79738, 29507, 1371, 45727, 33233, 20038, 80414, 21940, 30707, 90006, 24595, 36850, 16424, 43356, 57374, 16541, 37502, 37384, 44186, 1581, 55147, 81574, 36342, 34700, 77319, 28025, 42804, 70814, 97334, 63170, 45671, 92728, 50865, 61805, 79230, 95797, 79382, 69832, 39248, 70970, 62614, 68180, 36578, 66699, 90803, 28447, 48009, 97357, 19944, 60879, 16057, 92445, 75982, 37067, 41406, 92224, 10099, 38077, 10238, 68458, 6537, 63778, 57556, 62039, 11823, 13270, 39382, 5448, 99101, 892, 8806, 21031, 7912, 86405, 50251, 88331, 79170, 19276, 48689, 73426, 83963, 98871, 32530, 19826, 24930, 70628, 89666, 23784, 22342, 79694, 80437, 28733, 99765, 7735, 65443, 39629, 65691, 45234, 52942, 70165, 64742, 7593, 35389, 38346, 53370, 1486, 63745, 59201, 84112, 82078, 59842, 55744, 6361, 15079, 910, 53287, 86305, 5582, 34924, 69056, 67927, 31852, 80811, 3497, 24763, 76576, 6447, 51921, 24582, 67902, 99777, 99703, 83341, 49007, 99280, 24090, 6799, 52732, 30031, 47977, 87252, 5024, 40270, 25148, 18576, 16321, 73258, 96568, 50330, 93058, 53931, 82548, 70345, 30377, 16363, 46283, 71917, 19219, 34599, 59905, 76185, 99134, 52728, 85779, 32717, 4809, 23223, 7767, 36688, 17927, 33222, 5461, 58987, 99150, 82453, 68878, 27439, 92942, 79331, 71474, 34897, 35197, 84658, 51810, 88051, 90117, 15640, 25537, 1192, 5758, 16919, 16570, 54940, 71350, 57863, 28374, 25430, 96910, 25138, 30623, 84961, 23541, 35862, 94330, 34467, 45322, 3068, 32691, 19717, 72709, 77504, 12874, 8035, 4199, 32629, 29326, 50091, 4290, 69037, 67868, 4858, 18189, 81289, 10537, 34484, 97761, 36705, 52886, 29677, 92414, 65300, 4493, 83991, 25685, 6104, 23112, 72137, 96757, 13483, 18308, 221, 14358, 49795, 76044, 65013, 87872, 95304, 14399, 812, 64706, 60775, 65656, 55460, 64130, 33001, 14835, 17431, 45023, 79744, 46149, 17211, 1932, 89664, 35867, 75834, 45835, 33920, 51887, 56077, 57612, 3201, 66246, 43129, 72962, 59486, 41799, 36083, 78794, 55644, 16064, 47916, 43687, 87424, 99482, 17585, 78994, 36067, 56930, 68493, 83129, 64732, 86546, 74055, 94524, 52064, 83683, 31321, 53390, 89787, 97909, 96890, 42138, 43171, 63419, 72477, 642, 72325, 14142, 88837, 64298, 53853, 33912, 90976, 51351, 53580, 44520, 1115, 7377, 51291, 91564, 16199, 86922, 17805, 85895, 43694, 18547, 43604, 34423, 97118, 34445, 84791, 71375, 31055, 9941, 27422, 27295, 25492, 21731, 54058, 56103, 74702, 88389, 39787, 83292, 56321, 80058, 48446, 90534, 99020, 53183, 57349, 5351, 62399, 11726, 72703, 23079, 88458, 14886, 42115, 37381, 53447, 80416, 75451, 17441, 22787, 25968, 37997, 43457, 70409, 3144, 30291, 27680, 46416, 33566, 93834, 69479, 8313, 69016, 56653]})"
38.0,9,41,30,19.65440273284912,210,"Genotype(dna={""<class 'abc.NT_0014'>"": [0, 7628], ""<class 'abc.NT_0014_P_00000'>"": [], ""<class 'abc.NT_0003'>"": [], ""<class 'abc.NT_0003_P_00000'>"": [], ""<class 'bool'>"": [34892, 98370, 93055, 22069, 91850, 93033, 11504, 95280, 56278, 13913, 91591, 97012, 50516, 59058, 91601, 80048, 98529, 76229, 96396, 90534, 62399, 14886, 86613, 30291, 93834, 69479, 91703], ""<class 'abc.NT_0000'>"": [0, 2, 3, 0, 0, 66646, 80541, 0, 57112, 0, 0, 0, 0, 52153, 3, 67907, 2, 0, 2823, 0, 47365, 0, 40082, 0, 1, 36984, 2, 0, 2, 6530, 90460, 0, 0, 0, 1053, 51537, 1, 3136, 63679, 1290, 48446, 25314, 57349, 5351, 72703, 23079, 41017, 75451, 17441, 35176, 25968, 36249, 43457, 70409, 3144], ""<class 'abc.NT_0000_P_00000'>"": [], ""<class 'int'>"": [11527, 89970, 15638, 94912, 79572, 49242, 25019, 94292, 7422, 84436, 79517, 68747, 83981, 41079, 54502, 66359, 24459, 66531, 7776, 87223, 18331, 85267, 30558, 2676, 26738, 18149, 77382, 79248, 84283, 30291, 69479, 56653, 51366, 76187, 63194, 54071, 7575, 38385], ""<class 'abc.NT_0000_P_00001'>"": [], ""<class 'abc.NT_0000_P_00002'>"": [], ""<class 'abc.NT_0000_P_00003'>"": [], ""<class 'abc.NT_0001'>"": [1, 6, 59169, 80416, 13326, 33566, 56653], ""<class 'abc.NT_0001_P_00000'>"": [], ""<class 'abc.NT_0001_P_00001'>"": [], ""<class 'abc.NT_0001_P_00002'>"": [], ""<class 'abc.NT_0001_P_00003'>"": [], ""<class 'abc.NT_0001_P_00004'>"": [], ""<class 'abc.NT_0001_P_00005'>"": [], ""<class 'abc.NT_0001_P_00006'>"": [], ""<class 'abc.NT_0003_P_00001'>"": [], ""<class 'abc.NT_0002'>"": [0, 54058], ""<class 'abc.NT_0002_P_00000'>"": [], ""<class 'abc.NT_0002_P_00001'>"": [], ""<class 'abc.NT_0002_P_00002'>"": [], ""<class 'abc.NT_0002_P_00003'>"": [], ""<class 'abc.NT_0004'>"": [], ""<class 'abc.NT_0004_P_00000'>"": [], ""<class 'abc.NT_0014_P_00001'>"": [], ""<class 'abc.NT_0013'>"": [43273, 87753, 70326], ""<class 'abc.NT_0013_P_00000'>"": [], ""<class 'abc.NT_0011'>"": [1, 98607], ""<class 'abc.NT_0011_P_00000'>"": [], ""<class 'abc.NT_0011_P_00001'>"": [], ""<class 'abc.NT_0008'>"": [56358, 25492], ""<class 'abc.NT_0008_P_00000'>"": [], ""<class 'abc.NT_0005'>"": [65439, 70998], ""<class 'abc.NT_0005_P_00000'>"": [], ""<class 'abc.NT_0005_P_00001'>"": [], ""<class 'abc.NT_0007'>"": [0, 27295], ""<class 'abc.NT_0007_P_00000'>"": [], ""<class 'abc.NT_0006'>"": [51447, 91312], ""<class 'abc.NT_0006_P_00000'>"": [], ""<class 'abc.NT_0006_P_00001'>"": [], ""<class 'abc.NT_0007_P_00001'>"": [], ""<class 'abc.NT_0007_P_00002'>"": [], ""<class 'abc.NT_0007_P_00003'>"": [], ""<class 'abc.NT_0008_P_00001'>"": [], ""<class 'abc.NT_0009'>"": [8, 58070, 39787], ""<class 'abc.NT_0009_P_00000'>"": [], ""<class 'abc.NT_0009_P_00001'>"": [], ""<class 'abc.NT_0009_P_00002'>"": [], ""<class 'abc.NT_0009_P_00003'>"": [], ""<class 'abc.NT_0009_P_00004'>"": [], ""<class 'abc.NT_0009_P_00005'>"": [], ""<class 'abc.NT_0009_P_00006'>"": [], ""<class 'abc.NT_0009_P_00007'>"": [], ""<class 'abc.NT_0009_P_00008'>"": [], ""<class 'abc.NT_0011_P_00002'>"": [], ""<class 'abc.NT_0010'>"": [53447, 89091], ""<class 'abc.NT_0010_P_00000'>"": [], ""<class 'abc.NT_0010_P_00001'>"": [], ""<class 'abc.NT_0010_P_00002'>"": [], ""<class 'abc.NT_0010_P_00003'>"": [], ""<class 'abc.NT_0010_P_00004'>"": [], ""<class 'abc.NT_0010_P_00005'>"": [], ""<class 'abc.NT_0011_P_00003'>"": [], ""<class 'abc.NT_0011_P_00004'>"": [], ""<class 'abc.NT_0011_P_00005'>"": [], ""<class 'abc.NT_0011_P_00006'>"": [], ""<class 'abc.NT_0011_P_00007'>"": [], ""<class 'abc.NT_0011_P_00008'>"": [], ""<class 'abc.NT_0011_P_00009'>"": [], ""<class 'abc.NT_0014_P_00002'>"": [], ""<class 'abc.NT_0014_P_00003'>"": [], ""<class 'abc.NT_0014_P_00004'>"": [], '$leftovers': [612, 51366, 29977, 7941, 62781, 93978, 48081, 63396, 57279, 63194, 37786, 54499, 54071, 7255, 805, 91855, 9788, 55863, 13874, 90931, 38385, 43619, 36227, 61359, 25033, 26828, 94952, 78514, 81573, 7035, 57599, 63649, 37284, 79243, 23816, 36097, 45176, 45221, 21659, 73410, 77378, 61609, 53485, 83091, 55364, 804, 37863, 62128, 64631, 84523, 68409, 46658, 59869, 22948, 53816, 17703, 86036, 23930, 54711, 27159, 47907, 22129, 19429, 11704, 67050, 80298, 69224, 57646, 14733, 44317, 85077, 74191, 78264, 27076, 89776, 5196, 46711, 95884, 100000, 42859, 92197, 62164, 34041, 96434, 9186, 84986, 23729, 32442, 9078, 30947, 10584, 90176, 39265, 2903, 26641, 17813, 64068, 47390, 53496, 84055, 91192, 43627, 10978, 20051, 63072, 17541, 52384, 82602, 2071, 73349, 76496, 93237, 90746, 94169, 1089, 1963, 87259, 78716, 97251, 74560, 92319, 88430, 30065, 35943, 26646, 58575, 20564, 68822, 1955, 11977, 701, 8879, 51642, 65013, 37021, 8254, 64968, 54544, 55206, 50487, 94823, 39401, 11005, 50507, 4078, 47520, 40046, 60171, 93652, 930, 40344, 61205, 60575, 32914, 87845, 18974, 88335, 23738, 9159, 67945, 35873, 79289, 92027, 47069, 50717, 19269, 86431, 12677, 1847, 82569, 10719, 49874, 57438, 74245, 9728, 35214, 60927, 50418, 3072, 33653, 84097, 10451, 10948, 43565, 35042, 52901, 60373, 71523, 99916, 21066, 31862, 7158, 61957, 29065, 73503, 77066, 90914, 2224, 23949, 58836, 36313, 52163, 15402, 95181, 97248, 72223, 64484, 31579, 7361, 13133, 8559, 5315, 12957, 97480, 15964, 47289, 18201, 64048, 38836, 23949, 65274, 81688, 15908, 97641, 68909, 88194, 58203, 54156, 17884, 17015, 98114, 85070, 44487, 35609, 43946, 13163, 68656, 46368, 64590, 40998, 4333, 23209, 48312, 91519, 45912, 95154, 82162, 65190, 2680, 41571, 50993, 530, 20715, 62325, 69130, 87411, 51896, 25041, 1061, 92007, 16083, 61009, 22448, 76926, 40530, 5740, 65551, 74307, 70243, 88860, 56449, 62236, 73737, 14864, 20769, 33438, 2720, 19958, 14224, 62871, 11924, 4195, 94579, 90772, 15850, 32394, 39534, 94217, 24432, 49736, 19142, 95031, 91556, 84878, 36003, 82744, 39005, 77560, 67854, 74174, 65238, 42610, 38442, 5045, 8394, 50169, 85223, 39318, 11999, 19698, 62218, 20982, 75579, 83921, 36322, 81232, 74890, 79155, 7974, 87957, 31618, 15302, 46288, 41529, 54402, 51898, 8904, 68466, 16655, 33307, 87657, 62302, 99805, 94712, 27432, 6792, 318, 28470, 61849, 26074, 24481, 33234, 11701, 90978, 8418, 34547, 73073, 14229, 92931, 45528, 46305, 58234, 95428, 52910, 64691, 89529, 6125, 95529, 23717, 34258, 15039, 26343, 25322, 18533, 87153, 22501, 24377, 93511, 91108, 66007, 60481, 95208, 62676, 92031, 61249, 21040, 27224, 8088, 84181, 33593, 86548, 72607, 12800, 5611, 73844, 6692, 65230, 36526, 2469, 35635, 48449, 14719, 78189, 85243, 55844, 24071, 23788, 78878, 22883, 30166, 25797, 10713, 24202, 63862, 69116, 6614, 65627, 74821, 9118, 52050, 1045, 85212, 62012, 89898, 79364, 88858, 96964, 35830, 60888, 26734, 88556, 30404, 7619, 80278, 68622, 93232, 34306, 31485, 56275, 18665, 75621, 64839, 93770, 28199, 22239, 59130, 77628, 99168, 70420, 75781, 62501, 671, 82149, 26309, 8026, 6187, 34342, 77941, 96327, 7003, 65713, 2941, 26673, 45799, 5550, 98918, 65458, 56546, 58743, 93533, 64790, 30347, 32662, 73325, 77970, 21733, 35559, 73040, 79043, 59441, 82022, 37637, 7661, 94041, 96708, 7898, 70255, 89025, 83488, 90561, 63581, 77717, 74197, 27575, 58299, 53110, 73807, 71575, 26219, 35022, 49263, 13153, 34531, 51399, 44165, 26477, 4658, 89217, 10088, 77375, 38696, 57234, 69828, 27880, 19969, 12884, 48301, 32382, 79158, 72530, 2303, 28606, 30300, 17727, 74408, 82473, 74031, 47501, 28349, 67701, 75802, 89880, 6847, 37677, 42094, 59098, 33292, 25396, 1653, 33802, 37033, 82988, 18807, 34788, 32442, 21412, 79504, 70667, 67140, 188, 92567, 14712, 41955, 83231, 16604, 44261, 9248, 17311, 28714, 91679, 32487, 26287, 45537, 96338, 4907, 91004, 40305, 38855, 30113, 31802, 90368, 29632, 22399, 27504, 74924, 64570, 3170, 73381, 73608, 82107, 55004, 28453, 81413, 83401, 86827, 3755, 19280, 39809, 58531, 69352, 77285, 75236, 65692, 7596, 96792, 61193, 32718, 15171, 87988, 30166, 54746, 77236, 17432, 95331, 38981, 88240, 38898, 32172, 79555, 11740, 12372, 21314, 35314, 93047, 42158, 12888, 45757, 12444, 53196, 24354, 10754, 11298, 51034, 29460, 54561, 63362, 63137, 80288, 88200, 90124, 34341, 79738, 29507, 1371, 45727, 33233, 20038, 80414, 21940, 30707, 90006, 24595, 36850, 16424, 43356, 57374, 16541, 37502, 37384, 44186, 1581, 55147, 81574, 36342, 34700, 77319, 28025, 42804, 70814, 97334, 63170, 45671, 92728, 50865, 61805, 79230, 95797, 79382, 69832, 39248, 70970, 62614, 68180, 36578, 66699, 90803, 28447, 48009, 97357, 19944, 60879, 16057, 92445, 75982, 37067, 41406, 92224, 10099, 38077, 10238, 68458, 6537, 63778, 57556, 62039, 11823, 13270, 39382, 5448, 99101, 892, 8806, 21031, 7912, 86405, 50251, 88331, 79170, 19276, 48689, 73426, 83963, 98871, 32530, 19826, 24930, 70628, 89666, 23784, 22342, 79694, 80437, 28733, 99765, 7735, 65443, 39629, 65691, 45234, 52942, 70165, 64742, 7593, 35389, 38346, 53370, 1486, 63745, 59201, 84112, 82078, 59842, 55744, 6361, 15079, 910, 53287, 86305, 5582, 34924, 69056, 67927, 31852, 80811, 3497, 24763, 76576, 6447, 51921, 24582, 67902, 99777, 99703, 83341, 49007, 99280, 24090, 6799, 52732, 30031, 47977, 87252, 5024, 40270, 25148, 18576, 16321, 73258, 96568, 50330, 93058, 53931, 82548, 70345, 30377, 16363, 46283, 71917, 19219, 34599, 59905, 76185, 99134, 52728, 85779, 32717, 4809, 23223, 7767, 36688, 17927, 33222, 5461, 58987, 99150, 82453, 68878, 27439, 92942, 79331, 71474, 34897, 35197, 84658, 51810, 88051, 90117, 15640, 25537, 1192, 5758, 16919, 16570, 54940, 71350, 57863, 28374, 25430, 96910, 25138, 30623, 84961, 23541, 35862, 94330, 34467, 45322, 3068, 32691, 19717, 72709, 77504, 12874, 8035, 4199, 32629, 29326, 50091, 4290, 69037, 67868, 4858, 18189, 81289, 10537, 34484, 97761, 36705, 52886, 29677, 92414, 65300, 4493, 83991, 25685, 6104, 23112, 72137, 96757, 13483, 18308, 221, 14358, 49795, 76044, 65013, 87872, 95304, 14399, 812, 64706, 60775, 65656, 55460, 64130, 33001, 14835, 17431, 45023, 79744, 46149, 17211, 1932, 89664, 35867, 75834, 45835, 33920, 51887, 56077, 57612, 3201, 66246, 43129, 72962, 59486, 41799, 36083, 78794, 55644, 16064, 47916, 43687, 87424, 99482, 17585, 78994, 36067, 56930, 68493, 83129, 64732, 86546, 74055, 94524, 52064, 83683, 31321, 53390, 89787, 97909, 96890, 42138, 43171, 63419, 72477, 642, 72325, 14142, 88837, 64298, 53853, 33912, 90976, 51351, 53580, 44520, 1115, 7377, 51291, 91564, 16199, 86922, 17805, 85895, 43694, 18547, 43604, 34423, 97118, 34445, 84791, 71375, 31055, 9941, 27422, 27295, 25492, 21731, 54058, 56103, 74702, 88389, 39787, 83292, 56321, 80058, 48446, 90534, 99020, 53183, 57349, 5351, 62399, 11726, 72703, 23079, 88458, 14886, 42115, 37381, 53447, 80416, 75451, 17441, 22787, 25968, 37997, 43457, 70409, 3144, 30291, 27680, 46416, 33566, 93834, 69479, 8313, 69016, 56653]})"
38.0,9,41,31,20.209981441497803,210,"Genotype(dna={""<class 'abc.NT_0014'>"": [0, 7628], ""<class 'abc.NT_0014_P_00000'>"": [], ""<class 'abc.NT_0003'>"": [], ""<class 'abc.NT_0003_P_00000'>"": [], ""<class 'bool'>"": [34892, 98370, 93055, 22069, 91850, 93033, 11504, 95280, 56278, 13913, 91591, 97012, 50516, 59058, 91601, 80048, 98529, 76229, 96396, 90534, 62399, 14886, 86613, 30291, 93834, 69479, 91703], ""<class 'abc.NT_0000'>"": [0, 2, 3, 0, 0, 66646, 80541, 0, 57112, 0, 0, 0, 0, 52153, 3, 67907, 2, 0, 2823, 0, 47365, 0, 40082, 0, 1, 36984, 2, 0, 2, 6530, 90460, 0, 0, 0, 1053, 51537, 1, 3136, 63679, 1290, 48446, 25314, 57349, 5351, 72703, 23079, 41017, 75451, 17441, 35176, 25968, 36249, 43457, 70409, 3144], ""<class 'abc.NT_0000_P_00000'>"": [], ""<class 'int'>"": [11527, 89970, 15638, 94912, 79572, 49242, 25019, 94292, 7422, 84436, 79517, 68747, 83981, 41079, 54502, 66359, 24459, 66531, 7776, 87223, 18331, 85267, 30558, 2676, 26738, 18149, 77382, 79248, 84283, 30291, 69479, 56653, 51366, 76187, 63194, 54071, 7575, 38385], ""<class 'abc.NT_0000_P_00001'>"": [], ""<class 'abc.NT_0000_P_00002'>"": [], ""<class 'abc.NT_0000_P_00003'>"": [], ""<class 'abc.NT_0001'>"": [1, 6, 59169, 80416, 13326, 33566, 56653], ""<class 'abc.NT_0001_P_00000'>"": [], ""<class 'abc.NT_0001_P_00001'>"": [], ""<class 'abc.NT_0001_P_00002'>"": [], ""<class 'abc.NT_0001_P_00003'>"": [], ""<class 'abc.NT_0001_P_00004'>"": [], ""<class 'abc.NT_0001_P_00005'>"": [], ""<class 'abc.NT_0001_P_00006'>"": [], ""<class 'abc.NT_0003_P_00001'>"": [], ""<class 'abc.NT_0002'>"": [0, 54058], ""<class 'abc.NT_0002_P_00000'>"": [], ""<class 'abc.NT_0002_P_00001'>"": [], ""<class 'abc.NT_0002_P_00002'>"": [], ""<class 'abc.NT_0002_P_00003'>"": [], ""<class 'abc.NT_0004'>"": [], ""<class 'abc.NT_0004_P_00000'>"": [], ""<class 'abc.NT_0014_P_00001'>"": [], ""<class 'abc.NT_0013'>"": [43273, 87753, 70326], ""<class 'abc.NT_0013_P_00000'>"": [], ""<class 'abc.NT_0011'>"": [1, 98607], ""<class 'abc.NT_0011_P_00000'>"": [], ""<class 'abc.NT_0011_P_00001'>"": [], ""<class 'abc.NT_0008'>"": [56358, 25492], ""<class 'abc.NT_0008_P_00000'>"": [], ""<class 'abc.NT_0005'>"": [65439, 70998], ""<class 'abc.NT_0005_P_00000'>"": [], ""<class 'abc.NT_0005_P_00001'>"": [], ""<class 'abc.NT_0007'>"": [0, 27295], ""<class 'abc.NT_0007_P_00000'>"": [], ""<class 'abc.NT_0006'>"": [51447, 91312], ""<class 'abc.NT_0006_P_00000'>"": [], ""<class 'abc.NT_0006_P_00001'>"": [], ""<class 'abc.NT_0007_P_00001'>"": [], ""<class 'abc.NT_0007_P_00002'>"": [], ""<class 'abc.NT_0007_P_00003'>"": [], ""<class 'abc.NT_0008_P_00001'>"": [], ""<class 'abc.NT_0009'>"": [8, 58070, 39787], ""<class 'abc.NT_0009_P_00000'>"": [], ""<class 'abc.NT_0009_P_00001'>"": [], ""<class 'abc.NT_0009_P_00002'>"": [], ""<class 'abc.NT_0009_P_00003'>"": [], ""<class 'abc.NT_0009_P_00004'>"": [], ""<class 'abc.NT_0009_P_00005'>"": [], ""<class 'abc.NT_0009_P_00006'>"": [], ""<class 'abc.NT_0009_P_00007'>"": [], ""<class 'abc.NT_0009_P_00008'>"": [], ""<class 'abc.NT_0011_P_00002'>"": [], ""<class 'abc.NT_0010'>"": [53447, 89091], ""<class 'abc.NT_0010_P_00000'>"": [], ""<class 'abc.NT_0010_P_00001'>"": [], ""<class 'abc.NT_0010_P_00002'>"": [], ""<class 'abc.NT_0010_P_00003'>"": [], ""<class 'abc.NT_0010_P_00004'>"": [], ""<class 'abc.NT_0010_P_00005'>"": [], ""<class 'abc.NT_0011_P_00003'>"": [], ""<class 'abc.NT_0011_P_00004'>"": [], ""<class 'abc.NT_0011_P_00005'>"": [], ""<class 'abc.NT_0011_P_00006'>"": [], ""<class 'abc.NT_0011_P_00007'>"": [], ""<class 'abc.NT_0011_P_00008'>"": [], ""<class 'abc.NT_0011_P_00009'>"": [], ""<class 'abc.NT_0014_P_00002'>"": [], ""<class 'abc.NT_0014_P_00003'>"": [], ""<class 'abc.NT_0014_P_00004'>"": [], '$leftovers': [612, 51366, 29977, 7941, 62781, 93978, 48081, 63396, 57279, 63194, 37786, 54499, 54071, 7255, 805, 91855, 9788, 55863, 13874, 90931, 38385, 43619, 36227, 61359, 25033, 26828, 94952, 78514, 81573, 7035, 57599, 63649, 37284, 79243, 23816, 36097, 45176, 45221, 21659, 73410, 77378, 61609, 53485, 83091, 55364, 804, 37863, 62128, 64631, 84523, 68409, 46658, 59869, 22948, 53816, 17703, 86036, 23930, 54711, 27159, 47907, 22129, 19429, 11704, 67050, 80298, 69224, 57646, 14733, 44317, 85077, 74191, 78264, 27076, 89776, 5196, 46711, 95884, 100000, 42859, 92197, 62164, 34041, 96434, 9186, 84986, 23729, 32442, 9078, 30947, 10584, 90176, 39265, 2903, 26641, 17813, 64068, 47390, 53496, 84055, 91192, 43627, 10978, 20051, 63072, 17541, 52384, 82602, 2071, 73349, 76496, 93237, 90746, 94169, 1089, 1963, 87259, 78716, 97251, 74560, 92319, 88430, 30065, 35943, 26646, 58575, 20564, 68822, 1955, 11977, 701, 8879, 51642, 65013, 37021, 8254, 64968, 54544, 55206, 50487, 94823, 39401, 11005, 50507, 4078, 47520, 40046, 60171, 93652, 930, 40344, 61205, 60575, 32914, 87845, 18974, 88335, 23738, 9159, 67945, 35873, 79289, 92027, 47069, 50717, 19269, 86431, 12677, 1847, 82569, 10719, 49874, 57438, 74245, 9728, 35214, 60927, 50418, 3072, 33653, 84097, 10451, 10948, 43565, 35042, 52901, 60373, 71523, 99916, 21066, 31862, 7158, 61957, 29065, 73503, 77066, 90914, 2224, 23949, 58836, 36313, 52163, 15402, 95181, 97248, 72223, 64484, 31579, 7361, 13133, 8559, 5315, 12957, 97480, 15964, 47289, 18201, 64048, 38836, 23949, 65274, 81688, 15908, 97641, 68909, 88194, 58203, 54156, 17884, 17015, 98114, 85070, 44487, 35609, 43946, 13163, 68656, 46368, 64590, 40998, 4333, 23209, 48312, 91519, 45912, 95154, 82162, 65190, 2680, 41571, 50993, 530, 20715, 62325, 69130, 87411, 51896, 25041, 1061, 92007, 16083, 61009, 22448, 76926, 40530, 5740, 65551, 74307, 70243, 88860, 56449, 62236, 73737, 14864, 20769, 33438, 2720, 19958, 14224, 62871, 11924, 4195, 94579, 90772, 15850, 32394, 39534, 94217, 24432, 49736, 19142, 95031, 91556, 84878, 36003, 82744, 39005, 77560, 67854, 74174, 65238, 42610, 38442, 5045, 8394, 50169, 85223, 39318, 11999, 19698, 62218, 20982, 75579, 83921, 36322, 81232, 74890, 79155, 7974, 87957, 31618, 15302, 46288, 41529, 54402, 51898, 8904, 68466, 16655, 33307, 87657, 62302, 99805, 94712, 27432, 6792, 318, 28470, 61849, 26074, 24481, 33234, 11701, 90978, 8418, 34547, 73073, 14229, 92931, 45528, 46305, 58234, 95428, 52910, 64691, 89529, 6125, 95529, 23717, 34258, 15039, 26343, 25322, 18533, 87153, 22501, 24377, 93511, 91108, 66007, 60481, 95208, 62676, 92031, 61249, 21040, 27224, 8088, 84181, 33593, 86548, 72607, 12800, 5611, 73844, 6692, 65230, 36526, 2469, 35635, 48449, 14719, 78189, 85243, 55844, 24071, 23788, 78878, 22883, 30166, 25797, 10713, 24202, 63862, 69116, 6614, 65627, 74821, 9118, 52050, 1045, 85212, 62012, 89898, 79364, 88858, 96964, 35830, 60888, 26734, 88556, 30404, 7619, 80278, 68622, 93232, 34306, 31485, 56275, 18665, 75621, 64839, 93770, 28199, 22239, 59130, 77628, 99168, 70420, 75781, 62501, 671, 82149, 26309, 8026, 6187, 34342, 77941, 96327, 7003, 65713, 2941, 26673, 45799, 5550, 98918, 65458, 56546, 58743, 93533, 64790, 30347, 32662, 73325, 77970, 21733, 35559, 73040, 79043, 59441, 82022, 37637, 7661, 94041, 96708, 7898, 70255, 89025, 83488, 90561, 63581, 77717, 74197, 27575, 58299, 53110, 73807, 71575, 26219, 35022, 49263, 13153, 34531, 51399, 44165, 26477, 4658, 89217, 10088, 77375, 38696, 57234, 69828, 27880, 19969, 12884, 48301, 32382, 79158, 72530, 2303, 28606, 30300, 17727, 74408, 82473, 74031, 47501, 28349, 67701, 75802, 89880, 6847, 37677, 42094, 59098, 33292, 25396, 1653, 33802, 37033, 82988, 18807, 34788, 32442, 21412, 79504, 70667, 67140, 188, 92567, 14712, 41955, 83231, 16604, 44261, 9248, 17311, 28714, 91679, 32487, 26287, 45537, 96338, 4907, 91004, 40305, 38855, 30113, 31802, 90368, 29632, 22399, 27504, 74924, 64570, 3170, 73381, 73608, 82107, 55004, 28453, 81413, 83401, 86827, 3755, 19280, 39809, 58531, 69352, 77285, 75236, 65692, 7596, 96792, 61193, 32718, 15171, 87988, 30166, 54746, 77236, 17432, 95331, 38981, 88240, 38898, 32172, 79555, 11740, 12372, 21314, 35314, 93047, 42158, 12888, 45757, 12444, 53196, 24354, 10754, 11298, 51034, 29460, 54561, 63362, 63137, 80288, 88200, 90124, 34341, 79738, 29507, 1371, 45727, 33233, 20038, 80414, 21940, 30707, 90006, 24595, 36850, 16424, 43356, 57374, 16541, 37502, 37384, 44186, 1581, 55147, 81574, 36342, 34700, 77319, 28025, 42804, 70814, 97334, 63170, 45671, 92728, 50865, 61805, 79230, 95797, 79382, 69832, 39248, 70970, 62614, 68180, 36578, 66699, 90803, 28447, 48009, 97357, 19944, 60879, 16057, 92445, 75982, 37067, 41406, 92224, 10099, 38077, 10238, 68458, 6537, 63778, 57556, 62039, 11823, 13270, 39382, 5448, 99101, 892, 8806, 21031, 7912, 86405, 50251, 88331, 79170, 19276, 48689, 73426, 83963, 98871, 32530, 19826, 24930, 70628, 89666, 23784, 22342, 79694, 80437, 28733, 99765, 7735, 65443, 39629, 65691, 45234, 52942, 70165, 64742, 7593, 35389, 38346, 53370, 1486, 63745, 59201, 84112, 82078, 59842, 55744, 6361, 15079, 910, 53287, 86305, 5582, 34924, 69056, 67927, 31852, 80811, 3497, 24763, 76576, 6447, 51921, 24582, 67902, 99777, 99703, 83341, 49007, 99280, 24090, 6799, 52732, 30031, 47977, 87252, 5024, 40270, 25148, 18576, 16321, 73258, 96568, 50330, 93058, 53931, 82548, 70345, 30377, 16363, 46283, 71917, 19219, 34599, 59905, 76185, 99134, 52728, 85779, 32717, 4809, 23223, 7767, 36688, 17927, 33222, 5461, 58987, 99150, 82453, 68878, 27439, 92942, 79331, 71474, 34897, 35197, 84658, 51810, 88051, 90117, 15640, 25537, 1192, 5758, 16919, 16570, 54940, 71350, 57863, 28374, 25430, 96910, 25138, 30623, 84961, 23541, 35862, 94330, 34467, 45322, 3068, 32691, 19717, 72709, 77504, 12874, 8035, 4199, 32629, 29326, 50091, 4290, 69037, 67868, 4858, 18189, 81289, 10537, 34484, 97761, 36705, 52886, 29677, 92414, 65300, 4493, 83991, 25685, 6104, 23112, 72137, 96757, 13483, 18308, 221, 14358, 49795, 76044, 65013, 87872, 95304, 14399, 812, 64706, 60775, 65656, 55460, 64130, 33001, 14835, 17431, 45023, 79744, 46149, 17211, 1932, 89664, 35867, 75834, 45835, 33920, 51887, 56077, 57612, 3201, 66246, 43129, 72962, 59486, 41799, 36083, 78794, 55644, 16064, 47916, 43687, 87424, 99482, 17585, 78994, 36067, 56930, 68493, 83129, 64732, 86546, 74055, 94524, 52064, 83683, 31321, 53390, 89787, 97909, 96890, 42138, 43171, 63419, 72477, 642, 72325, 14142, 88837, 64298, 53853, 33912, 90976, 51351, 53580, 44520, 1115, 7377, 51291, 91564, 16199, 86922, 17805, 85895, 43694, 18547, 43604, 34423, 97118, 34445, 84791, 71375, 31055, 9941, 27422, 27295, 25492, 21731, 54058, 56103, 74702, 88389, 39787, 83292, 56321, 80058, 48446, 90534, 99020, 53183, 57349, 5351, 62399, 11726, 72703, 23079, 88458, 14886, 42115, 37381, 53447, 80416, 75451, 17441, 22787, 25968, 37997, 43457, 70409, 3144, 30291, 27680, 46416, 33566, 93834, 69479, 8313, 69016, 56653]})"
38.0,9,41,32,20.87455916404724,210,"Genotype(dna={""<class 'abc.NT_0014'>"": [0, 7628], ""<class 'abc.NT_0014_P_00000'>"": [], ""<class 'abc.NT_0003'>"": [], ""<class 'abc.NT_0003_P_00000'>"": [], ""<class 'bool'>"": [34892, 98370, 93055, 22069, 91850, 93033, 11504, 95280, 56278, 13913, 91591, 97012, 50516, 59058, 91601, 80048, 98529, 76229, 96396, 90534, 62399, 14886, 86613, 30291, 93834, 69479, 91703], ""<class 'abc.NT_0000'>"": [0, 2, 3, 0, 0, 66646, 80541, 0, 57112, 0, 0, 0, 0, 52153, 3, 67907, 2, 0, 2823, 0, 47365, 0, 40082, 0, 1, 36984, 2, 0, 2, 6530, 90460, 0, 0, 0, 1053, 51537, 1, 3136, 63679, 1290, 48446, 25314, 57349, 5351, 72703, 23079, 41017, 75451, 17441, 35176, 25968, 36249, 43457, 70409, 3144], ""<class 'abc.NT_0000_P_00000'>"": [], ""<class 'int'>"": [11527, 89970, 15638, 94912, 79572, 49242, 25019, 94292, 7422, 84436, 79517, 68747, 83981, 41079, 54502, 66359, 24459, 66531, 7776, 87223, 18331, 85267, 30558, 2676, 26738, 18149, 77382, 79248, 84283, 30291, 69479, 56653, 51366, 76187, 63194, 54071, 7575, 38385], ""<class 'abc.NT_0000_P_00001'>"": [], ""<class 'abc.NT_0000_P_00002'>"": [], ""<class 'abc.NT_0000_P_00003'>"": [], ""<class 'abc.NT_0001'>"": [1, 6, 59169, 80416, 13326, 33566, 56653], ""<class 'abc.NT_0001_P_00000'>"": [], ""<class 'abc.NT_0001_P_00001'>"": [], ""<class 'abc.NT_0001_P_00002'>"": [], ""<class 'abc.NT_0001_P_00003'>"": [], ""<class 'abc.NT_0001_P_00004'>"": [], ""<class 'abc.NT_0001_P_00005'>"": [], ""<class 'abc.NT_0001_P_00006'>"": [], ""<class 'abc.NT_0003_P_00001'>"": [], ""<class 'abc.NT_0002'>"": [0, 54058], ""<class 'abc.NT_0002_P_00000'>"": [], ""<class 'abc.NT_0002_P_00001'>"": [], ""<class 'abc.NT_0002_P_00002'>"": [], ""<class 'abc.NT_0002_P_00003'>"": [], ""<class 'abc.NT_0004'>"": [], ""<class 'abc.NT_0004_P_00000'>"": [], ""<class 'abc.NT_0014_P_00001'>"": [], ""<class 'abc.NT_0013'>"": [43273, 87753, 70326], ""<class 'abc.NT_0013_P_00000'>"": [], ""<class 'abc.NT_0011'>"": [1, 98607], ""<class 'abc.NT_0011_P_00000'>"": [], ""<class 'abc.NT_0011_P_00001'>"": [], ""<class 'abc.NT_0008'>"": [56358, 25492], ""<class 'abc.NT_0008_P_00000'>"": [], ""<class 'abc.NT_0005'>"": [65439, 70998], ""<class 'abc.NT_0005_P_00000'>"": [], ""<class 'abc.NT_0005_P_00001'>"": [], ""<class 'abc.NT_0007'>"": [0, 27295], ""<class 'abc.NT_0007_P_00000'>"": [], ""<class 'abc.NT_0006'>"": [51447, 91312], ""<class 'abc.NT_0006_P_00000'>"": [], ""<class 'abc.NT_0006_P_00001'>"": [], ""<class 'abc.NT_0007_P_00001'>"": [], ""<class 'abc.NT_0007_P_00002'>"": [], ""<class 'abc.NT_0007_P_00003'>"": [], ""<class 'abc.NT_0008_P_00001'>"": [], ""<class 'abc.NT_0009'>"": [8, 58070, 39787], ""<class 'abc.NT_0009_P_00000'>"": [], ""<class 'abc.NT_0009_P_00001'>"": [], ""<class 'abc.NT_0009_P_00002'>"": [], ""<class 'abc.NT_0009_P_00003'>"": [], ""<class 'abc.NT_0009_P_00004'>"": [], ""<class 'abc.NT_0009_P_00005'>"": [], ""<class 'abc.NT_0009_P_00006'>"": [], ""<class 'abc.NT_0009_P_00007'>"": [], ""<class 'abc.NT_0009_P_00008'>"": [], ""<class 'abc.NT_0011_P_00002'>"": [], ""<class 'abc.NT_0010'>"": [53447, 89091], ""<class 'abc.NT_0010_P_00000'>"": [], ""<class 'abc.NT_0010_P_00001'>"": [], ""<class 'abc.NT_0010_P_00002'>"": [], ""<class 'abc.NT_0010_P_00003'>"": [], ""<class 'abc.NT_0010_P_00004'>"": [], ""<class 'abc.NT_0010_P_00005'>"": [], ""<class 'abc.NT_0011_P_00003'>"": [], ""<class 'abc.NT_0011_P_00004'>"": [], ""<class 'abc.NT_0011_P_00005'>"": [], ""<class 'abc.NT_0011_P_00006'>"": [], ""<class 'abc.NT_0011_P_00007'>"": [], ""<class 'abc.NT_0011_P_00008'>"": [], ""<class 'abc.NT_0011_P_00009'>"": [], ""<class 'abc.NT_0014_P_00002'>"": [], ""<class 'abc.NT_0014_P_00003'>"": [], ""<class 'abc.NT_0014_P_00004'>"": [], '$leftovers': [612, 51366, 29977, 7941, 62781, 93978, 48081, 63396, 57279, 63194, 37786, 54499, 54071, 7255, 805, 91855, 9788, 55863, 13874, 90931, 38385, 43619, 36227, 61359, 25033, 26828, 94952, 78514, 81573, 7035, 57599, 63649, 37284, 79243, 23816, 36097, 45176, 45221, 21659, 73410, 77378, 61609, 53485, 83091, 55364, 804, 37863, 62128, 64631, 84523, 68409, 46658, 59869, 22948, 53816, 17703, 86036, 23930, 54711, 27159, 47907, 22129, 19429, 11704, 67050, 80298, 69224, 57646, 14733, 44317, 85077, 74191, 78264, 27076, 89776, 5196, 46711, 95884, 100000, 42859, 92197, 62164, 34041, 96434, 9186, 84986, 23729, 32442, 9078, 30947, 10584, 90176, 39265, 2903, 26641, 17813, 64068, 47390, 53496, 84055, 91192, 43627, 10978, 20051, 63072, 17541, 52384, 82602, 2071, 73349, 76496, 93237, 90746, 94169, 1089, 1963, 87259, 78716, 97251, 74560, 92319, 88430, 30065, 35943, 26646, 58575, 20564, 68822, 1955, 11977, 701, 8879, 51642, 65013, 37021, 8254, 64968, 54544, 55206, 50487, 94823, 39401, 11005, 50507, 4078, 47520, 40046, 60171, 93652, 930, 40344, 61205, 60575, 32914, 87845, 18974, 88335, 23738, 9159, 67945, 35873, 79289, 92027, 47069, 50717, 19269, 86431, 12677, 1847, 82569, 10719, 49874, 57438, 74245, 9728, 35214, 60927, 50418, 3072, 33653, 84097, 10451, 10948, 43565, 35042, 52901, 60373, 71523, 99916, 21066, 31862, 7158, 61957, 29065, 73503, 77066, 90914, 2224, 23949, 58836, 36313, 52163, 15402, 95181, 97248, 72223, 64484, 31579, 7361, 13133, 8559, 5315, 12957, 97480, 15964, 47289, 18201, 64048, 38836, 23949, 65274, 81688, 15908, 97641, 68909, 88194, 58203, 54156, 17884, 17015, 98114, 85070, 44487, 35609, 43946, 13163, 68656, 46368, 64590, 40998, 4333, 23209, 48312, 91519, 45912, 95154, 82162, 65190, 2680, 41571, 50993, 530, 20715, 62325, 69130, 87411, 51896, 25041, 1061, 92007, 16083, 61009, 22448, 76926, 40530, 5740, 65551, 74307, 70243, 88860, 56449, 62236, 73737, 14864, 20769, 33438, 2720, 19958, 14224, 62871, 11924, 4195, 94579, 90772, 15850, 32394, 39534, 94217, 24432, 49736, 19142, 95031, 91556, 84878, 36003, 82744, 39005, 77560, 67854, 74174, 65238, 42610, 38442, 5045, 8394, 50169, 85223, 39318, 11999, 19698, 62218, 20982, 75579, 83921, 36322, 81232, 74890, 79155, 7974, 87957, 31618, 15302, 46288, 41529, 54402, 51898, 8904, 68466, 16655, 33307, 87657, 62302, 99805, 94712, 27432, 6792, 318, 28470, 61849, 26074, 24481, 33234, 11701, 90978, 8418, 34547, 73073, 14229, 92931, 45528, 46305, 58234, 95428, 52910, 64691, 89529, 6125, 95529, 23717, 34258, 15039, 26343, 25322, 18533, 87153, 22501, 24377, 93511, 91108, 66007, 60481, 95208, 62676, 92031, 61249, 21040, 27224, 8088, 84181, 33593, 86548, 72607, 12800, 5611, 73844, 6692, 65230, 36526, 2469, 35635, 48449, 14719, 78189, 85243, 55844, 24071, 23788, 78878, 22883, 30166, 25797, 10713, 24202, 63862, 69116, 6614, 65627, 74821, 9118, 52050, 1045, 85212, 62012, 89898, 79364, 88858, 96964, 35830, 60888, 26734, 88556, 30404, 7619, 80278, 68622, 93232, 34306, 31485, 56275, 18665, 75621, 64839, 93770, 28199, 22239, 59130, 77628, 99168, 70420, 75781, 62501, 671, 82149, 26309, 8026, 6187, 34342, 77941, 96327, 7003, 65713, 2941, 26673, 45799, 5550, 98918, 65458, 56546, 58743, 93533, 64790, 30347, 32662, 73325, 77970, 21733, 35559, 73040, 79043, 59441, 82022, 37637, 7661, 94041, 96708, 7898, 70255, 89025, 83488, 90561, 63581, 77717, 74197, 27575, 58299, 53110, 73807, 71575, 26219, 35022, 49263, 13153, 34531, 51399, 44165, 26477, 4658, 89217, 10088, 77375, 38696, 57234, 69828, 27880, 19969, 12884, 48301, 32382, 79158, 72530, 2303, 28606, 30300, 17727, 74408, 82473, 74031, 47501, 28349, 67701, 75802, 89880, 6847, 37677, 42094, 59098, 33292, 25396, 1653, 33802, 37033, 82988, 18807, 34788, 32442, 21412, 79504, 70667, 67140, 188, 92567, 14712, 41955, 83231, 16604, 44261, 9248, 17311, 28714, 91679, 32487, 26287, 45537, 96338, 4907, 91004, 40305, 38855, 30113, 31802, 90368, 29632, 22399, 27504, 74924, 64570, 3170, 73381, 73608, 82107, 55004, 28453, 81413, 83401, 86827, 3755, 19280, 39809, 58531, 69352, 77285, 75236, 65692, 7596, 96792, 61193, 32718, 15171, 87988, 30166, 54746, 77236, 17432, 95331, 38981, 88240, 38898, 32172, 79555, 11740, 12372, 21314, 35314, 93047, 42158, 12888, 45757, 12444, 53196, 24354, 10754, 11298, 51034, 29460, 54561, 63362, 63137, 80288, 88200, 90124, 34341, 79738, 29507, 1371, 45727, 33233, 20038, 80414, 21940, 30707, 90006, 24595, 36850, 16424, 43356, 57374, 16541, 37502, 37384, 44186, 1581, 55147, 81574, 36342, 34700, 77319, 28025, 42804, 70814, 97334, 63170, 45671, 92728, 50865, 61805, 79230, 95797, 79382, 69832, 39248, 70970, 62614, 68180, 36578, 66699, 90803, 28447, 48009, 97357, 19944, 60879, 16057, 92445, 75982, 37067, 41406, 92224, 10099, 38077, 10238, 68458, 6537, 63778, 57556, 62039, 11823, 13270, 39382, 5448, 99101, 892, 8806, 21031, 7912, 86405, 50251, 88331, 79170, 19276, 48689, 73426, 83963, 98871, 32530, 19826, 24930, 70628, 89666, 23784, 22342, 79694, 80437, 28733, 99765, 7735, 65443, 39629, 65691, 45234, 52942, 70165, 64742, 7593, 35389, 38346, 53370, 1486, 63745, 59201, 84112, 82078, 59842, 55744, 6361, 15079, 910, 53287, 86305, 5582, 34924, 69056, 67927, 31852, 80811, 3497, 24763, 76576, 6447, 51921, 24582, 67902, 99777, 99703, 83341, 49007, 99280, 24090, 6799, 52732, 30031, 47977, 87252, 5024, 40270, 25148, 18576, 16321, 73258, 96568, 50330, 93058, 53931, 82548, 70345, 30377, 16363, 46283, 71917, 19219, 34599, 59905, 76185, 99134, 52728, 85779, 32717, 4809, 23223, 7767, 36688, 17927, 33222, 5461, 58987, 99150, 82453, 68878, 27439, 92942, 79331, 71474, 34897, 35197, 84658, 51810, 88051, 90117, 15640, 25537, 1192, 5758, 16919, 16570, 54940, 71350, 57863, 28374, 25430, 96910, 25138, 30623, 84961, 23541, 35862, 94330, 34467, 45322, 3068, 32691, 19717, 72709, 77504, 12874, 8035, 4199, 32629, 29326, 50091, 4290, 69037, 67868, 4858, 18189, 81289, 10537, 34484, 97761, 36705, 52886, 29677, 92414, 65300, 4493, 83991, 25685, 6104, 23112, 72137, 96757, 13483, 18308, 221, 14358, 49795, 76044, 65013, 87872, 95304, 14399, 812, 64706, 60775, 65656, 55460, 64130, 33001, 14835, 17431, 45023, 79744, 46149, 17211, 1932, 89664, 35867, 75834, 45835, 33920, 51887, 56077, 57612, 3201, 66246, 43129, 72962, 59486, 41799, 36083, 78794, 55644, 16064, 47916, 43687, 87424, 99482, 17585, 78994, 36067, 56930, 68493, 83129, 64732, 86546, 74055, 94524, 52064, 83683, 31321, 53390, 89787, 97909, 96890, 42138, 43171, 63419, 72477, 642, 72325, 14142, 88837, 64298, 53853, 33912, 90976, 51351, 53580, 44520, 1115, 7377, 51291, 91564, 16199, 86922, 17805, 85895, 43694, 18547, 43604, 34423, 97118, 34445, 84791, 71375, 31055, 9941, 27422, 27295, 25492, 21731, 54058, 56103, 74702, 88389, 39787, 83292, 56321, 80058, 48446, 90534, 99020, 53183, 57349, 5351, 62399, 11726, 72703, 23079, 88458, 14886, 42115, 37381, 53447, 80416, 75451, 17441, 22787, 25968, 37997, 43457, 70409, 3144, 30291, 27680, 46416, 33566, 93834, 69479, 8313, 69016, 56653]})"
38.0,9,41,33,21.347442626953125,210,"Genotype(dna={""<class 'abc.NT_0014'>"": [0, 7628], ""<class 'abc.NT_0014_P_00000'>"": [], ""<class 'abc.NT_0003'>"": [], ""<class 'abc.NT_0003_P_00000'>"": [], ""<class 'bool'>"": [34892, 98370, 93055, 22069, 91850, 93033, 11504, 95280, 56278, 13913, 91591, 97012, 50516, 59058, 91601, 80048, 98529, 76229, 96396, 90534, 62399, 14886, 86613, 30291, 93834, 69479, 91703], ""<class 'abc.NT_0000'>"": [0, 2, 3, 0, 0, 66646, 80541, 0, 57112, 0, 0, 0, 0, 52153, 3, 67907, 2, 0, 2823, 0, 47365, 0, 40082, 0, 1, 36984, 2, 0, 2, 6530, 90460, 0, 0, 0, 1053, 51537, 1, 3136, 63679, 1290, 48446, 25314, 57349, 5351, 72703, 23079, 41017, 75451, 17441, 35176, 25968, 36249, 43457, 70409, 3144], ""<class 'abc.NT_0000_P_00000'>"": [], ""<class 'int'>"": [11527, 89970, 15638, 94912, 79572, 49242, 25019, 94292, 7422, 84436, 79517, 68747, 83981, 41079, 54502, 66359, 24459, 66531, 7776, 87223, 18331, 85267, 30558, 2676, 26738, 18149, 77382, 79248, 84283, 30291, 69479, 56653, 51366, 76187, 63194, 54071, 7575, 38385], ""<class 'abc.NT_0000_P_00001'>"": [], ""<class 'abc.NT_0000_P_00002'>"": [], ""<class 'abc.NT_0000_P_00003'>"": [], ""<class 'abc.NT_0001'>"": [1, 6, 59169, 80416, 13326, 33566, 56653], ""<class 'abc.NT_0001_P_00000'>"": [], ""<class 'abc.NT_0001_P_00001'>"": [], ""<class 'abc.NT_0001_P_00002'>"": [], ""<class 'abc.NT_0001_P_00003'>"": [], ""<class 'abc.NT_0001_P_00004'>"": [], ""<class 'abc.NT_0001_P_00005'>"": [], ""<class 'abc.NT_0001_P_00006'>"": [], ""<class 'abc.NT_0003_P_00001'>"": [], ""<class 'abc.NT_0002'>"": [0, 54058], ""<class 'abc.NT_0002_P_00000'>"": [], ""<class 'abc.NT_0002_P_00001'>"": [], ""<class 'abc.NT_0002_P_00002'>"": [], ""<class 'abc.NT_0002_P_00003'>"": [], ""<class 'abc.NT_0004'>"": [], ""<class 'abc.NT_0004_P_00000'>"": [], ""<class 'abc.NT_0014_P_00001'>"": [], ""<class 'abc.NT_0013'>"": [43273, 87753, 70326], ""<class 'abc.NT_0013_P_00000'>"": [], ""<class 'abc.NT_0011'>"": [1, 98607], ""<class 'abc.NT_0011_P_00000'>"": [], ""<class 'abc.NT_0011_P_00001'>"": [], ""<class 'abc.NT_0008'>"": [56358, 25492], ""<class 'abc.NT_0008_P_00000'>"": [], ""<class 'abc.NT_0005'>"": [65439, 70998], ""<class 'abc.NT_0005_P_00000'>"": [], ""<class 'abc.NT_0005_P_00001'>"": [], ""<class 'abc.NT_0007'>"": [0, 27295], ""<class 'abc.NT_0007_P_00000'>"": [], ""<class 'abc.NT_0006'>"": [51447, 91312], ""<class 'abc.NT_0006_P_00000'>"": [], ""<class 'abc.NT_0006_P_00001'>"": [], ""<class 'abc.NT_0007_P_00001'>"": [], ""<class 'abc.NT_0007_P_00002'>"": [], ""<class 'abc.NT_0007_P_00003'>"": [], ""<class 'abc.NT_0008_P_00001'>"": [], ""<class 'abc.NT_0009'>"": [8, 58070, 39787], ""<class 'abc.NT_0009_P_00000'>"": [], ""<class 'abc.NT_0009_P_00001'>"": [], ""<class 'abc.NT_0009_P_00002'>"": [], ""<class 'abc.NT_0009_P_00003'>"": [], ""<class 'abc.NT_0009_P_00004'>"": [], ""<class 'abc.NT_0009_P_00005'>"": [], ""<class 'abc.NT_0009_P_00006'>"": [], ""<class 'abc.NT_0009_P_00007'>"": [], ""<class 'abc.NT_0009_P_00008'>"": [], ""<class 'abc.NT_0011_P_00002'>"": [], ""<class 'abc.NT_0010'>"": [53447, 89091], ""<class 'abc.NT_0010_P_00000'>"": [], ""<class 'abc.NT_0010_P_00001'>"": [], ""<class 'abc.NT_0010_P_00002'>"": [], ""<class 'abc.NT_0010_P_00003'>"": [], ""<class 'abc.NT_0010_P_00004'>"": [], ""<class 'abc.NT_0010_P_00005'>"": [], ""<class 'abc.NT_0011_P_00003'>"": [], ""<class 'abc.NT_0011_P_00004'>"": [], ""<class 'abc.NT_0011_P_00005'>"": [], ""<class 'abc.NT_0011_P_00006'>"": [], ""<class 'abc.NT_0011_P_00007'>"": [], ""<class 'abc.NT_0011_P_00008'>"": [], ""<class 'abc.NT_0011_P_00009'>"": [], ""<class 'abc.NT_0014_P_00002'>"": [], ""<class 'abc.NT_0014_P_00003'>"": [], ""<class 'abc.NT_0014_P_00004'>"": [], '$leftovers': [612, 51366, 29977, 7941, 62781, 93978, 48081, 63396, 57279, 63194, 37786, 54499, 54071, 7255, 805, 91855, 9788, 55863, 13874, 90931, 38385, 43619, 36227, 61359, 25033, 26828, 94952, 78514, 81573, 7035, 57599, 63649, 37284, 79243, 23816, 36097, 45176, 45221, 21659, 73410, 77378, 61609, 53485, 83091, 55364, 804, 37863, 62128, 64631, 84523, 68409, 46658, 59869, 22948, 53816, 17703, 86036, 23930, 54711, 27159, 47907, 22129, 19429, 11704, 67050, 80298, 69224, 57646, 14733, 44317, 85077, 74191, 78264, 27076, 89776, 5196, 46711, 95884, 100000, 42859, 92197, 62164, 34041, 96434, 9186, 84986, 23729, 32442, 9078, 30947, 10584, 90176, 39265, 2903, 26641, 17813, 64068, 47390, 53496, 84055, 91192, 43627, 10978, 20051, 63072, 17541, 52384, 82602, 2071, 73349, 76496, 93237, 90746, 94169, 1089, 1963, 87259, 78716, 97251, 74560, 92319, 88430, 30065, 35943, 26646, 58575, 20564, 68822, 1955, 11977, 701, 8879, 51642, 65013, 37021, 8254, 64968, 54544, 55206, 50487, 94823, 39401, 11005, 50507, 4078, 47520, 40046, 60171, 93652, 930, 40344, 61205, 60575, 32914, 87845, 18974, 88335, 23738, 9159, 67945, 35873, 79289, 92027, 47069, 50717, 19269, 86431, 12677, 1847, 82569, 10719, 49874, 57438, 74245, 9728, 35214, 60927, 50418, 3072, 33653, 84097, 10451, 10948, 43565, 35042, 52901, 60373, 71523, 99916, 21066, 31862, 7158, 61957, 29065, 73503, 77066, 90914, 2224, 23949, 58836, 36313, 52163, 15402, 95181, 97248, 72223, 64484, 31579, 7361, 13133, 8559, 5315, 12957, 97480, 15964, 47289, 18201, 64048, 38836, 23949, 65274, 81688, 15908, 97641, 68909, 88194, 58203, 54156, 17884, 17015, 98114, 85070, 44487, 35609, 43946, 13163, 68656, 46368, 64590, 40998, 4333, 23209, 48312, 91519, 45912, 95154, 82162, 65190, 2680, 41571, 50993, 530, 20715, 62325, 69130, 87411, 51896, 25041, 1061, 92007, 16083, 61009, 22448, 76926, 40530, 5740, 65551, 74307, 70243, 88860, 56449, 62236, 73737, 14864, 20769, 33438, 2720, 19958, 14224, 62871, 11924, 4195, 94579, 90772, 15850, 32394, 39534, 94217, 24432, 49736, 19142, 95031, 91556, 84878, 36003, 82744, 39005, 77560, 67854, 74174, 65238, 42610, 38442, 5045, 8394, 50169, 85223, 39318, 11999, 19698, 62218, 20982, 75579, 83921, 36322, 81232, 74890, 79155, 7974, 87957, 31618, 15302, 46288, 41529, 54402, 51898, 8904, 68466, 16655, 33307, 87657, 62302, 99805, 94712, 27432, 6792, 318, 28470, 61849, 26074, 24481, 33234, 11701, 90978, 8418, 34547, 73073, 14229, 92931, 45528, 46305, 58234, 95428, 52910, 64691, 89529, 6125, 95529, 23717, 34258, 15039, 26343, 25322, 18533, 87153, 22501, 24377, 93511, 91108, 66007, 60481, 95208, 62676, 92031, 61249, 21040, 27224, 8088, 84181, 33593, 86548, 72607, 12800, 5611, 73844, 6692, 65230, 36526, 2469, 35635, 48449, 14719, 78189, 85243, 55844, 24071, 23788, 78878, 22883, 30166, 25797, 10713, 24202, 63862, 69116, 6614, 65627, 74821, 9118, 52050, 1045, 85212, 62012, 89898, 79364, 88858, 96964, 35830, 60888, 26734, 88556, 30404, 7619, 80278, 68622, 93232, 34306, 31485, 56275, 18665, 75621, 64839, 93770, 28199, 22239, 59130, 77628, 99168, 70420, 75781, 62501, 671, 82149, 26309, 8026, 6187, 34342, 77941, 96327, 7003, 65713, 2941, 26673, 45799, 5550, 98918, 65458, 56546, 58743, 93533, 64790, 30347, 32662, 73325, 77970, 21733, 35559, 73040, 79043, 59441, 82022, 37637, 7661, 94041, 96708, 7898, 70255, 89025, 83488, 90561, 63581, 77717, 74197, 27575, 58299, 53110, 73807, 71575, 26219, 35022, 49263, 13153, 34531, 51399, 44165, 26477, 4658, 89217, 10088, 77375, 38696, 57234, 69828, 27880, 19969, 12884, 48301, 32382, 79158, 72530, 2303, 28606, 30300, 17727, 74408, 82473, 74031, 47501, 28349, 67701, 75802, 89880, 6847, 37677, 42094, 59098, 33292, 25396, 1653, 33802, 37033, 82988, 18807, 34788, 32442, 21412, 79504, 70667, 67140, 188, 92567, 14712, 41955, 83231, 16604, 44261, 9248, 17311, 28714, 91679, 32487, 26287, 45537, 96338, 4907, 91004, 40305, 38855, 30113, 31802, 90368, 29632, 22399, 27504, 74924, 64570, 3170, 73381, 73608, 82107, 55004, 28453, 81413, 83401, 86827, 3755, 19280, 39809, 58531, 69352, 77285, 75236, 65692, 7596, 96792, 61193, 32718, 15171, 87988, 30166, 54746, 77236, 17432, 95331, 38981, 88240, 38898, 32172, 79555, 11740, 12372, 21314, 35314, 93047, 42158, 12888, 45757, 12444, 53196, 24354, 10754, 11298, 51034, 29460, 54561, 63362, 63137, 80288, 88200, 90124, 34341, 79738, 29507, 1371, 45727, 33233, 20038, 80414, 21940, 30707, 90006, 24595, 36850, 16424, 43356, 57374, 16541, 37502, 37384, 44186, 1581, 55147, 81574, 36342, 34700, 77319, 28025, 42804, 70814, 97334, 63170, 45671, 92728, 50865, 61805, 79230, 95797, 79382, 69832, 39248, 70970, 62614, 68180, 36578, 66699, 90803, 28447, 48009, 97357, 19944, 60879, 16057, 92445, 75982, 37067, 41406, 92224, 10099, 38077, 10238, 68458, 6537, 63778, 57556, 62039, 11823, 13270, 39382, 5448, 99101, 892, 8806, 21031, 7912, 86405, 50251, 88331, 79170, 19276, 48689, 73426, 83963, 98871, 32530, 19826, 24930, 70628, 89666, 23784, 22342, 79694, 80437, 28733, 99765, 7735, 65443, 39629, 65691, 45234, 52942, 70165, 64742, 7593, 35389, 38346, 53370, 1486, 63745, 59201, 84112, 82078, 59842, 55744, 6361, 15079, 910, 53287, 86305, 5582, 34924, 69056, 67927, 31852, 80811, 3497, 24763, 76576, 6447, 51921, 24582, 67902, 99777, 99703, 83341, 49007, 99280, 24090, 6799, 52732, 30031, 47977, 87252, 5024, 40270, 25148, 18576, 16321, 73258, 96568, 50330, 93058, 53931, 82548, 70345, 30377, 16363, 46283, 71917, 19219, 34599, 59905, 76185, 99134, 52728, 85779, 32717, 4809, 23223, 7767, 36688, 17927, 33222, 5461, 58987, 99150, 82453, 68878, 27439, 92942, 79331, 71474, 34897, 35197, 84658, 51810, 88051, 90117, 15640, 25537, 1192, 5758, 16919, 16570, 54940, 71350, 57863, 28374, 25430, 96910, 25138, 30623, 84961, 23541, 35862, 94330, 34467, 45322, 3068, 32691, 19717, 72709, 77504, 12874, 8035, 4199, 32629, 29326, 50091, 4290, 69037, 67868, 4858, 18189, 81289, 10537, 34484, 97761, 36705, 52886, 29677, 92414, 65300, 4493, 83991, 25685, 6104, 23112, 72137, 96757, 13483, 18308, 221, 14358, 49795, 76044, 65013, 87872, 95304, 14399, 812, 64706, 60775, 65656, 55460, 64130, 33001, 14835, 17431, 45023, 79744, 46149, 17211, 1932, 89664, 35867, 75834, 45835, 33920, 51887, 56077, 57612, 3201, 66246, 43129, 72962, 59486, 41799, 36083, 78794, 55644, 16064, 47916, 43687, 87424, 99482, 17585, 78994, 36067, 56930, 68493, 83129, 64732, 86546, 74055, 94524, 52064, 83683, 31321, 53390, 89787, 97909, 96890, 42138, 43171, 63419, 72477, 642, 72325, 14142, 88837, 64298, 53853, 33912, 90976, 51351, 53580, 44520, 1115, 7377, 51291, 91564, 16199, 86922, 17805, 85895, 43694, 18547, 43604, 34423, 97118, 34445, 84791, 71375, 31055, 9941, 27422, 27295, 25492, 21731, 54058, 56103, 74702, 88389, 39787, 83292, 56321, 80058, 48446, 90534, 99020, 53183, 57349, 5351, 62399, 11726, 72703, 23079, 88458, 14886, 42115, 37381, 53447, 80416, 75451, 17441, 22787, 25968, 37997, 43457, 70409, 3144, 30291, 27680, 46416, 33566, 93834, 69479, 8313, 69016, 56653]})"
38.0,9,41,34,21.854168176651,210,"Genotype(dna={""<class 'abc.NT_0014'>"": [0, 7628], ""<class 'abc.NT_0014_P_00000'>"": [], ""<class 'abc.NT_0003'>"": [], ""<class 'abc.NT_0003_P_00000'>"": [], ""<class 'bool'>"": [34892, 98370, 93055, 22069, 91850, 93033, 11504, 95280, 56278, 13913, 91591, 97012, 50516, 59058, 91601, 80048, 98529, 76229, 96396, 90534, 62399, 14886, 86613, 30291, 93834, 69479, 91703], ""<class 'abc.NT_0000'>"": [0, 2, 3, 0, 0, 66646, 80541, 0, 57112, 0, 0, 0, 0, 52153, 3, 67907, 2, 0, 2823, 0, 47365, 0, 40082, 0, 1, 36984, 2, 0, 2, 6530, 90460, 0, 0, 0, 1053, 51537, 1, 3136, 63679, 1290, 48446, 25314, 57349, 5351, 72703, 23079, 41017, 75451, 17441, 35176, 25968, 36249, 43457, 70409, 3144], ""<class 'abc.NT_0000_P_00000'>"": [], ""<class 'int'>"": [11527, 89970, 15638, 94912, 79572, 49242, 25019, 94292, 7422, 84436, 79517, 68747, 83981, 41079, 54502, 66359, 24459, 66531, 7776, 87223, 18331, 85267, 30558, 2676, 26738, 18149, 77382, 79248, 84283, 30291, 69479, 56653, 51366, 76187, 63194, 54071, 7575, 38385], ""<class 'abc.NT_0000_P_00001'>"": [], ""<class 'abc.NT_0000_P_00002'>"": [], ""<class 'abc.NT_0000_P_00003'>"": [], ""<class 'abc.NT_0001'>"": [1, 6, 59169, 80416, 13326, 33566, 56653], ""<class 'abc.NT_0001_P_00000'>"": [], ""<class 'abc.NT_0001_P_00001'>"": [], ""<class 'abc.NT_0001_P_00002'>"": [], ""<class 'abc.NT_0001_P_00003'>"": [], ""<class 'abc.NT_0001_P_00004'>"": [], ""<class 'abc.NT_0001_P_00005'>"": [], ""<class 'abc.NT_0001_P_00006'>"": [], ""<class 'abc.NT_0003_P_00001'>"": [], ""<class 'abc.NT_0002'>"": [0, 54058], ""<class 'abc.NT_0002_P_00000'>"": [], ""<class 'abc.NT_0002_P_00001'>"": [], ""<class 'abc.NT_0002_P_00002'>"": [], ""<class 'abc.NT_0002_P_00003'>"": [], ""<class 'abc.NT_0004'>"": [], ""<class 'abc.NT_0004_P_00000'>"": [], ""<class 'abc.NT_0014_P_00001'>"": [], ""<class 'abc.NT_0013'>"": [43273, 87753, 70326], ""<class 'abc.NT_0013_P_00000'>"": [], ""<class 'abc.NT_0011'>"": [1, 98607], ""<class 'abc.NT_0011_P_00000'>"": [], ""<class 'abc.NT_0011_P_00001'>"": [], ""<class 'abc.NT_0008'>"": [56358, 25492], ""<class 'abc.NT_0008_P_00000'>"": [], ""<class 'abc.NT_0005'>"": [65439, 70998], ""<class 'abc.NT_0005_P_00000'>"": [], ""<class 'abc.NT_0005_P_00001'>"": [], ""<class 'abc.NT_0007'>"": [0, 27295], ""<class 'abc.NT_0007_P_00000'>"": [], ""<class 'abc.NT_0006'>"": [51447, 91312], ""<class 'abc.NT_0006_P_00000'>"": [], ""<class 'abc.NT_0006_P_00001'>"": [], ""<class 'abc.NT_0007_P_00001'>"": [], ""<class 'abc.NT_0007_P_00002'>"": [], ""<class 'abc.NT_0007_P_00003'>"": [], ""<class 'abc.NT_0008_P_00001'>"": [], ""<class 'abc.NT_0009'>"": [8, 58070, 39787], ""<class 'abc.NT_0009_P_00000'>"": [], ""<class 'abc.NT_0009_P_00001'>"": [], ""<class 'abc.NT_0009_P_00002'>"": [], ""<class 'abc.NT_0009_P_00003'>"": [], ""<class 'abc.NT_0009_P_00004'>"": [], ""<class 'abc.NT_0009_P_00005'>"": [], ""<class 'abc.NT_0009_P_00006'>"": [], ""<class 'abc.NT_0009_P_00007'>"": [], ""<class 'abc.NT_0009_P_00008'>"": [], ""<class 'abc.NT_0011_P_00002'>"": [], ""<class 'abc.NT_0010'>"": [53447, 89091], ""<class 'abc.NT_0010_P_00000'>"": [], ""<class 'abc.NT_0010_P_00001'>"": [], ""<class 'abc.NT_0010_P_00002'>"": [], ""<class 'abc.NT_0010_P_00003'>"": [], ""<class 'abc.NT_0010_P_00004'>"": [], ""<class 'abc.NT_0010_P_00005'>"": [], ""<class 'abc.NT_0011_P_00003'>"": [], ""<class 'abc.NT_0011_P_00004'>"": [], ""<class 'abc.NT_0011_P_00005'>"": [], ""<class 'abc.NT_0011_P_00006'>"": [], ""<class 'abc.NT_0011_P_00007'>"": [], ""<class 'abc.NT_0011_P_00008'>"": [], ""<class 'abc.NT_0011_P_00009'>"": [], ""<class 'abc.NT_0014_P_00002'>"": [], ""<class 'abc.NT_0014_P_00003'>"": [], ""<class 'abc.NT_0014_P_00004'>"": [], '$leftovers': [612, 51366, 29977, 7941, 62781, 93978, 48081, 63396, 57279, 63194, 37786, 54499, 54071, 7255, 805, 91855, 9788, 55863, 13874, 90931, 38385, 43619, 36227, 61359, 25033, 26828, 94952, 78514, 81573, 7035, 57599, 63649, 37284, 79243, 23816, 36097, 45176, 45221, 21659, 73410, 77378, 61609, 53485, 83091, 55364, 804, 37863, 62128, 64631, 84523, 68409, 46658, 59869, 22948, 53816, 17703, 86036, 23930, 54711, 27159, 47907, 22129, 19429, 11704, 67050, 80298, 69224, 57646, 14733, 44317, 85077, 74191, 78264, 27076, 89776, 5196, 46711, 95884, 100000, 42859, 92197, 62164, 34041, 96434, 9186, 84986, 23729, 32442, 9078, 30947, 10584, 90176, 39265, 2903, 26641, 17813, 64068, 47390, 53496, 84055, 91192, 43627, 10978, 20051, 63072, 17541, 52384, 82602, 2071, 73349, 76496, 93237, 90746, 94169, 1089, 1963, 87259, 78716, 97251, 74560, 92319, 88430, 30065, 35943, 26646, 58575, 20564, 68822, 1955, 11977, 701, 8879, 51642, 65013, 37021, 8254, 64968, 54544, 55206, 50487, 94823, 39401, 11005, 50507, 4078, 47520, 40046, 60171, 93652, 930, 40344, 61205, 60575, 32914, 87845, 18974, 88335, 23738, 9159, 67945, 35873, 79289, 92027, 47069, 50717, 19269, 86431, 12677, 1847, 82569, 10719, 49874, 57438, 74245, 9728, 35214, 60927, 50418, 3072, 33653, 84097, 10451, 10948, 43565, 35042, 52901, 60373, 71523, 99916, 21066, 31862, 7158, 61957, 29065, 73503, 77066, 90914, 2224, 23949, 58836, 36313, 52163, 15402, 95181, 97248, 72223, 64484, 31579, 7361, 13133, 8559, 5315, 12957, 97480, 15964, 47289, 18201, 64048, 38836, 23949, 65274, 81688, 15908, 97641, 68909, 88194, 58203, 54156, 17884, 17015, 98114, 85070, 44487, 35609, 43946, 13163, 68656, 46368, 64590, 40998, 4333, 23209, 48312, 91519, 45912, 95154, 82162, 65190, 2680, 41571, 50993, 530, 20715, 62325, 69130, 87411, 51896, 25041, 1061, 92007, 16083, 61009, 22448, 76926, 40530, 5740, 65551, 74307, 70243, 88860, 56449, 62236, 73737, 14864, 20769, 33438, 2720, 19958, 14224, 62871, 11924, 4195, 94579, 90772, 15850, 32394, 39534, 94217, 24432, 49736, 19142, 95031, 91556, 84878, 36003, 82744, 39005, 77560, 67854, 74174, 65238, 42610, 38442, 5045, 8394, 50169, 85223, 39318, 11999, 19698, 62218, 20982, 75579, 83921, 36322, 81232, 74890, 79155, 7974, 87957, 31618, 15302, 46288, 41529, 54402, 51898, 8904, 68466, 16655, 33307, 87657, 62302, 99805, 94712, 27432, 6792, 318, 28470, 61849, 26074, 24481, 33234, 11701, 90978, 8418, 34547, 73073, 14229, 92931, 45528, 46305, 58234, 95428, 52910, 64691, 89529, 6125, 95529, 23717, 34258, 15039, 26343, 25322, 18533, 87153, 22501, 24377, 93511, 91108, 66007, 60481, 95208, 62676, 92031, 61249, 21040, 27224, 8088, 84181, 33593, 86548, 72607, 12800, 5611, 73844, 6692, 65230, 36526, 2469, 35635, 48449, 14719, 78189, 85243, 55844, 24071, 23788, 78878, 22883, 30166, 25797, 10713, 24202, 63862, 69116, 6614, 65627, 74821, 9118, 52050, 1045, 85212, 62012, 89898, 79364, 88858, 96964, 35830, 60888, 26734, 88556, 30404, 7619, 80278, 68622, 93232, 34306, 31485, 56275, 18665, 75621, 64839, 93770, 28199, 22239, 59130, 77628, 99168, 70420, 75781, 62501, 671, 82149, 26309, 8026, 6187, 34342, 77941, 96327, 7003, 65713, 2941, 26673, 45799, 5550, 98918, 65458, 56546, 58743, 93533, 64790, 30347, 32662, 73325, 77970, 21733, 35559, 73040, 79043, 59441, 82022, 37637, 7661, 94041, 96708, 7898, 70255, 89025, 83488, 90561, 63581, 77717, 74197, 27575, 58299, 53110, 73807, 71575, 26219, 35022, 49263, 13153, 34531, 51399, 44165, 26477, 4658, 89217, 10088, 77375, 38696, 57234, 69828, 27880, 19969, 12884, 48301, 32382, 79158, 72530, 2303, 28606, 30300, 17727, 74408, 82473, 74031, 47501, 28349, 67701, 75802, 89880, 6847, 37677, 42094, 59098, 33292, 25396, 1653, 33802, 37033, 82988, 18807, 34788, 32442, 21412, 79504, 70667, 67140, 188, 92567, 14712, 41955, 83231, 16604, 44261, 9248, 17311, 28714, 91679, 32487, 26287, 45537, 96338, 4907, 91004, 40305, 38855, 30113, 31802, 90368, 29632, 22399, 27504, 74924, 64570, 3170, 73381, 73608, 82107, 55004, 28453, 81413, 83401, 86827, 3755, 19280, 39809, 58531, 69352, 77285, 75236, 65692, 7596, 96792, 61193, 32718, 15171, 87988, 30166, 54746, 77236, 17432, 95331, 38981, 88240, 38898, 32172, 79555, 11740, 12372, 21314, 35314, 93047, 42158, 12888, 45757, 12444, 53196, 24354, 10754, 11298, 51034, 29460, 54561, 63362, 63137, 80288, 88200, 90124, 34341, 79738, 29507, 1371, 45727, 33233, 20038, 80414, 21940, 30707, 90006, 24595, 36850, 16424, 43356, 57374, 16541, 37502, 37384, 44186, 1581, 55147, 81574, 36342, 34700, 77319, 28025, 42804, 70814, 97334, 63170, 45671, 92728, 50865, 61805, 79230, 95797, 79382, 69832, 39248, 70970, 62614, 68180, 36578, 66699, 90803, 28447, 48009, 97357, 19944, 60879, 16057, 92445, 75982, 37067, 41406, 92224, 10099, 38077, 10238, 68458, 6537, 63778, 57556, 62039, 11823, 13270, 39382, 5448, 99101, 892, 8806, 21031, 7912, 86405, 50251, 88331, 79170, 19276, 48689, 73426, 83963, 98871, 32530, 19826, 24930, 70628, 89666, 23784, 22342, 79694, 80437, 28733, 99765, 7735, 65443, 39629, 65691, 45234, 52942, 70165, 64742, 7593, 35389, 38346, 53370, 1486, 63745, 59201, 84112, 82078, 59842, 55744, 6361, 15079, 910, 53287, 86305, 5582, 34924, 69056, 67927, 31852, 80811, 3497, 24763, 76576, 6447, 51921, 24582, 67902, 99777, 99703, 83341, 49007, 99280, 24090, 6799, 52732, 30031, 47977, 87252, 5024, 40270, 25148, 18576, 16321, 73258, 96568, 50330, 93058, 53931, 82548, 70345, 30377, 16363, 46283, 71917, 19219, 34599, 59905, 76185, 99134, 52728, 85779, 32717, 4809, 23223, 7767, 36688, 17927, 33222, 5461, 58987, 99150, 82453, 68878, 27439, 92942, 79331, 71474, 34897, 35197, 84658, 51810, 88051, 90117, 15640, 25537, 1192, 5758, 16919, 16570, 54940, 71350, 57863, 28374, 25430, 96910, 25138, 30623, 84961, 23541, 35862, 94330, 34467, 45322, 3068, 32691, 19717, 72709, 77504, 12874, 8035, 4199, 32629, 29326, 50091, 4290, 69037, 67868, 4858, 18189, 81289, 10537, 34484, 97761, 36705, 52886, 29677, 92414, 65300, 4493, 83991, 25685, 6104, 23112, 72137, 96757, 13483, 18308, 221, 14358, 49795, 76044, 65013, 87872, 95304, 14399, 812, 64706, 60775, 65656, 55460, 64130, 33001, 14835, 17431, 45023, 79744, 46149, 17211, 1932, 89664, 35867, 75834, 45835, 33920, 51887, 56077, 57612, 3201, 66246, 43129, 72962, 59486, 41799, 36083, 78794, 55644, 16064, 47916, 43687, 87424, 99482, 17585, 78994, 36067, 56930, 68493, 83129, 64732, 86546, 74055, 94524, 52064, 83683, 31321, 53390, 89787, 97909, 96890, 42138, 43171, 63419, 72477, 642, 72325, 14142, 88837, 64298, 53853, 33912, 90976, 51351, 53580, 44520, 1115, 7377, 51291, 91564, 16199, 86922, 17805, 85895, 43694, 18547, 43604, 34423, 97118, 34445, 84791, 71375, 31055, 9941, 27422, 27295, 25492, 21731, 54058, 56103, 74702, 88389, 39787, 83292, 56321, 80058, 48446, 90534, 99020, 53183, 57349, 5351, 62399, 11726, 72703, 23079, 88458, 14886, 42115, 37381, 53447, 80416, 75451, 17441, 22787, 25968, 37997, 43457, 70409, 3144, 30291, 27680, 46416, 33566, 93834, 69479, 8313, 69016, 56653]})"
38.0,9,41,35,22.347246408462524,210,"Genotype(dna={""<class 'abc.NT_0014'>"": [0, 7628], ""<class 'abc.NT_0014_P_00000'>"": [], ""<class 'abc.NT_0003'>"": [], ""<class 'abc.NT_0003_P_00000'>"": [], ""<class 'bool'>"": [34892, 98370, 93055, 22069, 91850, 93033, 11504, 95280, 56278, 13913, 91591, 97012, 50516, 59058, 91601, 80048, 98529, 76229, 96396, 90534, 62399, 14886, 86613, 30291, 93834, 69479, 91703], ""<class 'abc.NT_0000'>"": [0, 2, 3, 0, 0, 66646, 80541, 0, 57112, 0, 0, 0, 0, 52153, 3, 67907, 2, 0, 2823, 0, 47365, 0, 40082, 0, 1, 36984, 2, 0, 2, 6530, 90460, 0, 0, 0, 1053, 51537, 1, 3136, 63679, 1290, 48446, 25314, 57349, 5351, 72703, 23079, 41017, 75451, 17441, 35176, 25968, 36249, 43457, 70409, 3144], ""<class 'abc.NT_0000_P_00000'>"": [], ""<class 'int'>"": [11527, 89970, 15638, 94912, 79572, 49242, 25019, 94292, 7422, 84436, 79517, 68747, 83981, 41079, 54502, 66359, 24459, 66531, 7776, 87223, 18331, 85267, 30558, 2676, 26738, 18149, 77382, 79248, 84283, 30291, 69479, 56653, 51366, 76187, 63194, 54071, 7575, 38385], ""<class 'abc.NT_0000_P_00001'>"": [], ""<class 'abc.NT_0000_P_00002'>"": [], ""<class 'abc.NT_0000_P_00003'>"": [], ""<class 'abc.NT_0001'>"": [1, 6, 59169, 80416, 13326, 33566, 56653], ""<class 'abc.NT_0001_P_00000'>"": [], ""<class 'abc.NT_0001_P_00001'>"": [], ""<class 'abc.NT_0001_P_00002'>"": [], ""<class 'abc.NT_0001_P_00003'>"": [], ""<class 'abc.NT_0001_P_00004'>"": [], ""<class 'abc.NT_0001_P_00005'>"": [], ""<class 'abc.NT_0001_P_00006'>"": [], ""<class 'abc.NT_0003_P_00001'>"": [], ""<class 'abc.NT_0002'>"": [0, 54058], ""<class 'abc.NT_0002_P_00000'>"": [], ""<class 'abc.NT_0002_P_00001'>"": [], ""<class 'abc.NT_0002_P_00002'>"": [], ""<class 'abc.NT_0002_P_00003'>"": [], ""<class 'abc.NT_0004'>"": [], ""<class 'abc.NT_0004_P_00000'>"": [], ""<class 'abc.NT_0014_P_00001'>"": [], ""<class 'abc.NT_0013'>"": [43273, 87753, 70326], ""<class 'abc.NT_0013_P_00000'>"": [], ""<class 'abc.NT_0011'>"": [1, 98607], ""<class 'abc.NT_0011_P_00000'>"": [], ""<class 'abc.NT_0011_P_00001'>"": [], ""<class 'abc.NT_0008'>"": [56358, 25492], ""<class 'abc.NT_0008_P_00000'>"": [], ""<class 'abc.NT_0005'>"": [65439, 70998], ""<class 'abc.NT_0005_P_00000'>"": [], ""<class 'abc.NT_0005_P_00001'>"": [], ""<class 'abc.NT_0007'>"": [0, 27295], ""<class 'abc.NT_0007_P_00000'>"": [], ""<class 'abc.NT_0006'>"": [51447, 91312], ""<class 'abc.NT_0006_P_00000'>"": [], ""<class 'abc.NT_0006_P_00001'>"": [], ""<class 'abc.NT_0007_P_00001'>"": [], ""<class 'abc.NT_0007_P_00002'>"": [], ""<class 'abc.NT_0007_P_00003'>"": [], ""<class 'abc.NT_0008_P_00001'>"": [], ""<class 'abc.NT_0009'>"": [8, 58070, 39787], ""<class 'abc.NT_0009_P_00000'>"": [], ""<class 'abc.NT_0009_P_00001'>"": [], ""<class 'abc.NT_0009_P_00002'>"": [], ""<class 'abc.NT_0009_P_00003'>"": [], ""<class 'abc.NT_0009_P_00004'>"": [], ""<class 'abc.NT_0009_P_00005'>"": [], ""<class 'abc.NT_0009_P_00006'>"": [], ""<class 'abc.NT_0009_P_00007'>"": [], ""<class 'abc.NT_0009_P_00008'>"": [], ""<class 'abc.NT_0011_P_00002'>"": [], ""<class 'abc.NT_0010'>"": [53447, 89091], ""<class 'abc.NT_0010_P_00000'>"": [], ""<class 'abc.NT_0010_P_00001'>"": [], ""<class 'abc.NT_0010_P_00002'>"": [], ""<class 'abc.NT_0010_P_00003'>"": [], ""<class 'abc.NT_0010_P_00004'>"": [], ""<class 'abc.NT_0010_P_00005'>"": [], ""<class 'abc.NT_0011_P_00003'>"": [], ""<class 'abc.NT_0011_P_00004'>"": [], ""<class 'abc.NT_0011_P_00005'>"": [], ""<class 'abc.NT_0011_P_00006'>"": [], ""<class 'abc.NT_0011_P_00007'>"": [], ""<class 'abc.NT_0011_P_00008'>"": [], ""<class 'abc.NT_0011_P_00009'>"": [], ""<class 'abc.NT_0014_P_00002'>"": [], ""<class 'abc.NT_0014_P_00003'>"": [], ""<class 'abc.NT_0014_P_00004'>"": [], '$leftovers': [612, 51366, 29977, 7941, 62781, 93978, 48081, 63396, 57279, 63194, 37786, 54499, 54071, 7255, 805, 91855, 9788, 55863, 13874, 90931, 38385, 43619, 36227, 61359, 25033, 26828, 94952, 78514, 81573, 7035, 57599, 63649, 37284, 79243, 23816, 36097, 45176, 45221, 21659, 73410, 77378, 61609, 53485, 83091, 55364, 804, 37863, 62128, 64631, 84523, 68409, 46658, 59869, 22948, 53816, 17703, 86036, 23930, 54711, 27159, 47907, 22129, 19429, 11704, 67050, 80298, 69224, 57646, 14733, 44317, 85077, 74191, 78264, 27076, 89776, 5196, 46711, 95884, 100000, 42859, 92197, 62164, 34041, 96434, 9186, 84986, 23729, 32442, 9078, 30947, 10584, 90176, 39265, 2903, 26641, 17813, 64068, 47390, 53496, 84055, 91192, 43627, 10978, 20051, 63072, 17541, 52384, 82602, 2071, 73349, 76496, 93237, 90746, 94169, 1089, 1963, 87259, 78716, 97251, 74560, 92319, 88430, 30065, 35943, 26646, 58575, 20564, 68822, 1955, 11977, 701, 8879, 51642, 65013, 37021, 8254, 64968, 54544, 55206, 50487, 94823, 39401, 11005, 50507, 4078, 47520, 40046, 60171, 93652, 930, 40344, 61205, 60575, 32914, 87845, 18974, 88335, 23738, 9159, 67945, 35873, 79289, 92027, 47069, 50717, 19269, 86431, 12677, 1847, 82569, 10719, 49874, 57438, 74245, 9728, 35214, 60927, 50418, 3072, 33653, 84097, 10451, 10948, 43565, 35042, 52901, 60373, 71523, 99916, 21066, 31862, 7158, 61957, 29065, 73503, 77066, 90914, 2224, 23949, 58836, 36313, 52163, 15402, 95181, 97248, 72223, 64484, 31579, 7361, 13133, 8559, 5315, 12957, 97480, 15964, 47289, 18201, 64048, 38836, 23949, 65274, 81688, 15908, 97641, 68909, 88194, 58203, 54156, 17884, 17015, 98114, 85070, 44487, 35609, 43946, 13163, 68656, 46368, 64590, 40998, 4333, 23209, 48312, 91519, 45912, 95154, 82162, 65190, 2680, 41571, 50993, 530, 20715, 62325, 69130, 87411, 51896, 25041, 1061, 92007, 16083, 61009, 22448, 76926, 40530, 5740, 65551, 74307, 70243, 88860, 56449, 62236, 73737, 14864, 20769, 33438, 2720, 19958, 14224, 62871, 11924, 4195, 94579, 90772, 15850, 32394, 39534, 94217, 24432, 49736, 19142, 95031, 91556, 84878, 36003, 82744, 39005, 77560, 67854, 74174, 65238, 42610, 38442, 5045, 8394, 50169, 85223, 39318, 11999, 19698, 62218, 20982, 75579, 83921, 36322, 81232, 74890, 79155, 7974, 87957, 31618, 15302, 46288, 41529, 54402, 51898, 8904, 68466, 16655, 33307, 87657, 62302, 99805, 94712, 27432, 6792, 318, 28470, 61849, 26074, 24481, 33234, 11701, 90978, 8418, 34547, 73073, 14229, 92931, 45528, 46305, 58234, 95428, 52910, 64691, 89529, 6125, 95529, 23717, 34258, 15039, 26343, 25322, 18533, 87153, 22501, 24377, 93511, 91108, 66007, 60481, 95208, 62676, 92031, 61249, 21040, 27224, 8088, 84181, 33593, 86548, 72607, 12800, 5611, 73844, 6692, 65230, 36526, 2469, 35635, 48449, 14719, 78189, 85243, 55844, 24071, 23788, 78878, 22883, 30166, 25797, 10713, 24202, 63862, 69116, 6614, 65627, 74821, 9118, 52050, 1045, 85212, 62012, 89898, 79364, 88858, 96964, 35830, 60888, 26734, 88556, 30404, 7619, 80278, 68622, 93232, 34306, 31485, 56275, 18665, 75621, 64839, 93770, 28199, 22239, 59130, 77628, 99168, 70420, 75781, 62501, 671, 82149, 26309, 8026, 6187, 34342, 77941, 96327, 7003, 65713, 2941, 26673, 45799, 5550, 98918, 65458, 56546, 58743, 93533, 64790, 30347, 32662, 73325, 77970, 21733, 35559, 73040, 79043, 59441, 82022, 37637, 7661, 94041, 96708, 7898, 70255, 89025, 83488, 90561, 63581, 77717, 74197, 27575, 58299, 53110, 73807, 71575, 26219, 35022, 49263, 13153, 34531, 51399, 44165, 26477, 4658, 89217, 10088, 77375, 38696, 57234, 69828, 27880, 19969, 12884, 48301, 32382, 79158, 72530, 2303, 28606, 30300, 17727, 74408, 82473, 74031, 47501, 28349, 67701, 75802, 89880, 6847, 37677, 42094, 59098, 33292, 25396, 1653, 33802, 37033, 82988, 18807, 34788, 32442, 21412, 79504, 70667, 67140, 188, 92567, 14712, 41955, 83231, 16604, 44261, 9248, 17311, 28714, 91679, 32487, 26287, 45537, 96338, 4907, 91004, 40305, 38855, 30113, 31802, 90368, 29632, 22399, 27504, 74924, 64570, 3170, 73381, 73608, 82107, 55004, 28453, 81413, 83401, 86827, 3755, 19280, 39809, 58531, 69352, 77285, 75236, 65692, 7596, 96792, 61193, 32718, 15171, 87988, 30166, 54746, 77236, 17432, 95331, 38981, 88240, 38898, 32172, 79555, 11740, 12372, 21314, 35314, 93047, 42158, 12888, 45757, 12444, 53196, 24354, 10754, 11298, 51034, 29460, 54561, 63362, 63137, 80288, 88200, 90124, 34341, 79738, 29507, 1371, 45727, 33233, 20038, 80414, 21940, 30707, 90006, 24595, 36850, 16424, 43356, 57374, 16541, 37502, 37384, 44186, 1581, 55147, 81574, 36342, 34700, 77319, 28025, 42804, 70814, 97334, 63170, 45671, 92728, 50865, 61805, 79230, 95797, 79382, 69832, 39248, 70970, 62614, 68180, 36578, 66699, 90803, 28447, 48009, 97357, 19944, 60879, 16057, 92445, 75982, 37067, 41406, 92224, 10099, 38077, 10238, 68458, 6537, 63778, 57556, 62039, 11823, 13270, 39382, 5448, 99101, 892, 8806, 21031, 7912, 86405, 50251, 88331, 79170, 19276, 48689, 73426, 83963, 98871, 32530, 19826, 24930, 70628, 89666, 23784, 22342, 79694, 80437, 28733, 99765, 7735, 65443, 39629, 65691, 45234, 52942, 70165, 64742, 7593, 35389, 38346, 53370, 1486, 63745, 59201, 84112, 82078, 59842, 55744, 6361, 15079, 910, 53287, 86305, 5582, 34924, 69056, 67927, 31852, 80811, 3497, 24763, 76576, 6447, 51921, 24582, 67902, 99777, 99703, 83341, 49007, 99280, 24090, 6799, 52732, 30031, 47977, 87252, 5024, 40270, 25148, 18576, 16321, 73258, 96568, 50330, 93058, 53931, 82548, 70345, 30377, 16363, 46283, 71917, 19219, 34599, 59905, 76185, 99134, 52728, 85779, 32717, 4809, 23223, 7767, 36688, 17927, 33222, 5461, 58987, 99150, 82453, 68878, 27439, 92942, 79331, 71474, 34897, 35197, 84658, 51810, 88051, 90117, 15640, 25537, 1192, 5758, 16919, 16570, 54940, 71350, 57863, 28374, 25430, 96910, 25138, 30623, 84961, 23541, 35862, 94330, 34467, 45322, 3068, 32691, 19717, 72709, 77504, 12874, 8035, 4199, 32629, 29326, 50091, 4290, 69037, 67868, 4858, 18189, 81289, 10537, 34484, 97761, 36705, 52886, 29677, 92414, 65300, 4493, 83991, 25685, 6104, 23112, 72137, 96757, 13483, 18308, 221, 14358, 49795, 76044, 65013, 87872, 95304, 14399, 812, 64706, 60775, 65656, 55460, 64130, 33001, 14835, 17431, 45023, 79744, 46149, 17211, 1932, 89664, 35867, 75834, 45835, 33920, 51887, 56077, 57612, 3201, 66246, 43129, 72962, 59486, 41799, 36083, 78794, 55644, 16064, 47916, 43687, 87424, 99482, 17585, 78994, 36067, 56930, 68493, 83129, 64732, 86546, 74055, 94524, 52064, 83683, 31321, 53390, 89787, 97909, 96890, 42138, 43171, 63419, 72477, 642, 72325, 14142, 88837, 64298, 53853, 33912, 90976, 51351, 53580, 44520, 1115, 7377, 51291, 91564, 16199, 86922, 17805, 85895, 43694, 18547, 43604, 34423, 97118, 34445, 84791, 71375, 31055, 9941, 27422, 27295, 25492, 21731, 54058, 56103, 74702, 88389, 39787, 83292, 56321, 80058, 48446, 90534, 99020, 53183, 57349, 5351, 62399, 11726, 72703, 23079, 88458, 14886, 42115, 37381, 53447, 80416, 75451, 17441, 22787, 25968, 37997, 43457, 70409, 3144, 30291, 27680, 46416, 33566, 93834, 69479, 8313, 69016, 56653]})"
37.0,9,41,36,22.78786540031433,210,"Genotype(dna={""<class 'abc.NT_0014'>"": [0, 9891], ""<class 'abc.NT_0014_P_00000'>"": [], ""<class 'abc.NT_0003'>"": [], ""<class 'abc.NT_0003_P_00000'>"": [], ""<class 'bool'>"": [34892, 98370, 93055, 22069, 91850, 93033, 11504, 95280, 56278, 13913, 91591, 97012, 50516, 59058, 91601, 80048, 98529, 76229, 96396, 90534, 62399, 14886, 86613, 30291, 93834, 69479, 91703], ""<class 'abc.NT_0000'>"": [0, 2, 3, 0, 0, 66646, 80541, 0, 57112, 0, 0, 0, 0, 52153, 3, 67907, 2, 0, 2823, 0, 47365, 0, 40082, 0, 1, 35560, 2, 0, 2, 6530, 90460, 0, 0, 0, 1053, 51537, 1, 3136, 63679, 1290, 48446, 25314, 57349, 5351, 72703, 23079, 41017, 75451, 17441, 35176, 25968, 36249, 43457, 70409, 3144], ""<class 'abc.NT_0000_P_00000'>"": [], ""<class 'int'>"": [11527, 89970, 15638, 94912, 12901, 49242, 25019, 94292, 7422, 84436, 79517, 68747, 83981, 41079, 54502, 66359, 24459, 66531, 7776, 87223, 18331, 85267, 30558, 2676, 26738, 18149, 77382, 79248, 84283, 30291, 69479, 56653, 51366, 76187, 63194, 54071, 7575, 38385], ""<class 'abc.NT_0000_P_00001'>"": [], ""<class 'abc.NT_0000_P_00002'>"": [], ""<class 'abc.NT_0000_P_00003'>"": [], ""<class 'abc.NT_0001'>"": [1, 99233, 59169, 80416, 13326, 33566, 56653], ""<class 'abc.NT_0001_P_00000'>"": [], ""<class 'abc.NT_0001_P_00001'>"": [], ""<class 'abc.NT_0001_P_00002'>"": [], ""<class 'abc.NT_0001_P_00003'>"": [], ""<class 'abc.NT_0001_P_00004'>"": [], ""<class 'abc.NT_0001_P_00005'>"": [], ""<class 'abc.NT_0001_P_00006'>"": [], ""<class 'abc.NT_0003_P_00001'>"": [], ""<class 'abc.NT_0002'>"": [0, 54058], ""<class 'abc.NT_0002_P_00000'>"": [], ""<class 'abc.NT_0002_P_00001'>"": [], ""<class 'abc.NT_0002_P_00002'>"": [], ""<class 'abc.NT_0002_P_00003'>"": [], ""<class 'abc.NT_0004'>"": [], ""<class 'abc.NT_0004_P_00000'>"": [], ""<class 'abc.NT_0014_P_00001'>"": [], ""<class 'abc.NT_0013'>"": [43273, 87753, 70326], ""<class 'abc.NT_0013_P_00000'>"": [], ""<class 'abc.NT_0011'>"": [1, 98607], ""<class 'abc.NT_0011_P_00000'>"": [], ""<class 'abc.NT_0011_P_00001'>"": [], ""<class 'abc.NT_0008'>"": [56358, 25492], ""<class 'abc.NT_0008_P_00000'>"": [], ""<class 'abc.NT_0005'>"": [65439, 70998], ""<class 'abc.NT_0005_P_00000'>"": [], ""<class 'abc.NT_0005_P_00001'>"": [], ""<class 'abc.NT_0007'>"": [0, 27295], ""<class 'abc.NT_0007_P_00000'>"": [], ""<class 'abc.NT_0006'>"": [51447, 91312], ""<class 'abc.NT_0006_P_00000'>"": [], ""<class 'abc.NT_0006_P_00001'>"": [], ""<class 'abc.NT_0007_P_00001'>"": [], ""<class 'abc.NT_0007_P_00002'>"": [], ""<class 'abc.NT_0007_P_00003'>"": [], ""<class 'abc.NT_0008_P_00001'>"": [], ""<class 'abc.NT_0009'>"": [8, 58070, 39787], ""<class 'abc.NT_0009_P_00000'>"": [], ""<class 'abc.NT_0009_P_00001'>"": [], ""<class 'abc.NT_0009_P_00002'>"": [], ""<class 'abc.NT_0009_P_00003'>"": [], ""<class 'abc.NT_0009_P_00004'>"": [], ""<class 'abc.NT_0009_P_00005'>"": [], ""<class 'abc.NT_0009_P_00006'>"": [], ""<class 'abc.NT_0009_P_00007'>"": [], ""<class 'abc.NT_0009_P_00008'>"": [], ""<class 'abc.NT_0011_P_00002'>"": [], ""<class 'abc.NT_0010'>"": [53447, 89091], ""<class 'abc.NT_0010_P_00000'>"": [], ""<class 'abc.NT_0010_P_00001'>"": [], ""<class 'abc.NT_0010_P_00002'>"": [], ""<class 'abc.NT_0010_P_00003'>"": [], ""<class 'abc.NT_0010_P_00004'>"": [], ""<class 'abc.NT_0010_P_00005'>"": [], ""<class 'abc.NT_0011_P_00003'>"": [], ""<class 'abc.NT_0011_P_00004'>"": [], ""<class 'abc.NT_0011_P_00005'>"": [], ""<class 'abc.NT_0011_P_00006'>"": [], ""<class 'abc.NT_0011_P_00007'>"": [], ""<class 'abc.NT_0011_P_00008'>"": [], ""<class 'abc.NT_0011_P_00009'>"": [], ""<class 'abc.NT_0014_P_00002'>"": [], ""<class 'abc.NT_0014_P_00003'>"": [], ""<class 'abc.NT_0014_P_00004'>"": [], '$leftovers': [612, 51366, 29977, 7941, 62781, 93978, 48081, 63396, 57279, 63194, 37786, 54499, 54071, 7255, 805, 91855, 9788, 55863, 13874, 90931, 38385, 43619, 36227, 61359, 25033, 26828, 94952, 78514, 81573, 7035, 57599, 63649, 37284, 79243, 23816, 36097, 45176, 45221, 21659, 73410, 77378, 61609, 53485, 83091, 55364, 804, 37863, 62128, 64631, 84523, 68409, 46658, 59869, 22948, 53816, 17703, 86036, 23930, 54711, 27159, 47907, 22129, 19429, 11704, 67050, 80298, 69224, 57646, 14733, 44317, 85077, 74191, 78264, 27076, 89776, 5196, 46711, 95884, 100000, 42859, 92197, 62164, 34041, 96434, 9186, 84986, 23729, 32442, 9078, 30947, 10584, 90176, 39265, 2903, 26641, 17813, 64068, 47390, 53496, 84055, 91192, 43627, 10978, 20051, 63072, 17541, 52384, 82602, 2071, 73349, 76496, 93237, 90746, 94169, 1089, 1963, 87259, 78716, 97251, 74560, 92319, 88430, 30065, 35943, 26646, 58575, 20564, 68822, 1955, 11977, 701, 8879, 51642, 65013, 37021, 8254, 64968, 54544, 55206, 50487, 94823, 39401, 11005, 50507, 4078, 47520, 40046, 60171, 93652, 930, 40344, 61205, 60575, 32914, 87845, 18974, 88335, 23738, 9159, 67945, 35873, 79289, 92027, 47069, 50717, 19269, 86431, 12677, 1847, 82569, 10719, 49874, 57438, 74245, 9728, 35214, 60927, 50418, 3072, 33653, 84097, 10451, 10948, 43565, 35042, 52901, 60373, 71523, 99916, 21066, 31862, 7158, 61957, 29065, 73503, 77066, 90914, 2224, 23949, 58836, 36313, 52163, 15402, 95181, 97248, 72223, 64484, 31579, 7361, 13133, 8559, 5315, 12957, 97480, 15964, 47289, 18201, 64048, 38836, 23949, 65274, 81688, 15908, 97641, 68909, 88194, 58203, 54156, 17884, 17015, 98114, 85070, 44487, 35609, 43946, 13163, 68656, 46368, 64590, 40998, 4333, 23209, 48312, 91519, 45912, 95154, 82162, 65190, 2680, 41571, 50993, 530, 20715, 62325, 69130, 87411, 51896, 25041, 1061, 92007, 16083, 61009, 22448, 76926, 40530, 5740, 65551, 74307, 70243, 88860, 56449, 62236, 73737, 14864, 20769, 33438, 2720, 19958, 14224, 62871, 11924, 4195, 94579, 90772, 15850, 32394, 39534, 94217, 24432, 49736, 19142, 95031, 91556, 84878, 36003, 82744, 39005, 77560, 67854, 74174, 65238, 42610, 38442, 5045, 8394, 50169, 85223, 39318, 11999, 19698, 62218, 20982, 75579, 83921, 36322, 81232, 74890, 79155, 7974, 87957, 31618, 15302, 46288, 41529, 54402, 51898, 8904, 68466, 16655, 33307, 87657, 62302, 99805, 94712, 27432, 6792, 318, 28470, 61849, 26074, 24481, 33234, 11701, 90978, 8418, 34547, 73073, 14229, 92931, 45528, 46305, 58234, 95428, 52910, 64691, 89529, 6125, 95529, 23717, 34258, 15039, 26343, 25322, 18533, 87153, 22501, 24377, 93511, 91108, 66007, 60481, 95208, 62676, 92031, 61249, 21040, 27224, 8088, 84181, 33593, 86548, 72607, 12800, 5611, 73844, 6692, 65230, 36526, 2469, 35635, 48449, 14719, 78189, 85243, 55844, 24071, 23788, 78878, 22883, 30166, 25797, 10713, 24202, 63862, 69116, 6614, 65627, 74821, 9118, 52050, 1045, 85212, 62012, 89898, 79364, 88858, 96964, 35830, 60888, 26734, 88556, 30404, 7619, 80278, 68622, 93232, 34306, 31485, 56275, 18665, 75621, 64839, 93770, 28199, 22239, 59130, 77628, 99168, 70420, 75781, 62501, 671, 82149, 26309, 8026, 6187, 34342, 77941, 96327, 7003, 65713, 2941, 26673, 45799, 5550, 98918, 65458, 56546, 58743, 93533, 64790, 30347, 32662, 73325, 77970, 21733, 35559, 73040, 79043, 59441, 82022, 37637, 7661, 94041, 96708, 7898, 70255, 89025, 83488, 90561, 63581, 77717, 74197, 27575, 58299, 53110, 73807, 71575, 26219, 35022, 49263, 13153, 34531, 51399, 44165, 26477, 4658, 89217, 10088, 77375, 38696, 57234, 69828, 27880, 19969, 12884, 48301, 32382, 79158, 72530, 2303, 28606, 30300, 17727, 74408, 82473, 74031, 47501, 28349, 67701, 75802, 89880, 6847, 37677, 42094, 59098, 33292, 25396, 1653, 33802, 37033, 82988, 18807, 34788, 32442, 21412, 79504, 70667, 67140, 188, 92567, 14712, 41955, 83231, 16604, 44261, 9248, 17311, 28714, 91679, 32487, 26287, 45537, 96338, 4907, 91004, 40305, 38855, 30113, 31802, 90368, 29632, 22399, 27504, 74924, 64570, 3170, 73381, 73608, 82107, 55004, 28453, 81413, 83401, 86827, 3755, 19280, 39809, 58531, 69352, 77285, 75236, 65692, 7596, 96792, 61193, 32718, 15171, 87988, 30166, 54746, 77236, 17432, 95331, 38981, 88240, 38898, 32172, 79555, 11740, 12372, 21314, 35314, 93047, 42158, 12888, 45757, 12444, 53196, 24354, 10754, 11298, 51034, 29460, 54561, 63362, 63137, 80288, 88200, 90124, 34341, 79738, 29507, 1371, 45727, 33233, 20038, 80414, 21940, 30707, 90006, 24595, 36850, 16424, 43356, 57374, 16541, 37502, 37384, 44186, 1581, 55147, 81574, 36342, 34700, 77319, 28025, 42804, 70814, 97334, 63170, 45671, 92728, 50865, 61805, 79230, 95797, 79382, 69832, 39248, 70970, 62614, 68180, 36578, 66699, 90803, 28447, 48009, 97357, 19944, 60879, 16057, 92445, 75982, 37067, 41406, 92224, 10099, 38077, 10238, 68458, 6537, 63778, 57556, 62039, 11823, 13270, 39382, 5448, 99101, 892, 8806, 21031, 7912, 86405, 50251, 88331, 79170, 19276, 48689, 73426, 83963, 98871, 32530, 19826, 24930, 70628, 89666, 23784, 22342, 79694, 80437, 28733, 99765, 7735, 65443, 39629, 65691, 45234, 52942, 70165, 64742, 7593, 35389, 38346, 53370, 1486, 63745, 59201, 84112, 82078, 59842, 55744, 6361, 15079, 910, 53287, 86305, 5582, 34924, 69056, 67927, 31852, 80811, 3497, 24763, 76576, 6447, 51921, 24582, 67902, 99777, 99703, 83341, 49007, 99280, 24090, 6799, 52732, 30031, 47977, 87252, 5024, 40270, 25148, 18576, 16321, 73258, 96568, 50330, 93058, 53931, 82548, 70345, 30377, 16363, 46283, 71917, 19219, 34599, 59905, 76185, 99134, 52728, 85779, 32717, 4809, 23223, 7767, 36688, 17927, 33222, 5461, 58987, 99150, 82453, 68878, 27439, 92942, 79331, 71474, 34897, 35197, 84658, 51810, 88051, 90117, 15640, 25537, 1192, 5758, 16919, 16570, 54940, 71350, 57863, 28374, 25430, 96910, 25138, 30623, 84961, 23541, 35862, 94330, 34467, 45322, 3068, 32691, 19717, 72709, 77504, 12874, 8035, 4199, 32629, 29326, 50091, 4290, 69037, 67868, 4858, 18189, 81289, 10537, 34484, 97761, 36705, 52886, 29677, 92414, 65300, 4493, 83991, 25685, 6104, 23112, 72137, 96757, 13483, 18308, 221, 14358, 49795, 76044, 65013, 87872, 95304, 14399, 812, 64706, 60775, 65656, 55460, 64130, 33001, 14835, 17431, 45023, 79744, 46149, 17211, 1932, 89664, 35867, 75834, 45835, 33920, 51887, 56077, 57612, 3201, 66246, 43129, 72962, 59486, 41799, 36083, 78794, 55644, 16064, 47916, 43687, 87424, 99482, 17585, 78994, 36067, 56930, 68493, 83129, 64732, 86546, 74055, 94524, 52064, 83683, 31321, 53390, 89787, 97909, 96890, 42138, 43171, 63419, 72477, 642, 72325, 14142, 88837, 64298, 53853, 33912, 90976, 51351, 53580, 44520, 1115, 7377, 51291, 91564, 16199, 86922, 17805, 85895, 43694, 18547, 43604, 34423, 97118, 34445, 84791, 71375, 31055, 9941, 27422, 27295, 25492, 21731, 54058, 56103, 74702, 88389, 39787, 83292, 56321, 80058, 48446, 90534, 99020, 53183, 57349, 5351, 62399, 11726, 72703, 23079, 88458, 14886, 42115, 37381, 53447, 80416, 75451, 17441, 22787, 25968, 37997, 43457, 70409, 3144, 30291, 27680, 46416, 33566, 93834, 69479, 8313, 69016, 56653]})"
37.0,9,41,37,23.238126754760742,210,"Genotype(dna={""<class 'abc.NT_0014'>"": [0, 9891], ""<class 'abc.NT_0014_P_00000'>"": [], ""<class 'abc.NT_0003'>"": [], ""<class 'abc.NT_0003_P_00000'>"": [], ""<class 'bool'>"": [34892, 98370, 93055, 22069, 91850, 93033, 11504, 95280, 56278, 13913, 91591, 97012, 50516, 59058, 91601, 80048, 98529, 76229, 96396, 90534, 62399, 14886, 86613, 30291, 93834, 69479, 91703], ""<class 'abc.NT_0000'>"": [0, 2, 3, 0, 0, 66646, 80541, 0, 57112, 0, 0, 0, 0, 52153, 3, 67907, 2, 0, 2823, 0, 47365, 0, 40082, 0, 1, 35560, 2, 0, 2, 6530, 90460, 0, 0, 0, 1053, 51537, 1, 3136, 63679, 1290, 48446, 25314, 57349, 5351, 72703, 23079, 41017, 75451, 17441, 35176, 25968, 36249, 43457, 70409, 3144], ""<class 'abc.NT_0000_P_00000'>"": [], ""<class 'int'>"": [11527, 89970, 15638, 94912, 12901, 49242, 25019, 94292, 7422, 84436, 79517, 68747, 83981, 41079, 54502, 66359, 24459, 66531, 7776, 87223, 18331, 85267, 30558, 2676, 26738, 18149, 77382, 79248, 84283, 30291, 69479, 56653, 51366, 76187, 63194, 54071, 7575, 38385], ""<class 'abc.NT_0000_P_00001'>"": [], ""<class 'abc.NT_0000_P_00002'>"": [], ""<class 'abc.NT_0000_P_00003'>"": [], ""<class 'abc.NT_0001'>"": [1, 99233, 59169, 80416, 13326, 33566, 56653], ""<class 'abc.NT_0001_P_00000'>"": [], ""<class 'abc.NT_0001_P_00001'>"": [], ""<class 'abc.NT_0001_P_00002'>"": [], ""<class 'abc.NT_0001_P_00003'>"": [], ""<class 'abc.NT_0001_P_00004'>"": [], ""<class 'abc.NT_0001_P_00005'>"": [], ""<class 'abc.NT_0001_P_00006'>"": [], ""<class 'abc.NT_0003_P_00001'>"": [], ""<class 'abc.NT_0002'>"": [0, 54058], ""<class 'abc.NT_0002_P_00000'>"": [], ""<class 'abc.NT_0002_P_00001'>"": [], ""<class 'abc.NT_0002_P_00002'>"": [], ""<class 'abc.NT_0002_P_00003'>"": [], ""<class 'abc.NT_0004'>"": [], ""<class 'abc.NT_0004_P_00000'>"": [], ""<class 'abc.NT_0014_P_00001'>"": [], ""<class 'abc.NT_0013'>"": [43273, 87753, 70326], ""<class 'abc.NT_0013_P_00000'>"": [], ""<class 'abc.NT_0011'>"": [1, 98607], ""<class 'abc.NT_0011_P_00000'>"": [], ""<class 'abc.NT_0011_P_00001'>"": [], ""<class 'abc.NT_0008'>"": [56358, 25492], ""<class 'abc.NT_0008_P_00000'>"": [], ""<class 'abc.NT_0005'>"": [65439, 70998], ""<class 'abc.NT_0005_P_00000'>"": [], ""<class 'abc.NT_0005_P_00001'>"": [], ""<class 'abc.NT_0007'>"": [0, 27295], ""<class 'abc.NT_0007_P_00000'>"": [], ""<class 'abc.NT_0006'>"": [51447, 91312], ""<class 'abc.NT_0006_P_00000'>"": [], ""<class 'abc.NT_0006_P_00001'>"": [], ""<class 'abc.NT_0007_P_00001'>"": [], ""<class 'abc.NT_0007_P_00002'>"": [], ""<class 'abc.NT_0007_P_00003'>"": [], ""<class 'abc.NT_0008_P_00001'>"": [], ""<class 'abc.NT_0009'>"": [8, 58070, 39787], ""<class 'abc.NT_0009_P_00000'>"": [], ""<class 'abc.NT_0009_P_00001'>"": [], ""<class 'abc.NT_0009_P_00002'>"": [], ""<class 'abc.NT_0009_P_00003'>"": [], ""<class 'abc.NT_0009_P_00004'>"": [], ""<class 'abc.NT_0009_P_00005'>"": [], ""<class 'abc.NT_0009_P_00006'>"": [], ""<class 'abc.NT_0009_P_00007'>"": [], ""<class 'abc.NT_0009_P_00008'>"": [], ""<class 'abc.NT_0011_P_00002'>"": [], ""<class 'abc.NT_0010'>"": [53447, 89091], ""<class 'abc.NT_0010_P_00000'>"": [], ""<class 'abc.NT_0010_P_00001'>"": [], ""<class 'abc.NT_0010_P_00002'>"": [], ""<class 'abc.NT_0010_P_00003'>"": [], ""<class 'abc.NT_0010_P_00004'>"": [], ""<class 'abc.NT_0010_P_00005'>"": [], ""<class 'abc.NT_0011_P_00003'>"": [], ""<class 'abc.NT_0011_P_00004'>"": [], ""<class 'abc.NT_0011_P_00005'>"": [], ""<class 'abc.NT_0011_P_00006'>"": [], ""<class 'abc.NT_0011_P_00007'>"": [], ""<class 'abc.NT_0011_P_00008'>"": [], ""<class 'abc.NT_0011_P_00009'>"": [], ""<class 'abc.NT_0014_P_00002'>"": [], ""<class 'abc.NT_0014_P_00003'>"": [], ""<class 'abc.NT_0014_P_00004'>"": [], '$leftovers': [612, 51366, 29977, 7941, 62781, 93978, 48081, 63396, 57279, 63194, 37786, 54499, 54071, 7255, 805, 91855, 9788, 55863, 13874, 90931, 38385, 43619, 36227, 61359, 25033, 26828, 94952, 78514, 81573, 7035, 57599, 63649, 37284, 79243, 23816, 36097, 45176, 45221, 21659, 73410, 77378, 61609, 53485, 83091, 55364, 804, 37863, 62128, 64631, 84523, 68409, 46658, 59869, 22948, 53816, 17703, 86036, 23930, 54711, 27159, 47907, 22129, 19429, 11704, 67050, 80298, 69224, 57646, 14733, 44317, 85077, 74191, 78264, 27076, 89776, 5196, 46711, 95884, 100000, 42859, 92197, 62164, 34041, 96434, 9186, 84986, 23729, 32442, 9078, 30947, 10584, 90176, 39265, 2903, 26641, 17813, 64068, 47390, 53496, 84055, 91192, 43627, 10978, 20051, 63072, 17541, 52384, 82602, 2071, 73349, 76496, 93237, 90746, 94169, 1089, 1963, 87259, 78716, 97251, 74560, 92319, 88430, 30065, 35943, 26646, 58575, 20564, 68822, 1955, 11977, 701, 8879, 51642, 65013, 37021, 8254, 64968, 54544, 55206, 50487, 94823, 39401, 11005, 50507, 4078, 47520, 40046, 60171, 93652, 930, 40344, 61205, 60575, 32914, 87845, 18974, 88335, 23738, 9159, 67945, 35873, 79289, 92027, 47069, 50717, 19269, 86431, 12677, 1847, 82569, 10719, 49874, 57438, 74245, 9728, 35214, 60927, 50418, 3072, 33653, 84097, 10451, 10948, 43565, 35042, 52901, 60373, 71523, 99916, 21066, 31862, 7158, 61957, 29065, 73503, 77066, 90914, 2224, 23949, 58836, 36313, 52163, 15402, 95181, 97248, 72223, 64484, 31579, 7361, 13133, 8559, 5315, 12957, 97480, 15964, 47289, 18201, 64048, 38836, 23949, 65274, 81688, 15908, 97641, 68909, 88194, 58203, 54156, 17884, 17015, 98114, 85070, 44487, 35609, 43946, 13163, 68656, 46368, 64590, 40998, 4333, 23209, 48312, 91519, 45912, 95154, 82162, 65190, 2680, 41571, 50993, 530, 20715, 62325, 69130, 87411, 51896, 25041, 1061, 92007, 16083, 61009, 22448, 76926, 40530, 5740, 65551, 74307, 70243, 88860, 56449, 62236, 73737, 14864, 20769, 33438, 2720, 19958, 14224, 62871, 11924, 4195, 94579, 90772, 15850, 32394, 39534, 94217, 24432, 49736, 19142, 95031, 91556, 84878, 36003, 82744, 39005, 77560, 67854, 74174, 65238, 42610, 38442, 5045, 8394, 50169, 85223, 39318, 11999, 19698, 62218, 20982, 75579, 83921, 36322, 81232, 74890, 79155, 7974, 87957, 31618, 15302, 46288, 41529, 54402, 51898, 8904, 68466, 16655, 33307, 87657, 62302, 99805, 94712, 27432, 6792, 318, 28470, 61849, 26074, 24481, 33234, 11701, 90978, 8418, 34547, 73073, 14229, 92931, 45528, 46305, 58234, 95428, 52910, 64691, 89529, 6125, 95529, 23717, 34258, 15039, 26343, 25322, 18533, 87153, 22501, 24377, 93511, 91108, 66007, 60481, 95208, 62676, 92031, 61249, 21040, 27224, 8088, 84181, 33593, 86548, 72607, 12800, 5611, 73844, 6692, 65230, 36526, 2469, 35635, 48449, 14719, 78189, 85243, 55844, 24071, 23788, 78878, 22883, 30166, 25797, 10713, 24202, 63862, 69116, 6614, 65627, 74821, 9118, 52050, 1045, 85212, 62012, 89898, 79364, 88858, 96964, 35830, 60888, 26734, 88556, 30404, 7619, 80278, 68622, 93232, 34306, 31485, 56275, 18665, 75621, 64839, 93770, 28199, 22239, 59130, 77628, 99168, 70420, 75781, 62501, 671, 82149, 26309, 8026, 6187, 34342, 77941, 96327, 7003, 65713, 2941, 26673, 45799, 5550, 98918, 65458, 56546, 58743, 93533, 64790, 30347, 32662, 73325, 77970, 21733, 35559, 73040, 79043, 59441, 82022, 37637, 7661, 94041, 96708, 7898, 70255, 89025, 83488, 90561, 63581, 77717, 74197, 27575, 58299, 53110, 73807, 71575, 26219, 35022, 49263, 13153, 34531, 51399, 44165, 26477, 4658, 89217, 10088, 77375, 38696, 57234, 69828, 27880, 19969, 12884, 48301, 32382, 79158, 72530, 2303, 28606, 30300, 17727, 74408, 82473, 74031, 47501, 28349, 67701, 75802, 89880, 6847, 37677, 42094, 59098, 33292, 25396, 1653, 33802, 37033, 82988, 18807, 34788, 32442, 21412, 79504, 70667, 67140, 188, 92567, 14712, 41955, 83231, 16604, 44261, 9248, 17311, 28714, 91679, 32487, 26287, 45537, 96338, 4907, 91004, 40305, 38855, 30113, 31802, 90368, 29632, 22399, 27504, 74924, 64570, 3170, 73381, 73608, 82107, 55004, 28453, 81413, 83401, 86827, 3755, 19280, 39809, 58531, 69352, 77285, 75236, 65692, 7596, 96792, 61193, 32718, 15171, 87988, 30166, 54746, 77236, 17432, 95331, 38981, 88240, 38898, 32172, 79555, 11740, 12372, 21314, 35314, 93047, 42158, 12888, 45757, 12444, 53196, 24354, 10754, 11298, 51034, 29460, 54561, 63362, 63137, 80288, 88200, 90124, 34341, 79738, 29507, 1371, 45727, 33233, 20038, 80414, 21940, 30707, 90006, 24595, 36850, 16424, 43356, 57374, 16541, 37502, 37384, 44186, 1581, 55147, 81574, 36342, 34700, 77319, 28025, 42804, 70814, 97334, 63170, 45671, 92728, 50865, 61805, 79230, 95797, 79382, 69832, 39248, 70970, 62614, 68180, 36578, 66699, 90803, 28447, 48009, 97357, 19944, 60879, 16057, 92445, 75982, 37067, 41406, 92224, 10099, 38077, 10238, 68458, 6537, 63778, 57556, 62039, 11823, 13270, 39382, 5448, 99101, 892, 8806, 21031, 7912, 86405, 50251, 88331, 79170, 19276, 48689, 73426, 83963, 98871, 32530, 19826, 24930, 70628, 89666, 23784, 22342, 79694, 80437, 28733, 99765, 7735, 65443, 39629, 65691, 45234, 52942, 70165, 64742, 7593, 35389, 38346, 53370, 1486, 63745, 59201, 84112, 82078, 59842, 55744, 6361, 15079, 910, 53287, 86305, 5582, 34924, 69056, 67927, 31852, 80811, 3497, 24763, 76576, 6447, 51921, 24582, 67902, 99777, 99703, 83341, 49007, 99280, 24090, 6799, 52732, 30031, 47977, 87252, 5024, 40270, 25148, 18576, 16321, 73258, 96568, 50330, 93058, 53931, 82548, 70345, 30377, 16363, 46283, 71917, 19219, 34599, 59905, 76185, 99134, 52728, 85779, 32717, 4809, 23223, 7767, 36688, 17927, 33222, 5461, 58987, 99150, 82453, 68878, 27439, 92942, 79331, 71474, 34897, 35197, 84658, 51810, 88051, 90117, 15640, 25537, 1192, 5758, 16919, 16570, 54940, 71350, 57863, 28374, 25430, 96910, 25138, 30623, 84961, 23541, 35862, 94330, 34467, 45322, 3068, 32691, 19717, 72709, 77504, 12874, 8035, 4199, 32629, 29326, 50091, 4290, 69037, 67868, 4858, 18189, 81289, 10537, 34484, 97761, 36705, 52886, 29677, 92414, 65300, 4493, 83991, 25685, 6104, 23112, 72137, 96757, 13483, 18308, 221, 14358, 49795, 76044, 65013, 87872, 95304, 14399, 812, 64706, 60775, 65656, 55460, 64130, 33001, 14835, 17431, 45023, 79744, 46149, 17211, 1932, 89664, 35867, 75834, 45835, 33920, 51887, 56077, 57612, 3201, 66246, 43129, 72962, 59486, 41799, 36083, 78794, 55644, 16064, 47916, 43687, 87424, 99482, 17585, 78994, 36067, 56930, 68493, 83129, 64732, 86546, 74055, 94524, 52064, 83683, 31321, 53390, 89787, 97909, 96890, 42138, 43171, 63419, 72477, 642, 72325, 14142, 88837, 64298, 53853, 33912, 90976, 51351, 53580, 44520, 1115, 7377, 51291, 91564, 16199, 86922, 17805, 85895, 43694, 18547, 43604, 34423, 97118, 34445, 84791, 71375, 31055, 9941, 27422, 27295, 25492, 21731, 54058, 56103, 74702, 88389, 39787, 83292, 56321, 80058, 48446, 90534, 99020, 53183, 57349, 5351, 62399, 11726, 72703, 23079, 88458, 14886, 42115, 37381, 53447, 80416, 75451, 17441, 22787, 25968, 37997, 43457, 70409, 3144, 30291, 27680, 46416, 33566, 93834, 69479, 8313, 69016, 56653]})"
37.0,9,41,38,23.741466999053955,210,"Genotype(dna={""<class 'abc.NT_0014'>"": [0, 9891], ""<class 'abc.NT_0014_P_00000'>"": [], ""<class 'abc.NT_0003'>"": [], ""<class 'abc.NT_0003_P_00000'>"": [], ""<class 'bool'>"": [34892, 98370, 93055, 22069, 91850, 93033, 11504, 95280, 56278, 13913, 91591, 97012, 50516, 59058, 91601, 80048, 98529, 76229, 96396, 90534, 62399, 14886, 86613, 30291, 93834, 69479, 91703], ""<class 'abc.NT_0000'>"": [0, 2, 3, 0, 0, 66646, 80541, 0, 57112, 0, 0, 0, 0, 52153, 3, 67907, 2, 0, 2823, 0, 47365, 0, 40082, 0, 1, 35560, 2, 0, 2, 6530, 90460, 0, 0, 0, 1053, 51537, 1, 3136, 63679, 1290, 48446, 25314, 57349, 5351, 72703, 23079, 41017, 75451, 17441, 35176, 25968, 36249, 43457, 70409, 3144], ""<class 'abc.NT_0000_P_00000'>"": [], ""<class 'int'>"": [11527, 89970, 15638, 94912, 12901, 49242, 25019, 94292, 7422, 84436, 79517, 68747, 83981, 41079, 54502, 66359, 24459, 66531, 7776, 87223, 18331, 85267, 30558, 2676, 26738, 18149, 77382, 79248, 84283, 30291, 69479, 56653, 51366, 76187, 63194, 54071, 7575, 38385], ""<class 'abc.NT_0000_P_00001'>"": [], ""<class 'abc.NT_0000_P_00002'>"": [], ""<class 'abc.NT_0000_P_00003'>"": [], ""<class 'abc.NT_0001'>"": [1, 99233, 59169, 80416, 13326, 33566, 56653], ""<class 'abc.NT_0001_P_00000'>"": [], ""<class 'abc.NT_0001_P_00001'>"": [], ""<class 'abc.NT_0001_P_00002'>"": [], ""<class 'abc.NT_0001_P_00003'>"": [], ""<class 'abc.NT_0001_P_00004'>"": [], ""<class 'abc.NT_0001_P_00005'>"": [], ""<class 'abc.NT_0001_P_00006'>"": [], ""<class 'abc.NT_0003_P_00001'>"": [], ""<class 'abc.NT_0002'>"": [0, 54058], ""<class 'abc.NT_0002_P_00000'>"": [], ""<class 'abc.NT_0002_P_00001'>"": [], ""<class 'abc.NT_0002_P_00002'>"": [], ""<class 'abc.NT_0002_P_00003'>"": [], ""<class 'abc.NT_0004'>"": [], ""<class 'abc.NT_0004_P_00000'>"": [], ""<class 'abc.NT_0014_P_00001'>"": [], ""<class 'abc.NT_0013'>"": [43273, 87753, 70326], ""<class 'abc.NT_0013_P_00000'>"": [], ""<class 'abc.NT_0011'>"": [1, 98607], ""<class 'abc.NT_0011_P_00000'>"": [], ""<class 'abc.NT_0011_P_00001'>"": [], ""<class 'abc.NT_0008'>"": [56358, 25492], ""<class 'abc.NT_0008_P_00000'>"": [], ""<class 'abc.NT_0005'>"": [65439, 70998], ""<class 'abc.NT_0005_P_00000'>"": [], ""<class 'abc.NT_0005_P_00001'>"": [], ""<class 'abc.NT_0007'>"": [0, 27295], ""<class 'abc.NT_0007_P_00000'>"": [], ""<class 'abc.NT_0006'>"": [51447, 91312], ""<class 'abc.NT_0006_P_00000'>"": [], ""<class 'abc.NT_0006_P_00001'>"": [], ""<class 'abc.NT_0007_P_00001'>"": [], ""<class 'abc.NT_0007_P_00002'>"": [], ""<class 'abc.NT_0007_P_00003'>"": [], ""<class 'abc.NT_0008_P_00001'>"": [], ""<class 'abc.NT_0009'>"": [8, 58070, 39787], ""<class 'abc.NT_0009_P_00000'>"": [], ""<class 'abc.NT_0009_P_00001'>"": [], ""<class 'abc.NT_0009_P_00002'>"": [], ""<class 'abc.NT_0009_P_00003'>"": [], ""<class 'abc.NT_0009_P_00004'>"": [], ""<class 'abc.NT_0009_P_00005'>"": [], ""<class 'abc.NT_0009_P_00006'>"": [], ""<class 'abc.NT_0009_P_00007'>"": [], ""<class 'abc.NT_0009_P_00008'>"": [], ""<class 'abc.NT_0011_P_00002'>"": [], ""<class 'abc.NT_0010'>"": [53447, 89091], ""<class 'abc.NT_0010_P_00000'>"": [], ""<class 'abc.NT_0010_P_00001'>"": [], ""<class 'abc.NT_0010_P_00002'>"": [], ""<class 'abc.NT_0010_P_00003'>"": [], ""<class 'abc.NT_0010_P_00004'>"": [], ""<class 'abc.NT_0010_P_00005'>"": [], ""<class 'abc.NT_0011_P_00003'>"": [], ""<class 'abc.NT_0011_P_00004'>"": [], ""<class 'abc.NT_0011_P_00005'>"": [], ""<class 'abc.NT_0011_P_00006'>"": [], ""<class 'abc.NT_0011_P_00007'>"": [], ""<class 'abc.NT_0011_P_00008'>"": [], ""<class 'abc.NT_0011_P_00009'>"": [], ""<class 'abc.NT_0014_P_00002'>"": [], ""<class 'abc.NT_0014_P_00003'>"": [], ""<class 'abc.NT_0014_P_00004'>"": [], '$leftovers': [612, 51366, 29977, 7941, 62781, 93978, 48081, 63396, 57279, 63194, 37786, 54499, 54071, 7255, 805, 91855, 9788, 55863, 13874, 90931, 38385, 43619, 36227, 61359, 25033, 26828, 94952, 78514, 81573, 7035, 57599, 63649, 37284, 79243, 23816, 36097, 45176, 45221, 21659, 73410, 77378, 61609, 53485, 83091, 55364, 804, 37863, 62128, 64631, 84523, 68409, 46658, 59869, 22948, 53816, 17703, 86036, 23930, 54711, 27159, 47907, 22129, 19429, 11704, 67050, 80298, 69224, 57646, 14733, 44317, 85077, 74191, 78264, 27076, 89776, 5196, 46711, 95884, 100000, 42859, 92197, 62164, 34041, 96434, 9186, 84986, 23729, 32442, 9078, 30947, 10584, 90176, 39265, 2903, 26641, 17813, 64068, 47390, 53496, 84055, 91192, 43627, 10978, 20051, 63072, 17541, 52384, 82602, 2071, 73349, 76496, 93237, 90746, 94169, 1089, 1963, 87259, 78716, 97251, 74560, 92319, 88430, 30065, 35943, 26646, 58575, 20564, 68822, 1955, 11977, 701, 8879, 51642, 65013, 37021, 8254, 64968, 54544, 55206, 50487, 94823, 39401, 11005, 50507, 4078, 47520, 40046, 60171, 93652, 930, 40344, 61205, 60575, 32914, 87845, 18974, 88335, 23738, 9159, 67945, 35873, 79289, 92027, 47069, 50717, 19269, 86431, 12677, 1847, 82569, 10719, 49874, 57438, 74245, 9728, 35214, 60927, 50418, 3072, 33653, 84097, 10451, 10948, 43565, 35042, 52901, 60373, 71523, 99916, 21066, 31862, 7158, 61957, 29065, 73503, 77066, 90914, 2224, 23949, 58836, 36313, 52163, 15402, 95181, 97248, 72223, 64484, 31579, 7361, 13133, 8559, 5315, 12957, 97480, 15964, 47289, 18201, 64048, 38836, 23949, 65274, 81688, 15908, 97641, 68909, 88194, 58203, 54156, 17884, 17015, 98114, 85070, 44487, 35609, 43946, 13163, 68656, 46368, 64590, 40998, 4333, 23209, 48312, 91519, 45912, 95154, 82162, 65190, 2680, 41571, 50993, 530, 20715, 62325, 69130, 87411, 51896, 25041, 1061, 92007, 16083, 61009, 22448, 76926, 40530, 5740, 65551, 74307, 70243, 88860, 56449, 62236, 73737, 14864, 20769, 33438, 2720, 19958, 14224, 62871, 11924, 4195, 94579, 90772, 15850, 32394, 39534, 94217, 24432, 49736, 19142, 95031, 91556, 84878, 36003, 82744, 39005, 77560, 67854, 74174, 65238, 42610, 38442, 5045, 8394, 50169, 85223, 39318, 11999, 19698, 62218, 20982, 75579, 83921, 36322, 81232, 74890, 79155, 7974, 87957, 31618, 15302, 46288, 41529, 54402, 51898, 8904, 68466, 16655, 33307, 87657, 62302, 99805, 94712, 27432, 6792, 318, 28470, 61849, 26074, 24481, 33234, 11701, 90978, 8418, 34547, 73073, 14229, 92931, 45528, 46305, 58234, 95428, 52910, 64691, 89529, 6125, 95529, 23717, 34258, 15039, 26343, 25322, 18533, 87153, 22501, 24377, 93511, 91108, 66007, 60481, 95208, 62676, 92031, 61249, 21040, 27224, 8088, 84181, 33593, 86548, 72607, 12800, 5611, 73844, 6692, 65230, 36526, 2469, 35635, 48449, 14719, 78189, 85243, 55844, 24071, 23788, 78878, 22883, 30166, 25797, 10713, 24202, 63862, 69116, 6614, 65627, 74821, 9118, 52050, 1045, 85212, 62012, 89898, 79364, 88858, 96964, 35830, 60888, 26734, 88556, 30404, 7619, 80278, 68622, 93232, 34306, 31485, 56275, 18665, 75621, 64839, 93770, 28199, 22239, 59130, 77628, 99168, 70420, 75781, 62501, 671, 82149, 26309, 8026, 6187, 34342, 77941, 96327, 7003, 65713, 2941, 26673, 45799, 5550, 98918, 65458, 56546, 58743, 93533, 64790, 30347, 32662, 73325, 77970, 21733, 35559, 73040, 79043, 59441, 82022, 37637, 7661, 94041, 96708, 7898, 70255, 89025, 83488, 90561, 63581, 77717, 74197, 27575, 58299, 53110, 73807, 71575, 26219, 35022, 49263, 13153, 34531, 51399, 44165, 26477, 4658, 89217, 10088, 77375, 38696, 57234, 69828, 27880, 19969, 12884, 48301, 32382, 79158, 72530, 2303, 28606, 30300, 17727, 74408, 82473, 74031, 47501, 28349, 67701, 75802, 89880, 6847, 37677, 42094, 59098, 33292, 25396, 1653, 33802, 37033, 82988, 18807, 34788, 32442, 21412, 79504, 70667, 67140, 188, 92567, 14712, 41955, 83231, 16604, 44261, 9248, 17311, 28714, 91679, 32487, 26287, 45537, 96338, 4907, 91004, 40305, 38855, 30113, 31802, 90368, 29632, 22399, 27504, 74924, 64570, 3170, 73381, 73608, 82107, 55004, 28453, 81413, 83401, 86827, 3755, 19280, 39809, 58531, 69352, 77285, 75236, 65692, 7596, 96792, 61193, 32718, 15171, 87988, 30166, 54746, 77236, 17432, 95331, 38981, 88240, 38898, 32172, 79555, 11740, 12372, 21314, 35314, 93047, 42158, 12888, 45757, 12444, 53196, 24354, 10754, 11298, 51034, 29460, 54561, 63362, 63137, 80288, 88200, 90124, 34341, 79738, 29507, 1371, 45727, 33233, 20038, 80414, 21940, 30707, 90006, 24595, 36850, 16424, 43356, 57374, 16541, 37502, 37384, 44186, 1581, 55147, 81574, 36342, 34700, 77319, 28025, 42804, 70814, 97334, 63170, 45671, 92728, 50865, 61805, 79230, 95797, 79382, 69832, 39248, 70970, 62614, 68180, 36578, 66699, 90803, 28447, 48009, 97357, 19944, 60879, 16057, 92445, 75982, 37067, 41406, 92224, 10099, 38077, 10238, 68458, 6537, 63778, 57556, 62039, 11823, 13270, 39382, 5448, 99101, 892, 8806, 21031, 7912, 86405, 50251, 88331, 79170, 19276, 48689, 73426, 83963, 98871, 32530, 19826, 24930, 70628, 89666, 23784, 22342, 79694, 80437, 28733, 99765, 7735, 65443, 39629, 65691, 45234, 52942, 70165, 64742, 7593, 35389, 38346, 53370, 1486, 63745, 59201, 84112, 82078, 59842, 55744, 6361, 15079, 910, 53287, 86305, 5582, 34924, 69056, 67927, 31852, 80811, 3497, 24763, 76576, 6447, 51921, 24582, 67902, 99777, 99703, 83341, 49007, 99280, 24090, 6799, 52732, 30031, 47977, 87252, 5024, 40270, 25148, 18576, 16321, 73258, 96568, 50330, 93058, 53931, 82548, 70345, 30377, 16363, 46283, 71917, 19219, 34599, 59905, 76185, 99134, 52728, 85779, 32717, 4809, 23223, 7767, 36688, 17927, 33222, 5461, 58987, 99150, 82453, 68878, 27439, 92942, 79331, 71474, 34897, 35197, 84658, 51810, 88051, 90117, 15640, 25537, 1192, 5758, 16919, 16570, 54940, 71350, 57863, 28374, 25430, 96910, 25138, 30623, 84961, 23541, 35862, 94330, 34467, 45322, 3068, 32691, 19717, 72709, 77504, 12874, 8035, 4199, 32629, 29326, 50091, 4290, 69037, 67868, 4858, 18189, 81289, 10537, 34484, 97761, 36705, 52886, 29677, 92414, 65300, 4493, 83991, 25685, 6104, 23112, 72137, 96757, 13483, 18308, 221, 14358, 49795, 76044, 65013, 87872, 95304, 14399, 812, 64706, 60775, 65656, 55460, 64130, 33001, 14835, 17431, 45023, 79744, 46149, 17211, 1932, 89664, 35867, 75834, 45835, 33920, 51887, 56077, 57612, 3201, 66246, 43129, 72962, 59486, 41799, 36083, 78794, 55644, 16064, 47916, 43687, 87424, 99482, 17585, 78994, 36067, 56930, 68493, 83129, 64732, 86546, 74055, 94524, 52064, 83683, 31321, 53390, 89787, 97909, 96890, 42138, 43171, 63419, 72477, 642, 72325, 14142, 88837, 64298, 53853, 33912, 90976, 51351, 53580, 44520, 1115, 7377, 51291, 91564, 16199, 86922, 17805, 85895, 43694, 18547, 43604, 34423, 97118, 34445, 84791, 71375, 31055, 9941, 27422, 27295, 25492, 21731, 54058, 56103, 74702, 88389, 39787, 83292, 56321, 80058, 48446, 90534, 99020, 53183, 57349, 5351, 62399, 11726, 72703, 23079, 88458, 14886, 42115, 37381, 53447, 80416, 75451, 17441, 22787, 25968, 37997, 43457, 70409, 3144, 30291, 27680, 46416, 33566, 93834, 69479, 8313, 69016, 56653]})"
37.0,9,41,39,24.15367865562439,210,"Genotype(dna={""<class 'abc.NT_0014'>"": [0, 9891], ""<class 'abc.NT_0014_P_00000'>"": [], ""<class 'abc.NT_0003'>"": [], ""<class 'abc.NT_0003_P_00000'>"": [], ""<class 'bool'>"": [34892, 98370, 93055, 22069, 91850, 93033, 11504, 95280, 56278, 13913, 91591, 97012, 50516, 59058, 91601, 80048, 98529, 76229, 96396, 90534, 62399, 14886, 86613, 30291, 93834, 69479, 91703], ""<class 'abc.NT_0000'>"": [0, 2, 3, 0, 0, 66646, 80541, 0, 57112, 0, 0, 0, 0, 52153, 3, 67907, 2, 0, 2823, 0, 47365, 0, 40082, 0, 1, 35560, 2, 0, 2, 6530, 90460, 0, 0, 0, 1053, 51537, 1, 3136, 63679, 1290, 48446, 25314, 57349, 5351, 72703, 23079, 41017, 75451, 17441, 35176, 25968, 36249, 43457, 70409, 3144], ""<class 'abc.NT_0000_P_00000'>"": [], ""<class 'int'>"": [11527, 89970, 15638, 94912, 12901, 49242, 25019, 94292, 7422, 84436, 79517, 68747, 83981, 41079, 54502, 66359, 24459, 66531, 7776, 87223, 18331, 85267, 30558, 2676, 26738, 18149, 77382, 79248, 84283, 30291, 69479, 56653, 51366, 76187, 63194, 54071, 7575, 38385], ""<class 'abc.NT_0000_P_00001'>"": [], ""<class 'abc.NT_0000_P_00002'>"": [], ""<class 'abc.NT_0000_P_00003'>"": [], ""<class 'abc.NT_0001'>"": [1, 99233, 59169, 80416, 13326, 33566, 56653], ""<class 'abc.NT_0001_P_00000'>"": [], ""<class 'abc.NT_0001_P_00001'>"": [], ""<class 'abc.NT_0001_P_00002'>"": [], ""<class 'abc.NT_0001_P_00003'>"": [], ""<class 'abc.NT_0001_P_00004'>"": [], ""<class 'abc.NT_0001_P_00005'>"": [], ""<class 'abc.NT_0001_P_00006'>"": [], ""<class 'abc.NT_0003_P_00001'>"": [], ""<class 'abc.NT_0002'>"": [0, 54058], ""<class 'abc.NT_0002_P_00000'>"": [], ""<class 'abc.NT_0002_P_00001'>"": [], ""<class 'abc.NT_0002_P_00002'>"": [], ""<class 'abc.NT_0002_P_00003'>"": [], ""<class 'abc.NT_0004'>"": [], ""<class 'abc.NT_0004_P_00000'>"": [], ""<class 'abc.NT_0014_P_00001'>"": [], ""<class 'abc.NT_0013'>"": [43273, 87753, 70326], ""<class 'abc.NT_0013_P_00000'>"": [], ""<class 'abc.NT_0011'>"": [1, 98607], ""<class 'abc.NT_0011_P_00000'>"": [], ""<class 'abc.NT_0011_P_00001'>"": [], ""<class 'abc.NT_0008'>"": [56358, 25492], ""<class 'abc.NT_0008_P_00000'>"": [], ""<class 'abc.NT_0005'>"": [65439, 70998], ""<class 'abc.NT_0005_P_00000'>"": [], ""<class 'abc.NT_0005_P_00001'>"": [], ""<class 'abc.NT_0007'>"": [0, 27295], ""<class 'abc.NT_0007_P_00000'>"": [], ""<class 'abc.NT_0006'>"": [51447, 91312], ""<class 'abc.NT_0006_P_00000'>"": [], ""<class 'abc.NT_0006_P_00001'>"": [], ""<class 'abc.NT_0007_P_00001'>"": [], ""<class 'abc.NT_0007_P_00002'>"": [], ""<class 'abc.NT_0007_P_00003'>"": [], ""<class 'abc.NT_0008_P_00001'>"": [], ""<class 'abc.NT_0009'>"": [8, 58070, 39787], ""<class 'abc.NT_0009_P_00000'>"": [], ""<class 'abc.NT_0009_P_00001'>"": [], ""<class 'abc.NT_0009_P_00002'>"": [], ""<class 'abc.NT_0009_P_00003'>"": [], ""<class 'abc.NT_0009_P_00004'>"": [], ""<class 'abc.NT_0009_P_00005'>"": [], ""<class 'abc.NT_0009_P_00006'>"": [], ""<class 'abc.NT_0009_P_00007'>"": [], ""<class 'abc.NT_0009_P_00008'>"": [], ""<class 'abc.NT_0011_P_00002'>"": [], ""<class 'abc.NT_0010'>"": [53447, 89091], ""<class 'abc.NT_0010_P_00000'>"": [], ""<class 'abc.NT_0010_P_00001'>"": [], ""<class 'abc.NT_0010_P_00002'>"": [], ""<class 'abc.NT_0010_P_00003'>"": [], ""<class 'abc.NT_0010_P_00004'>"": [], ""<class 'abc.NT_0010_P_00005'>"": [], ""<class 'abc.NT_0011_P_00003'>"": [], ""<class 'abc.NT_0011_P_00004'>"": [], ""<class 'abc.NT_0011_P_00005'>"": [], ""<class 'abc.NT_0011_P_00006'>"": [], ""<class 'abc.NT_0011_P_00007'>"": [], ""<class 'abc.NT_0011_P_00008'>"": [], ""<class 'abc.NT_0011_P_00009'>"": [], ""<class 'abc.NT_0014_P_00002'>"": [], ""<class 'abc.NT_0014_P_00003'>"": [], ""<class 'abc.NT_0014_P_00004'>"": [], '$leftovers': [612, 51366, 29977, 7941, 62781, 93978, 48081, 63396, 57279, 63194, 37786, 54499, 54071, 7255, 805, 91855, 9788, 55863, 13874, 90931, 38385, 43619, 36227, 61359, 25033, 26828, 94952, 78514, 81573, 7035, 57599, 63649, 37284, 79243, 23816, 36097, 45176, 45221, 21659, 73410, 77378, 61609, 53485, 83091, 55364, 804, 37863, 62128, 64631, 84523, 68409, 46658, 59869, 22948, 53816, 17703, 86036, 23930, 54711, 27159, 47907, 22129, 19429, 11704, 67050, 80298, 69224, 57646, 14733, 44317, 85077, 74191, 78264, 27076, 89776, 5196, 46711, 95884, 100000, 42859, 92197, 62164, 34041, 96434, 9186, 84986, 23729, 32442, 9078, 30947, 10584, 90176, 39265, 2903, 26641, 17813, 64068, 47390, 53496, 84055, 91192, 43627, 10978, 20051, 63072, 17541, 52384, 82602, 2071, 73349, 76496, 93237, 90746, 94169, 1089, 1963, 87259, 78716, 97251, 74560, 92319, 88430, 30065, 35943, 26646, 58575, 20564, 68822, 1955, 11977, 701, 8879, 51642, 65013, 37021, 8254, 64968, 54544, 55206, 50487, 94823, 39401, 11005, 50507, 4078, 47520, 40046, 60171, 93652, 930, 40344, 61205, 60575, 32914, 87845, 18974, 88335, 23738, 9159, 67945, 35873, 79289, 92027, 47069, 50717, 19269, 86431, 12677, 1847, 82569, 10719, 49874, 57438, 74245, 9728, 35214, 60927, 50418, 3072, 33653, 84097, 10451, 10948, 43565, 35042, 52901, 60373, 71523, 99916, 21066, 31862, 7158, 61957, 29065, 73503, 77066, 90914, 2224, 23949, 58836, 36313, 52163, 15402, 95181, 97248, 72223, 64484, 31579, 7361, 13133, 8559, 5315, 12957, 97480, 15964, 47289, 18201, 64048, 38836, 23949, 65274, 81688, 15908, 97641, 68909, 88194, 58203, 54156, 17884, 17015, 98114, 85070, 44487, 35609, 43946, 13163, 68656, 46368, 64590, 40998, 4333, 23209, 48312, 91519, 45912, 95154, 82162, 65190, 2680, 41571, 50993, 530, 20715, 62325, 69130, 87411, 51896, 25041, 1061, 92007, 16083, 61009, 22448, 76926, 40530, 5740, 65551, 74307, 70243, 88860, 56449, 62236, 73737, 14864, 20769, 33438, 2720, 19958, 14224, 62871, 11924, 4195, 94579, 90772, 15850, 32394, 39534, 94217, 24432, 49736, 19142, 95031, 91556, 84878, 36003, 82744, 39005, 77560, 67854, 74174, 65238, 42610, 38442, 5045, 8394, 50169, 85223, 39318, 11999, 19698, 62218, 20982, 75579, 83921, 36322, 81232, 74890, 79155, 7974, 87957, 31618, 15302, 46288, 41529, 54402, 51898, 8904, 68466, 16655, 33307, 87657, 62302, 99805, 94712, 27432, 6792, 318, 28470, 61849, 26074, 24481, 33234, 11701, 90978, 8418, 34547, 73073, 14229, 92931, 45528, 46305, 58234, 95428, 52910, 64691, 89529, 6125, 95529, 23717, 34258, 15039, 26343, 25322, 18533, 87153, 22501, 24377, 93511, 91108, 66007, 60481, 95208, 62676, 92031, 61249, 21040, 27224, 8088, 84181, 33593, 86548, 72607, 12800, 5611, 73844, 6692, 65230, 36526, 2469, 35635, 48449, 14719, 78189, 85243, 55844, 24071, 23788, 78878, 22883, 30166, 25797, 10713, 24202, 63862, 69116, 6614, 65627, 74821, 9118, 52050, 1045, 85212, 62012, 89898, 79364, 88858, 96964, 35830, 60888, 26734, 88556, 30404, 7619, 80278, 68622, 93232, 34306, 31485, 56275, 18665, 75621, 64839, 93770, 28199, 22239, 59130, 77628, 99168, 70420, 75781, 62501, 671, 82149, 26309, 8026, 6187, 34342, 77941, 96327, 7003, 65713, 2941, 26673, 45799, 5550, 98918, 65458, 56546, 58743, 93533, 64790, 30347, 32662, 73325, 77970, 21733, 35559, 73040, 79043, 59441, 82022, 37637, 7661, 94041, 96708, 7898, 70255, 89025, 83488, 90561, 63581, 77717, 74197, 27575, 58299, 53110, 73807, 71575, 26219, 35022, 49263, 13153, 34531, 51399, 44165, 26477, 4658, 89217, 10088, 77375, 38696, 57234, 69828, 27880, 19969, 12884, 48301, 32382, 79158, 72530, 2303, 28606, 30300, 17727, 74408, 82473, 74031, 47501, 28349, 67701, 75802, 89880, 6847, 37677, 42094, 59098, 33292, 25396, 1653, 33802, 37033, 82988, 18807, 34788, 32442, 21412, 79504, 70667, 67140, 188, 92567, 14712, 41955, 83231, 16604, 44261, 9248, 17311, 28714, 91679, 32487, 26287, 45537, 96338, 4907, 91004, 40305, 38855, 30113, 31802, 90368, 29632, 22399, 27504, 74924, 64570, 3170, 73381, 73608, 82107, 55004, 28453, 81413, 83401, 86827, 3755, 19280, 39809, 58531, 69352, 77285, 75236, 65692, 7596, 96792, 61193, 32718, 15171, 87988, 30166, 54746, 77236, 17432, 95331, 38981, 88240, 38898, 32172, 79555, 11740, 12372, 21314, 35314, 93047, 42158, 12888, 45757, 12444, 53196, 24354, 10754, 11298, 51034, 29460, 54561, 63362, 63137, 80288, 88200, 90124, 34341, 79738, 29507, 1371, 45727, 33233, 20038, 80414, 21940, 30707, 90006, 24595, 36850, 16424, 43356, 57374, 16541, 37502, 37384, 44186, 1581, 55147, 81574, 36342, 34700, 77319, 28025, 42804, 70814, 97334, 63170, 45671, 92728, 50865, 61805, 79230, 95797, 79382, 69832, 39248, 70970, 62614, 68180, 36578, 66699, 90803, 28447, 48009, 97357, 19944, 60879, 16057, 92445, 75982, 37067, 41406, 92224, 10099, 38077, 10238, 68458, 6537, 63778, 57556, 62039, 11823, 13270, 39382, 5448, 99101, 892, 8806, 21031, 7912, 86405, 50251, 88331, 79170, 19276, 48689, 73426, 83963, 98871, 32530, 19826, 24930, 70628, 89666, 23784, 22342, 79694, 80437, 28733, 99765, 7735, 65443, 39629, 65691, 45234, 52942, 70165, 64742, 7593, 35389, 38346, 53370, 1486, 63745, 59201, 84112, 82078, 59842, 55744, 6361, 15079, 910, 53287, 86305, 5582, 34924, 69056, 67927, 31852, 80811, 3497, 24763, 76576, 6447, 51921, 24582, 67902, 99777, 99703, 83341, 49007, 99280, 24090, 6799, 52732, 30031, 47977, 87252, 5024, 40270, 25148, 18576, 16321, 73258, 96568, 50330, 93058, 53931, 82548, 70345, 30377, 16363, 46283, 71917, 19219, 34599, 59905, 76185, 99134, 52728, 85779, 32717, 4809, 23223, 7767, 36688, 17927, 33222, 5461, 58987, 99150, 82453, 68878, 27439, 92942, 79331, 71474, 34897, 35197, 84658, 51810, 88051, 90117, 15640, 25537, 1192, 5758, 16919, 16570, 54940, 71350, 57863, 28374, 25430, 96910, 25138, 30623, 84961, 23541, 35862, 94330, 34467, 45322, 3068, 32691, 19717, 72709, 77504, 12874, 8035, 4199, 32629, 29326, 50091, 4290, 69037, 67868, 4858, 18189, 81289, 10537, 34484, 97761, 36705, 52886, 29677, 92414, 65300, 4493, 83991, 25685, 6104, 23112, 72137, 96757, 13483, 18308, 221, 14358, 49795, 76044, 65013, 87872, 95304, 14399, 812, 64706, 60775, 65656, 55460, 64130, 33001, 14835, 17431, 45023, 79744, 46149, 17211, 1932, 89664, 35867, 75834, 45835, 33920, 51887, 56077, 57612, 3201, 66246, 43129, 72962, 59486, 41799, 36083, 78794, 55644, 16064, 47916, 43687, 87424, 99482, 17585, 78994, 36067, 56930, 68493, 83129, 64732, 86546, 74055, 94524, 52064, 83683, 31321, 53390, 89787, 97909, 96890, 42138, 43171, 63419, 72477, 642, 72325, 14142, 88837, 64298, 53853, 33912, 90976, 51351, 53580, 44520, 1115, 7377, 51291, 91564, 16199, 86922, 17805, 85895, 43694, 18547, 43604, 34423, 97118, 34445, 84791, 71375, 31055, 9941, 27422, 27295, 25492, 21731, 54058, 56103, 74702, 88389, 39787, 83292, 56321, 80058, 48446, 90534, 99020, 53183, 57349, 5351, 62399, 11726, 72703, 23079, 88458, 14886, 42115, 37381, 53447, 80416, 75451, 17441, 22787, 25968, 37997, 43457, 70409, 3144, 30291, 27680, 46416, 33566, 93834, 69479, 8313, 69016, 56653]})"
37.0,9,41,40,24.524471282958984,210,"Genotype(dna={""<class 'abc.NT_0014'>"": [0, 9891], ""<class 'abc.NT_0014_P_00000'>"": [], ""<class 'abc.NT_0003'>"": [], ""<class 'abc.NT_0003_P_00000'>"": [], ""<class 'bool'>"": [34892, 98370, 93055, 22069, 91850, 93033, 11504, 95280, 56278, 13913, 91591, 97012, 50516, 59058, 91601, 80048, 98529, 76229, 96396, 90534, 62399, 14886, 86613, 30291, 93834, 69479, 91703], ""<class 'abc.NT_0000'>"": [0, 2, 3, 0, 0, 66646, 80541, 0, 57112, 0, 0, 0, 0, 52153, 3, 67907, 2, 0, 2823, 0, 47365, 0, 40082, 0, 1, 35560, 2, 0, 2, 6530, 90460, 0, 0, 0, 1053, 51537, 1, 3136, 63679, 1290, 48446, 25314, 57349, 5351, 72703, 23079, 41017, 75451, 17441, 35176, 25968, 36249, 43457, 70409, 3144], ""<class 'abc.NT_0000_P_00000'>"": [], ""<class 'int'>"": [11527, 89970, 15638, 94912, 12901, 49242, 25019, 94292, 7422, 84436, 79517, 68747, 83981, 41079, 54502, 66359, 24459, 66531, 7776, 87223, 18331, 85267, 30558, 2676, 26738, 18149, 77382, 79248, 84283, 30291, 69479, 56653, 51366, 76187, 63194, 54071, 7575, 38385], ""<class 'abc.NT_0000_P_00001'>"": [], ""<class 'abc.NT_0000_P_00002'>"": [], ""<class 'abc.NT_0000_P_00003'>"": [], ""<class 'abc.NT_0001'>"": [1, 99233, 59169, 80416, 13326, 33566, 56653], ""<class 'abc.NT_0001_P_00000'>"": [], ""<class 'abc.NT_0001_P_00001'>"": [], ""<class 'abc.NT_0001_P_00002'>"": [], ""<class 'abc.NT_0001_P_00003'>"": [], ""<class 'abc.NT_0001_P_00004'>"": [], ""<class 'abc.NT_0001_P_00005'>"": [], ""<class 'abc.NT_0001_P_00006'>"": [], ""<class 'abc.NT_0003_P_00001'>"": [], ""<class 'abc.NT_0002'>"": [0, 54058], ""<class 'abc.NT_0002_P_00000'>"": [], ""<class 'abc.NT_0002_P_00001'>"": [], ""<class 'abc.NT_0002_P_00002'>"": [], ""<class 'abc.NT_0002_P_00003'>"": [], ""<class 'abc.NT_0004'>"": [], ""<class 'abc.NT_0004_P_00000'>"": [], ""<class 'abc.NT_0014_P_00001'>"": [], ""<class 'abc.NT_0013'>"": [43273, 87753, 70326], ""<class 'abc.NT_0013_P_00000'>"": [], ""<class 'abc.NT_0011'>"": [1, 98607], ""<class 'abc.NT_0011_P_00000'>"": [], ""<class 'abc.NT_0011_P_00001'>"": [], ""<class 'abc.NT_0008'>"": [56358, 25492], ""<class 'abc.NT_0008_P_00000'>"": [], ""<class 'abc.NT_0005'>"": [65439, 70998], ""<class 'abc.NT_0005_P_00000'>"": [], ""<class 'abc.NT_0005_P_00001'>"": [], ""<class 'abc.NT_0007'>"": [0, 27295], ""<class 'abc.NT_0007_P_00000'>"": [], ""<class 'abc.NT_0006'>"": [51447, 91312], ""<class 'abc.NT_0006_P_00000'>"": [], ""<class 'abc.NT_0006_P_00001'>"": [], ""<class 'abc.NT_0007_P_00001'>"": [], ""<class 'abc.NT_0007_P_00002'>"": [], ""<class 'abc.NT_0007_P_00003'>"": [], ""<class 'abc.NT_0008_P_00001'>"": [], ""<class 'abc.NT_0009'>"": [8, 58070, 39787], ""<class 'abc.NT_0009_P_00000'>"": [], ""<class 'abc.NT_0009_P_00001'>"": [], ""<class 'abc.NT_0009_P_00002'>"": [], ""<class 'abc.NT_0009_P_00003'>"": [], ""<class 'abc.NT_0009_P_00004'>"": [], ""<class 'abc.NT_0009_P_00005'>"": [], ""<class 'abc.NT_0009_P_00006'>"": [], ""<class 'abc.NT_0009_P_00007'>"": [], ""<class 'abc.NT_0009_P_00008'>"": [], ""<class 'abc.NT_0011_P_00002'>"": [], ""<class 'abc.NT_0010'>"": [53447, 89091], ""<class 'abc.NT_0010_P_00000'>"": [], ""<class 'abc.NT_0010_P_00001'>"": [], ""<class 'abc.NT_0010_P_00002'>"": [], ""<class 'abc.NT_0010_P_00003'>"": [], ""<class 'abc.NT_0010_P_00004'>"": [], ""<class 'abc.NT_0010_P_00005'>"": [], ""<class 'abc.NT_0011_P_00003'>"": [], ""<class 'abc.NT_0011_P_00004'>"": [], ""<class 'abc.NT_0011_P_00005'>"": [], ""<class 'abc.NT_0011_P_00006'>"": [], ""<class 'abc.NT_0011_P_00007'>"": [], ""<class 'abc.NT_0011_P_00008'>"": [], ""<class 'abc.NT_0011_P_00009'>"": [], ""<class 'abc.NT_0014_P_00002'>"": [], ""<class 'abc.NT_0014_P_00003'>"": [], ""<class 'abc.NT_0014_P_00004'>"": [], '$leftovers': [612, 51366, 29977, 7941, 62781, 93978, 48081, 63396, 57279, 63194, 37786, 54499, 54071, 7255, 805, 91855, 9788, 55863, 13874, 90931, 38385, 43619, 36227, 61359, 25033, 26828, 94952, 78514, 81573, 7035, 57599, 63649, 37284, 79243, 23816, 36097, 45176, 45221, 21659, 73410, 77378, 61609, 53485, 83091, 55364, 804, 37863, 62128, 64631, 84523, 68409, 46658, 59869, 22948, 53816, 17703, 86036, 23930, 54711, 27159, 47907, 22129, 19429, 11704, 67050, 80298, 69224, 57646, 14733, 44317, 85077, 74191, 78264, 27076, 89776, 5196, 46711, 95884, 100000, 42859, 92197, 62164, 34041, 96434, 9186, 84986, 23729, 32442, 9078, 30947, 10584, 90176, 39265, 2903, 26641, 17813, 64068, 47390, 53496, 84055, 91192, 43627, 10978, 20051, 63072, 17541, 52384, 82602, 2071, 73349, 76496, 93237, 90746, 94169, 1089, 1963, 87259, 78716, 97251, 74560, 92319, 88430, 30065, 35943, 26646, 58575, 20564, 68822, 1955, 11977, 701, 8879, 51642, 65013, 37021, 8254, 64968, 54544, 55206, 50487, 94823, 39401, 11005, 50507, 4078, 47520, 40046, 60171, 93652, 930, 40344, 61205, 60575, 32914, 87845, 18974, 88335, 23738, 9159, 67945, 35873, 79289, 92027, 47069, 50717, 19269, 86431, 12677, 1847, 82569, 10719, 49874, 57438, 74245, 9728, 35214, 60927, 50418, 3072, 33653, 84097, 10451, 10948, 43565, 35042, 52901, 60373, 71523, 99916, 21066, 31862, 7158, 61957, 29065, 73503, 77066, 90914, 2224, 23949, 58836, 36313, 52163, 15402, 95181, 97248, 72223, 64484, 31579, 7361, 13133, 8559, 5315, 12957, 97480, 15964, 47289, 18201, 64048, 38836, 23949, 65274, 81688, 15908, 97641, 68909, 88194, 58203, 54156, 17884, 17015, 98114, 85070, 44487, 35609, 43946, 13163, 68656, 46368, 64590, 40998, 4333, 23209, 48312, 91519, 45912, 95154, 82162, 65190, 2680, 41571, 50993, 530, 20715, 62325, 69130, 87411, 51896, 25041, 1061, 92007, 16083, 61009, 22448, 76926, 40530, 5740, 65551, 74307, 70243, 88860, 56449, 62236, 73737, 14864, 20769, 33438, 2720, 19958, 14224, 62871, 11924, 4195, 94579, 90772, 15850, 32394, 39534, 94217, 24432, 49736, 19142, 95031, 91556, 84878, 36003, 82744, 39005, 77560, 67854, 74174, 65238, 42610, 38442, 5045, 8394, 50169, 85223, 39318, 11999, 19698, 62218, 20982, 75579, 83921, 36322, 81232, 74890, 79155, 7974, 87957, 31618, 15302, 46288, 41529, 54402, 51898, 8904, 68466, 16655, 33307, 87657, 62302, 99805, 94712, 27432, 6792, 318, 28470, 61849, 26074, 24481, 33234, 11701, 90978, 8418, 34547, 73073, 14229, 92931, 45528, 46305, 58234, 95428, 52910, 64691, 89529, 6125, 95529, 23717, 34258, 15039, 26343, 25322, 18533, 87153, 22501, 24377, 93511, 91108, 66007, 60481, 95208, 62676, 92031, 61249, 21040, 27224, 8088, 84181, 33593, 86548, 72607, 12800, 5611, 73844, 6692, 65230, 36526, 2469, 35635, 48449, 14719, 78189, 85243, 55844, 24071, 23788, 78878, 22883, 30166, 25797, 10713, 24202, 63862, 69116, 6614, 65627, 74821, 9118, 52050, 1045, 85212, 62012, 89898, 79364, 88858, 96964, 35830, 60888, 26734, 88556, 30404, 7619, 80278, 68622, 93232, 34306, 31485, 56275, 18665, 75621, 64839, 93770, 28199, 22239, 59130, 77628, 99168, 70420, 75781, 62501, 671, 82149, 26309, 8026, 6187, 34342, 77941, 96327, 7003, 65713, 2941, 26673, 45799, 5550, 98918, 65458, 56546, 58743, 93533, 64790, 30347, 32662, 73325, 77970, 21733, 35559, 73040, 79043, 59441, 82022, 37637, 7661, 94041, 96708, 7898, 70255, 89025, 83488, 90561, 63581, 77717, 74197, 27575, 58299, 53110, 73807, 71575, 26219, 35022, 49263, 13153, 34531, 51399, 44165, 26477, 4658, 89217, 10088, 77375, 38696, 57234, 69828, 27880, 19969, 12884, 48301, 32382, 79158, 72530, 2303, 28606, 30300, 17727, 74408, 82473, 74031, 47501, 28349, 67701, 75802, 89880, 6847, 37677, 42094, 59098, 33292, 25396, 1653, 33802, 37033, 82988, 18807, 34788, 32442, 21412, 79504, 70667, 67140, 188, 92567, 14712, 41955, 83231, 16604, 44261, 9248, 17311, 28714, 91679, 32487, 26287, 45537, 96338, 4907, 91004, 40305, 38855, 30113, 31802, 90368, 29632, 22399, 27504, 74924, 64570, 3170, 73381, 73608, 82107, 55004, 28453, 81413, 83401, 86827, 3755, 19280, 39809, 58531, 69352, 77285, 75236, 65692, 7596, 96792, 61193, 32718, 15171, 87988, 30166, 54746, 77236, 17432, 95331, 38981, 88240, 38898, 32172, 79555, 11740, 12372, 21314, 35314, 93047, 42158, 12888, 45757, 12444, 53196, 24354, 10754, 11298, 51034, 29460, 54561, 63362, 63137, 80288, 88200, 90124, 34341, 79738, 29507, 1371, 45727, 33233, 20038, 80414, 21940, 30707, 90006, 24595, 36850, 16424, 43356, 57374, 16541, 37502, 37384, 44186, 1581, 55147, 81574, 36342, 34700, 77319, 28025, 42804, 70814, 97334, 63170, 45671, 92728, 50865, 61805, 79230, 95797, 79382, 69832, 39248, 70970, 62614, 68180, 36578, 66699, 90803, 28447, 48009, 97357, 19944, 60879, 16057, 92445, 75982, 37067, 41406, 92224, 10099, 38077, 10238, 68458, 6537, 63778, 57556, 62039, 11823, 13270, 39382, 5448, 99101, 892, 8806, 21031, 7912, 86405, 50251, 88331, 79170, 19276, 48689, 73426, 83963, 98871, 32530, 19826, 24930, 70628, 89666, 23784, 22342, 79694, 80437, 28733, 99765, 7735, 65443, 39629, 65691, 45234, 52942, 70165, 64742, 7593, 35389, 38346, 53370, 1486, 63745, 59201, 84112, 82078, 59842, 55744, 6361, 15079, 910, 53287, 86305, 5582, 34924, 69056, 67927, 31852, 80811, 3497, 24763, 76576, 6447, 51921, 24582, 67902, 99777, 99703, 83341, 49007, 99280, 24090, 6799, 52732, 30031, 47977, 87252, 5024, 40270, 25148, 18576, 16321, 73258, 96568, 50330, 93058, 53931, 82548, 70345, 30377, 16363, 46283, 71917, 19219, 34599, 59905, 76185, 99134, 52728, 85779, 32717, 4809, 23223, 7767, 36688, 17927, 33222, 5461, 58987, 99150, 82453, 68878, 27439, 92942, 79331, 71474, 34897, 35197, 84658, 51810, 88051, 90117, 15640, 25537, 1192, 5758, 16919, 16570, 54940, 71350, 57863, 28374, 25430, 96910, 25138, 30623, 84961, 23541, 35862, 94330, 34467, 45322, 3068, 32691, 19717, 72709, 77504, 12874, 8035, 4199, 32629, 29326, 50091, 4290, 69037, 67868, 4858, 18189, 81289, 10537, 34484, 97761, 36705, 52886, 29677, 92414, 65300, 4493, 83991, 25685, 6104, 23112, 72137, 96757, 13483, 18308, 221, 14358, 49795, 76044, 65013, 87872, 95304, 14399, 812, 64706, 60775, 65656, 55460, 64130, 33001, 14835, 17431, 45023, 79744, 46149, 17211, 1932, 89664, 35867, 75834, 45835, 33920, 51887, 56077, 57612, 3201, 66246, 43129, 72962, 59486, 41799, 36083, 78794, 55644, 16064, 47916, 43687, 87424, 99482, 17585, 78994, 36067, 56930, 68493, 83129, 64732, 86546, 74055, 94524, 52064, 83683, 31321, 53390, 89787, 97909, 96890, 42138, 43171, 63419, 72477, 642, 72325, 14142, 88837, 64298, 53853, 33912, 90976, 51351, 53580, 44520, 1115, 7377, 51291, 91564, 16199, 86922, 17805, 85895, 43694, 18547, 43604, 34423, 97118, 34445, 84791, 71375, 31055, 9941, 27422, 27295, 25492, 21731, 54058, 56103, 74702, 88389, 39787, 83292, 56321, 80058, 48446, 90534, 99020, 53183, 57349, 5351, 62399, 11726, 72703, 23079, 88458, 14886, 42115, 37381, 53447, 80416, 75451, 17441, 22787, 25968, 37997, 43457, 70409, 3144, 30291, 27680, 46416, 33566, 93834, 69479, 8313, 69016, 56653]})"
37.0,9,41,41,24.987424612045288,210,"Genotype(dna={""<class 'abc.NT_0014'>"": [0, 9891], ""<class 'abc.NT_0014_P_00000'>"": [], ""<class 'abc.NT_0003'>"": [], ""<class 'abc.NT_0003_P_00000'>"": [], ""<class 'bool'>"": [34892, 98370, 93055, 22069, 91850, 93033, 11504, 95280, 56278, 13913, 91591, 97012, 50516, 59058, 91601, 80048, 98529, 76229, 96396, 90534, 62399, 14886, 86613, 30291, 93834, 69479, 91703], ""<class 'abc.NT_0000'>"": [0, 2, 3, 0, 0, 66646, 80541, 0, 57112, 0, 0, 0, 0, 52153, 3, 67907, 2, 0, 2823, 0, 47365, 0, 40082, 0, 1, 35560, 2, 0, 2, 6530, 90460, 0, 0, 0, 1053, 51537, 1, 3136, 63679, 1290, 48446, 25314, 57349, 5351, 72703, 23079, 41017, 75451, 17441, 35176, 25968, 36249, 43457, 70409, 3144], ""<class 'abc.NT_0000_P_00000'>"": [], ""<class 'int'>"": [11527, 89970, 15638, 94912, 12901, 49242, 25019, 94292, 7422, 84436, 79517, 68747, 83981, 41079, 54502, 66359, 24459, 66531, 7776, 87223, 18331, 85267, 30558, 2676, 26738, 18149, 77382, 79248, 84283, 30291, 69479, 56653, 51366, 76187, 63194, 54071, 7575, 38385], ""<class 'abc.NT_0000_P_00001'>"": [], ""<class 'abc.NT_0000_P_00002'>"": [], ""<class 'abc.NT_0000_P_00003'>"": [], ""<class 'abc.NT_0001'>"": [1, 99233, 59169, 80416, 13326, 33566, 56653], ""<class 'abc.NT_0001_P_00000'>"": [], ""<class 'abc.NT_0001_P_00001'>"": [], ""<class 'abc.NT_0001_P_00002'>"": [], ""<class 'abc.NT_0001_P_00003'>"": [], ""<class 'abc.NT_0001_P_00004'>"": [], ""<class 'abc.NT_0001_P_00005'>"": [], ""<class 'abc.NT_0001_P_00006'>"": [], ""<class 'abc.NT_0003_P_00001'>"": [], ""<class 'abc.NT_0002'>"": [0, 54058], ""<class 'abc.NT_0002_P_00000'>"": [], ""<class 'abc.NT_0002_P_00001'>"": [], ""<class 'abc.NT_0002_P_00002'>"": [], ""<class 'abc.NT_0002_P_00003'>"": [], ""<class 'abc.NT_0004'>"": [], ""<class 'abc.NT_0004_P_00000'>"": [], ""<class 'abc.NT_0014_P_00001'>"": [], ""<class 'abc.NT_0013'>"": [43273, 87753, 70326], ""<class 'abc.NT_0013_P_00000'>"": [], ""<class 'abc.NT_0011'>"": [1, 98607], ""<class 'abc.NT_0011_P_00000'>"": [], ""<class 'abc.NT_0011_P_00001'>"": [], ""<class 'abc.NT_0008'>"": [56358, 25492], ""<class 'abc.NT_0008_P_00000'>"": [], ""<class 'abc.NT_0005'>"": [65439, 70998], ""<class 'abc.NT_0005_P_00000'>"": [], ""<class 'abc.NT_0005_P_00001'>"": [], ""<class 'abc.NT_0007'>"": [0, 27295], ""<class 'abc.NT_0007_P_00000'>"": [], ""<class 'abc.NT_0006'>"": [51447, 91312], ""<class 'abc.NT_0006_P_00000'>"": [], ""<class 'abc.NT_0006_P_00001'>"": [], ""<class 'abc.NT_0007_P_00001'>"": [], ""<class 'abc.NT_0007_P_00002'>"": [], ""<class 'abc.NT_0007_P_00003'>"": [], ""<class 'abc.NT_0008_P_00001'>"": [], ""<class 'abc.NT_0009'>"": [8, 58070, 39787], ""<class 'abc.NT_0009_P_00000'>"": [], ""<class 'abc.NT_0009_P_00001'>"": [], ""<class 'abc.NT_0009_P_00002'>"": [], ""<class 'abc.NT_0009_P_00003'>"": [], ""<class 'abc.NT_0009_P_00004'>"": [], ""<class 'abc.NT_0009_P_00005'>"": [], ""<class 'abc.NT_0009_P_00006'>"": [], ""<class 'abc.NT_0009_P_00007'>"": [], ""<class 'abc.NT_0009_P_00008'>"": [], ""<class 'abc.NT_0011_P_00002'>"": [], ""<class 'abc.NT_0010'>"": [53447, 89091], ""<class 'abc.NT_0010_P_00000'>"": [], ""<class 'abc.NT_0010_P_00001'>"": [], ""<class 'abc.NT_0010_P_00002'>"": [], ""<class 'abc.NT_0010_P_00003'>"": [], ""<class 'abc.NT_0010_P_00004'>"": [], ""<class 'abc.NT_0010_P_00005'>"": [], ""<class 'abc.NT_0011_P_00003'>"": [], ""<class 'abc.NT_0011_P_00004'>"": [], ""<class 'abc.NT_0011_P_00005'>"": [], ""<class 'abc.NT_0011_P_00006'>"": [], ""<class 'abc.NT_0011_P_00007'>"": [], ""<class 'abc.NT_0011_P_00008'>"": [], ""<class 'abc.NT_0011_P_00009'>"": [], ""<class 'abc.NT_0014_P_00002'>"": [], ""<class 'abc.NT_0014_P_00003'>"": [], ""<class 'abc.NT_0014_P_00004'>"": [], '$leftovers': [612, 51366, 29977, 7941, 62781, 93978, 48081, 63396, 57279, 63194, 37786, 54499, 54071, 7255, 805, 91855, 9788, 55863, 13874, 90931, 38385, 43619, 36227, 61359, 25033, 26828, 94952, 78514, 81573, 7035, 57599, 63649, 37284, 79243, 23816, 36097, 45176, 45221, 21659, 73410, 77378, 61609, 53485, 83091, 55364, 804, 37863, 62128, 64631, 84523, 68409, 46658, 59869, 22948, 53816, 17703, 86036, 23930, 54711, 27159, 47907, 22129, 19429, 11704, 67050, 80298, 69224, 57646, 14733, 44317, 85077, 74191, 78264, 27076, 89776, 5196, 46711, 95884, 100000, 42859, 92197, 62164, 34041, 96434, 9186, 84986, 23729, 32442, 9078, 30947, 10584, 90176, 39265, 2903, 26641, 17813, 64068, 47390, 53496, 84055, 91192, 43627, 10978, 20051, 63072, 17541, 52384, 82602, 2071, 73349, 76496, 93237, 90746, 94169, 1089, 1963, 87259, 78716, 97251, 74560, 92319, 88430, 30065, 35943, 26646, 58575, 20564, 68822, 1955, 11977, 701, 8879, 51642, 65013, 37021, 8254, 64968, 54544, 55206, 50487, 94823, 39401, 11005, 50507, 4078, 47520, 40046, 60171, 93652, 930, 40344, 61205, 60575, 32914, 87845, 18974, 88335, 23738, 9159, 67945, 35873, 79289, 92027, 47069, 50717, 19269, 86431, 12677, 1847, 82569, 10719, 49874, 57438, 74245, 9728, 35214, 60927, 50418, 3072, 33653, 84097, 10451, 10948, 43565, 35042, 52901, 60373, 71523, 99916, 21066, 31862, 7158, 61957, 29065, 73503, 77066, 90914, 2224, 23949, 58836, 36313, 52163, 15402, 95181, 97248, 72223, 64484, 31579, 7361, 13133, 8559, 5315, 12957, 97480, 15964, 47289, 18201, 64048, 38836, 23949, 65274, 81688, 15908, 97641, 68909, 88194, 58203, 54156, 17884, 17015, 98114, 85070, 44487, 35609, 43946, 13163, 68656, 46368, 64590, 40998, 4333, 23209, 48312, 91519, 45912, 95154, 82162, 65190, 2680, 41571, 50993, 530, 20715, 62325, 69130, 87411, 51896, 25041, 1061, 92007, 16083, 61009, 22448, 76926, 40530, 5740, 65551, 74307, 70243, 88860, 56449, 62236, 73737, 14864, 20769, 33438, 2720, 19958, 14224, 62871, 11924, 4195, 94579, 90772, 15850, 32394, 39534, 94217, 24432, 49736, 19142, 95031, 91556, 84878, 36003, 82744, 39005, 77560, 67854, 74174, 65238, 42610, 38442, 5045, 8394, 50169, 85223, 39318, 11999, 19698, 62218, 20982, 75579, 83921, 36322, 81232, 74890, 79155, 7974, 87957, 31618, 15302, 46288, 41529, 54402, 51898, 8904, 68466, 16655, 33307, 87657, 62302, 99805, 94712, 27432, 6792, 318, 28470, 61849, 26074, 24481, 33234, 11701, 90978, 8418, 34547, 73073, 14229, 92931, 45528, 46305, 58234, 95428, 52910, 64691, 89529, 6125, 95529, 23717, 34258, 15039, 26343, 25322, 18533, 87153, 22501, 24377, 93511, 91108, 66007, 60481, 95208, 62676, 92031, 61249, 21040, 27224, 8088, 84181, 33593, 86548, 72607, 12800, 5611, 73844, 6692, 65230, 36526, 2469, 35635, 48449, 14719, 78189, 85243, 55844, 24071, 23788, 78878, 22883, 30166, 25797, 10713, 24202, 63862, 69116, 6614, 65627, 74821, 9118, 52050, 1045, 85212, 62012, 89898, 79364, 88858, 96964, 35830, 60888, 26734, 88556, 30404, 7619, 80278, 68622, 93232, 34306, 31485, 56275, 18665, 75621, 64839, 93770, 28199, 22239, 59130, 77628, 99168, 70420, 75781, 62501, 671, 82149, 26309, 8026, 6187, 34342, 77941, 96327, 7003, 65713, 2941, 26673, 45799, 5550, 98918, 65458, 56546, 58743, 93533, 64790, 30347, 32662, 73325, 77970, 21733, 35559, 73040, 79043, 59441, 82022, 37637, 7661, 94041, 96708, 7898, 70255, 89025, 83488, 90561, 63581, 77717, 74197, 27575, 58299, 53110, 73807, 71575, 26219, 35022, 49263, 13153, 34531, 51399, 44165, 26477, 4658, 89217, 10088, 77375, 38696, 57234, 69828, 27880, 19969, 12884, 48301, 32382, 79158, 72530, 2303, 28606, 30300, 17727, 74408, 82473, 74031, 47501, 28349, 67701, 75802, 89880, 6847, 37677, 42094, 59098, 33292, 25396, 1653, 33802, 37033, 82988, 18807, 34788, 32442, 21412, 79504, 70667, 67140, 188, 92567, 14712, 41955, 83231, 16604, 44261, 9248, 17311, 28714, 91679, 32487, 26287, 45537, 96338, 4907, 91004, 40305, 38855, 30113, 31802, 90368, 29632, 22399, 27504, 74924, 64570, 3170, 73381, 73608, 82107, 55004, 28453, 81413, 83401, 86827, 3755, 19280, 39809, 58531, 69352, 77285, 75236, 65692, 7596, 96792, 61193, 32718, 15171, 87988, 30166, 54746, 77236, 17432, 95331, 38981, 88240, 38898, 32172, 79555, 11740, 12372, 21314, 35314, 93047, 42158, 12888, 45757, 12444, 53196, 24354, 10754, 11298, 51034, 29460, 54561, 63362, 63137, 80288, 88200, 90124, 34341, 79738, 29507, 1371, 45727, 33233, 20038, 80414, 21940, 30707, 90006, 24595, 36850, 16424, 43356, 57374, 16541, 37502, 37384, 44186, 1581, 55147, 81574, 36342, 34700, 77319, 28025, 42804, 70814, 97334, 63170, 45671, 92728, 50865, 61805, 79230, 95797, 79382, 69832, 39248, 70970, 62614, 68180, 36578, 66699, 90803, 28447, 48009, 97357, 19944, 60879, 16057, 92445, 75982, 37067, 41406, 92224, 10099, 38077, 10238, 68458, 6537, 63778, 57556, 62039, 11823, 13270, 39382, 5448, 99101, 892, 8806, 21031, 7912, 86405, 50251, 88331, 79170, 19276, 48689, 73426, 83963, 98871, 32530, 19826, 24930, 70628, 89666, 23784, 22342, 79694, 80437, 28733, 99765, 7735, 65443, 39629, 65691, 45234, 52942, 70165, 64742, 7593, 35389, 38346, 53370, 1486, 63745, 59201, 84112, 82078, 59842, 55744, 6361, 15079, 910, 53287, 86305, 5582, 34924, 69056, 67927, 31852, 80811, 3497, 24763, 76576, 6447, 51921, 24582, 67902, 99777, 99703, 83341, 49007, 99280, 24090, 6799, 52732, 30031, 47977, 87252, 5024, 40270, 25148, 18576, 16321, 73258, 96568, 50330, 93058, 53931, 82548, 70345, 30377, 16363, 46283, 71917, 19219, 34599, 59905, 76185, 99134, 52728, 85779, 32717, 4809, 23223, 7767, 36688, 17927, 33222, 5461, 58987, 99150, 82453, 68878, 27439, 92942, 79331, 71474, 34897, 35197, 84658, 51810, 88051, 90117, 15640, 25537, 1192, 5758, 16919, 16570, 54940, 71350, 57863, 28374, 25430, 96910, 25138, 30623, 84961, 23541, 35862, 94330, 34467, 45322, 3068, 32691, 19717, 72709, 77504, 12874, 8035, 4199, 32629, 29326, 50091, 4290, 69037, 67868, 4858, 18189, 81289, 10537, 34484, 97761, 36705, 52886, 29677, 92414, 65300, 4493, 83991, 25685, 6104, 23112, 72137, 96757, 13483, 18308, 221, 14358, 49795, 76044, 65013, 87872, 95304, 14399, 812, 64706, 60775, 65656, 55460, 64130, 33001, 14835, 17431, 45023, 79744, 46149, 17211, 1932, 89664, 35867, 75834, 45835, 33920, 51887, 56077, 57612, 3201, 66246, 43129, 72962, 59486, 41799, 36083, 78794, 55644, 16064, 47916, 43687, 87424, 99482, 17585, 78994, 36067, 56930, 68493, 83129, 64732, 86546, 74055, 94524, 52064, 83683, 31321, 53390, 89787, 97909, 96890, 42138, 43171, 63419, 72477, 642, 72325, 14142, 88837, 64298, 53853, 33912, 90976, 51351, 53580, 44520, 1115, 7377, 51291, 91564, 16199, 86922, 17805, 85895, 43694, 18547, 43604, 34423, 97118, 34445, 84791, 71375, 31055, 9941, 27422, 27295, 25492, 21731, 54058, 56103, 74702, 88389, 39787, 83292, 56321, 80058, 48446, 90534, 99020, 53183, 57349, 5351, 62399, 11726, 72703, 23079, 88458, 14886, 42115, 37381, 53447, 80416, 75451, 17441, 22787, 25968, 37997, 43457, 70409, 3144, 30291, 27680, 46416, 33566, 93834, 69479, 8313, 69016, 56653]})"
36.0,9,40,42,25.383454084396362,210,"Genotype(dna={""<class 'abc.NT_0014'>"": [0, 9891], ""<class 'abc.NT_0014_P_00000'>"": [], ""<class 'abc.NT_0003'>"": [], ""<class 'abc.NT_0003_P_00000'>"": [], ""<class 'bool'>"": [75639, 98370, 9004, 61822, 12453, 93033, 11504, 95280, 56278, 80950, 98870, 14915, 99879, 59058, 91601, 80048, 98529, 76229, 96396, 90534, 62399, 14886, 86613, 30291, 93834, 69479, 91703], ""<class 'abc.NT_0000'>"": [0, 2, 3, 0, 0, 66646, 57118, 0, 93521, 0, 0, 0, 0, 52153, 3, 67907, 2, 0, 2823, 0, 47365, 0, 40082, 0, 1, 35560, 64180, 0, 2, 6530, 90460, 2937, 0, 0, 1053, 51537, 1, 3136, 63679, 57875, 48446, 44128, 57349, 5351, 72703, 23079, 41017, 75451, 17441, 35176, 25968, 36249, 43457, 70409, 3144], ""<class 'abc.NT_0000_P_00000'>"": [], ""<class 'int'>"": [11527, 63545, 54750, 94912, 12901, 49242, 25019, 94292, 7422, 84436, 79517, 68747, 83981, 47712, 54502, 66359, 81132, 21019, 7776, 87223, 18331, 30312, 30558, 2676, 26738, 99892, 77382, 79248, 84283, 30291, 69479, 56653, 72334, 76187, 63194, 54071, 7575, 38385], ""<class 'abc.NT_0000_P_00001'>"": [], ""<class 'abc.NT_0000_P_00002'>"": [], ""<class 'abc.NT_0000_P_00003'>"": [], ""<class 'abc.NT_0001'>"": [1, 99233, 59169, 80416, 13326, 33566, 79623], ""<class 'abc.NT_0001_P_00000'>"": [], ""<class 'abc.NT_0001_P_00001'>"": [], ""<class 'abc.NT_0001_P_00002'>"": [], ""<class 'abc.NT_0001_P_00003'>"": [], ""<class 'abc.NT_0001_P_00004'>"": [], ""<class 'abc.NT_0001_P_00005'>"": [], ""<class 'abc.NT_0001_P_00006'>"": [], ""<class 'abc.NT_0003_P_00001'>"": [], ""<class 'abc.NT_0002'>"": [0, 54058], ""<class 'abc.NT_0002_P_00000'>"": [], ""<class 'abc.NT_0002_P_00001'>"": [], ""<class 'abc.NT_0002_P_00002'>"": [], ""<class 'abc.NT_0002_P_00003'>"": [], ""<class 'abc.NT_0004'>"": [], ""<class 'abc.NT_0004_P_00000'>"": [], ""<class 'abc.NT_0014_P_00001'>"": [], ""<class 'abc.NT_0013'>"": [43273, 87753, 83292], ""<class 'abc.NT_0013_P_00000'>"": [], ""<class 'abc.NT_0011'>"": [1, 98607], ""<class 'abc.NT_0011_P_00000'>"": [], ""<class 'abc.NT_0011_P_00001'>"": [], ""<class 'abc.NT_0008'>"": [56358, 25492], ""<class 'abc.NT_0008_P_00000'>"": [], ""<class 'abc.NT_0005'>"": [20682, 95608], ""<class 'abc.NT_0005_P_00000'>"": [], ""<class 'abc.NT_0005_P_00001'>"": [], ""<class 'abc.NT_0007'>"": [37177, 27295], ""<class 'abc.NT_0007_P_00000'>"": [], ""<class 'abc.NT_0006'>"": [51447, 91312], ""<class 'abc.NT_0006_P_00000'>"": [], ""<class 'abc.NT_0006_P_00001'>"": [], ""<class 'abc.NT_0007_P_00001'>"": [], ""<class 'abc.NT_0007_P_00002'>"": [], ""<class 'abc.NT_0007_P_00003'>"": [], ""<class 'abc.NT_0008_P_00001'>"": [], ""<class 'abc.NT_0009'>"": [8, 58070, 39787], ""<class 'abc.NT_0009_P_00000'>"": [], ""<class 'abc.NT_0009_P_00001'>"": [], ""<class 'abc.NT_0009_P_00002'>"": [], ""<class 'abc.NT_0009_P_00003'>"": [], ""<class 'abc.NT_0009_P_00004'>"": [], ""<class 'abc.NT_0009_P_00005'>"": [], ""<class 'abc.NT_0009_P_00006'>"": [], ""<class 'abc.NT_0009_P_00007'>"": [], ""<class 'abc.NT_0009_P_00008'>"": [], ""<class 'abc.NT_0011_P_00002'>"": [], ""<class 'abc.NT_0010'>"": [53447, 89091], ""<class 'abc.NT_0010_P_00000'>"": [], ""<class 'abc.NT_0010_P_00001'>"": [], ""<class 'abc.NT_0010_P_00002'>"": [], ""<class 'abc.NT_0010_P_00003'>"": [], ""<class 'abc.NT_0010_P_00004'>"": [], ""<class 'abc.NT_0010_P_00005'>"": [], ""<class 'abc.NT_0011_P_00003'>"": [], ""<class 'abc.NT_0011_P_00004'>"": [], ""<class 'abc.NT_0011_P_00005'>"": [], ""<class 'abc.NT_0011_P_00006'>"": [], ""<class 'abc.NT_0011_P_00007'>"": [], ""<class 'abc.NT_0011_P_00008'>"": [], ""<class 'abc.NT_0011_P_00009'>"": [], ""<class 'abc.NT_0014_P_00002'>"": [], ""<class 'abc.NT_0014_P_00003'>"": [], ""<class 'abc.NT_0014_P_00004'>"": [], '$leftovers': [56653, 612, 51366, 29977, 7941, 62781, 93978, 48081, 63396, 57279, 63194, 37786, 54499, 54071, 7255, 805, 91855, 9788, 55863, 13874, 90931, 38385, 43619, 36227, 61359, 25033, 26828, 94952, 78514, 81573, 7035, 57599, 63649, 37284, 79243, 23816, 36097, 45176, 45221, 21659, 73410, 77378, 61609, 53485, 83091, 55364, 804, 37863, 62128, 64631, 84523, 68409, 46658, 59869, 22948, 53816, 17703, 86036, 23930, 54711, 27159, 47907, 22129, 19429, 11704, 67050, 80298, 69224, 57646, 14733, 44317, 85077, 74191, 78264, 27076, 89776, 5196, 46711, 95884, 100000, 42859, 92197, 62164, 34041, 96434, 9186, 84986, 23729, 32442, 9078, 30947, 10584, 90176, 39265, 2903, 26641, 17813, 64068, 47390, 53496, 84055, 91192, 43627, 10978, 20051, 63072, 17541, 52384, 82602, 2071, 73349, 76496, 93237, 90746, 94169, 1089, 1963, 87259, 78716, 97251, 74560, 92319, 88430, 30065, 35943, 26646, 58575, 20564, 68822, 1955, 11977, 701, 8879, 51642, 65013, 37021, 8254, 64968, 54544, 55206, 50487, 94823, 39401, 11005, 50507, 4078, 47520, 40046, 60171, 93652, 930, 40344, 61205, 60575, 32914, 87845, 18974, 88335, 23738, 9159, 67945, 35873, 79289, 92027, 47069, 50717, 19269, 86431, 12677, 1847, 82569, 10719, 49874, 57438, 74245, 9728, 35214, 60927, 50418, 3072, 33653, 84097, 10451, 10948, 43565, 35042, 52901, 60373, 71523, 99916, 21066, 31862, 7158, 61957, 29065, 73503, 77066, 90914, 2224, 23949, 58836, 36313, 52163, 15402, 95181, 97248, 72223, 64484, 31579, 7361, 13133, 8559, 5315, 12957, 97480, 15964, 47289, 18201, 64048, 38836, 23949, 65274, 81688, 15908, 97641, 68909, 88194, 58203, 54156, 17884, 17015, 98114, 85070, 44487, 35609, 43946, 13163, 68656, 46368, 64590, 40998, 4333, 23209, 48312, 91519, 45912, 95154, 82162, 65190, 2680, 41571, 50993, 530, 20715, 62325, 69130, 87411, 51896, 25041, 1061, 92007, 16083, 61009, 22448, 76926, 40530, 5740, 65551, 74307, 70243, 88860, 56449, 62236, 73737, 14864, 20769, 33438, 2720, 19958, 14224, 62871, 11924, 4195, 94579, 90772, 15850, 32394, 39534, 94217, 24432, 49736, 19142, 95031, 91556, 84878, 36003, 82744, 39005, 77560, 67854, 74174, 65238, 42610, 38442, 5045, 8394, 50169, 85223, 39318, 11999, 19698, 62218, 20982, 75579, 83921, 36322, 81232, 74890, 79155, 7974, 87957, 31618, 15302, 46288, 41529, 54402, 51898, 8904, 68466, 16655, 33307, 87657, 62302, 99805, 94712, 27432, 6792, 318, 28470, 61849, 26074, 24481, 33234, 11701, 90978, 8418, 34547, 73073, 14229, 92931, 45528, 46305, 58234, 95428, 52910, 64691, 89529, 6125, 95529, 23717, 34258, 15039, 26343, 25322, 18533, 87153, 22501, 24377, 93511, 91108, 66007, 60481, 95208, 62676, 92031, 61249, 21040, 27224, 8088, 84181, 33593, 86548, 72607, 12800, 5611, 73844, 6692, 65230, 36526, 2469, 35635, 48449, 14719, 78189, 85243, 55844, 24071, 23788, 78878, 22883, 30166, 25797, 10713, 24202, 63862, 69116, 6614, 65627, 74821, 9118, 52050, 1045, 85212, 62012, 89898, 79364, 88858, 96964, 35830, 60888, 26734, 88556, 30404, 7619, 80278, 68622, 93232, 34306, 31485, 56275, 18665, 75621, 64839, 93770, 28199, 22239, 59130, 77628, 99168, 70420, 75781, 62501, 671, 82149, 26309, 8026, 6187, 34342, 77941, 96327, 7003, 65713, 2941, 26673, 45799, 5550, 98918, 65458, 56546, 58743, 93533, 64790, 30347, 32662, 73325, 77970, 21733, 35559, 73040, 79043, 59441, 82022, 37637, 7661, 94041, 96708, 7898, 70255, 89025, 83488, 90561, 63581, 77717, 74197, 27575, 58299, 53110, 73807, 71575, 26219, 35022, 49263, 13153, 34531, 51399, 44165, 26477, 4658, 89217, 10088, 77375, 38696, 57234, 69828, 27880, 19969, 12884, 48301, 32382, 79158, 72530, 2303, 28606, 30300, 17727, 74408, 82473, 74031, 47501, 28349, 67701, 75802, 89880, 6847, 37677, 42094, 59098, 33292, 25396, 1653, 33802, 37033, 82988, 18807, 34788, 32442, 21412, 79504, 70667, 67140, 188, 92567, 14712, 41955, 83231, 16604, 44261, 9248, 17311, 28714, 91679, 32487, 26287, 45537, 96338, 4907, 91004, 40305, 38855, 30113, 31802, 90368, 29632, 22399, 27504, 74924, 64570, 3170, 73381, 73608, 82107, 55004, 28453, 81413, 83401, 86827, 3755, 19280, 39809, 58531, 69352, 77285, 75236, 65692, 7596, 96792, 61193, 32718, 15171, 87988, 30166, 54746, 77236, 17432, 95331, 38981, 88240, 38898, 32172, 79555, 11740, 12372, 21314, 35314, 93047, 42158, 12888, 45757, 12444, 53196, 24354, 10754, 11298, 51034, 29460, 54561, 63362, 63137, 80288, 88200, 90124, 34341, 79738, 29507, 1371, 45727, 33233, 20038, 80414, 21940, 30707, 90006, 24595, 36850, 16424, 43356, 57374, 16541, 37502, 37384, 44186, 1581, 55147, 81574, 36342, 34700, 77319, 28025, 42804, 70814, 97334, 63170, 45671, 92728, 50865, 61805, 79230, 95797, 79382, 69832, 39248, 70970, 62614, 68180, 36578, 66699, 90803, 28447, 48009, 97357, 19944, 60879, 16057, 92445, 75982, 37067, 41406, 92224, 10099, 38077, 10238, 68458, 6537, 63778, 57556, 62039, 11823, 13270, 39382, 5448, 99101, 892, 8806, 21031, 7912, 86405, 50251, 88331, 79170, 19276, 48689, 73426, 83963, 98871, 32530, 19826, 24930, 70628, 89666, 23784, 22342, 79694, 80437, 28733, 99765, 7735, 65443, 39629, 65691, 45234, 52942, 70165, 64742, 7593, 35389, 38346, 53370, 1486, 63745, 59201, 84112, 82078, 59842, 55744, 6361, 15079, 910, 53287, 86305, 5582, 34924, 69056, 67927, 31852, 80811, 3497, 24763, 76576, 6447, 51921, 24582, 67902, 99777, 99703, 83341, 49007, 99280, 24090, 6799, 52732, 30031, 47977, 87252, 5024, 40270, 25148, 18576, 16321, 73258, 96568, 50330, 93058, 53931, 82548, 70345, 30377, 16363, 46283, 71917, 19219, 34599, 59905, 76185, 99134, 52728, 85779, 32717, 4809, 23223, 7767, 36688, 17927, 33222, 5461, 58987, 99150, 82453, 68878, 27439, 92942, 79331, 71474, 34897, 35197, 84658, 51810, 88051, 90117, 15640, 25537, 1192, 5758, 16919, 16570, 54940, 71350, 57863, 28374, 25430, 96910, 25138, 30623, 84961, 23541, 35862, 94330, 34467, 45322, 3068, 32691, 19717, 72709, 77504, 12874, 8035, 4199, 32629, 29326, 50091, 4290, 69037, 67868, 4858, 18189, 81289, 10537, 34484, 97761, 36705, 52886, 29677, 92414, 65300, 4493, 83991, 25685, 6104, 23112, 72137, 96757, 13483, 18308, 221, 14358, 49795, 76044, 65013, 87872, 95304, 14399, 812, 64706, 60775, 65656, 55460, 64130, 33001, 14835, 17431, 45023, 79744, 46149, 17211, 1932, 89664, 35867, 75834, 45835, 33920, 51887, 56077, 57612, 3201, 66246, 43129, 72962, 59486, 41799, 36083, 78794, 55644, 16064, 47916, 43687, 87424, 99482, 17585, 78994, 36067, 56930, 68493, 83129, 64732, 86546, 74055, 94524, 52064, 83683, 31321, 53390, 89787, 97909, 96890, 42138, 43171, 63419, 72477, 642, 72325, 14142, 88837, 64298, 53853, 33912, 90976, 51351, 53580, 44520, 1115, 7377, 51291, 91564, 16199, 86922, 17805, 85895, 43694, 18547, 43604, 34423, 97118, 34445, 84791, 71375, 31055, 9941, 27422, 27295, 25492, 21731, 54058, 56103, 74702, 88389, 39787, 83292, 56321, 80058, 48446, 90534, 99020, 53183, 57349, 5351, 62399, 11726, 72703, 23079, 88458, 14886, 42115, 37381, 53447, 80416, 75451, 17441, 22787, 25968, 37997, 43457, 70409, 3144, 30291, 27680, 46416, 33566, 93834, 69479, 8313, 69016]})"
36.0,9,40,43,25.799686670303345,210,"Genotype(dna={""<class 'abc.NT_0014'>"": [0, 9891], ""<class 'abc.NT_0014_P_00000'>"": [], ""<class 'abc.NT_0003'>"": [], ""<class 'abc.NT_0003_P_00000'>"": [], ""<class 'bool'>"": [75639, 98370, 9004, 61822, 12453, 93033, 11504, 95280, 56278, 80950, 98870, 14915, 99879, 59058, 91601, 80048, 98529, 76229, 96396, 90534, 62399, 14886, 86613, 30291, 93834, 69479, 91703], ""<class 'abc.NT_0000'>"": [0, 2, 3, 0, 0, 66646, 57118, 0, 93521, 0, 0, 0, 0, 52153, 3, 67907, 2, 0, 2823, 0, 47365, 0, 40082, 0, 1, 35560, 64180, 0, 2, 6530, 90460, 2937, 0, 0, 1053, 51537, 1, 3136, 63679, 57875, 48446, 44128, 57349, 5351, 72703, 23079, 41017, 75451, 17441, 35176, 25968, 36249, 43457, 70409, 3144], ""<class 'abc.NT_0000_P_00000'>"": [], ""<class 'int'>"": [11527, 63545, 54750, 94912, 12901, 49242, 25019, 94292, 7422, 84436, 79517, 68747, 83981, 47712, 54502, 66359, 81132, 21019, 7776, 87223, 18331, 30312, 30558, 2676, 26738, 99892, 77382, 79248, 84283, 30291, 69479, 56653, 72334, 76187, 63194, 54071, 7575, 38385], ""<class 'abc.NT_0000_P_00001'>"": [], ""<class 'abc.NT_0000_P_00002'>"": [], ""<class 'abc.NT_0000_P_00003'>"": [], ""<class 'abc.NT_0001'>"": [1, 99233, 59169, 80416, 13326, 33566, 79623], ""<class 'abc.NT_0001_P_00000'>"": [], ""<class 'abc.NT_0001_P_00001'>"": [], ""<class 'abc.NT_0001_P_00002'>"": [], ""<class 'abc.NT_0001_P_00003'>"": [], ""<class 'abc.NT_0001_P_00004'>"": [], ""<class 'abc.NT_0001_P_00005'>"": [], ""<class 'abc.NT_0001_P_00006'>"": [], ""<class 'abc.NT_0003_P_00001'>"": [], ""<class 'abc.NT_0002'>"": [0, 54058], ""<class 'abc.NT_0002_P_00000'>"": [], ""<class 'abc.NT_0002_P_00001'>"": [], ""<class 'abc.NT_0002_P_00002'>"": [], ""<class 'abc.NT_0002_P_00003'>"": [], ""<class 'abc.NT_0004'>"": [], ""<class 'abc.NT_0004_P_00000'>"": [], ""<class 'abc.NT_0014_P_00001'>"": [], ""<class 'abc.NT_0013'>"": [43273, 87753, 83292], ""<class 'abc.NT_0013_P_00000'>"": [], ""<class 'abc.NT_0011'>"": [1, 98607], ""<class 'abc.NT_0011_P_00000'>"": [], ""<class 'abc.NT_0011_P_00001'>"": [], ""<class 'abc.NT_0008'>"": [56358, 25492], ""<class 'abc.NT_0008_P_00000'>"": [], ""<class 'abc.NT_0005'>"": [20682, 95608], ""<class 'abc.NT_0005_P_00000'>"": [], ""<class 'abc.NT_0005_P_00001'>"": [], ""<class 'abc.NT_0007'>"": [37177, 27295], ""<class 'abc.NT_0007_P_00000'>"": [], ""<class 'abc.NT_0006'>"": [51447, 91312], ""<class 'abc.NT_0006_P_00000'>"": [], ""<class 'abc.NT_0006_P_00001'>"": [], ""<class 'abc.NT_0007_P_00001'>"": [], ""<class 'abc.NT_0007_P_00002'>"": [], ""<class 'abc.NT_0007_P_00003'>"": [], ""<class 'abc.NT_0008_P_00001'>"": [], ""<class 'abc.NT_0009'>"": [8, 58070, 39787], ""<class 'abc.NT_0009_P_00000'>"": [], ""<class 'abc.NT_0009_P_00001'>"": [], ""<class 'abc.NT_0009_P_00002'>"": [], ""<class 'abc.NT_0009_P_00003'>"": [], ""<class 'abc.NT_0009_P_00004'>"": [], ""<class 'abc.NT_0009_P_00005'>"": [], ""<class 'abc.NT_0009_P_00006'>"": [], ""<class 'abc.NT_0009_P_00007'>"": [], ""<class 'abc.NT_0009_P_00008'>"": [], ""<class 'abc.NT_0011_P_00002'>"": [], ""<class 'abc.NT_0010'>"": [53447, 89091], ""<class 'abc.NT_0010_P_00000'>"": [], ""<class 'abc.NT_0010_P_00001'>"": [], ""<class 'abc.NT_0010_P_00002'>"": [], ""<class 'abc.NT_0010_P_00003'>"": [], ""<class 'abc.NT_0010_P_00004'>"": [], ""<class 'abc.NT_0010_P_00005'>"": [], ""<class 'abc.NT_0011_P_00003'>"": [], ""<class 'abc.NT_0011_P_00004'>"": [], ""<class 'abc.NT_0011_P_00005'>"": [], ""<class 'abc.NT_0011_P_00006'>"": [], ""<class 'abc.NT_0011_P_00007'>"": [], ""<class 'abc.NT_0011_P_00008'>"": [], ""<class 'abc.NT_0011_P_00009'>"": [], ""<class 'abc.NT_0014_P_00002'>"": [], ""<class 'abc.NT_0014_P_00003'>"": [], ""<class 'abc.NT_0014_P_00004'>"": [], '$leftovers': [56653, 612, 51366, 29977, 7941, 62781, 93978, 48081, 63396, 57279, 63194, 37786, 54499, 54071, 7255, 805, 91855, 9788, 55863, 13874, 90931, 38385, 43619, 36227, 61359, 25033, 26828, 94952, 78514, 81573, 7035, 57599, 63649, 37284, 79243, 23816, 36097, 45176, 45221, 21659, 73410, 77378, 61609, 53485, 83091, 55364, 804, 37863, 62128, 64631, 84523, 68409, 46658, 59869, 22948, 53816, 17703, 86036, 23930, 54711, 27159, 47907, 22129, 19429, 11704, 67050, 80298, 69224, 57646, 14733, 44317, 85077, 74191, 78264, 27076, 89776, 5196, 46711, 95884, 100000, 42859, 92197, 62164, 34041, 96434, 9186, 84986, 23729, 32442, 9078, 30947, 10584, 90176, 39265, 2903, 26641, 17813, 64068, 47390, 53496, 84055, 91192, 43627, 10978, 20051, 63072, 17541, 52384, 82602, 2071, 73349, 76496, 93237, 90746, 94169, 1089, 1963, 87259, 78716, 97251, 74560, 92319, 88430, 30065, 35943, 26646, 58575, 20564, 68822, 1955, 11977, 701, 8879, 51642, 65013, 37021, 8254, 64968, 54544, 55206, 50487, 94823, 39401, 11005, 50507, 4078, 47520, 40046, 60171, 93652, 930, 40344, 61205, 60575, 32914, 87845, 18974, 88335, 23738, 9159, 67945, 35873, 79289, 92027, 47069, 50717, 19269, 86431, 12677, 1847, 82569, 10719, 49874, 57438, 74245, 9728, 35214, 60927, 50418, 3072, 33653, 84097, 10451, 10948, 43565, 35042, 52901, 60373, 71523, 99916, 21066, 31862, 7158, 61957, 29065, 73503, 77066, 90914, 2224, 23949, 58836, 36313, 52163, 15402, 95181, 97248, 72223, 64484, 31579, 7361, 13133, 8559, 5315, 12957, 97480, 15964, 47289, 18201, 64048, 38836, 23949, 65274, 81688, 15908, 97641, 68909, 88194, 58203, 54156, 17884, 17015, 98114, 85070, 44487, 35609, 43946, 13163, 68656, 46368, 64590, 40998, 4333, 23209, 48312, 91519, 45912, 95154, 82162, 65190, 2680, 41571, 50993, 530, 20715, 62325, 69130, 87411, 51896, 25041, 1061, 92007, 16083, 61009, 22448, 76926, 40530, 5740, 65551, 74307, 70243, 88860, 56449, 62236, 73737, 14864, 20769, 33438, 2720, 19958, 14224, 62871, 11924, 4195, 94579, 90772, 15850, 32394, 39534, 94217, 24432, 49736, 19142, 95031, 91556, 84878, 36003, 82744, 39005, 77560, 67854, 74174, 65238, 42610, 38442, 5045, 8394, 50169, 85223, 39318, 11999, 19698, 62218, 20982, 75579, 83921, 36322, 81232, 74890, 79155, 7974, 87957, 31618, 15302, 46288, 41529, 54402, 51898, 8904, 68466, 16655, 33307, 87657, 62302, 99805, 94712, 27432, 6792, 318, 28470, 61849, 26074, 24481, 33234, 11701, 90978, 8418, 34547, 73073, 14229, 92931, 45528, 46305, 58234, 95428, 52910, 64691, 89529, 6125, 95529, 23717, 34258, 15039, 26343, 25322, 18533, 87153, 22501, 24377, 93511, 91108, 66007, 60481, 95208, 62676, 92031, 61249, 21040, 27224, 8088, 84181, 33593, 86548, 72607, 12800, 5611, 73844, 6692, 65230, 36526, 2469, 35635, 48449, 14719, 78189, 85243, 55844, 24071, 23788, 78878, 22883, 30166, 25797, 10713, 24202, 63862, 69116, 6614, 65627, 74821, 9118, 52050, 1045, 85212, 62012, 89898, 79364, 88858, 96964, 35830, 60888, 26734, 88556, 30404, 7619, 80278, 68622, 93232, 34306, 31485, 56275, 18665, 75621, 64839, 93770, 28199, 22239, 59130, 77628, 99168, 70420, 75781, 62501, 671, 82149, 26309, 8026, 6187, 34342, 77941, 96327, 7003, 65713, 2941, 26673, 45799, 5550, 98918, 65458, 56546, 58743, 93533, 64790, 30347, 32662, 73325, 77970, 21733, 35559, 73040, 79043, 59441, 82022, 37637, 7661, 94041, 96708, 7898, 70255, 89025, 83488, 90561, 63581, 77717, 74197, 27575, 58299, 53110, 73807, 71575, 26219, 35022, 49263, 13153, 34531, 51399, 44165, 26477, 4658, 89217, 10088, 77375, 38696, 57234, 69828, 27880, 19969, 12884, 48301, 32382, 79158, 72530, 2303, 28606, 30300, 17727, 74408, 82473, 74031, 47501, 28349, 67701, 75802, 89880, 6847, 37677, 42094, 59098, 33292, 25396, 1653, 33802, 37033, 82988, 18807, 34788, 32442, 21412, 79504, 70667, 67140, 188, 92567, 14712, 41955, 83231, 16604, 44261, 9248, 17311, 28714, 91679, 32487, 26287, 45537, 96338, 4907, 91004, 40305, 38855, 30113, 31802, 90368, 29632, 22399, 27504, 74924, 64570, 3170, 73381, 73608, 82107, 55004, 28453, 81413, 83401, 86827, 3755, 19280, 39809, 58531, 69352, 77285, 75236, 65692, 7596, 96792, 61193, 32718, 15171, 87988, 30166, 54746, 77236, 17432, 95331, 38981, 88240, 38898, 32172, 79555, 11740, 12372, 21314, 35314, 93047, 42158, 12888, 45757, 12444, 53196, 24354, 10754, 11298, 51034, 29460, 54561, 63362, 63137, 80288, 88200, 90124, 34341, 79738, 29507, 1371, 45727, 33233, 20038, 80414, 21940, 30707, 90006, 24595, 36850, 16424, 43356, 57374, 16541, 37502, 37384, 44186, 1581, 55147, 81574, 36342, 34700, 77319, 28025, 42804, 70814, 97334, 63170, 45671, 92728, 50865, 61805, 79230, 95797, 79382, 69832, 39248, 70970, 62614, 68180, 36578, 66699, 90803, 28447, 48009, 97357, 19944, 60879, 16057, 92445, 75982, 37067, 41406, 92224, 10099, 38077, 10238, 68458, 6537, 63778, 57556, 62039, 11823, 13270, 39382, 5448, 99101, 892, 8806, 21031, 7912, 86405, 50251, 88331, 79170, 19276, 48689, 73426, 83963, 98871, 32530, 19826, 24930, 70628, 89666, 23784, 22342, 79694, 80437, 28733, 99765, 7735, 65443, 39629, 65691, 45234, 52942, 70165, 64742, 7593, 35389, 38346, 53370, 1486, 63745, 59201, 84112, 82078, 59842, 55744, 6361, 15079, 910, 53287, 86305, 5582, 34924, 69056, 67927, 31852, 80811, 3497, 24763, 76576, 6447, 51921, 24582, 67902, 99777, 99703, 83341, 49007, 99280, 24090, 6799, 52732, 30031, 47977, 87252, 5024, 40270, 25148, 18576, 16321, 73258, 96568, 50330, 93058, 53931, 82548, 70345, 30377, 16363, 46283, 71917, 19219, 34599, 59905, 76185, 99134, 52728, 85779, 32717, 4809, 23223, 7767, 36688, 17927, 33222, 5461, 58987, 99150, 82453, 68878, 27439, 92942, 79331, 71474, 34897, 35197, 84658, 51810, 88051, 90117, 15640, 25537, 1192, 5758, 16919, 16570, 54940, 71350, 57863, 28374, 25430, 96910, 25138, 30623, 84961, 23541, 35862, 94330, 34467, 45322, 3068, 32691, 19717, 72709, 77504, 12874, 8035, 4199, 32629, 29326, 50091, 4290, 69037, 67868, 4858, 18189, 81289, 10537, 34484, 97761, 36705, 52886, 29677, 92414, 65300, 4493, 83991, 25685, 6104, 23112, 72137, 96757, 13483, 18308, 221, 14358, 49795, 76044, 65013, 87872, 95304, 14399, 812, 64706, 60775, 65656, 55460, 64130, 33001, 14835, 17431, 45023, 79744, 46149, 17211, 1932, 89664, 35867, 75834, 45835, 33920, 51887, 56077, 57612, 3201, 66246, 43129, 72962, 59486, 41799, 36083, 78794, 55644, 16064, 47916, 43687, 87424, 99482, 17585, 78994, 36067, 56930, 68493, 83129, 64732, 86546, 74055, 94524, 52064, 83683, 31321, 53390, 89787, 97909, 96890, 42138, 43171, 63419, 72477, 642, 72325, 14142, 88837, 64298, 53853, 33912, 90976, 51351, 53580, 44520, 1115, 7377, 51291, 91564, 16199, 86922, 17805, 85895, 43694, 18547, 43604, 34423, 97118, 34445, 84791, 71375, 31055, 9941, 27422, 27295, 25492, 21731, 54058, 56103, 74702, 88389, 39787, 83292, 56321, 80058, 48446, 90534, 99020, 53183, 57349, 5351, 62399, 11726, 72703, 23079, 88458, 14886, 42115, 37381, 53447, 80416, 75451, 17441, 22787, 25968, 37997, 43457, 70409, 3144, 30291, 27680, 46416, 33566, 93834, 69479, 8313, 69016]})"
34.0,9,39,44,26.201096773147583,210,"Genotype(dna={""<class 'abc.NT_0014'>"": [0, 9891], ""<class 'abc.NT_0014_P_00000'>"": [], ""<class 'abc.NT_0003'>"": [], ""<class 'abc.NT_0003_P_00000'>"": [], ""<class 'bool'>"": [42736, 98370, 93055, 22069, 91850, 93033, 11504, 95280, 56278, 13913, 91591, 17896, 50516, 59058, 43440, 51583, 98529, 76229, 96396, 7244, 62399, 14886, 86613, 30291, 70165, 69479, 91703], ""<class 'abc.NT_0000'>"": [0, 2, 3, 0, 0, 66646, 80541, 79164, 27766, 0, 0, 0, 0, 52153, 3, 67907, 2, 0, 2823, 0, 47365, 0, 40082, 0, 1, 35560, 2, 0, 2, 6530, 90460, 0, 0, 0, 1053, 51537, 14149, 3136, 63679, 1290, 48446, 25314, 57349, 5351, 72703, 23079, 41017, 75451, 17441, 35176, 25968, 36249, 43457, 70409, 3144], ""<class 'abc.NT_0000_P_00000'>"": [], ""<class 'int'>"": [11527, 89970, 15638, 94912, 12901, 49242, 25019, 94292, 7422, 84436, 79517, 68747, 29153, 41079, 54502, 66359, 24459, 66531, 7776, 87223, 18331, 85267, 30558, 6703, 26738, 18149, 77382, 37633, 84283, 30291, 69479, 56653, 51366, 76187, 63194, 54071, 7575, 84760], ""<class 'abc.NT_0000_P_00001'>"": [], ""<class 'abc.NT_0000_P_00002'>"": [], ""<class 'abc.NT_0000_P_00003'>"": [], ""<class 'abc.NT_0001'>"": [1, 99233, 59169, 80416, 13326, 28500, 56653], ""<class 'abc.NT_0001_P_00000'>"": [], ""<class 'abc.NT_0001_P_00001'>"": [], ""<class 'abc.NT_0001_P_00002'>"": [], ""<class 'abc.NT_0001_P_00003'>"": [], ""<class 'abc.NT_0001_P_00004'>"": [], ""<class 'abc.NT_0001_P_00005'>"": [], ""<class 'abc.NT_0001_P_00006'>"": [], ""<class 'abc.NT_0003_P_00001'>"": [], ""<class 'abc.NT_0002'>"": [0, 54058], ""<class 'abc.NT_0002_P_00000'>"": [], ""<class 'abc.NT_0002_P_00001'>"": [], ""<class 'abc.NT_0002_P_00002'>"": [], ""<class 'abc.NT_0002_P_00003'>"": [], ""<class 'abc.NT_0004'>"": [], ""<class 'abc.NT_0004_P_00000'>"": [], ""<class 'abc.NT_0014_P_00001'>"": [], ""<class 'abc.NT_0013'>"": [43273, 87753, 70326], ""<class 'abc.NT_0013_P_00000'>"": [], ""<class 'abc.NT_0011'>"": [1, 66112], ""<class 'abc.NT_0011_P_00000'>"": [], ""<class 'abc.NT_0011_P_00001'>"": [], ""<class 'abc.NT_0008'>"": [56358, 25492], ""<class 'abc.NT_0008_P_00000'>"": [], ""<class 'abc.NT_0005'>"": [65439, 70998], ""<class 'abc.NT_0005_P_00000'>"": [], ""<class 'abc.NT_0005_P_00001'>"": [], ""<class 'abc.NT_0007'>"": [0, 27295], ""<class 'abc.NT_0007_P_00000'>"": [], ""<class 'abc.NT_0006'>"": [51447, 91312], ""<class 'abc.NT_0006_P_00000'>"": [], ""<class 'abc.NT_0006_P_00001'>"": [], ""<class 'abc.NT_0007_P_00001'>"": [], ""<class 'abc.NT_0007_P_00002'>"": [], ""<class 'abc.NT_0007_P_00003'>"": [], ""<class 'abc.NT_0008_P_00001'>"": [], ""<class 'abc.NT_0009'>"": [8, 58070, 70977], ""<class 'abc.NT_0009_P_00000'>"": [], ""<class 'abc.NT_0009_P_00001'>"": [], ""<class 'abc.NT_0009_P_00002'>"": [], ""<class 'abc.NT_0009_P_00003'>"": [], ""<class 'abc.NT_0009_P_00004'>"": [], ""<class 'abc.NT_0009_P_00005'>"": [], ""<class 'abc.NT_0009_P_00006'>"": [], ""<class 'abc.NT_0009_P_00007'>"": [], ""<class 'abc.NT_0009_P_00008'>"": [], ""<class 'abc.NT_0011_P_00002'>"": [], ""<class 'abc.NT_0010'>"": [53447, 89091], ""<class 'abc.NT_0010_P_00000'>"": [], ""<class 'abc.NT_0010_P_00001'>"": [], ""<class 'abc.NT_0010_P_00002'>"": [], ""<class 'abc.NT_0010_P_00003'>"": [], ""<class 'abc.NT_0010_P_00004'>"": [], ""<class 'abc.NT_0010_P_00005'>"": [], ""<class 'abc.NT_0011_P_00003'>"": [], ""<class 'abc.NT_0011_P_00004'>"": [], ""<class 'abc.NT_0011_P_00005'>"": [], ""<class 'abc.NT_0011_P_00006'>"": [], ""<class 'abc.NT_0011_P_00007'>"": [], ""<class 'abc.NT_0011_P_00008'>"": [], ""<class 'abc.NT_0011_P_00009'>"": [], ""<class 'abc.NT_0014_P_00002'>"": [], ""<class 'abc.NT_0014_P_00003'>"": [], ""<class 'abc.NT_0014_P_00004'>"": [], '$leftovers': [612, 51366, 29977, 7941, 62781, 93978, 48081, 63396, 57279, 63194, 37786, 54499, 54071, 7255, 805, 91855, 9788, 55863, 13874, 90931, 38385, 43619, 36227, 61359, 25033, 26828, 94952, 78514, 81573, 7035, 57599, 63649, 37284, 79243, 23816, 36097, 45176, 45221, 21659, 73410, 77378, 61609, 53485, 83091, 55364, 804, 37863, 62128, 64631, 84523, 68409, 46658, 59869, 22948, 53816, 17703, 86036, 23930, 54711, 27159, 47907, 22129, 19429, 11704, 67050, 80298, 69224, 57646, 14733, 44317, 85077, 74191, 78264, 27076, 89776, 5196, 46711, 95884, 100000, 42859, 92197, 62164, 34041, 96434, 9186, 84986, 23729, 32442, 9078, 30947, 10584, 90176, 39265, 2903, 26641, 17813, 64068, 47390, 53496, 84055, 91192, 43627, 10978, 20051, 63072, 17541, 52384, 82602, 2071, 73349, 76496, 93237, 90746, 94169, 1089, 1963, 87259, 78716, 97251, 74560, 92319, 88430, 30065, 35943, 26646, 58575, 20564, 68822, 1955, 11977, 701, 8879, 51642, 65013, 37021, 8254, 64968, 54544, 55206, 50487, 94823, 39401, 11005, 50507, 4078, 47520, 40046, 60171, 93652, 930, 40344, 61205, 60575, 32914, 87845, 18974, 88335, 23738, 9159, 67945, 35873, 79289, 92027, 47069, 50717, 19269, 86431, 12677, 1847, 82569, 10719, 49874, 57438, 74245, 9728, 35214, 60927, 50418, 3072, 33653, 84097, 10451, 10948, 43565, 35042, 52901, 60373, 71523, 99916, 21066, 31862, 7158, 61957, 29065, 73503, 77066, 90914, 2224, 23949, 58836, 36313, 52163, 15402, 95181, 97248, 72223, 64484, 31579, 7361, 13133, 8559, 5315, 12957, 97480, 15964, 47289, 18201, 64048, 38836, 23949, 65274, 81688, 15908, 97641, 68909, 88194, 58203, 54156, 17884, 17015, 98114, 85070, 44487, 35609, 43946, 13163, 68656, 46368, 64590, 40998, 4333, 23209, 48312, 91519, 45912, 95154, 82162, 65190, 2680, 41571, 50993, 530, 20715, 62325, 69130, 87411, 51896, 25041, 1061, 92007, 16083, 61009, 22448, 76926, 40530, 5740, 65551, 74307, 70243, 88860, 56449, 62236, 73737, 14864, 20769, 33438, 2720, 19958, 14224, 62871, 11924, 4195, 94579, 90772, 15850, 32394, 39534, 94217, 24432, 49736, 19142, 95031, 91556, 84878, 36003, 82744, 39005, 77560, 67854, 74174, 65238, 42610, 38442, 5045, 8394, 50169, 85223, 39318, 11999, 19698, 62218, 20982, 75579, 83921, 36322, 81232, 74890, 79155, 7974, 87957, 31618, 15302, 46288, 41529, 54402, 51898, 8904, 68466, 16655, 33307, 87657, 62302, 99805, 94712, 27432, 6792, 318, 28470, 61849, 26074, 24481, 33234, 11701, 90978, 8418, 34547, 73073, 14229, 92931, 45528, 46305, 58234, 95428, 52910, 64691, 89529, 6125, 95529, 23717, 34258, 15039, 26343, 25322, 18533, 87153, 22501, 24377, 93511, 91108, 66007, 60481, 95208, 62676, 92031, 61249, 21040, 27224, 8088, 84181, 33593, 86548, 72607, 12800, 5611, 73844, 6692, 65230, 36526, 2469, 35635, 48449, 14719, 78189, 85243, 55844, 24071, 23788, 78878, 22883, 30166, 25797, 10713, 24202, 63862, 69116, 6614, 65627, 74821, 9118, 52050, 1045, 85212, 62012, 89898, 79364, 88858, 96964, 35830, 60888, 26734, 88556, 30404, 7619, 80278, 68622, 93232, 34306, 31485, 56275, 18665, 75621, 64839, 93770, 28199, 22239, 59130, 77628, 99168, 70420, 75781, 62501, 671, 82149, 26309, 8026, 6187, 34342, 77941, 96327, 7003, 65713, 2941, 26673, 45799, 5550, 98918, 65458, 56546, 58743, 93533, 64790, 30347, 32662, 73325, 77970, 21733, 35559, 73040, 79043, 59441, 82022, 37637, 7661, 94041, 96708, 7898, 70255, 89025, 83488, 90561, 63581, 77717, 74197, 27575, 58299, 53110, 73807, 71575, 26219, 35022, 49263, 13153, 34531, 51399, 44165, 26477, 4658, 89217, 10088, 77375, 38696, 57234, 69828, 27880, 19969, 12884, 48301, 32382, 79158, 72530, 2303, 28606, 30300, 17727, 74408, 82473, 74031, 47501, 28349, 67701, 75802, 89880, 6847, 37677, 42094, 59098, 33292, 25396, 1653, 33802, 37033, 82988, 18807, 34788, 32442, 21412, 79504, 70667, 67140, 188, 92567, 14712, 41955, 83231, 16604, 44261, 9248, 17311, 28714, 91679, 32487, 26287, 45537, 96338, 4907, 91004, 40305, 38855, 30113, 31802, 90368, 29632, 22399, 27504, 74924, 64570, 3170, 73381, 73608, 82107, 55004, 28453, 81413, 83401, 86827, 3755, 19280, 39809, 58531, 69352, 77285, 75236, 65692, 7596, 96792, 61193, 32718, 15171, 87988, 30166, 54746, 77236, 17432, 95331, 38981, 88240, 38898, 32172, 79555, 11740, 12372, 21314, 35314, 93047, 42158, 12888, 45757, 12444, 53196, 24354, 10754, 11298, 51034, 29460, 54561, 63362, 63137, 80288, 88200, 90124, 34341, 79738, 29507, 1371, 45727, 33233, 20038, 80414, 21940, 30707, 90006, 24595, 36850, 16424, 43356, 57374, 16541, 37502, 37384, 44186, 1581, 55147, 81574, 36342, 34700, 77319, 28025, 42804, 70814, 97334, 63170, 45671, 92728, 50865, 61805, 79230, 95797, 79382, 69832, 39248, 70970, 62614, 68180, 36578, 66699, 90803, 28447, 48009, 97357, 19944, 60879, 16057, 92445, 75982, 37067, 41406, 92224, 10099, 38077, 10238, 68458, 6537, 63778, 57556, 62039, 11823, 13270, 39382, 5448, 99101, 892, 8806, 21031, 7912, 86405, 50251, 88331, 79170, 19276, 48689, 73426, 83963, 98871, 32530, 19826, 24930, 70628, 89666, 23784, 22342, 79694, 80437, 28733, 99765, 7735, 65443, 39629, 65691, 45234, 52942, 70165, 64742, 7593, 35389, 38346, 53370, 1486, 63745, 59201, 84112, 82078, 59842, 55744, 6361, 15079, 910, 53287, 86305, 5582, 34924, 69056, 67927, 31852, 80811, 3497, 24763, 76576, 6447, 51921, 24582, 67902, 99777, 99703, 83341, 49007, 99280, 24090, 6799, 52732, 30031, 47977, 87252, 5024, 40270, 25148, 18576, 16321, 73258, 96568, 50330, 93058, 53931, 82548, 70345, 30377, 16363, 46283, 71917, 19219, 34599, 59905, 76185, 99134, 52728, 85779, 32717, 4809, 23223, 7767, 36688, 17927, 33222, 5461, 58987, 99150, 82453, 68878, 27439, 92942, 79331, 71474, 34897, 35197, 84658, 51810, 88051, 90117, 15640, 25537, 1192, 5758, 16919, 16570, 54940, 71350, 57863, 28374, 25430, 96910, 25138, 30623, 84961, 23541, 35862, 94330, 34467, 45322, 3068, 32691, 19717, 72709, 77504, 12874, 8035, 4199, 32629, 29326, 50091, 4290, 69037, 67868, 4858, 18189, 81289, 10537, 34484, 97761, 36705, 52886, 29677, 92414, 65300, 4493, 83991, 25685, 6104, 23112, 72137, 96757, 13483, 18308, 221, 14358, 49795, 76044, 65013, 87872, 95304, 14399, 812, 64706, 60775, 65656, 55460, 64130, 33001, 14835, 17431, 45023, 79744, 46149, 17211, 1932, 89664, 35867, 75834, 45835, 33920, 51887, 56077, 57612, 3201, 66246, 43129, 72962, 59486, 41799, 36083, 78794, 55644, 16064, 47916, 43687, 87424, 99482, 17585, 78994, 36067, 56930, 68493, 83129, 64732, 86546, 74055, 94524, 52064, 83683, 31321, 53390, 89787, 97909, 96890, 42138, 43171, 63419, 72477, 642, 72325, 14142, 88837, 64298, 53853, 33912, 90976, 51351, 53580, 44520, 1115, 7377, 51291, 91564, 16199, 86922, 17805, 85895, 43694, 18547, 43604, 34423, 97118, 34445, 84791, 71375, 31055, 9941, 27422, 27295, 25492, 21731, 54058, 56103, 74702, 88389, 39787, 83292, 56321, 80058, 48446, 90534, 99020, 53183, 57349, 5351, 62399, 11726, 72703, 23079, 88458, 14886, 42115, 37381, 53447, 80416, 75451, 17441, 22787, 25968, 37997, 43457, 70409, 3144, 30291, 27680, 46416, 33566, 93834, 69479, 8313, 69016, 56653]})"
34.0,9,39,45,26.63216495513916,210,"Genotype(dna={""<class 'abc.NT_0014'>"": [0, 9891], ""<class 'abc.NT_0014_P_00000'>"": [], ""<class 'abc.NT_0003'>"": [], ""<class 'abc.NT_0003_P_00000'>"": [], ""<class 'bool'>"": [42736, 98370, 93055, 22069, 91850, 93033, 11504, 95280, 56278, 13913, 91591, 17896, 50516, 59058, 43440, 51583, 98529, 76229, 96396, 7244, 62399, 14886, 86613, 30291, 70165, 69479, 91703], ""<class 'abc.NT_0000'>"": [0, 2, 3, 0, 0, 66646, 80541, 79164, 27766, 0, 0, 0, 0, 52153, 3, 67907, 2, 0, 2823, 0, 47365, 0, 40082, 0, 1, 35560, 2, 0, 2, 6530, 90460, 0, 0, 0, 1053, 51537, 14149, 3136, 63679, 1290, 48446, 25314, 57349, 5351, 72703, 23079, 41017, 75451, 17441, 35176, 25968, 36249, 43457, 70409, 3144], ""<class 'abc.NT_0000_P_00000'>"": [], ""<class 'int'>"": [11527, 89970, 15638, 94912, 12901, 49242, 25019, 94292, 7422, 84436, 79517, 68747, 29153, 41079, 54502, 66359, 24459, 66531, 7776, 87223, 18331, 85267, 30558, 6703, 26738, 18149, 77382, 37633, 84283, 30291, 69479, 56653, 51366, 76187, 63194, 54071, 7575, 84760], ""<class 'abc.NT_0000_P_00001'>"": [], ""<class 'abc.NT_0000_P_00002'>"": [], ""<class 'abc.NT_0000_P_00003'>"": [], ""<class 'abc.NT_0001'>"": [1, 99233, 59169, 80416, 13326, 28500, 56653], ""<class 'abc.NT_0001_P_00000'>"": [], ""<class 'abc.NT_0001_P_00001'>"": [], ""<class 'abc.NT_0001_P_00002'>"": [], ""<class 'abc.NT_0001_P_00003'>"": [], ""<class 'abc.NT_0001_P_00004'>"": [], ""<class 'abc.NT_0001_P_00005'>"": [], ""<class 'abc.NT_0001_P_00006'>"": [], ""<class 'abc.NT_0003_P_00001'>"": [], ""<class 'abc.NT_0002'>"": [0, 54058], ""<class 'abc.NT_0002_P_00000'>"": [], ""<class 'abc.NT_0002_P_00001'>"": [], ""<class 'abc.NT_0002_P_00002'>"": [], ""<class 'abc.NT_0002_P_00003'>"": [], ""<class 'abc.NT_0004'>"": [], ""<class 'abc.NT_0004_P_00000'>"": [], ""<class 'abc.NT_0014_P_00001'>"": [], ""<class 'abc.NT_0013'>"": [43273, 87753, 70326], ""<class 'abc.NT_0013_P_00000'>"": [], ""<class 'abc.NT_0011'>"": [1, 66112], ""<class 'abc.NT_0011_P_00000'>"": [], ""<class 'abc.NT_0011_P_00001'>"": [], ""<class 'abc.NT_0008'>"": [56358, 25492], ""<class 'abc.NT_0008_P_00000'>"": [], ""<class 'abc.NT_0005'>"": [65439, 70998], ""<class 'abc.NT_0005_P_00000'>"": [], ""<class 'abc.NT_0005_P_00001'>"": [], ""<class 'abc.NT_0007'>"": [0, 27295], ""<class 'abc.NT_0007_P_00000'>"": [], ""<class 'abc.NT_0006'>"": [51447, 91312], ""<class 'abc.NT_0006_P_00000'>"": [], ""<class 'abc.NT_0006_P_00001'>"": [], ""<class 'abc.NT_0007_P_00001'>"": [], ""<class 'abc.NT_0007_P_00002'>"": [], ""<class 'abc.NT_0007_P_00003'>"": [], ""<class 'abc.NT_0008_P_00001'>"": [], ""<class 'abc.NT_0009'>"": [8, 58070, 70977], ""<class 'abc.NT_0009_P_00000'>"": [], ""<class 'abc.NT_0009_P_00001'>"": [], ""<class 'abc.NT_0009_P_00002'>"": [], ""<class 'abc.NT_0009_P_00003'>"": [], ""<class 'abc.NT_0009_P_00004'>"": [], ""<class 'abc.NT_0009_P_00005'>"": [], ""<class 'abc.NT_0009_P_00006'>"": [], ""<class 'abc.NT_0009_P_00007'>"": [], ""<class 'abc.NT_0009_P_00008'>"": [], ""<class 'abc.NT_0011_P_00002'>"": [], ""<class 'abc.NT_0010'>"": [53447, 89091], ""<class 'abc.NT_0010_P_00000'>"": [], ""<class 'abc.NT_0010_P_00001'>"": [], ""<class 'abc.NT_0010_P_00002'>"": [], ""<class 'abc.NT_0010_P_00003'>"": [], ""<class 'abc.NT_0010_P_00004'>"": [], ""<class 'abc.NT_0010_P_00005'>"": [], ""<class 'abc.NT_0011_P_00003'>"": [], ""<class 'abc.NT_0011_P_00004'>"": [], ""<class 'abc.NT_0011_P_00005'>"": [], ""<class 'abc.NT_0011_P_00006'>"": [], ""<class 'abc.NT_0011_P_00007'>"": [], ""<class 'abc.NT_0011_P_00008'>"": [], ""<class 'abc.NT_0011_P_00009'>"": [], ""<class 'abc.NT_0014_P_00002'>"": [], ""<class 'abc.NT_0014_P_00003'>"": [], ""<class 'abc.NT_0014_P_00004'>"": [], '$leftovers': [612, 51366, 29977, 7941, 62781, 93978, 48081, 63396, 57279, 63194, 37786, 54499, 54071, 7255, 805, 91855, 9788, 55863, 13874, 90931, 38385, 43619, 36227, 61359, 25033, 26828, 94952, 78514, 81573, 7035, 57599, 63649, 37284, 79243, 23816, 36097, 45176, 45221, 21659, 73410, 77378, 61609, 53485, 83091, 55364, 804, 37863, 62128, 64631, 84523, 68409, 46658, 59869, 22948, 53816, 17703, 86036, 23930, 54711, 27159, 47907, 22129, 19429, 11704, 67050, 80298, 69224, 57646, 14733, 44317, 85077, 74191, 78264, 27076, 89776, 5196, 46711, 95884, 100000, 42859, 92197, 62164, 34041, 96434, 9186, 84986, 23729, 32442, 9078, 30947, 10584, 90176, 39265, 2903, 26641, 17813, 64068, 47390, 53496, 84055, 91192, 43627, 10978, 20051, 63072, 17541, 52384, 82602, 2071, 73349, 76496, 93237, 90746, 94169, 1089, 1963, 87259, 78716, 97251, 74560, 92319, 88430, 30065, 35943, 26646, 58575, 20564, 68822, 1955, 11977, 701, 8879, 51642, 65013, 37021, 8254, 64968, 54544, 55206, 50487, 94823, 39401, 11005, 50507, 4078, 47520, 40046, 60171, 93652, 930, 40344, 61205, 60575, 32914, 87845, 18974, 88335, 23738, 9159, 67945, 35873, 79289, 92027, 47069, 50717, 19269, 86431, 12677, 1847, 82569, 10719, 49874, 57438, 74245, 9728, 35214, 60927, 50418, 3072, 33653, 84097, 10451, 10948, 43565, 35042, 52901, 60373, 71523, 99916, 21066, 31862, 7158, 61957, 29065, 73503, 77066, 90914, 2224, 23949, 58836, 36313, 52163, 15402, 95181, 97248, 72223, 64484, 31579, 7361, 13133, 8559, 5315, 12957, 97480, 15964, 47289, 18201, 64048, 38836, 23949, 65274, 81688, 15908, 97641, 68909, 88194, 58203, 54156, 17884, 17015, 98114, 85070, 44487, 35609, 43946, 13163, 68656, 46368, 64590, 40998, 4333, 23209, 48312, 91519, 45912, 95154, 82162, 65190, 2680, 41571, 50993, 530, 20715, 62325, 69130, 87411, 51896, 25041, 1061, 92007, 16083, 61009, 22448, 76926, 40530, 5740, 65551, 74307, 70243, 88860, 56449, 62236, 73737, 14864, 20769, 33438, 2720, 19958, 14224, 62871, 11924, 4195, 94579, 90772, 15850, 32394, 39534, 94217, 24432, 49736, 19142, 95031, 91556, 84878, 36003, 82744, 39005, 77560, 67854, 74174, 65238, 42610, 38442, 5045, 8394, 50169, 85223, 39318, 11999, 19698, 62218, 20982, 75579, 83921, 36322, 81232, 74890, 79155, 7974, 87957, 31618, 15302, 46288, 41529, 54402, 51898, 8904, 68466, 16655, 33307, 87657, 62302, 99805, 94712, 27432, 6792, 318, 28470, 61849, 26074, 24481, 33234, 11701, 90978, 8418, 34547, 73073, 14229, 92931, 45528, 46305, 58234, 95428, 52910, 64691, 89529, 6125, 95529, 23717, 34258, 15039, 26343, 25322, 18533, 87153, 22501, 24377, 93511, 91108, 66007, 60481, 95208, 62676, 92031, 61249, 21040, 27224, 8088, 84181, 33593, 86548, 72607, 12800, 5611, 73844, 6692, 65230, 36526, 2469, 35635, 48449, 14719, 78189, 85243, 55844, 24071, 23788, 78878, 22883, 30166, 25797, 10713, 24202, 63862, 69116, 6614, 65627, 74821, 9118, 52050, 1045, 85212, 62012, 89898, 79364, 88858, 96964, 35830, 60888, 26734, 88556, 30404, 7619, 80278, 68622, 93232, 34306, 31485, 56275, 18665, 75621, 64839, 93770, 28199, 22239, 59130, 77628, 99168, 70420, 75781, 62501, 671, 82149, 26309, 8026, 6187, 34342, 77941, 96327, 7003, 65713, 2941, 26673, 45799, 5550, 98918, 65458, 56546, 58743, 93533, 64790, 30347, 32662, 73325, 77970, 21733, 35559, 73040, 79043, 59441, 82022, 37637, 7661, 94041, 96708, 7898, 70255, 89025, 83488, 90561, 63581, 77717, 74197, 27575, 58299, 53110, 73807, 71575, 26219, 35022, 49263, 13153, 34531, 51399, 44165, 26477, 4658, 89217, 10088, 77375, 38696, 57234, 69828, 27880, 19969, 12884, 48301, 32382, 79158, 72530, 2303, 28606, 30300, 17727, 74408, 82473, 74031, 47501, 28349, 67701, 75802, 89880, 6847, 37677, 42094, 59098, 33292, 25396, 1653, 33802, 37033, 82988, 18807, 34788, 32442, 21412, 79504, 70667, 67140, 188, 92567, 14712, 41955, 83231, 16604, 44261, 9248, 17311, 28714, 91679, 32487, 26287, 45537, 96338, 4907, 91004, 40305, 38855, 30113, 31802, 90368, 29632, 22399, 27504, 74924, 64570, 3170, 73381, 73608, 82107, 55004, 28453, 81413, 83401, 86827, 3755, 19280, 39809, 58531, 69352, 77285, 75236, 65692, 7596, 96792, 61193, 32718, 15171, 87988, 30166, 54746, 77236, 17432, 95331, 38981, 88240, 38898, 32172, 79555, 11740, 12372, 21314, 35314, 93047, 42158, 12888, 45757, 12444, 53196, 24354, 10754, 11298, 51034, 29460, 54561, 63362, 63137, 80288, 88200, 90124, 34341, 79738, 29507, 1371, 45727, 33233, 20038, 80414, 21940, 30707, 90006, 24595, 36850, 16424, 43356, 57374, 16541, 37502, 37384, 44186, 1581, 55147, 81574, 36342, 34700, 77319, 28025, 42804, 70814, 97334, 63170, 45671, 92728, 50865, 61805, 79230, 95797, 79382, 69832, 39248, 70970, 62614, 68180, 36578, 66699, 90803, 28447, 48009, 97357, 19944, 60879, 16057, 92445, 75982, 37067, 41406, 92224, 10099, 38077, 10238, 68458, 6537, 63778, 57556, 62039, 11823, 13270, 39382, 5448, 99101, 892, 8806, 21031, 7912, 86405, 50251, 88331, 79170, 19276, 48689, 73426, 83963, 98871, 32530, 19826, 24930, 70628, 89666, 23784, 22342, 79694, 80437, 28733, 99765, 7735, 65443, 39629, 65691, 45234, 52942, 70165, 64742, 7593, 35389, 38346, 53370, 1486, 63745, 59201, 84112, 82078, 59842, 55744, 6361, 15079, 910, 53287, 86305, 5582, 34924, 69056, 67927, 31852, 80811, 3497, 24763, 76576, 6447, 51921, 24582, 67902, 99777, 99703, 83341, 49007, 99280, 24090, 6799, 52732, 30031, 47977, 87252, 5024, 40270, 25148, 18576, 16321, 73258, 96568, 50330, 93058, 53931, 82548, 70345, 30377, 16363, 46283, 71917, 19219, 34599, 59905, 76185, 99134, 52728, 85779, 32717, 4809, 23223, 7767, 36688, 17927, 33222, 5461, 58987, 99150, 82453, 68878, 27439, 92942, 79331, 71474, 34897, 35197, 84658, 51810, 88051, 90117, 15640, 25537, 1192, 5758, 16919, 16570, 54940, 71350, 57863, 28374, 25430, 96910, 25138, 30623, 84961, 23541, 35862, 94330, 34467, 45322, 3068, 32691, 19717, 72709, 77504, 12874, 8035, 4199, 32629, 29326, 50091, 4290, 69037, 67868, 4858, 18189, 81289, 10537, 34484, 97761, 36705, 52886, 29677, 92414, 65300, 4493, 83991, 25685, 6104, 23112, 72137, 96757, 13483, 18308, 221, 14358, 49795, 76044, 65013, 87872, 95304, 14399, 812, 64706, 60775, 65656, 55460, 64130, 33001, 14835, 17431, 45023, 79744, 46149, 17211, 1932, 89664, 35867, 75834, 45835, 33920, 51887, 56077, 57612, 3201, 66246, 43129, 72962, 59486, 41799, 36083, 78794, 55644, 16064, 47916, 43687, 87424, 99482, 17585, 78994, 36067, 56930, 68493, 83129, 64732, 86546, 74055, 94524, 52064, 83683, 31321, 53390, 89787, 97909, 96890, 42138, 43171, 63419, 72477, 642, 72325, 14142, 88837, 64298, 53853, 33912, 90976, 51351, 53580, 44520, 1115, 7377, 51291, 91564, 16199, 86922, 17805, 85895, 43694, 18547, 43604, 34423, 97118, 34445, 84791, 71375, 31055, 9941, 27422, 27295, 25492, 21731, 54058, 56103, 74702, 88389, 39787, 83292, 56321, 80058, 48446, 90534, 99020, 53183, 57349, 5351, 62399, 11726, 72703, 23079, 88458, 14886, 42115, 37381, 53447, 80416, 75451, 17441, 22787, 25968, 37997, 43457, 70409, 3144, 30291, 27680, 46416, 33566, 93834, 69479, 8313, 69016, 56653]})"
34.0,9,39,46,26.926626443862915,210,"Genotype(dna={""<class 'abc.NT_0014'>"": [0, 9891], ""<class 'abc.NT_0014_P_00000'>"": [], ""<class 'abc.NT_0003'>"": [], ""<class 'abc.NT_0003_P_00000'>"": [], ""<class 'bool'>"": [42736, 98370, 93055, 22069, 91850, 93033, 11504, 95280, 56278, 13913, 91591, 17896, 50516, 59058, 43440, 51583, 98529, 76229, 96396, 7244, 62399, 14886, 86613, 30291, 70165, 69479, 91703], ""<class 'abc.NT_0000'>"": [0, 2, 3, 0, 0, 66646, 80541, 79164, 27766, 0, 0, 0, 0, 52153, 3, 67907, 2, 0, 2823, 0, 47365, 0, 40082, 0, 1, 35560, 2, 0, 2, 6530, 90460, 0, 0, 0, 1053, 51537, 14149, 3136, 63679, 1290, 48446, 25314, 57349, 5351, 72703, 23079, 41017, 75451, 17441, 35176, 25968, 36249, 43457, 70409, 3144], ""<class 'abc.NT_0000_P_00000'>"": [], ""<class 'int'>"": [11527, 89970, 15638, 94912, 12901, 49242, 25019, 94292, 7422, 84436, 79517, 68747, 29153, 41079, 54502, 66359, 24459, 66531, 7776, 87223, 18331, 85267, 30558, 6703, 26738, 18149, 77382, 37633, 84283, 30291, 69479, 56653, 51366, 76187, 63194, 54071, 7575, 84760], ""<class 'abc.NT_0000_P_00001'>"": [], ""<class 'abc.NT_0000_P_00002'>"": [], ""<class 'abc.NT_0000_P_00003'>"": [], ""<class 'abc.NT_0001'>"": [1, 99233, 59169, 80416, 13326, 28500, 56653], ""<class 'abc.NT_0001_P_00000'>"": [], ""<class 'abc.NT_0001_P_00001'>"": [], ""<class 'abc.NT_0001_P_00002'>"": [], ""<class 'abc.NT_0001_P_00003'>"": [], ""<class 'abc.NT_0001_P_00004'>"": [], ""<class 'abc.NT_0001_P_00005'>"": [], ""<class 'abc.NT_0001_P_00006'>"": [], ""<class 'abc.NT_0003_P_00001'>"": [], ""<class 'abc.NT_0002'>"": [0, 54058], ""<class 'abc.NT_0002_P_00000'>"": [], ""<class 'abc.NT_0002_P_00001'>"": [], ""<class 'abc.NT_0002_P_00002'>"": [], ""<class 'abc.NT_0002_P_00003'>"": [], ""<class 'abc.NT_0004'>"": [], ""<class 'abc.NT_0004_P_00000'>"": [], ""<class 'abc.NT_0014_P_00001'>"": [], ""<class 'abc.NT_0013'>"": [43273, 87753, 70326], ""<class 'abc.NT_0013_P_00000'>"": [], ""<class 'abc.NT_0011'>"": [1, 66112], ""<class 'abc.NT_0011_P_00000'>"": [], ""<class 'abc.NT_0011_P_00001'>"": [], ""<class 'abc.NT_0008'>"": [56358, 25492], ""<class 'abc.NT_0008_P_00000'>"": [], ""<class 'abc.NT_0005'>"": [65439, 70998], ""<class 'abc.NT_0005_P_00000'>"": [], ""<class 'abc.NT_0005_P_00001'>"": [], ""<class 'abc.NT_0007'>"": [0, 27295], ""<class 'abc.NT_0007_P_00000'>"": [], ""<class 'abc.NT_0006'>"": [51447, 91312], ""<class 'abc.NT_0006_P_00000'>"": [], ""<class 'abc.NT_0006_P_00001'>"": [], ""<class 'abc.NT_0007_P_00001'>"": [], ""<class 'abc.NT_0007_P_00002'>"": [], ""<class 'abc.NT_0007_P_00003'>"": [], ""<class 'abc.NT_0008_P_00001'>"": [], ""<class 'abc.NT_0009'>"": [8, 58070, 70977], ""<class 'abc.NT_0009_P_00000'>"": [], ""<class 'abc.NT_0009_P_00001'>"": [], ""<class 'abc.NT_0009_P_00002'>"": [], ""<class 'abc.NT_0009_P_00003'>"": [], ""<class 'abc.NT_0009_P_00004'>"": [], ""<class 'abc.NT_0009_P_00005'>"": [], ""<class 'abc.NT_0009_P_00006'>"": [], ""<class 'abc.NT_0009_P_00007'>"": [], ""<class 'abc.NT_0009_P_00008'>"": [], ""<class 'abc.NT_0011_P_00002'>"": [], ""<class 'abc.NT_0010'>"": [53447, 89091], ""<class 'abc.NT_0010_P_00000'>"": [], ""<class 'abc.NT_0010_P_00001'>"": [], ""<class 'abc.NT_0010_P_00002'>"": [], ""<class 'abc.NT_0010_P_00003'>"": [], ""<class 'abc.NT_0010_P_00004'>"": [], ""<class 'abc.NT_0010_P_00005'>"": [], ""<class 'abc.NT_0011_P_00003'>"": [], ""<class 'abc.NT_0011_P_00004'>"": [], ""<class 'abc.NT_0011_P_00005'>"": [], ""<class 'abc.NT_0011_P_00006'>"": [], ""<class 'abc.NT_0011_P_00007'>"": [], ""<class 'abc.NT_0011_P_00008'>"": [], ""<class 'abc.NT_0011_P_00009'>"": [], ""<class 'abc.NT_0014_P_00002'>"": [], ""<class 'abc.NT_0014_P_00003'>"": [], ""<class 'abc.NT_0014_P_00004'>"": [], '$leftovers': [612, 51366, 29977, 7941, 62781, 93978, 48081, 63396, 57279, 63194, 37786, 54499, 54071, 7255, 805, 91855, 9788, 55863, 13874, 90931, 38385, 43619, 36227, 61359, 25033, 26828, 94952, 78514, 81573, 7035, 57599, 63649, 37284, 79243, 23816, 36097, 45176, 45221, 21659, 73410, 77378, 61609, 53485, 83091, 55364, 804, 37863, 62128, 64631, 84523, 68409, 46658, 59869, 22948, 53816, 17703, 86036, 23930, 54711, 27159, 47907, 22129, 19429, 11704, 67050, 80298, 69224, 57646, 14733, 44317, 85077, 74191, 78264, 27076, 89776, 5196, 46711, 95884, 100000, 42859, 92197, 62164, 34041, 96434, 9186, 84986, 23729, 32442, 9078, 30947, 10584, 90176, 39265, 2903, 26641, 17813, 64068, 47390, 53496, 84055, 91192, 43627, 10978, 20051, 63072, 17541, 52384, 82602, 2071, 73349, 76496, 93237, 90746, 94169, 1089, 1963, 87259, 78716, 97251, 74560, 92319, 88430, 30065, 35943, 26646, 58575, 20564, 68822, 1955, 11977, 701, 8879, 51642, 65013, 37021, 8254, 64968, 54544, 55206, 50487, 94823, 39401, 11005, 50507, 4078, 47520, 40046, 60171, 93652, 930, 40344, 61205, 60575, 32914, 87845, 18974, 88335, 23738, 9159, 67945, 35873, 79289, 92027, 47069, 50717, 19269, 86431, 12677, 1847, 82569, 10719, 49874, 57438, 74245, 9728, 35214, 60927, 50418, 3072, 33653, 84097, 10451, 10948, 43565, 35042, 52901, 60373, 71523, 99916, 21066, 31862, 7158, 61957, 29065, 73503, 77066, 90914, 2224, 23949, 58836, 36313, 52163, 15402, 95181, 97248, 72223, 64484, 31579, 7361, 13133, 8559, 5315, 12957, 97480, 15964, 47289, 18201, 64048, 38836, 23949, 65274, 81688, 15908, 97641, 68909, 88194, 58203, 54156, 17884, 17015, 98114, 85070, 44487, 35609, 43946, 13163, 68656, 46368, 64590, 40998, 4333, 23209, 48312, 91519, 45912, 95154, 82162, 65190, 2680, 41571, 50993, 530, 20715, 62325, 69130, 87411, 51896, 25041, 1061, 92007, 16083, 61009, 22448, 76926, 40530, 5740, 65551, 74307, 70243, 88860, 56449, 62236, 73737, 14864, 20769, 33438, 2720, 19958, 14224, 62871, 11924, 4195, 94579, 90772, 15850, 32394, 39534, 94217, 24432, 49736, 19142, 95031, 91556, 84878, 36003, 82744, 39005, 77560, 67854, 74174, 65238, 42610, 38442, 5045, 8394, 50169, 85223, 39318, 11999, 19698, 62218, 20982, 75579, 83921, 36322, 81232, 74890, 79155, 7974, 87957, 31618, 15302, 46288, 41529, 54402, 51898, 8904, 68466, 16655, 33307, 87657, 62302, 99805, 94712, 27432, 6792, 318, 28470, 61849, 26074, 24481, 33234, 11701, 90978, 8418, 34547, 73073, 14229, 92931, 45528, 46305, 58234, 95428, 52910, 64691, 89529, 6125, 95529, 23717, 34258, 15039, 26343, 25322, 18533, 87153, 22501, 24377, 93511, 91108, 66007, 60481, 95208, 62676, 92031, 61249, 21040, 27224, 8088, 84181, 33593, 86548, 72607, 12800, 5611, 73844, 6692, 65230, 36526, 2469, 35635, 48449, 14719, 78189, 85243, 55844, 24071, 23788, 78878, 22883, 30166, 25797, 10713, 24202, 63862, 69116, 6614, 65627, 74821, 9118, 52050, 1045, 85212, 62012, 89898, 79364, 88858, 96964, 35830, 60888, 26734, 88556, 30404, 7619, 80278, 68622, 93232, 34306, 31485, 56275, 18665, 75621, 64839, 93770, 28199, 22239, 59130, 77628, 99168, 70420, 75781, 62501, 671, 82149, 26309, 8026, 6187, 34342, 77941, 96327, 7003, 65713, 2941, 26673, 45799, 5550, 98918, 65458, 56546, 58743, 93533, 64790, 30347, 32662, 73325, 77970, 21733, 35559, 73040, 79043, 59441, 82022, 37637, 7661, 94041, 96708, 7898, 70255, 89025, 83488, 90561, 63581, 77717, 74197, 27575, 58299, 53110, 73807, 71575, 26219, 35022, 49263, 13153, 34531, 51399, 44165, 26477, 4658, 89217, 10088, 77375, 38696, 57234, 69828, 27880, 19969, 12884, 48301, 32382, 79158, 72530, 2303, 28606, 30300, 17727, 74408, 82473, 74031, 47501, 28349, 67701, 75802, 89880, 6847, 37677, 42094, 59098, 33292, 25396, 1653, 33802, 37033, 82988, 18807, 34788, 32442, 21412, 79504, 70667, 67140, 188, 92567, 14712, 41955, 83231, 16604, 44261, 9248, 17311, 28714, 91679, 32487, 26287, 45537, 96338, 4907, 91004, 40305, 38855, 30113, 31802, 90368, 29632, 22399, 27504, 74924, 64570, 3170, 73381, 73608, 82107, 55004, 28453, 81413, 83401, 86827, 3755, 19280, 39809, 58531, 69352, 77285, 75236, 65692, 7596, 96792, 61193, 32718, 15171, 87988, 30166, 54746, 77236, 17432, 95331, 38981, 88240, 38898, 32172, 79555, 11740, 12372, 21314, 35314, 93047, 42158, 12888, 45757, 12444, 53196, 24354, 10754, 11298, 51034, 29460, 54561, 63362, 63137, 80288, 88200, 90124, 34341, 79738, 29507, 1371, 45727, 33233, 20038, 80414, 21940, 30707, 90006, 24595, 36850, 16424, 43356, 57374, 16541, 37502, 37384, 44186, 1581, 55147, 81574, 36342, 34700, 77319, 28025, 42804, 70814, 97334, 63170, 45671, 92728, 50865, 61805, 79230, 95797, 79382, 69832, 39248, 70970, 62614, 68180, 36578, 66699, 90803, 28447, 48009, 97357, 19944, 60879, 16057, 92445, 75982, 37067, 41406, 92224, 10099, 38077, 10238, 68458, 6537, 63778, 57556, 62039, 11823, 13270, 39382, 5448, 99101, 892, 8806, 21031, 7912, 86405, 50251, 88331, 79170, 19276, 48689, 73426, 83963, 98871, 32530, 19826, 24930, 70628, 89666, 23784, 22342, 79694, 80437, 28733, 99765, 7735, 65443, 39629, 65691, 45234, 52942, 70165, 64742, 7593, 35389, 38346, 53370, 1486, 63745, 59201, 84112, 82078, 59842, 55744, 6361, 15079, 910, 53287, 86305, 5582, 34924, 69056, 67927, 31852, 80811, 3497, 24763, 76576, 6447, 51921, 24582, 67902, 99777, 99703, 83341, 49007, 99280, 24090, 6799, 52732, 30031, 47977, 87252, 5024, 40270, 25148, 18576, 16321, 73258, 96568, 50330, 93058, 53931, 82548, 70345, 30377, 16363, 46283, 71917, 19219, 34599, 59905, 76185, 99134, 52728, 85779, 32717, 4809, 23223, 7767, 36688, 17927, 33222, 5461, 58987, 99150, 82453, 68878, 27439, 92942, 79331, 71474, 34897, 35197, 84658, 51810, 88051, 90117, 15640, 25537, 1192, 5758, 16919, 16570, 54940, 71350, 57863, 28374, 25430, 96910, 25138, 30623, 84961, 23541, 35862, 94330, 34467, 45322, 3068, 32691, 19717, 72709, 77504, 12874, 8035, 4199, 32629, 29326, 50091, 4290, 69037, 67868, 4858, 18189, 81289, 10537, 34484, 97761, 36705, 52886, 29677, 92414, 65300, 4493, 83991, 25685, 6104, 23112, 72137, 96757, 13483, 18308, 221, 14358, 49795, 76044, 65013, 87872, 95304, 14399, 812, 64706, 60775, 65656, 55460, 64130, 33001, 14835, 17431, 45023, 79744, 46149, 17211, 1932, 89664, 35867, 75834, 45835, 33920, 51887, 56077, 57612, 3201, 66246, 43129, 72962, 59486, 41799, 36083, 78794, 55644, 16064, 47916, 43687, 87424, 99482, 17585, 78994, 36067, 56930, 68493, 83129, 64732, 86546, 74055, 94524, 52064, 83683, 31321, 53390, 89787, 97909, 96890, 42138, 43171, 63419, 72477, 642, 72325, 14142, 88837, 64298, 53853, 33912, 90976, 51351, 53580, 44520, 1115, 7377, 51291, 91564, 16199, 86922, 17805, 85895, 43694, 18547, 43604, 34423, 97118, 34445, 84791, 71375, 31055, 9941, 27422, 27295, 25492, 21731, 54058, 56103, 74702, 88389, 39787, 83292, 56321, 80058, 48446, 90534, 99020, 53183, 57349, 5351, 62399, 11726, 72703, 23079, 88458, 14886, 42115, 37381, 53447, 80416, 75451, 17441, 22787, 25968, 37997, 43457, 70409, 3144, 30291, 27680, 46416, 33566, 93834, 69479, 8313, 69016, 56653]})"
33.0,9,38,47,27.438815355300903,210,"Genotype(dna={""<class 'abc.NT_0014'>"": [0, 9891], ""<class 'abc.NT_0014_P_00000'>"": [], ""<class 'abc.NT_0003'>"": [], ""<class 'abc.NT_0003_P_00000'>"": [], ""<class 'bool'>"": [34892, 53838, 93055, 22069, 78539, 27596, 11504, 95280, 56278, 13913, 91591, 97012, 50516, 84139, 91601, 80048, 36855, 76229, 96396, 90534, 62399, 56318, 86613, 30291, 93834, 69479, 91703], ""<class 'abc.NT_0000'>"": [0, 2, 3, 0, 0, 66646, 88583, 0, 57112, 0, 0, 0, 96236, 32096, 3, 67907, 2, 0, 61061, 0, 47365, 65468, 40082, 0, 1, 35560, 2, 0, 2, 6530, 90460, 0, 0, 0, 1053, 51537, 1, 3136, 63679, 1290, 82817, 25314, 57349, 5351, 72703, 23079, 41017, 74148, 17441, 35176, 25968, 74036, 43457, 70409, 70746], ""<class 'abc.NT_0000_P_00000'>"": [], ""<class 'int'>"": [11527, 89970, 57184, 94912, 12901, 2737, 25019, 94292, 7422, 84436, 79517, 92390, 83981, 41079, 54502, 66359, 45824, 66531, 20954, 87223, 18331, 85267, 30558, 2676, 26738, 18149, 77382, 79248, 84283, 30291, 69479, 56653, 51366, 23356, 63194, 54071, 7575, 38385], ""<class 'abc.NT_0000_P_00001'>"": [], ""<class 'abc.NT_0000_P_00002'>"": [], ""<class 'abc.NT_0000_P_00003'>"": [], ""<class 'abc.NT_0001'>"": [1, 99233, 59169, 80416, 13326, 80335, 56653], ""<class 'abc.NT_0001_P_00000'>"": [], ""<class 'abc.NT_0001_P_00001'>"": [], ""<class 'abc.NT_0001_P_00002'>"": [], ""<class 'abc.NT_0001_P_00003'>"": [], ""<class 'abc.NT_0001_P_00004'>"": [], ""<class 'abc.NT_0001_P_00005'>"": [], ""<class 'abc.NT_0001_P_00006'>"": [], ""<class 'abc.NT_0003_P_00001'>"": [], ""<class 'abc.NT_0002'>"": [0, 63043], ""<class 'abc.NT_0002_P_00000'>"": [], ""<class 'abc.NT_0002_P_00001'>"": [], ""<class 'abc.NT_0002_P_00002'>"": [], ""<class 'abc.NT_0002_P_00003'>"": [], ""<class 'abc.NT_0004'>"": [], ""<class 'abc.NT_0004_P_00000'>"": [], ""<class 'abc.NT_0014_P_00001'>"": [], ""<class 'abc.NT_0013'>"": [31174, 87753, 70326], ""<class 'abc.NT_0013_P_00000'>"": [], ""<class 'abc.NT_0011'>"": [1, 98607], ""<class 'abc.NT_0011_P_00000'>"": [], ""<class 'abc.NT_0011_P_00001'>"": [], ""<class 'abc.NT_0008'>"": [56358, 25492], ""<class 'abc.NT_0008_P_00000'>"": [], ""<class 'abc.NT_0005'>"": [65439, 70998], ""<class 'abc.NT_0005_P_00000'>"": [], ""<class 'abc.NT_0005_P_00001'>"": [], ""<class 'abc.NT_0007'>"": [63976, 27295], ""<class 'abc.NT_0007_P_00000'>"": [], ""<class 'abc.NT_0006'>"": [51447, 91312], ""<class 'abc.NT_0006_P_00000'>"": [], ""<class 'abc.NT_0006_P_00001'>"": [], ""<class 'abc.NT_0007_P_00001'>"": [], ""<class 'abc.NT_0007_P_00002'>"": [], ""<class 'abc.NT_0007_P_00003'>"": [], ""<class 'abc.NT_0008_P_00001'>"": [], ""<class 'abc.NT_0009'>"": [8, 58070, 39787], ""<class 'abc.NT_0009_P_00000'>"": [], ""<class 'abc.NT_0009_P_00001'>"": [], ""<class 'abc.NT_0009_P_00002'>"": [], ""<class 'abc.NT_0009_P_00003'>"": [], ""<class 'abc.NT_0009_P_00004'>"": [], ""<class 'abc.NT_0009_P_00005'>"": [], ""<class 'abc.NT_0009_P_00006'>"": [], ""<class 'abc.NT_0009_P_00007'>"": [], ""<class 'abc.NT_0009_P_00008'>"": [], ""<class 'abc.NT_0011_P_00002'>"": [], ""<class 'abc.NT_0010'>"": [53447, 75927], ""<class 'abc.NT_0010_P_00000'>"": [], ""<class 'abc.NT_0010_P_00001'>"": [], ""<class 'abc.NT_0010_P_00002'>"": [], ""<class 'abc.NT_0010_P_00003'>"": [], ""<class 'abc.NT_0010_P_00004'>"": [], ""<class 'abc.NT_0010_P_00005'>"": [], ""<class 'abc.NT_0011_P_00003'>"": [], ""<class 'abc.NT_0011_P_00004'>"": [], ""<class 'abc.NT_0011_P_00005'>"": [], ""<class 'abc.NT_0011_P_00006'>"": [], ""<class 'abc.NT_0011_P_00007'>"": [], ""<class 'abc.NT_0011_P_00008'>"": [], ""<class 'abc.NT_0011_P_00009'>"": [], ""<class 'abc.NT_0014_P_00002'>"": [], ""<class 'abc.NT_0014_P_00003'>"": [], ""<class 'abc.NT_0014_P_00004'>"": [], '$leftovers': [612, 51366, 29977, 7941, 62781, 93978, 48081, 63396, 57279, 63194, 37786, 54499, 54071, 7255, 805, 91855, 9788, 55863, 13874, 90931, 38385, 43619, 36227, 61359, 25033, 26828, 94952, 78514, 81573, 7035, 57599, 63649, 37284, 79243, 23816, 36097, 45176, 45221, 21659, 73410, 77378, 61609, 53485, 83091, 55364, 804, 37863, 62128, 64631, 84523, 68409, 46658, 59869, 22948, 53816, 17703, 86036, 23930, 54711, 27159, 47907, 22129, 19429, 11704, 67050, 80298, 69224, 57646, 14733, 44317, 85077, 74191, 78264, 27076, 89776, 5196, 46711, 95884, 100000, 42859, 92197, 62164, 34041, 96434, 9186, 84986, 23729, 32442, 9078, 30947, 10584, 90176, 39265, 2903, 26641, 17813, 64068, 47390, 53496, 84055, 91192, 43627, 10978, 20051, 63072, 17541, 52384, 82602, 2071, 73349, 76496, 93237, 90746, 94169, 1089, 1963, 87259, 78716, 97251, 74560, 92319, 88430, 30065, 35943, 26646, 58575, 20564, 68822, 1955, 11977, 701, 8879, 51642, 65013, 37021, 8254, 64968, 54544, 55206, 50487, 94823, 39401, 11005, 50507, 4078, 47520, 40046, 60171, 93652, 930, 40344, 61205, 60575, 32914, 87845, 18974, 88335, 23738, 9159, 67945, 35873, 79289, 92027, 47069, 50717, 19269, 86431, 12677, 1847, 82569, 10719, 49874, 57438, 74245, 9728, 35214, 60927, 50418, 3072, 33653, 84097, 10451, 10948, 43565, 35042, 52901, 60373, 71523, 99916, 21066, 31862, 7158, 61957, 29065, 73503, 77066, 90914, 2224, 23949, 58836, 36313, 52163, 15402, 95181, 97248, 72223, 64484, 31579, 7361, 13133, 8559, 5315, 12957, 97480, 15964, 47289, 18201, 64048, 38836, 23949, 65274, 81688, 15908, 97641, 68909, 88194, 58203, 54156, 17884, 17015, 98114, 85070, 44487, 35609, 43946, 13163, 68656, 46368, 64590, 40998, 4333, 23209, 48312, 91519, 45912, 95154, 82162, 65190, 2680, 41571, 50993, 530, 20715, 62325, 69130, 87411, 51896, 25041, 1061, 92007, 16083, 61009, 22448, 76926, 40530, 5740, 65551, 74307, 70243, 88860, 56449, 62236, 73737, 14864, 20769, 33438, 2720, 19958, 14224, 62871, 11924, 4195, 94579, 90772, 15850, 32394, 39534, 94217, 24432, 49736, 19142, 95031, 91556, 84878, 36003, 82744, 39005, 77560, 67854, 74174, 65238, 42610, 38442, 5045, 8394, 50169, 85223, 39318, 11999, 19698, 62218, 20982, 75579, 83921, 36322, 81232, 74890, 79155, 7974, 87957, 31618, 15302, 46288, 41529, 54402, 51898, 8904, 68466, 16655, 33307, 87657, 62302, 99805, 94712, 27432, 6792, 318, 28470, 61849, 26074, 24481, 33234, 11701, 90978, 8418, 34547, 73073, 14229, 92931, 45528, 46305, 58234, 95428, 52910, 64691, 89529, 6125, 95529, 23717, 34258, 15039, 26343, 25322, 18533, 87153, 22501, 24377, 93511, 91108, 66007, 60481, 95208, 62676, 92031, 61249, 21040, 27224, 8088, 84181, 33593, 86548, 72607, 12800, 5611, 73844, 6692, 65230, 36526, 2469, 35635, 48449, 14719, 78189, 85243, 55844, 24071, 23788, 78878, 22883, 30166, 25797, 10713, 24202, 63862, 69116, 6614, 65627, 74821, 9118, 52050, 1045, 85212, 62012, 89898, 79364, 88858, 96964, 35830, 60888, 26734, 88556, 30404, 7619, 80278, 68622, 93232, 34306, 31485, 56275, 18665, 75621, 64839, 93770, 28199, 22239, 59130, 77628, 99168, 70420, 75781, 62501, 671, 82149, 26309, 8026, 6187, 34342, 77941, 96327, 7003, 65713, 2941, 26673, 45799, 5550, 98918, 65458, 56546, 58743, 93533, 64790, 30347, 32662, 73325, 77970, 21733, 35559, 73040, 79043, 59441, 82022, 37637, 7661, 94041, 96708, 7898, 70255, 89025, 83488, 90561, 63581, 77717, 74197, 27575, 58299, 53110, 73807, 71575, 26219, 35022, 49263, 13153, 34531, 51399, 44165, 26477, 4658, 89217, 10088, 77375, 38696, 57234, 69828, 27880, 19969, 12884, 48301, 32382, 79158, 72530, 2303, 28606, 30300, 17727, 74408, 82473, 74031, 47501, 28349, 67701, 75802, 89880, 6847, 37677, 42094, 59098, 33292, 25396, 1653, 33802, 37033, 82988, 18807, 34788, 32442, 21412, 79504, 70667, 67140, 188, 92567, 14712, 41955, 83231, 16604, 44261, 9248, 17311, 28714, 91679, 32487, 26287, 45537, 96338, 4907, 91004, 40305, 38855, 30113, 31802, 90368, 29632, 22399, 27504, 74924, 64570, 3170, 73381, 73608, 82107, 55004, 28453, 81413, 83401, 86827, 3755, 19280, 39809, 58531, 69352, 77285, 75236, 65692, 7596, 96792, 61193, 32718, 15171, 87988, 30166, 54746, 77236, 17432, 95331, 38981, 88240, 38898, 32172, 79555, 11740, 12372, 21314, 35314, 93047, 42158, 12888, 45757, 12444, 53196, 24354, 10754, 11298, 51034, 29460, 54561, 63362, 63137, 80288, 88200, 90124, 34341, 79738, 29507, 1371, 45727, 33233, 20038, 80414, 21940, 30707, 90006, 24595, 36850, 16424, 43356, 57374, 16541, 37502, 37384, 44186, 1581, 55147, 81574, 36342, 34700, 77319, 28025, 42804, 70814, 97334, 63170, 45671, 92728, 50865, 61805, 79230, 95797, 79382, 69832, 39248, 70970, 62614, 68180, 36578, 66699, 90803, 28447, 48009, 97357, 19944, 60879, 16057, 92445, 75982, 37067, 41406, 92224, 10099, 38077, 10238, 68458, 6537, 63778, 57556, 62039, 11823, 13270, 39382, 5448, 99101, 892, 8806, 21031, 7912, 86405, 50251, 88331, 79170, 19276, 48689, 73426, 83963, 98871, 32530, 19826, 24930, 70628, 89666, 23784, 22342, 79694, 80437, 28733, 99765, 7735, 65443, 39629, 65691, 45234, 52942, 70165, 64742, 7593, 35389, 38346, 53370, 1486, 63745, 59201, 84112, 82078, 59842, 55744, 6361, 15079, 910, 53287, 86305, 5582, 34924, 69056, 67927, 31852, 80811, 3497, 24763, 76576, 6447, 51921, 24582, 67902, 99777, 99703, 83341, 49007, 99280, 24090, 6799, 52732, 30031, 47977, 87252, 5024, 40270, 25148, 18576, 16321, 73258, 96568, 50330, 93058, 53931, 82548, 70345, 30377, 16363, 46283, 71917, 19219, 34599, 59905, 76185, 99134, 52728, 85779, 32717, 4809, 23223, 7767, 36688, 17927, 33222, 5461, 58987, 99150, 82453, 68878, 27439, 92942, 79331, 71474, 34897, 35197, 84658, 51810, 88051, 90117, 15640, 25537, 1192, 5758, 16919, 16570, 54940, 71350, 57863, 28374, 25430, 96910, 25138, 30623, 84961, 23541, 35862, 94330, 34467, 45322, 3068, 32691, 19717, 72709, 77504, 12874, 8035, 4199, 32629, 29326, 50091, 4290, 69037, 67868, 4858, 18189, 81289, 10537, 34484, 97761, 36705, 52886, 29677, 92414, 65300, 4493, 83991, 25685, 6104, 23112, 72137, 96757, 13483, 18308, 221, 14358, 49795, 76044, 65013, 87872, 95304, 14399, 812, 64706, 60775, 65656, 55460, 64130, 33001, 14835, 17431, 45023, 79744, 46149, 17211, 1932, 89664, 35867, 75834, 45835, 33920, 51887, 56077, 57612, 3201, 66246, 43129, 72962, 59486, 41799, 36083, 78794, 55644, 16064, 47916, 43687, 87424, 99482, 17585, 78994, 36067, 56930, 68493, 83129, 64732, 86546, 74055, 94524, 52064, 83683, 31321, 53390, 89787, 97909, 96890, 42138, 43171, 63419, 72477, 642, 72325, 14142, 88837, 64298, 53853, 33912, 90976, 51351, 53580, 44520, 1115, 7377, 51291, 91564, 16199, 86922, 17805, 85895, 43694, 18547, 43604, 34423, 97118, 34445, 84791, 71375, 31055, 9941, 27422, 27295, 25492, 21731, 54058, 56103, 74702, 88389, 39787, 83292, 56321, 80058, 48446, 90534, 99020, 53183, 57349, 5351, 62399, 11726, 72703, 23079, 88458, 14886, 42115, 37381, 53447, 80416, 75451, 17441, 22787, 25968, 37997, 43457, 70409, 3144, 30291, 27680, 46416, 33566, 93834, 69479, 8313, 69016, 56653]})"
33.0,9,38,48,28.155839204788208,210,"Genotype(dna={""<class 'abc.NT_0014'>"": [0, 9891], ""<class 'abc.NT_0014_P_00000'>"": [], ""<class 'abc.NT_0003'>"": [], ""<class 'abc.NT_0003_P_00000'>"": [], ""<class 'bool'>"": [34892, 53838, 93055, 22069, 78539, 27596, 11504, 95280, 56278, 13913, 91591, 97012, 50516, 84139, 91601, 80048, 36855, 76229, 96396, 90534, 62399, 56318, 86613, 30291, 93834, 69479, 91703], ""<class 'abc.NT_0000'>"": [0, 2, 3, 0, 0, 66646, 88583, 0, 57112, 0, 0, 0, 96236, 32096, 3, 67907, 2, 0, 61061, 0, 47365, 65468, 40082, 0, 1, 35560, 2, 0, 2, 6530, 90460, 0, 0, 0, 1053, 51537, 1, 3136, 63679, 1290, 82817, 25314, 57349, 5351, 72703, 23079, 41017, 74148, 17441, 35176, 25968, 74036, 43457, 70409, 70746], ""<class 'abc.NT_0000_P_00000'>"": [], ""<class 'int'>"": [11527, 89970, 57184, 94912, 12901, 2737, 25019, 94292, 7422, 84436, 79517, 92390, 83981, 41079, 54502, 66359, 45824, 66531, 20954, 87223, 18331, 85267, 30558, 2676, 26738, 18149, 77382, 79248, 84283, 30291, 69479, 56653, 51366, 23356, 63194, 54071, 7575, 38385], ""<class 'abc.NT_0000_P_00001'>"": [], ""<class 'abc.NT_0000_P_00002'>"": [], ""<class 'abc.NT_0000_P_00003'>"": [], ""<class 'abc.NT_0001'>"": [1, 99233, 59169, 80416, 13326, 80335, 56653], ""<class 'abc.NT_0001_P_00000'>"": [], ""<class 'abc.NT_0001_P_00001'>"": [], ""<class 'abc.NT_0001_P_00002'>"": [], ""<class 'abc.NT_0001_P_00003'>"": [], ""<class 'abc.NT_0001_P_00004'>"": [], ""<class 'abc.NT_0001_P_00005'>"": [], ""<class 'abc.NT_0001_P_00006'>"": [], ""<class 'abc.NT_0003_P_00001'>"": [], ""<class 'abc.NT_0002'>"": [0, 63043], ""<class 'abc.NT_0002_P_00000'>"": [], ""<class 'abc.NT_0002_P_00001'>"": [], ""<class 'abc.NT_0002_P_00002'>"": [], ""<class 'abc.NT_0002_P_00003'>"": [], ""<class 'abc.NT_0004'>"": [], ""<class 'abc.NT_0004_P_00000'>"": [], ""<class 'abc.NT_0014_P_00001'>"": [], ""<class 'abc.NT_0013'>"": [31174, 87753, 70326], ""<class 'abc.NT_0013_P_00000'>"": [], ""<class 'abc.NT_0011'>"": [1, 98607], ""<class 'abc.NT_0011_P_00000'>"": [], ""<class 'abc.NT_0011_P_00001'>"": [], ""<class 'abc.NT_0008'>"": [56358, 25492], ""<class 'abc.NT_0008_P_00000'>"": [], ""<class 'abc.NT_0005'>"": [65439, 70998], ""<class 'abc.NT_0005_P_00000'>"": [], ""<class 'abc.NT_0005_P_00001'>"": [], ""<class 'abc.NT_0007'>"": [63976, 27295], ""<class 'abc.NT_0007_P_00000'>"": [], ""<class 'abc.NT_0006'>"": [51447, 91312], ""<class 'abc.NT_0006_P_00000'>"": [], ""<class 'abc.NT_0006_P_00001'>"": [], ""<class 'abc.NT_0007_P_00001'>"": [], ""<class 'abc.NT_0007_P_00002'>"": [], ""<class 'abc.NT_0007_P_00003'>"": [], ""<class 'abc.NT_0008_P_00001'>"": [], ""<class 'abc.NT_0009'>"": [8, 58070, 39787], ""<class 'abc.NT_0009_P_00000'>"": [], ""<class 'abc.NT_0009_P_00001'>"": [], ""<class 'abc.NT_0009_P_00002'>"": [], ""<class 'abc.NT_0009_P_00003'>"": [], ""<class 'abc.NT_0009_P_00004'>"": [], ""<class 'abc.NT_0009_P_00005'>"": [], ""<class 'abc.NT_0009_P_00006'>"": [], ""<class 'abc.NT_0009_P_00007'>"": [], ""<class 'abc.NT_0009_P_00008'>"": [], ""<class 'abc.NT_0011_P_00002'>"": [], ""<class 'abc.NT_0010'>"": [53447, 75927], ""<class 'abc.NT_0010_P_00000'>"": [], ""<class 'abc.NT_0010_P_00001'>"": [], ""<class 'abc.NT_0010_P_00002'>"": [], ""<class 'abc.NT_0010_P_00003'>"": [], ""<class 'abc.NT_0010_P_00004'>"": [], ""<class 'abc.NT_0010_P_00005'>"": [], ""<class 'abc.NT_0011_P_00003'>"": [], ""<class 'abc.NT_0011_P_00004'>"": [], ""<class 'abc.NT_0011_P_00005'>"": [], ""<class 'abc.NT_0011_P_00006'>"": [], ""<class 'abc.NT_0011_P_00007'>"": [], ""<class 'abc.NT_0011_P_00008'>"": [], ""<class 'abc.NT_0011_P_00009'>"": [], ""<class 'abc.NT_0014_P_00002'>"": [], ""<class 'abc.NT_0014_P_00003'>"": [], ""<class 'abc.NT_0014_P_00004'>"": [], '$leftovers': [612, 51366, 29977, 7941, 62781, 93978, 48081, 63396, 57279, 63194, 37786, 54499, 54071, 7255, 805, 91855, 9788, 55863, 13874, 90931, 38385, 43619, 36227, 61359, 25033, 26828, 94952, 78514, 81573, 7035, 57599, 63649, 37284, 79243, 23816, 36097, 45176, 45221, 21659, 73410, 77378, 61609, 53485, 83091, 55364, 804, 37863, 62128, 64631, 84523, 68409, 46658, 59869, 22948, 53816, 17703, 86036, 23930, 54711, 27159, 47907, 22129, 19429, 11704, 67050, 80298, 69224, 57646, 14733, 44317, 85077, 74191, 78264, 27076, 89776, 5196, 46711, 95884, 100000, 42859, 92197, 62164, 34041, 96434, 9186, 84986, 23729, 32442, 9078, 30947, 10584, 90176, 39265, 2903, 26641, 17813, 64068, 47390, 53496, 84055, 91192, 43627, 10978, 20051, 63072, 17541, 52384, 82602, 2071, 73349, 76496, 93237, 90746, 94169, 1089, 1963, 87259, 78716, 97251, 74560, 92319, 88430, 30065, 35943, 26646, 58575, 20564, 68822, 1955, 11977, 701, 8879, 51642, 65013, 37021, 8254, 64968, 54544, 55206, 50487, 94823, 39401, 11005, 50507, 4078, 47520, 40046, 60171, 93652, 930, 40344, 61205, 60575, 32914, 87845, 18974, 88335, 23738, 9159, 67945, 35873, 79289, 92027, 47069, 50717, 19269, 86431, 12677, 1847, 82569, 10719, 49874, 57438, 74245, 9728, 35214, 60927, 50418, 3072, 33653, 84097, 10451, 10948, 43565, 35042, 52901, 60373, 71523, 99916, 21066, 31862, 7158, 61957, 29065, 73503, 77066, 90914, 2224, 23949, 58836, 36313, 52163, 15402, 95181, 97248, 72223, 64484, 31579, 7361, 13133, 8559, 5315, 12957, 97480, 15964, 47289, 18201, 64048, 38836, 23949, 65274, 81688, 15908, 97641, 68909, 88194, 58203, 54156, 17884, 17015, 98114, 85070, 44487, 35609, 43946, 13163, 68656, 46368, 64590, 40998, 4333, 23209, 48312, 91519, 45912, 95154, 82162, 65190, 2680, 41571, 50993, 530, 20715, 62325, 69130, 87411, 51896, 25041, 1061, 92007, 16083, 61009, 22448, 76926, 40530, 5740, 65551, 74307, 70243, 88860, 56449, 62236, 73737, 14864, 20769, 33438, 2720, 19958, 14224, 62871, 11924, 4195, 94579, 90772, 15850, 32394, 39534, 94217, 24432, 49736, 19142, 95031, 91556, 84878, 36003, 82744, 39005, 77560, 67854, 74174, 65238, 42610, 38442, 5045, 8394, 50169, 85223, 39318, 11999, 19698, 62218, 20982, 75579, 83921, 36322, 81232, 74890, 79155, 7974, 87957, 31618, 15302, 46288, 41529, 54402, 51898, 8904, 68466, 16655, 33307, 87657, 62302, 99805, 94712, 27432, 6792, 318, 28470, 61849, 26074, 24481, 33234, 11701, 90978, 8418, 34547, 73073, 14229, 92931, 45528, 46305, 58234, 95428, 52910, 64691, 89529, 6125, 95529, 23717, 34258, 15039, 26343, 25322, 18533, 87153, 22501, 24377, 93511, 91108, 66007, 60481, 95208, 62676, 92031, 61249, 21040, 27224, 8088, 84181, 33593, 86548, 72607, 12800, 5611, 73844, 6692, 65230, 36526, 2469, 35635, 48449, 14719, 78189, 85243, 55844, 24071, 23788, 78878, 22883, 30166, 25797, 10713, 24202, 63862, 69116, 6614, 65627, 74821, 9118, 52050, 1045, 85212, 62012, 89898, 79364, 88858, 96964, 35830, 60888, 26734, 88556, 30404, 7619, 80278, 68622, 93232, 34306, 31485, 56275, 18665, 75621, 64839, 93770, 28199, 22239, 59130, 77628, 99168, 70420, 75781, 62501, 671, 82149, 26309, 8026, 6187, 34342, 77941, 96327, 7003, 65713, 2941, 26673, 45799, 5550, 98918, 65458, 56546, 58743, 93533, 64790, 30347, 32662, 73325, 77970, 21733, 35559, 73040, 79043, 59441, 82022, 37637, 7661, 94041, 96708, 7898, 70255, 89025, 83488, 90561, 63581, 77717, 74197, 27575, 58299, 53110, 73807, 71575, 26219, 35022, 49263, 13153, 34531, 51399, 44165, 26477, 4658, 89217, 10088, 77375, 38696, 57234, 69828, 27880, 19969, 12884, 48301, 32382, 79158, 72530, 2303, 28606, 30300, 17727, 74408, 82473, 74031, 47501, 28349, 67701, 75802, 89880, 6847, 37677, 42094, 59098, 33292, 25396, 1653, 33802, 37033, 82988, 18807, 34788, 32442, 21412, 79504, 70667, 67140, 188, 92567, 14712, 41955, 83231, 16604, 44261, 9248, 17311, 28714, 91679, 32487, 26287, 45537, 96338, 4907, 91004, 40305, 38855, 30113, 31802, 90368, 29632, 22399, 27504, 74924, 64570, 3170, 73381, 73608, 82107, 55004, 28453, 81413, 83401, 86827, 3755, 19280, 39809, 58531, 69352, 77285, 75236, 65692, 7596, 96792, 61193, 32718, 15171, 87988, 30166, 54746, 77236, 17432, 95331, 38981, 88240, 38898, 32172, 79555, 11740, 12372, 21314, 35314, 93047, 42158, 12888, 45757, 12444, 53196, 24354, 10754, 11298, 51034, 29460, 54561, 63362, 63137, 80288, 88200, 90124, 34341, 79738, 29507, 1371, 45727, 33233, 20038, 80414, 21940, 30707, 90006, 24595, 36850, 16424, 43356, 57374, 16541, 37502, 37384, 44186, 1581, 55147, 81574, 36342, 34700, 77319, 28025, 42804, 70814, 97334, 63170, 45671, 92728, 50865, 61805, 79230, 95797, 79382, 69832, 39248, 70970, 62614, 68180, 36578, 66699, 90803, 28447, 48009, 97357, 19944, 60879, 16057, 92445, 75982, 37067, 41406, 92224, 10099, 38077, 10238, 68458, 6537, 63778, 57556, 62039, 11823, 13270, 39382, 5448, 99101, 892, 8806, 21031, 7912, 86405, 50251, 88331, 79170, 19276, 48689, 73426, 83963, 98871, 32530, 19826, 24930, 70628, 89666, 23784, 22342, 79694, 80437, 28733, 99765, 7735, 65443, 39629, 65691, 45234, 52942, 70165, 64742, 7593, 35389, 38346, 53370, 1486, 63745, 59201, 84112, 82078, 59842, 55744, 6361, 15079, 910, 53287, 86305, 5582, 34924, 69056, 67927, 31852, 80811, 3497, 24763, 76576, 6447, 51921, 24582, 67902, 99777, 99703, 83341, 49007, 99280, 24090, 6799, 52732, 30031, 47977, 87252, 5024, 40270, 25148, 18576, 16321, 73258, 96568, 50330, 93058, 53931, 82548, 70345, 30377, 16363, 46283, 71917, 19219, 34599, 59905, 76185, 99134, 52728, 85779, 32717, 4809, 23223, 7767, 36688, 17927, 33222, 5461, 58987, 99150, 82453, 68878, 27439, 92942, 79331, 71474, 34897, 35197, 84658, 51810, 88051, 90117, 15640, 25537, 1192, 5758, 16919, 16570, 54940, 71350, 57863, 28374, 25430, 96910, 25138, 30623, 84961, 23541, 35862, 94330, 34467, 45322, 3068, 32691, 19717, 72709, 77504, 12874, 8035, 4199, 32629, 29326, 50091, 4290, 69037, 67868, 4858, 18189, 81289, 10537, 34484, 97761, 36705, 52886, 29677, 92414, 65300, 4493, 83991, 25685, 6104, 23112, 72137, 96757, 13483, 18308, 221, 14358, 49795, 76044, 65013, 87872, 95304, 14399, 812, 64706, 60775, 65656, 55460, 64130, 33001, 14835, 17431, 45023, 79744, 46149, 17211, 1932, 89664, 35867, 75834, 45835, 33920, 51887, 56077, 57612, 3201, 66246, 43129, 72962, 59486, 41799, 36083, 78794, 55644, 16064, 47916, 43687, 87424, 99482, 17585, 78994, 36067, 56930, 68493, 83129, 64732, 86546, 74055, 94524, 52064, 83683, 31321, 53390, 89787, 97909, 96890, 42138, 43171, 63419, 72477, 642, 72325, 14142, 88837, 64298, 53853, 33912, 90976, 51351, 53580, 44520, 1115, 7377, 51291, 91564, 16199, 86922, 17805, 85895, 43694, 18547, 43604, 34423, 97118, 34445, 84791, 71375, 31055, 9941, 27422, 27295, 25492, 21731, 54058, 56103, 74702, 88389, 39787, 83292, 56321, 80058, 48446, 90534, 99020, 53183, 57349, 5351, 62399, 11726, 72703, 23079, 88458, 14886, 42115, 37381, 53447, 80416, 75451, 17441, 22787, 25968, 37997, 43457, 70409, 3144, 30291, 27680, 46416, 33566, 93834, 69479, 8313, 69016, 56653]})"
33.0,9,38,49,28.678524494171143,210,"Genotype(dna={""<class 'abc.NT_0014'>"": [0, 9891], ""<class 'abc.NT_0014_P_00000'>"": [], ""<class 'abc.NT_0003'>"": [], ""<class 'abc.NT_0003_P_00000'>"": [], ""<class 'bool'>"": [34892, 53838, 93055, 22069, 78539, 27596, 11504, 95280, 56278, 13913, 91591, 97012, 50516, 84139, 91601, 80048, 36855, 76229, 96396, 90534, 62399, 56318, 86613, 30291, 93834, 69479, 91703], ""<class 'abc.NT_0000'>"": [0, 2, 3, 0, 0, 66646, 88583, 0, 57112, 0, 0, 0, 96236, 32096, 3, 67907, 2, 0, 61061, 0, 47365, 65468, 40082, 0, 1, 35560, 2, 0, 2, 6530, 90460, 0, 0, 0, 1053, 51537, 1, 3136, 63679, 1290, 82817, 25314, 57349, 5351, 72703, 23079, 41017, 74148, 17441, 35176, 25968, 74036, 43457, 70409, 70746], ""<class 'abc.NT_0000_P_00000'>"": [], ""<class 'int'>"": [11527, 89970, 57184, 94912, 12901, 2737, 25019, 94292, 7422, 84436, 79517, 92390, 83981, 41079, 54502, 66359, 45824, 66531, 20954, 87223, 18331, 85267, 30558, 2676, 26738, 18149, 77382, 79248, 84283, 30291, 69479, 56653, 51366, 23356, 63194, 54071, 7575, 38385], ""<class 'abc.NT_0000_P_00001'>"": [], ""<class 'abc.NT_0000_P_00002'>"": [], ""<class 'abc.NT_0000_P_00003'>"": [], ""<class 'abc.NT_0001'>"": [1, 99233, 59169, 80416, 13326, 80335, 56653], ""<class 'abc.NT_0001_P_00000'>"": [], ""<class 'abc.NT_0001_P_00001'>"": [], ""<class 'abc.NT_0001_P_00002'>"": [], ""<class 'abc.NT_0001_P_00003'>"": [], ""<class 'abc.NT_0001_P_00004'>"": [], ""<class 'abc.NT_0001_P_00005'>"": [], ""<class 'abc.NT_0001_P_00006'>"": [], ""<class 'abc.NT_0003_P_00001'>"": [], ""<class 'abc.NT_0002'>"": [0, 63043], ""<class 'abc.NT_0002_P_00000'>"": [], ""<class 'abc.NT_0002_P_00001'>"": [], ""<class 'abc.NT_0002_P_00002'>"": [], ""<class 'abc.NT_0002_P_00003'>"": [], ""<class 'abc.NT_0004'>"": [], ""<class 'abc.NT_0004_P_00000'>"": [], ""<class 'abc.NT_0014_P_00001'>"": [], ""<class 'abc.NT_0013'>"": [31174, 87753, 70326], ""<class 'abc.NT_0013_P_00000'>"": [], ""<class 'abc.NT_0011'>"": [1, 98607], ""<class 'abc.NT_0011_P_00000'>"": [], ""<class 'abc.NT_0011_P_00001'>"": [], ""<class 'abc.NT_0008'>"": [56358, 25492], ""<class 'abc.NT_0008_P_00000'>"": [], ""<class 'abc.NT_0005'>"": [65439, 70998], ""<class 'abc.NT_0005_P_00000'>"": [], ""<class 'abc.NT_0005_P_00001'>"": [], ""<class 'abc.NT_0007'>"": [63976, 27295], ""<class 'abc.NT_0007_P_00000'>"": [], ""<class 'abc.NT_0006'>"": [51447, 91312], ""<class 'abc.NT_0006_P_00000'>"": [], ""<class 'abc.NT_0006_P_00001'>"": [], ""<class 'abc.NT_0007_P_00001'>"": [], ""<class 'abc.NT_0007_P_00002'>"": [], ""<class 'abc.NT_0007_P_00003'>"": [], ""<class 'abc.NT_0008_P_00001'>"": [], ""<class 'abc.NT_0009'>"": [8, 58070, 39787], ""<class 'abc.NT_0009_P_00000'>"": [], ""<class 'abc.NT_0009_P_00001'>"": [], ""<class 'abc.NT_0009_P_00002'>"": [], ""<class 'abc.NT_0009_P_00003'>"": [], ""<class 'abc.NT_0009_P_00004'>"": [], ""<class 'abc.NT_0009_P_00005'>"": [], ""<class 'abc.NT_0009_P_00006'>"": [], ""<class 'abc.NT_0009_P_00007'>"": [], ""<class 'abc.NT_0009_P_00008'>"": [], ""<class 'abc.NT_0011_P_00002'>"": [], ""<class 'abc.NT_0010'>"": [53447, 75927], ""<class 'abc.NT_0010_P_00000'>"": [], ""<class 'abc.NT_0010_P_00001'>"": [], ""<class 'abc.NT_0010_P_00002'>"": [], ""<class 'abc.NT_0010_P_00003'>"": [], ""<class 'abc.NT_0010_P_00004'>"": [], ""<class 'abc.NT_0010_P_00005'>"": [], ""<class 'abc.NT_0011_P_00003'>"": [], ""<class 'abc.NT_0011_P_00004'>"": [], ""<class 'abc.NT_0011_P_00005'>"": [], ""<class 'abc.NT_0011_P_00006'>"": [], ""<class 'abc.NT_0011_P_00007'>"": [], ""<class 'abc.NT_0011_P_00008'>"": [], ""<class 'abc.NT_0011_P_00009'>"": [], ""<class 'abc.NT_0014_P_00002'>"": [], ""<class 'abc.NT_0014_P_00003'>"": [], ""<class 'abc.NT_0014_P_00004'>"": [], '$leftovers': [612, 51366, 29977, 7941, 62781, 93978, 48081, 63396, 57279, 63194, 37786, 54499, 54071, 7255, 805, 91855, 9788, 55863, 13874, 90931, 38385, 43619, 36227, 61359, 25033, 26828, 94952, 78514, 81573, 7035, 57599, 63649, 37284, 79243, 23816, 36097, 45176, 45221, 21659, 73410, 77378, 61609, 53485, 83091, 55364, 804, 37863, 62128, 64631, 84523, 68409, 46658, 59869, 22948, 53816, 17703, 86036, 23930, 54711, 27159, 47907, 22129, 19429, 11704, 67050, 80298, 69224, 57646, 14733, 44317, 85077, 74191, 78264, 27076, 89776, 5196, 46711, 95884, 100000, 42859, 92197, 62164, 34041, 96434, 9186, 84986, 23729, 32442, 9078, 30947, 10584, 90176, 39265, 2903, 26641, 17813, 64068, 47390, 53496, 84055, 91192, 43627, 10978, 20051, 63072, 17541, 52384, 82602, 2071, 73349, 76496, 93237, 90746, 94169, 1089, 1963, 87259, 78716, 97251, 74560, 92319, 88430, 30065, 35943, 26646, 58575, 20564, 68822, 1955, 11977, 701, 8879, 51642, 65013, 37021, 8254, 64968, 54544, 55206, 50487, 94823, 39401, 11005, 50507, 4078, 47520, 40046, 60171, 93652, 930, 40344, 61205, 60575, 32914, 87845, 18974, 88335, 23738, 9159, 67945, 35873, 79289, 92027, 47069, 50717, 19269, 86431, 12677, 1847, 82569, 10719, 49874, 57438, 74245, 9728, 35214, 60927, 50418, 3072, 33653, 84097, 10451, 10948, 43565, 35042, 52901, 60373, 71523, 99916, 21066, 31862, 7158, 61957, 29065, 73503, 77066, 90914, 2224, 23949, 58836, 36313, 52163, 15402, 95181, 97248, 72223, 64484, 31579, 7361, 13133, 8559, 5315, 12957, 97480, 15964, 47289, 18201, 64048, 38836, 23949, 65274, 81688, 15908, 97641, 68909, 88194, 58203, 54156, 17884, 17015, 98114, 85070, 44487, 35609, 43946, 13163, 68656, 46368, 64590, 40998, 4333, 23209, 48312, 91519, 45912, 95154, 82162, 65190, 2680, 41571, 50993, 530, 20715, 62325, 69130, 87411, 51896, 25041, 1061, 92007, 16083, 61009, 22448, 76926, 40530, 5740, 65551, 74307, 70243, 88860, 56449, 62236, 73737, 14864, 20769, 33438, 2720, 19958, 14224, 62871, 11924, 4195, 94579, 90772, 15850, 32394, 39534, 94217, 24432, 49736, 19142, 95031, 91556, 84878, 36003, 82744, 39005, 77560, 67854, 74174, 65238, 42610, 38442, 5045, 8394, 50169, 85223, 39318, 11999, 19698, 62218, 20982, 75579, 83921, 36322, 81232, 74890, 79155, 7974, 87957, 31618, 15302, 46288, 41529, 54402, 51898, 8904, 68466, 16655, 33307, 87657, 62302, 99805, 94712, 27432, 6792, 318, 28470, 61849, 26074, 24481, 33234, 11701, 90978, 8418, 34547, 73073, 14229, 92931, 45528, 46305, 58234, 95428, 52910, 64691, 89529, 6125, 95529, 23717, 34258, 15039, 26343, 25322, 18533, 87153, 22501, 24377, 93511, 91108, 66007, 60481, 95208, 62676, 92031, 61249, 21040, 27224, 8088, 84181, 33593, 86548, 72607, 12800, 5611, 73844, 6692, 65230, 36526, 2469, 35635, 48449, 14719, 78189, 85243, 55844, 24071, 23788, 78878, 22883, 30166, 25797, 10713, 24202, 63862, 69116, 6614, 65627, 74821, 9118, 52050, 1045, 85212, 62012, 89898, 79364, 88858, 96964, 35830, 60888, 26734, 88556, 30404, 7619, 80278, 68622, 93232, 34306, 31485, 56275, 18665, 75621, 64839, 93770, 28199, 22239, 59130, 77628, 99168, 70420, 75781, 62501, 671, 82149, 26309, 8026, 6187, 34342, 77941, 96327, 7003, 65713, 2941, 26673, 45799, 5550, 98918, 65458, 56546, 58743, 93533, 64790, 30347, 32662, 73325, 77970, 21733, 35559, 73040, 79043, 59441, 82022, 37637, 7661, 94041, 96708, 7898, 70255, 89025, 83488, 90561, 63581, 77717, 74197, 27575, 58299, 53110, 73807, 71575, 26219, 35022, 49263, 13153, 34531, 51399, 44165, 26477, 4658, 89217, 10088, 77375, 38696, 57234, 69828, 27880, 19969, 12884, 48301, 32382, 79158, 72530, 2303, 28606, 30300, 17727, 74408, 82473, 74031, 47501, 28349, 67701, 75802, 89880, 6847, 37677, 42094, 59098, 33292, 25396, 1653, 33802, 37033, 82988, 18807, 34788, 32442, 21412, 79504, 70667, 67140, 188, 92567, 14712, 41955, 83231, 16604, 44261, 9248, 17311, 28714, 91679, 32487, 26287, 45537, 96338, 4907, 91004, 40305, 38855, 30113, 31802, 90368, 29632, 22399, 27504, 74924, 64570, 3170, 73381, 73608, 82107, 55004, 28453, 81413, 83401, 86827, 3755, 19280, 39809, 58531, 69352, 77285, 75236, 65692, 7596, 96792, 61193, 32718, 15171, 87988, 30166, 54746, 77236, 17432, 95331, 38981, 88240, 38898, 32172, 79555, 11740, 12372, 21314, 35314, 93047, 42158, 12888, 45757, 12444, 53196, 24354, 10754, 11298, 51034, 29460, 54561, 63362, 63137, 80288, 88200, 90124, 34341, 79738, 29507, 1371, 45727, 33233, 20038, 80414, 21940, 30707, 90006, 24595, 36850, 16424, 43356, 57374, 16541, 37502, 37384, 44186, 1581, 55147, 81574, 36342, 34700, 77319, 28025, 42804, 70814, 97334, 63170, 45671, 92728, 50865, 61805, 79230, 95797, 79382, 69832, 39248, 70970, 62614, 68180, 36578, 66699, 90803, 28447, 48009, 97357, 19944, 60879, 16057, 92445, 75982, 37067, 41406, 92224, 10099, 38077, 10238, 68458, 6537, 63778, 57556, 62039, 11823, 13270, 39382, 5448, 99101, 892, 8806, 21031, 7912, 86405, 50251, 88331, 79170, 19276, 48689, 73426, 83963, 98871, 32530, 19826, 24930, 70628, 89666, 23784, 22342, 79694, 80437, 28733, 99765, 7735, 65443, 39629, 65691, 45234, 52942, 70165, 64742, 7593, 35389, 38346, 53370, 1486, 63745, 59201, 84112, 82078, 59842, 55744, 6361, 15079, 910, 53287, 86305, 5582, 34924, 69056, 67927, 31852, 80811, 3497, 24763, 76576, 6447, 51921, 24582, 67902, 99777, 99703, 83341, 49007, 99280, 24090, 6799, 52732, 30031, 47977, 87252, 5024, 40270, 25148, 18576, 16321, 73258, 96568, 50330, 93058, 53931, 82548, 70345, 30377, 16363, 46283, 71917, 19219, 34599, 59905, 76185, 99134, 52728, 85779, 32717, 4809, 23223, 7767, 36688, 17927, 33222, 5461, 58987, 99150, 82453, 68878, 27439, 92942, 79331, 71474, 34897, 35197, 84658, 51810, 88051, 90117, 15640, 25537, 1192, 5758, 16919, 16570, 54940, 71350, 57863, 28374, 25430, 96910, 25138, 30623, 84961, 23541, 35862, 94330, 34467, 45322, 3068, 32691, 19717, 72709, 77504, 12874, 8035, 4199, 32629, 29326, 50091, 4290, 69037, 67868, 4858, 18189, 81289, 10537, 34484, 97761, 36705, 52886, 29677, 92414, 65300, 4493, 83991, 25685, 6104, 23112, 72137, 96757, 13483, 18308, 221, 14358, 49795, 76044, 65013, 87872, 95304, 14399, 812, 64706, 60775, 65656, 55460, 64130, 33001, 14835, 17431, 45023, 79744, 46149, 17211, 1932, 89664, 35867, 75834, 45835, 33920, 51887, 56077, 57612, 3201, 66246, 43129, 72962, 59486, 41799, 36083, 78794, 55644, 16064, 47916, 43687, 87424, 99482, 17585, 78994, 36067, 56930, 68493, 83129, 64732, 86546, 74055, 94524, 52064, 83683, 31321, 53390, 89787, 97909, 96890, 42138, 43171, 63419, 72477, 642, 72325, 14142, 88837, 64298, 53853, 33912, 90976, 51351, 53580, 44520, 1115, 7377, 51291, 91564, 16199, 86922, 17805, 85895, 43694, 18547, 43604, 34423, 97118, 34445, 84791, 71375, 31055, 9941, 27422, 27295, 25492, 21731, 54058, 56103, 74702, 88389, 39787, 83292, 56321, 80058, 48446, 90534, 99020, 53183, 57349, 5351, 62399, 11726, 72703, 23079, 88458, 14886, 42115, 37381, 53447, 80416, 75451, 17441, 22787, 25968, 37997, 43457, 70409, 3144, 30291, 27680, 46416, 33566, 93834, 69479, 8313, 69016, 56653]})"
33.0,9,38,50,29.11202073097229,210,"Genotype(dna={""<class 'abc.NT_0014'>"": [0, 9891], ""<class 'abc.NT_0014_P_00000'>"": [], ""<class 'abc.NT_0003'>"": [], ""<class 'abc.NT_0003_P_00000'>"": [], ""<class 'bool'>"": [34892, 53838, 93055, 22069, 78539, 27596, 11504, 95280, 56278, 13913, 91591, 97012, 50516, 84139, 91601, 80048, 36855, 76229, 96396, 90534, 62399, 56318, 86613, 30291, 93834, 69479, 91703], ""<class 'abc.NT_0000'>"": [0, 2, 3, 0, 0, 66646, 88583, 0, 57112, 0, 0, 0, 96236, 32096, 3, 67907, 2, 0, 61061, 0, 47365, 65468, 40082, 0, 1, 35560, 2, 0, 2, 6530, 90460, 0, 0, 0, 1053, 51537, 1, 3136, 63679, 1290, 82817, 25314, 57349, 5351, 72703, 23079, 41017, 74148, 17441, 35176, 25968, 74036, 43457, 70409, 70746], ""<class 'abc.NT_0000_P_00000'>"": [], ""<class 'int'>"": [11527, 89970, 57184, 94912, 12901, 2737, 25019, 94292, 7422, 84436, 79517, 92390, 83981, 41079, 54502, 66359, 45824, 66531, 20954, 87223, 18331, 85267, 30558, 2676, 26738, 18149, 77382, 79248, 84283, 30291, 69479, 56653, 51366, 23356, 63194, 54071, 7575, 38385], ""<class 'abc.NT_0000_P_00001'>"": [], ""<class 'abc.NT_0000_P_00002'>"": [], ""<class 'abc.NT_0000_P_00003'>"": [], ""<class 'abc.NT_0001'>"": [1, 99233, 59169, 80416, 13326, 80335, 56653], ""<class 'abc.NT_0001_P_00000'>"": [], ""<class 'abc.NT_0001_P_00001'>"": [], ""<class 'abc.NT_0001_P_00002'>"": [], ""<class 'abc.NT_0001_P_00003'>"": [], ""<class 'abc.NT_0001_P_00004'>"": [], ""<class 'abc.NT_0001_P_00005'>"": [], ""<class 'abc.NT_0001_P_00006'>"": [], ""<class 'abc.NT_0003_P_00001'>"": [], ""<class 'abc.NT_0002'>"": [0, 63043], ""<class 'abc.NT_0002_P_00000'>"": [], ""<class 'abc.NT_0002_P_00001'>"": [], ""<class 'abc.NT_0002_P_00002'>"": [], ""<class 'abc.NT_0002_P_00003'>"": [], ""<class 'abc.NT_0004'>"": [], ""<class 'abc.NT_0004_P_00000'>"": [], ""<class 'abc.NT_0014_P_00001'>"": [], ""<class 'abc.NT_0013'>"": [31174, 87753, 70326], ""<class 'abc.NT_0013_P_00000'>"": [], ""<class 'abc.NT_0011'>"": [1, 98607], ""<class 'abc.NT_0011_P_00000'>"": [], ""<class 'abc.NT_0011_P_00001'>"": [], ""<class 'abc.NT_0008'>"": [56358, 25492], ""<class 'abc.NT_0008_P_00000'>"": [], ""<class 'abc.NT_0005'>"": [65439, 70998], ""<class 'abc.NT_0005_P_00000'>"": [], ""<class 'abc.NT_0005_P_00001'>"": [], ""<class 'abc.NT_0007'>"": [63976, 27295], ""<class 'abc.NT_0007_P_00000'>"": [], ""<class 'abc.NT_0006'>"": [51447, 91312], ""<class 'abc.NT_0006_P_00000'>"": [], ""<class 'abc.NT_0006_P_00001'>"": [], ""<class 'abc.NT_0007_P_00001'>"": [], ""<class 'abc.NT_0007_P_00002'>"": [], ""<class 'abc.NT_0007_P_00003'>"": [], ""<class 'abc.NT_0008_P_00001'>"": [], ""<class 'abc.NT_0009'>"": [8, 58070, 39787], ""<class 'abc.NT_0009_P_00000'>"": [], ""<class 'abc.NT_0009_P_00001'>"": [], ""<class 'abc.NT_0009_P_00002'>"": [], ""<class 'abc.NT_0009_P_00003'>"": [], ""<class 'abc.NT_0009_P_00004'>"": [], ""<class 'abc.NT_0009_P_00005'>"": [], ""<class 'abc.NT_0009_P_00006'>"": [], ""<class 'abc.NT_0009_P_00007'>"": [], ""<class 'abc.NT_0009_P_00008'>"": [], ""<class 'abc.NT_0011_P_00002'>"": [], ""<class 'abc.NT_0010'>"": [53447, 75927], ""<class 'abc.NT_0010_P_00000'>"": [], ""<class 'abc.NT_0010_P_00001'>"": [], ""<class 'abc.NT_0010_P_00002'>"": [], ""<class 'abc.NT_0010_P_00003'>"": [], ""<class 'abc.NT_0010_P_00004'>"": [], ""<class 'abc.NT_0010_P_00005'>"": [], ""<class 'abc.NT_0011_P_00003'>"": [], ""<class 'abc.NT_0011_P_00004'>"": [], ""<class 'abc.NT_0011_P_00005'>"": [], ""<class 'abc.NT_0011_P_00006'>"": [], ""<class 'abc.NT_0011_P_00007'>"": [], ""<class 'abc.NT_0011_P_00008'>"": [], ""<class 'abc.NT_0011_P_00009'>"": [], ""<class 'abc.NT_0014_P_00002'>"": [], ""<class 'abc.NT_0014_P_00003'>"": [], ""<class 'abc.NT_0014_P_00004'>"": [], '$leftovers': [612, 51366, 29977, 7941, 62781, 93978, 48081, 63396, 57279, 63194, 37786, 54499, 54071, 7255, 805, 91855, 9788, 55863, 13874, 90931, 38385, 43619, 36227, 61359, 25033, 26828, 94952, 78514, 81573, 7035, 57599, 63649, 37284, 79243, 23816, 36097, 45176, 45221, 21659, 73410, 77378, 61609, 53485, 83091, 55364, 804, 37863, 62128, 64631, 84523, 68409, 46658, 59869, 22948, 53816, 17703, 86036, 23930, 54711, 27159, 47907, 22129, 19429, 11704, 67050, 80298, 69224, 57646, 14733, 44317, 85077, 74191, 78264, 27076, 89776, 5196, 46711, 95884, 100000, 42859, 92197, 62164, 34041, 96434, 9186, 84986, 23729, 32442, 9078, 30947, 10584, 90176, 39265, 2903, 26641, 17813, 64068, 47390, 53496, 84055, 91192, 43627, 10978, 20051, 63072, 17541, 52384, 82602, 2071, 73349, 76496, 93237, 90746, 94169, 1089, 1963, 87259, 78716, 97251, 74560, 92319, 88430, 30065, 35943, 26646, 58575, 20564, 68822, 1955, 11977, 701, 8879, 51642, 65013, 37021, 8254, 64968, 54544, 55206, 50487, 94823, 39401, 11005, 50507, 4078, 47520, 40046, 60171, 93652, 930, 40344, 61205, 60575, 32914, 87845, 18974, 88335, 23738, 9159, 67945, 35873, 79289, 92027, 47069, 50717, 19269, 86431, 12677, 1847, 82569, 10719, 49874, 57438, 74245, 9728, 35214, 60927, 50418, 3072, 33653, 84097, 10451, 10948, 43565, 35042, 52901, 60373, 71523, 99916, 21066, 31862, 7158, 61957, 29065, 73503, 77066, 90914, 2224, 23949, 58836, 36313, 52163, 15402, 95181, 97248, 72223, 64484, 31579, 7361, 13133, 8559, 5315, 12957, 97480, 15964, 47289, 18201, 64048, 38836, 23949, 65274, 81688, 15908, 97641, 68909, 88194, 58203, 54156, 17884, 17015, 98114, 85070, 44487, 35609, 43946, 13163, 68656, 46368, 64590, 40998, 4333, 23209, 48312, 91519, 45912, 95154, 82162, 65190, 2680, 41571, 50993, 530, 20715, 62325, 69130, 87411, 51896, 25041, 1061, 92007, 16083, 61009, 22448, 76926, 40530, 5740, 65551, 74307, 70243, 88860, 56449, 62236, 73737, 14864, 20769, 33438, 2720, 19958, 14224, 62871, 11924, 4195, 94579, 90772, 15850, 32394, 39534, 94217, 24432, 49736, 19142, 95031, 91556, 84878, 36003, 82744, 39005, 77560, 67854, 74174, 65238, 42610, 38442, 5045, 8394, 50169, 85223, 39318, 11999, 19698, 62218, 20982, 75579, 83921, 36322, 81232, 74890, 79155, 7974, 87957, 31618, 15302, 46288, 41529, 54402, 51898, 8904, 68466, 16655, 33307, 87657, 62302, 99805, 94712, 27432, 6792, 318, 28470, 61849, 26074, 24481, 33234, 11701, 90978, 8418, 34547, 73073, 14229, 92931, 45528, 46305, 58234, 95428, 52910, 64691, 89529, 6125, 95529, 23717, 34258, 15039, 26343, 25322, 18533, 87153, 22501, 24377, 93511, 91108, 66007, 60481, 95208, 62676, 92031, 61249, 21040, 27224, 8088, 84181, 33593, 86548, 72607, 12800, 5611, 73844, 6692, 65230, 36526, 2469, 35635, 48449, 14719, 78189, 85243, 55844, 24071, 23788, 78878, 22883, 30166, 25797, 10713, 24202, 63862, 69116, 6614, 65627, 74821, 9118, 52050, 1045, 85212, 62012, 89898, 79364, 88858, 96964, 35830, 60888, 26734, 88556, 30404, 7619, 80278, 68622, 93232, 34306, 31485, 56275, 18665, 75621, 64839, 93770, 28199, 22239, 59130, 77628, 99168, 70420, 75781, 62501, 671, 82149, 26309, 8026, 6187, 34342, 77941, 96327, 7003, 65713, 2941, 26673, 45799, 5550, 98918, 65458, 56546, 58743, 93533, 64790, 30347, 32662, 73325, 77970, 21733, 35559, 73040, 79043, 59441, 82022, 37637, 7661, 94041, 96708, 7898, 70255, 89025, 83488, 90561, 63581, 77717, 74197, 27575, 58299, 53110, 73807, 71575, 26219, 35022, 49263, 13153, 34531, 51399, 44165, 26477, 4658, 89217, 10088, 77375, 38696, 57234, 69828, 27880, 19969, 12884, 48301, 32382, 79158, 72530, 2303, 28606, 30300, 17727, 74408, 82473, 74031, 47501, 28349, 67701, 75802, 89880, 6847, 37677, 42094, 59098, 33292, 25396, 1653, 33802, 37033, 82988, 18807, 34788, 32442, 21412, 79504, 70667, 67140, 188, 92567, 14712, 41955, 83231, 16604, 44261, 9248, 17311, 28714, 91679, 32487, 26287, 45537, 96338, 4907, 91004, 40305, 38855, 30113, 31802, 90368, 29632, 22399, 27504, 74924, 64570, 3170, 73381, 73608, 82107, 55004, 28453, 81413, 83401, 86827, 3755, 19280, 39809, 58531, 69352, 77285, 75236, 65692, 7596, 96792, 61193, 32718, 15171, 87988, 30166, 54746, 77236, 17432, 95331, 38981, 88240, 38898, 32172, 79555, 11740, 12372, 21314, 35314, 93047, 42158, 12888, 45757, 12444, 53196, 24354, 10754, 11298, 51034, 29460, 54561, 63362, 63137, 80288, 88200, 90124, 34341, 79738, 29507, 1371, 45727, 33233, 20038, 80414, 21940, 30707, 90006, 24595, 36850, 16424, 43356, 57374, 16541, 37502, 37384, 44186, 1581, 55147, 81574, 36342, 34700, 77319, 28025, 42804, 70814, 97334, 63170, 45671, 92728, 50865, 61805, 79230, 95797, 79382, 69832, 39248, 70970, 62614, 68180, 36578, 66699, 90803, 28447, 48009, 97357, 19944, 60879, 16057, 92445, 75982, 37067, 41406, 92224, 10099, 38077, 10238, 68458, 6537, 63778, 57556, 62039, 11823, 13270, 39382, 5448, 99101, 892, 8806, 21031, 7912, 86405, 50251, 88331, 79170, 19276, 48689, 73426, 83963, 98871, 32530, 19826, 24930, 70628, 89666, 23784, 22342, 79694, 80437, 28733, 99765, 7735, 65443, 39629, 65691, 45234, 52942, 70165, 64742, 7593, 35389, 38346, 53370, 1486, 63745, 59201, 84112, 82078, 59842, 55744, 6361, 15079, 910, 53287, 86305, 5582, 34924, 69056, 67927, 31852, 80811, 3497, 24763, 76576, 6447, 51921, 24582, 67902, 99777, 99703, 83341, 49007, 99280, 24090, 6799, 52732, 30031, 47977, 87252, 5024, 40270, 25148, 18576, 16321, 73258, 96568, 50330, 93058, 53931, 82548, 70345, 30377, 16363, 46283, 71917, 19219, 34599, 59905, 76185, 99134, 52728, 85779, 32717, 4809, 23223, 7767, 36688, 17927, 33222, 5461, 58987, 99150, 82453, 68878, 27439, 92942, 79331, 71474, 34897, 35197, 84658, 51810, 88051, 90117, 15640, 25537, 1192, 5758, 16919, 16570, 54940, 71350, 57863, 28374, 25430, 96910, 25138, 30623, 84961, 23541, 35862, 94330, 34467, 45322, 3068, 32691, 19717, 72709, 77504, 12874, 8035, 4199, 32629, 29326, 50091, 4290, 69037, 67868, 4858, 18189, 81289, 10537, 34484, 97761, 36705, 52886, 29677, 92414, 65300, 4493, 83991, 25685, 6104, 23112, 72137, 96757, 13483, 18308, 221, 14358, 49795, 76044, 65013, 87872, 95304, 14399, 812, 64706, 60775, 65656, 55460, 64130, 33001, 14835, 17431, 45023, 79744, 46149, 17211, 1932, 89664, 35867, 75834, 45835, 33920, 51887, 56077, 57612, 3201, 66246, 43129, 72962, 59486, 41799, 36083, 78794, 55644, 16064, 47916, 43687, 87424, 99482, 17585, 78994, 36067, 56930, 68493, 83129, 64732, 86546, 74055, 94524, 52064, 83683, 31321, 53390, 89787, 97909, 96890, 42138, 43171, 63419, 72477, 642, 72325, 14142, 88837, 64298, 53853, 33912, 90976, 51351, 53580, 44520, 1115, 7377, 51291, 91564, 16199, 86922, 17805, 85895, 43694, 18547, 43604, 34423, 97118, 34445, 84791, 71375, 31055, 9941, 27422, 27295, 25492, 21731, 54058, 56103, 74702, 88389, 39787, 83292, 56321, 80058, 48446, 90534, 99020, 53183, 57349, 5351, 62399, 11726, 72703, 23079, 88458, 14886, 42115, 37381, 53447, 80416, 75451, 17441, 22787, 25968, 37997, 43457, 70409, 3144, 30291, 27680, 46416, 33566, 93834, 69479, 8313, 69016, 56653]})"
33.0,9,38,51,29.562387704849243,210,"Genotype(dna={""<class 'abc.NT_0014'>"": [0, 9891], ""<class 'abc.NT_0014_P_00000'>"": [], ""<class 'abc.NT_0003'>"": [], ""<class 'abc.NT_0003_P_00000'>"": [], ""<class 'bool'>"": [34892, 53838, 93055, 22069, 78539, 27596, 11504, 95280, 56278, 13913, 91591, 97012, 50516, 84139, 91601, 80048, 36855, 76229, 96396, 90534, 62399, 56318, 86613, 30291, 93834, 69479, 91703], ""<class 'abc.NT_0000'>"": [0, 2, 3, 0, 0, 66646, 88583, 0, 57112, 0, 0, 0, 96236, 32096, 3, 67907, 2, 0, 61061, 0, 47365, 65468, 40082, 0, 1, 35560, 2, 0, 2, 6530, 90460, 0, 0, 0, 1053, 51537, 1, 3136, 63679, 1290, 82817, 25314, 57349, 5351, 72703, 23079, 41017, 74148, 17441, 35176, 25968, 74036, 43457, 70409, 70746], ""<class 'abc.NT_0000_P_00000'>"": [], ""<class 'int'>"": [11527, 89970, 57184, 94912, 12901, 2737, 25019, 94292, 7422, 84436, 79517, 92390, 83981, 41079, 54502, 66359, 45824, 66531, 20954, 87223, 18331, 85267, 30558, 2676, 26738, 18149, 77382, 79248, 84283, 30291, 69479, 56653, 51366, 23356, 63194, 54071, 7575, 38385], ""<class 'abc.NT_0000_P_00001'>"": [], ""<class 'abc.NT_0000_P_00002'>"": [], ""<class 'abc.NT_0000_P_00003'>"": [], ""<class 'abc.NT_0001'>"": [1, 99233, 59169, 80416, 13326, 80335, 56653], ""<class 'abc.NT_0001_P_00000'>"": [], ""<class 'abc.NT_0001_P_00001'>"": [], ""<class 'abc.NT_0001_P_00002'>"": [], ""<class 'abc.NT_0001_P_00003'>"": [], ""<class 'abc.NT_0001_P_00004'>"": [], ""<class 'abc.NT_0001_P_00005'>"": [], ""<class 'abc.NT_0001_P_00006'>"": [], ""<class 'abc.NT_0003_P_00001'>"": [], ""<class 'abc.NT_0002'>"": [0, 63043], ""<class 'abc.NT_0002_P_00000'>"": [], ""<class 'abc.NT_0002_P_00001'>"": [], ""<class 'abc.NT_0002_P_00002'>"": [], ""<class 'abc.NT_0002_P_00003'>"": [], ""<class 'abc.NT_0004'>"": [], ""<class 'abc.NT_0004_P_00000'>"": [], ""<class 'abc.NT_0014_P_00001'>"": [], ""<class 'abc.NT_0013'>"": [31174, 87753, 70326], ""<class 'abc.NT_0013_P_00000'>"": [], ""<class 'abc.NT_0011'>"": [1, 98607], ""<class 'abc.NT_0011_P_00000'>"": [], ""<class 'abc.NT_0011_P_00001'>"": [], ""<class 'abc.NT_0008'>"": [56358, 25492], ""<class 'abc.NT_0008_P_00000'>"": [], ""<class 'abc.NT_0005'>"": [65439, 70998], ""<class 'abc.NT_0005_P_00000'>"": [], ""<class 'abc.NT_0005_P_00001'>"": [], ""<class 'abc.NT_0007'>"": [63976, 27295], ""<class 'abc.NT_0007_P_00000'>"": [], ""<class 'abc.NT_0006'>"": [51447, 91312], ""<class 'abc.NT_0006_P_00000'>"": [], ""<class 'abc.NT_0006_P_00001'>"": [], ""<class 'abc.NT_0007_P_00001'>"": [], ""<class 'abc.NT_0007_P_00002'>"": [], ""<class 'abc.NT_0007_P_00003'>"": [], ""<class 'abc.NT_0008_P_00001'>"": [], ""<class 'abc.NT_0009'>"": [8, 58070, 39787], ""<class 'abc.NT_0009_P_00000'>"": [], ""<class 'abc.NT_0009_P_00001'>"": [], ""<class 'abc.NT_0009_P_00002'>"": [], ""<class 'abc.NT_0009_P_00003'>"": [], ""<class 'abc.NT_0009_P_00004'>"": [], ""<class 'abc.NT_0009_P_00005'>"": [], ""<class 'abc.NT_0009_P_00006'>"": [], ""<class 'abc.NT_0009_P_00007'>"": [], ""<class 'abc.NT_0009_P_00008'>"": [], ""<class 'abc.NT_0011_P_00002'>"": [], ""<class 'abc.NT_0010'>"": [53447, 75927], ""<class 'abc.NT_0010_P_00000'>"": [], ""<class 'abc.NT_0010_P_00001'>"": [], ""<class 'abc.NT_0010_P_00002'>"": [], ""<class 'abc.NT_0010_P_00003'>"": [], ""<class 'abc.NT_0010_P_00004'>"": [], ""<class 'abc.NT_0010_P_00005'>"": [], ""<class 'abc.NT_0011_P_00003'>"": [], ""<class 'abc.NT_0011_P_00004'>"": [], ""<class 'abc.NT_0011_P_00005'>"": [], ""<class 'abc.NT_0011_P_00006'>"": [], ""<class 'abc.NT_0011_P_00007'>"": [], ""<class 'abc.NT_0011_P_00008'>"": [], ""<class 'abc.NT_0011_P_00009'>"": [], ""<class 'abc.NT_0014_P_00002'>"": [], ""<class 'abc.NT_0014_P_00003'>"": [], ""<class 'abc.NT_0014_P_00004'>"": [], '$leftovers': [612, 51366, 29977, 7941, 62781, 93978, 48081, 63396, 57279, 63194, 37786, 54499, 54071, 7255, 805, 91855, 9788, 55863, 13874, 90931, 38385, 43619, 36227, 61359, 25033, 26828, 94952, 78514, 81573, 7035, 57599, 63649, 37284, 79243, 23816, 36097, 45176, 45221, 21659, 73410, 77378, 61609, 53485, 83091, 55364, 804, 37863, 62128, 64631, 84523, 68409, 46658, 59869, 22948, 53816, 17703, 86036, 23930, 54711, 27159, 47907, 22129, 19429, 11704, 67050, 80298, 69224, 57646, 14733, 44317, 85077, 74191, 78264, 27076, 89776, 5196, 46711, 95884, 100000, 42859, 92197, 62164, 34041, 96434, 9186, 84986, 23729, 32442, 9078, 30947, 10584, 90176, 39265, 2903, 26641, 17813, 64068, 47390, 53496, 84055, 91192, 43627, 10978, 20051, 63072, 17541, 52384, 82602, 2071, 73349, 76496, 93237, 90746, 94169, 1089, 1963, 87259, 78716, 97251, 74560, 92319, 88430, 30065, 35943, 26646, 58575, 20564, 68822, 1955, 11977, 701, 8879, 51642, 65013, 37021, 8254, 64968, 54544, 55206, 50487, 94823, 39401, 11005, 50507, 4078, 47520, 40046, 60171, 93652, 930, 40344, 61205, 60575, 32914, 87845, 18974, 88335, 23738, 9159, 67945, 35873, 79289, 92027, 47069, 50717, 19269, 86431, 12677, 1847, 82569, 10719, 49874, 57438, 74245, 9728, 35214, 60927, 50418, 3072, 33653, 84097, 10451, 10948, 43565, 35042, 52901, 60373, 71523, 99916, 21066, 31862, 7158, 61957, 29065, 73503, 77066, 90914, 2224, 23949, 58836, 36313, 52163, 15402, 95181, 97248, 72223, 64484, 31579, 7361, 13133, 8559, 5315, 12957, 97480, 15964, 47289, 18201, 64048, 38836, 23949, 65274, 81688, 15908, 97641, 68909, 88194, 58203, 54156, 17884, 17015, 98114, 85070, 44487, 35609, 43946, 13163, 68656, 46368, 64590, 40998, 4333, 23209, 48312, 91519, 45912, 95154, 82162, 65190, 2680, 41571, 50993, 530, 20715, 62325, 69130, 87411, 51896, 25041, 1061, 92007, 16083, 61009, 22448, 76926, 40530, 5740, 65551, 74307, 70243, 88860, 56449, 62236, 73737, 14864, 20769, 33438, 2720, 19958, 14224, 62871, 11924, 4195, 94579, 90772, 15850, 32394, 39534, 94217, 24432, 49736, 19142, 95031, 91556, 84878, 36003, 82744, 39005, 77560, 67854, 74174, 65238, 42610, 38442, 5045, 8394, 50169, 85223, 39318, 11999, 19698, 62218, 20982, 75579, 83921, 36322, 81232, 74890, 79155, 7974, 87957, 31618, 15302, 46288, 41529, 54402, 51898, 8904, 68466, 16655, 33307, 87657, 62302, 99805, 94712, 27432, 6792, 318, 28470, 61849, 26074, 24481, 33234, 11701, 90978, 8418, 34547, 73073, 14229, 92931, 45528, 46305, 58234, 95428, 52910, 64691, 89529, 6125, 95529, 23717, 34258, 15039, 26343, 25322, 18533, 87153, 22501, 24377, 93511, 91108, 66007, 60481, 95208, 62676, 92031, 61249, 21040, 27224, 8088, 84181, 33593, 86548, 72607, 12800, 5611, 73844, 6692, 65230, 36526, 2469, 35635, 48449, 14719, 78189, 85243, 55844, 24071, 23788, 78878, 22883, 30166, 25797, 10713, 24202, 63862, 69116, 6614, 65627, 74821, 9118, 52050, 1045, 85212, 62012, 89898, 79364, 88858, 96964, 35830, 60888, 26734, 88556, 30404, 7619, 80278, 68622, 93232, 34306, 31485, 56275, 18665, 75621, 64839, 93770, 28199, 22239, 59130, 77628, 99168, 70420, 75781, 62501, 671, 82149, 26309, 8026, 6187, 34342, 77941, 96327, 7003, 65713, 2941, 26673, 45799, 5550, 98918, 65458, 56546, 58743, 93533, 64790, 30347, 32662, 73325, 77970, 21733, 35559, 73040, 79043, 59441, 82022, 37637, 7661, 94041, 96708, 7898, 70255, 89025, 83488, 90561, 63581, 77717, 74197, 27575, 58299, 53110, 73807, 71575, 26219, 35022, 49263, 13153, 34531, 51399, 44165, 26477, 4658, 89217, 10088, 77375, 38696, 57234, 69828, 27880, 19969, 12884, 48301, 32382, 79158, 72530, 2303, 28606, 30300, 17727, 74408, 82473, 74031, 47501, 28349, 67701, 75802, 89880, 6847, 37677, 42094, 59098, 33292, 25396, 1653, 33802, 37033, 82988, 18807, 34788, 32442, 21412, 79504, 70667, 67140, 188, 92567, 14712, 41955, 83231, 16604, 44261, 9248, 17311, 28714, 91679, 32487, 26287, 45537, 96338, 4907, 91004, 40305, 38855, 30113, 31802, 90368, 29632, 22399, 27504, 74924, 64570, 3170, 73381, 73608, 82107, 55004, 28453, 81413, 83401, 86827, 3755, 19280, 39809, 58531, 69352, 77285, 75236, 65692, 7596, 96792, 61193, 32718, 15171, 87988, 30166, 54746, 77236, 17432, 95331, 38981, 88240, 38898, 32172, 79555, 11740, 12372, 21314, 35314, 93047, 42158, 12888, 45757, 12444, 53196, 24354, 10754, 11298, 51034, 29460, 54561, 63362, 63137, 80288, 88200, 90124, 34341, 79738, 29507, 1371, 45727, 33233, 20038, 80414, 21940, 30707, 90006, 24595, 36850, 16424, 43356, 57374, 16541, 37502, 37384, 44186, 1581, 55147, 81574, 36342, 34700, 77319, 28025, 42804, 70814, 97334, 63170, 45671, 92728, 50865, 61805, 79230, 95797, 79382, 69832, 39248, 70970, 62614, 68180, 36578, 66699, 90803, 28447, 48009, 97357, 19944, 60879, 16057, 92445, 75982, 37067, 41406, 92224, 10099, 38077, 10238, 68458, 6537, 63778, 57556, 62039, 11823, 13270, 39382, 5448, 99101, 892, 8806, 21031, 7912, 86405, 50251, 88331, 79170, 19276, 48689, 73426, 83963, 98871, 32530, 19826, 24930, 70628, 89666, 23784, 22342, 79694, 80437, 28733, 99765, 7735, 65443, 39629, 65691, 45234, 52942, 70165, 64742, 7593, 35389, 38346, 53370, 1486, 63745, 59201, 84112, 82078, 59842, 55744, 6361, 15079, 910, 53287, 86305, 5582, 34924, 69056, 67927, 31852, 80811, 3497, 24763, 76576, 6447, 51921, 24582, 67902, 99777, 99703, 83341, 49007, 99280, 24090, 6799, 52732, 30031, 47977, 87252, 5024, 40270, 25148, 18576, 16321, 73258, 96568, 50330, 93058, 53931, 82548, 70345, 30377, 16363, 46283, 71917, 19219, 34599, 59905, 76185, 99134, 52728, 85779, 32717, 4809, 23223, 7767, 36688, 17927, 33222, 5461, 58987, 99150, 82453, 68878, 27439, 92942, 79331, 71474, 34897, 35197, 84658, 51810, 88051, 90117, 15640, 25537, 1192, 5758, 16919, 16570, 54940, 71350, 57863, 28374, 25430, 96910, 25138, 30623, 84961, 23541, 35862, 94330, 34467, 45322, 3068, 32691, 19717, 72709, 77504, 12874, 8035, 4199, 32629, 29326, 50091, 4290, 69037, 67868, 4858, 18189, 81289, 10537, 34484, 97761, 36705, 52886, 29677, 92414, 65300, 4493, 83991, 25685, 6104, 23112, 72137, 96757, 13483, 18308, 221, 14358, 49795, 76044, 65013, 87872, 95304, 14399, 812, 64706, 60775, 65656, 55460, 64130, 33001, 14835, 17431, 45023, 79744, 46149, 17211, 1932, 89664, 35867, 75834, 45835, 33920, 51887, 56077, 57612, 3201, 66246, 43129, 72962, 59486, 41799, 36083, 78794, 55644, 16064, 47916, 43687, 87424, 99482, 17585, 78994, 36067, 56930, 68493, 83129, 64732, 86546, 74055, 94524, 52064, 83683, 31321, 53390, 89787, 97909, 96890, 42138, 43171, 63419, 72477, 642, 72325, 14142, 88837, 64298, 53853, 33912, 90976, 51351, 53580, 44520, 1115, 7377, 51291, 91564, 16199, 86922, 17805, 85895, 43694, 18547, 43604, 34423, 97118, 34445, 84791, 71375, 31055, 9941, 27422, 27295, 25492, 21731, 54058, 56103, 74702, 88389, 39787, 83292, 56321, 80058, 48446, 90534, 99020, 53183, 57349, 5351, 62399, 11726, 72703, 23079, 88458, 14886, 42115, 37381, 53447, 80416, 75451, 17441, 22787, 25968, 37997, 43457, 70409, 3144, 30291, 27680, 46416, 33566, 93834, 69479, 8313, 69016, 56653]})"
33.0,9,38,52,29.94006109237671,210,"Genotype(dna={""<class 'abc.NT_0014'>"": [0, 9891], ""<class 'abc.NT_0014_P_00000'>"": [], ""<class 'abc.NT_0003'>"": [], ""<class 'abc.NT_0003_P_00000'>"": [], ""<class 'bool'>"": [34892, 53838, 93055, 22069, 78539, 27596, 11504, 95280, 56278, 13913, 91591, 97012, 50516, 84139, 91601, 80048, 36855, 76229, 96396, 90534, 62399, 56318, 86613, 30291, 93834, 69479, 91703], ""<class 'abc.NT_0000'>"": [0, 2, 3, 0, 0, 66646, 88583, 0, 57112, 0, 0, 0, 96236, 32096, 3, 67907, 2, 0, 61061, 0, 47365, 65468, 40082, 0, 1, 35560, 2, 0, 2, 6530, 90460, 0, 0, 0, 1053, 51537, 1, 3136, 63679, 1290, 82817, 25314, 57349, 5351, 72703, 23079, 41017, 74148, 17441, 35176, 25968, 74036, 43457, 70409, 70746], ""<class 'abc.NT_0000_P_00000'>"": [], ""<class 'int'>"": [11527, 89970, 57184, 94912, 12901, 2737, 25019, 94292, 7422, 84436, 79517, 92390, 83981, 41079, 54502, 66359, 45824, 66531, 20954, 87223, 18331, 85267, 30558, 2676, 26738, 18149, 77382, 79248, 84283, 30291, 69479, 56653, 51366, 23356, 63194, 54071, 7575, 38385], ""<class 'abc.NT_0000_P_00001'>"": [], ""<class 'abc.NT_0000_P_00002'>"": [], ""<class 'abc.NT_0000_P_00003'>"": [], ""<class 'abc.NT_0001'>"": [1, 99233, 59169, 80416, 13326, 80335, 56653], ""<class 'abc.NT_0001_P_00000'>"": [], ""<class 'abc.NT_0001_P_00001'>"": [], ""<class 'abc.NT_0001_P_00002'>"": [], ""<class 'abc.NT_0001_P_00003'>"": [], ""<class 'abc.NT_0001_P_00004'>"": [], ""<class 'abc.NT_0001_P_00005'>"": [], ""<class 'abc.NT_0001_P_00006'>"": [], ""<class 'abc.NT_0003_P_00001'>"": [], ""<class 'abc.NT_0002'>"": [0, 63043], ""<class 'abc.NT_0002_P_00000'>"": [], ""<class 'abc.NT_0002_P_00001'>"": [], ""<class 'abc.NT_0002_P_00002'>"": [], ""<class 'abc.NT_0002_P_00003'>"": [], ""<class 'abc.NT_0004'>"": [], ""<class 'abc.NT_0004_P_00000'>"": [], ""<class 'abc.NT_0014_P_00001'>"": [], ""<class 'abc.NT_0013'>"": [31174, 87753, 70326], ""<class 'abc.NT_0013_P_00000'>"": [], ""<class 'abc.NT_0011'>"": [1, 98607], ""<class 'abc.NT_0011_P_00000'>"": [], ""<class 'abc.NT_0011_P_00001'>"": [], ""<class 'abc.NT_0008'>"": [56358, 25492], ""<class 'abc.NT_0008_P_00000'>"": [], ""<class 'abc.NT_0005'>"": [65439, 70998], ""<class 'abc.NT_0005_P_00000'>"": [], ""<class 'abc.NT_0005_P_00001'>"": [], ""<class 'abc.NT_0007'>"": [63976, 27295], ""<class 'abc.NT_0007_P_00000'>"": [], ""<class 'abc.NT_0006'>"": [51447, 91312], ""<class 'abc.NT_0006_P_00000'>"": [], ""<class 'abc.NT_0006_P_00001'>"": [], ""<class 'abc.NT_0007_P_00001'>"": [], ""<class 'abc.NT_0007_P_00002'>"": [], ""<class 'abc.NT_0007_P_00003'>"": [], ""<class 'abc.NT_0008_P_00001'>"": [], ""<class 'abc.NT_0009'>"": [8, 58070, 39787], ""<class 'abc.NT_0009_P_00000'>"": [], ""<class 'abc.NT_0009_P_00001'>"": [], ""<class 'abc.NT_0009_P_00002'>"": [], ""<class 'abc.NT_0009_P_00003'>"": [], ""<class 'abc.NT_0009_P_00004'>"": [], ""<class 'abc.NT_0009_P_00005'>"": [], ""<class 'abc.NT_0009_P_00006'>"": [], ""<class 'abc.NT_0009_P_00007'>"": [], ""<class 'abc.NT_0009_P_00008'>"": [], ""<class 'abc.NT_0011_P_00002'>"": [], ""<class 'abc.NT_0010'>"": [53447, 75927], ""<class 'abc.NT_0010_P_00000'>"": [], ""<class 'abc.NT_0010_P_00001'>"": [], ""<class 'abc.NT_0010_P_00002'>"": [], ""<class 'abc.NT_0010_P_00003'>"": [], ""<class 'abc.NT_0010_P_00004'>"": [], ""<class 'abc.NT_0010_P_00005'>"": [], ""<class 'abc.NT_0011_P_00003'>"": [], ""<class 'abc.NT_0011_P_00004'>"": [], ""<class 'abc.NT_0011_P_00005'>"": [], ""<class 'abc.NT_0011_P_00006'>"": [], ""<class 'abc.NT_0011_P_00007'>"": [], ""<class 'abc.NT_0011_P_00008'>"": [], ""<class 'abc.NT_0011_P_00009'>"": [], ""<class 'abc.NT_0014_P_00002'>"": [], ""<class 'abc.NT_0014_P_00003'>"": [], ""<class 'abc.NT_0014_P_00004'>"": [], '$leftovers': [612, 51366, 29977, 7941, 62781, 93978, 48081, 63396, 57279, 63194, 37786, 54499, 54071, 7255, 805, 91855, 9788, 55863, 13874, 90931, 38385, 43619, 36227, 61359, 25033, 26828, 94952, 78514, 81573, 7035, 57599, 63649, 37284, 79243, 23816, 36097, 45176, 45221, 21659, 73410, 77378, 61609, 53485, 83091, 55364, 804, 37863, 62128, 64631, 84523, 68409, 46658, 59869, 22948, 53816, 17703, 86036, 23930, 54711, 27159, 47907, 22129, 19429, 11704, 67050, 80298, 69224, 57646, 14733, 44317, 85077, 74191, 78264, 27076, 89776, 5196, 46711, 95884, 100000, 42859, 92197, 62164, 34041, 96434, 9186, 84986, 23729, 32442, 9078, 30947, 10584, 90176, 39265, 2903, 26641, 17813, 64068, 47390, 53496, 84055, 91192, 43627, 10978, 20051, 63072, 17541, 52384, 82602, 2071, 73349, 76496, 93237, 90746, 94169, 1089, 1963, 87259, 78716, 97251, 74560, 92319, 88430, 30065, 35943, 26646, 58575, 20564, 68822, 1955, 11977, 701, 8879, 51642, 65013, 37021, 8254, 64968, 54544, 55206, 50487, 94823, 39401, 11005, 50507, 4078, 47520, 40046, 60171, 93652, 930, 40344, 61205, 60575, 32914, 87845, 18974, 88335, 23738, 9159, 67945, 35873, 79289, 92027, 47069, 50717, 19269, 86431, 12677, 1847, 82569, 10719, 49874, 57438, 74245, 9728, 35214, 60927, 50418, 3072, 33653, 84097, 10451, 10948, 43565, 35042, 52901, 60373, 71523, 99916, 21066, 31862, 7158, 61957, 29065, 73503, 77066, 90914, 2224, 23949, 58836, 36313, 52163, 15402, 95181, 97248, 72223, 64484, 31579, 7361, 13133, 8559, 5315, 12957, 97480, 15964, 47289, 18201, 64048, 38836, 23949, 65274, 81688, 15908, 97641, 68909, 88194, 58203, 54156, 17884, 17015, 98114, 85070, 44487, 35609, 43946, 13163, 68656, 46368, 64590, 40998, 4333, 23209, 48312, 91519, 45912, 95154, 82162, 65190, 2680, 41571, 50993, 530, 20715, 62325, 69130, 87411, 51896, 25041, 1061, 92007, 16083, 61009, 22448, 76926, 40530, 5740, 65551, 74307, 70243, 88860, 56449, 62236, 73737, 14864, 20769, 33438, 2720, 19958, 14224, 62871, 11924, 4195, 94579, 90772, 15850, 32394, 39534, 94217, 24432, 49736, 19142, 95031, 91556, 84878, 36003, 82744, 39005, 77560, 67854, 74174, 65238, 42610, 38442, 5045, 8394, 50169, 85223, 39318, 11999, 19698, 62218, 20982, 75579, 83921, 36322, 81232, 74890, 79155, 7974, 87957, 31618, 15302, 46288, 41529, 54402, 51898, 8904, 68466, 16655, 33307, 87657, 62302, 99805, 94712, 27432, 6792, 318, 28470, 61849, 26074, 24481, 33234, 11701, 90978, 8418, 34547, 73073, 14229, 92931, 45528, 46305, 58234, 95428, 52910, 64691, 89529, 6125, 95529, 23717, 34258, 15039, 26343, 25322, 18533, 87153, 22501, 24377, 93511, 91108, 66007, 60481, 95208, 62676, 92031, 61249, 21040, 27224, 8088, 84181, 33593, 86548, 72607, 12800, 5611, 73844, 6692, 65230, 36526, 2469, 35635, 48449, 14719, 78189, 85243, 55844, 24071, 23788, 78878, 22883, 30166, 25797, 10713, 24202, 63862, 69116, 6614, 65627, 74821, 9118, 52050, 1045, 85212, 62012, 89898, 79364, 88858, 96964, 35830, 60888, 26734, 88556, 30404, 7619, 80278, 68622, 93232, 34306, 31485, 56275, 18665, 75621, 64839, 93770, 28199, 22239, 59130, 77628, 99168, 70420, 75781, 62501, 671, 82149, 26309, 8026, 6187, 34342, 77941, 96327, 7003, 65713, 2941, 26673, 45799, 5550, 98918, 65458, 56546, 58743, 93533, 64790, 30347, 32662, 73325, 77970, 21733, 35559, 73040, 79043, 59441, 82022, 37637, 7661, 94041, 96708, 7898, 70255, 89025, 83488, 90561, 63581, 77717, 74197, 27575, 58299, 53110, 73807, 71575, 26219, 35022, 49263, 13153, 34531, 51399, 44165, 26477, 4658, 89217, 10088, 77375, 38696, 57234, 69828, 27880, 19969, 12884, 48301, 32382, 79158, 72530, 2303, 28606, 30300, 17727, 74408, 82473, 74031, 47501, 28349, 67701, 75802, 89880, 6847, 37677, 42094, 59098, 33292, 25396, 1653, 33802, 37033, 82988, 18807, 34788, 32442, 21412, 79504, 70667, 67140, 188, 92567, 14712, 41955, 83231, 16604, 44261, 9248, 17311, 28714, 91679, 32487, 26287, 45537, 96338, 4907, 91004, 40305, 38855, 30113, 31802, 90368, 29632, 22399, 27504, 74924, 64570, 3170, 73381, 73608, 82107, 55004, 28453, 81413, 83401, 86827, 3755, 19280, 39809, 58531, 69352, 77285, 75236, 65692, 7596, 96792, 61193, 32718, 15171, 87988, 30166, 54746, 77236, 17432, 95331, 38981, 88240, 38898, 32172, 79555, 11740, 12372, 21314, 35314, 93047, 42158, 12888, 45757, 12444, 53196, 24354, 10754, 11298, 51034, 29460, 54561, 63362, 63137, 80288, 88200, 90124, 34341, 79738, 29507, 1371, 45727, 33233, 20038, 80414, 21940, 30707, 90006, 24595, 36850, 16424, 43356, 57374, 16541, 37502, 37384, 44186, 1581, 55147, 81574, 36342, 34700, 77319, 28025, 42804, 70814, 97334, 63170, 45671, 92728, 50865, 61805, 79230, 95797, 79382, 69832, 39248, 70970, 62614, 68180, 36578, 66699, 90803, 28447, 48009, 97357, 19944, 60879, 16057, 92445, 75982, 37067, 41406, 92224, 10099, 38077, 10238, 68458, 6537, 63778, 57556, 62039, 11823, 13270, 39382, 5448, 99101, 892, 8806, 21031, 7912, 86405, 50251, 88331, 79170, 19276, 48689, 73426, 83963, 98871, 32530, 19826, 24930, 70628, 89666, 23784, 22342, 79694, 80437, 28733, 99765, 7735, 65443, 39629, 65691, 45234, 52942, 70165, 64742, 7593, 35389, 38346, 53370, 1486, 63745, 59201, 84112, 82078, 59842, 55744, 6361, 15079, 910, 53287, 86305, 5582, 34924, 69056, 67927, 31852, 80811, 3497, 24763, 76576, 6447, 51921, 24582, 67902, 99777, 99703, 83341, 49007, 99280, 24090, 6799, 52732, 30031, 47977, 87252, 5024, 40270, 25148, 18576, 16321, 73258, 96568, 50330, 93058, 53931, 82548, 70345, 30377, 16363, 46283, 71917, 19219, 34599, 59905, 76185, 99134, 52728, 85779, 32717, 4809, 23223, 7767, 36688, 17927, 33222, 5461, 58987, 99150, 82453, 68878, 27439, 92942, 79331, 71474, 34897, 35197, 84658, 51810, 88051, 90117, 15640, 25537, 1192, 5758, 16919, 16570, 54940, 71350, 57863, 28374, 25430, 96910, 25138, 30623, 84961, 23541, 35862, 94330, 34467, 45322, 3068, 32691, 19717, 72709, 77504, 12874, 8035, 4199, 32629, 29326, 50091, 4290, 69037, 67868, 4858, 18189, 81289, 10537, 34484, 97761, 36705, 52886, 29677, 92414, 65300, 4493, 83991, 25685, 6104, 23112, 72137, 96757, 13483, 18308, 221, 14358, 49795, 76044, 65013, 87872, 95304, 14399, 812, 64706, 60775, 65656, 55460, 64130, 33001, 14835, 17431, 45023, 79744, 46149, 17211, 1932, 89664, 35867, 75834, 45835, 33920, 51887, 56077, 57612, 3201, 66246, 43129, 72962, 59486, 41799, 36083, 78794, 55644, 16064, 47916, 43687, 87424, 99482, 17585, 78994, 36067, 56930, 68493, 83129, 64732, 86546, 74055, 94524, 52064, 83683, 31321, 53390, 89787, 97909, 96890, 42138, 43171, 63419, 72477, 642, 72325, 14142, 88837, 64298, 53853, 33912, 90976, 51351, 53580, 44520, 1115, 7377, 51291, 91564, 16199, 86922, 17805, 85895, 43694, 18547, 43604, 34423, 97118, 34445, 84791, 71375, 31055, 9941, 27422, 27295, 25492, 21731, 54058, 56103, 74702, 88389, 39787, 83292, 56321, 80058, 48446, 90534, 99020, 53183, 57349, 5351, 62399, 11726, 72703, 23079, 88458, 14886, 42115, 37381, 53447, 80416, 75451, 17441, 22787, 25968, 37997, 43457, 70409, 3144, 30291, 27680, 46416, 33566, 93834, 69479, 8313, 69016, 56653]})"
32.0,9,38,53,30.371102333068848,210,"Genotype(dna={""<class 'abc.NT_0014'>"": [0, 9891], ""<class 'abc.NT_0014_P_00000'>"": [], ""<class 'abc.NT_0003'>"": [], ""<class 'abc.NT_0003_P_00000'>"": [], ""<class 'bool'>"": [34892, 53838, 93055, 22069, 78539, 27596, 11504, 95280, 56278, 13913, 91591, 97012, 50516, 84139, 91601, 80048, 36855, 76229, 96396, 90534, 62399, 56318, 86613, 30291, 93834, 69479, 91703], ""<class 'abc.NT_0000'>"": [0, 2, 3, 0, 0, 66646, 24329, 0, 57112, 0, 0, 0, 96236, 19448, 3, 67907, 2, 0, 61061, 0, 47365, 65468, 40560, 0, 1, 35560, 2, 0, 2, 6530, 90460, 0, 0, 0, 1053, 51537, 23729, 3136, 21603, 1290, 82817, 25314, 57349, 5351, 72703, 23079, 41017, 74148, 17441, 6983, 25968, 74036, 43457, 70409, 70746], ""<class 'abc.NT_0000_P_00000'>"": [], ""<class 'int'>"": [11527, 89970, 57184, 94912, 12901, 2737, 25019, 94292, 7422, 84436, 79517, 92390, 83981, 41079, 54502, 66359, 45824, 66531, 20954, 87223, 18331, 85267, 30558, 83139, 26738, 4868, 77382, 79248, 84283, 30291, 69479, 56653, 51366, 23356, 63194, 54071, 7575, 38385], ""<class 'abc.NT_0000_P_00001'>"": [], ""<class 'abc.NT_0000_P_00002'>"": [], ""<class 'abc.NT_0000_P_00003'>"": [], ""<class 'abc.NT_0001'>"": [1, 99233, 59169, 80416, 13326, 80335, 56653], ""<class 'abc.NT_0001_P_00000'>"": [], ""<class 'abc.NT_0001_P_00001'>"": [], ""<class 'abc.NT_0001_P_00002'>"": [], ""<class 'abc.NT_0001_P_00003'>"": [], ""<class 'abc.NT_0001_P_00004'>"": [], ""<class 'abc.NT_0001_P_00005'>"": [], ""<class 'abc.NT_0001_P_00006'>"": [], ""<class 'abc.NT_0003_P_00001'>"": [], ""<class 'abc.NT_0002'>"": [0, 63043], ""<class 'abc.NT_0002_P_00000'>"": [], ""<class 'abc.NT_0002_P_00001'>"": [], ""<class 'abc.NT_0002_P_00002'>"": [], ""<class 'abc.NT_0002_P_00003'>"": [], ""<class 'abc.NT_0004'>"": [], ""<class 'abc.NT_0004_P_00000'>"": [], ""<class 'abc.NT_0014_P_00001'>"": [], ""<class 'abc.NT_0013'>"": [31174, 87753, 70326], ""<class 'abc.NT_0013_P_00000'>"": [], ""<class 'abc.NT_0011'>"": [1, 98607], ""<class 'abc.NT_0011_P_00000'>"": [], ""<class 'abc.NT_0011_P_00001'>"": [], ""<class 'abc.NT_0008'>"": [56358, 25492], ""<class 'abc.NT_0008_P_00000'>"": [], ""<class 'abc.NT_0005'>"": [65439, 70998], ""<class 'abc.NT_0005_P_00000'>"": [], ""<class 'abc.NT_0005_P_00001'>"": [], ""<class 'abc.NT_0007'>"": [63976, 27295], ""<class 'abc.NT_0007_P_00000'>"": [], ""<class 'abc.NT_0006'>"": [51447, 91312], ""<class 'abc.NT_0006_P_00000'>"": [], ""<class 'abc.NT_0006_P_00001'>"": [], ""<class 'abc.NT_0007_P_00001'>"": [], ""<class 'abc.NT_0007_P_00002'>"": [], ""<class 'abc.NT_0007_P_00003'>"": [], ""<class 'abc.NT_0008_P_00001'>"": [], ""<class 'abc.NT_0009'>"": [8, 58070, 39787], ""<class 'abc.NT_0009_P_00000'>"": [], ""<class 'abc.NT_0009_P_00001'>"": [], ""<class 'abc.NT_0009_P_00002'>"": [], ""<class 'abc.NT_0009_P_00003'>"": [], ""<class 'abc.NT_0009_P_00004'>"": [], ""<class 'abc.NT_0009_P_00005'>"": [], ""<class 'abc.NT_0009_P_00006'>"": [], ""<class 'abc.NT_0009_P_00007'>"": [], ""<class 'abc.NT_0009_P_00008'>"": [], ""<class 'abc.NT_0011_P_00002'>"": [], ""<class 'abc.NT_0010'>"": [53447, 75927], ""<class 'abc.NT_0010_P_00000'>"": [], ""<class 'abc.NT_0010_P_00001'>"": [], ""<class 'abc.NT_0010_P_00002'>"": [], ""<class 'abc.NT_0010_P_00003'>"": [], ""<class 'abc.NT_0010_P_00004'>"": [], ""<class 'abc.NT_0010_P_00005'>"": [], ""<class 'abc.NT_0011_P_00003'>"": [], ""<class 'abc.NT_0011_P_00004'>"": [], ""<class 'abc.NT_0011_P_00005'>"": [], ""<class 'abc.NT_0011_P_00006'>"": [], ""<class 'abc.NT_0011_P_00007'>"": [], ""<class 'abc.NT_0011_P_00008'>"": [], ""<class 'abc.NT_0011_P_00009'>"": [], ""<class 'abc.NT_0014_P_00002'>"": [], ""<class 'abc.NT_0014_P_00003'>"": [], ""<class 'abc.NT_0014_P_00004'>"": [], '$leftovers': [612, 51366, 29977, 7941, 62781, 93978, 48081, 63396, 57279, 63194, 37786, 54499, 54071, 7255, 805, 91855, 9788, 55863, 13874, 90931, 38385, 43619, 36227, 61359, 25033, 26828, 94952, 78514, 81573, 7035, 57599, 63649, 37284, 79243, 23816, 36097, 45176, 45221, 21659, 73410, 77378, 61609, 53485, 83091, 55364, 804, 37863, 62128, 64631, 84523, 68409, 46658, 59869, 22948, 53816, 17703, 86036, 23930, 54711, 27159, 47907, 22129, 19429, 11704, 67050, 80298, 69224, 57646, 14733, 44317, 85077, 74191, 78264, 27076, 89776, 5196, 46711, 95884, 100000, 42859, 92197, 62164, 34041, 96434, 9186, 84986, 23729, 32442, 9078, 30947, 10584, 90176, 39265, 2903, 26641, 17813, 64068, 47390, 53496, 84055, 91192, 43627, 10978, 20051, 63072, 17541, 52384, 82602, 2071, 73349, 76496, 93237, 90746, 94169, 1089, 1963, 87259, 78716, 97251, 74560, 92319, 88430, 30065, 35943, 26646, 58575, 20564, 68822, 1955, 11977, 701, 8879, 51642, 65013, 37021, 8254, 64968, 54544, 55206, 50487, 94823, 39401, 11005, 50507, 4078, 47520, 40046, 60171, 93652, 930, 40344, 61205, 60575, 32914, 87845, 18974, 88335, 23738, 9159, 67945, 35873, 79289, 92027, 47069, 50717, 19269, 86431, 12677, 1847, 82569, 10719, 49874, 57438, 74245, 9728, 35214, 60927, 50418, 3072, 33653, 84097, 10451, 10948, 43565, 35042, 52901, 60373, 71523, 99916, 21066, 31862, 7158, 61957, 29065, 73503, 77066, 90914, 2224, 23949, 58836, 36313, 52163, 15402, 95181, 97248, 72223, 64484, 31579, 7361, 13133, 8559, 5315, 12957, 97480, 15964, 47289, 18201, 64048, 38836, 23949, 65274, 81688, 15908, 97641, 68909, 88194, 58203, 54156, 17884, 17015, 98114, 85070, 44487, 35609, 43946, 13163, 68656, 46368, 64590, 40998, 4333, 23209, 48312, 91519, 45912, 95154, 82162, 65190, 2680, 41571, 50993, 530, 20715, 62325, 69130, 87411, 51896, 25041, 1061, 92007, 16083, 61009, 22448, 76926, 40530, 5740, 65551, 74307, 70243, 88860, 56449, 62236, 73737, 14864, 20769, 33438, 2720, 19958, 14224, 62871, 11924, 4195, 94579, 90772, 15850, 32394, 39534, 94217, 24432, 49736, 19142, 95031, 91556, 84878, 36003, 82744, 39005, 77560, 67854, 74174, 65238, 42610, 38442, 5045, 8394, 50169, 85223, 39318, 11999, 19698, 62218, 20982, 75579, 83921, 36322, 81232, 74890, 79155, 7974, 87957, 31618, 15302, 46288, 41529, 54402, 51898, 8904, 68466, 16655, 33307, 87657, 62302, 99805, 94712, 27432, 6792, 318, 28470, 61849, 26074, 24481, 33234, 11701, 90978, 8418, 34547, 73073, 14229, 92931, 45528, 46305, 58234, 95428, 52910, 64691, 89529, 6125, 95529, 23717, 34258, 15039, 26343, 25322, 18533, 87153, 22501, 24377, 93511, 91108, 66007, 60481, 95208, 62676, 92031, 61249, 21040, 27224, 8088, 84181, 33593, 86548, 72607, 12800, 5611, 73844, 6692, 65230, 36526, 2469, 35635, 48449, 14719, 78189, 85243, 55844, 24071, 23788, 78878, 22883, 30166, 25797, 10713, 24202, 63862, 69116, 6614, 65627, 74821, 9118, 52050, 1045, 85212, 62012, 89898, 79364, 88858, 96964, 35830, 60888, 26734, 88556, 30404, 7619, 80278, 68622, 93232, 34306, 31485, 56275, 18665, 75621, 64839, 93770, 28199, 22239, 59130, 77628, 99168, 70420, 75781, 62501, 671, 82149, 26309, 8026, 6187, 34342, 77941, 96327, 7003, 65713, 2941, 26673, 45799, 5550, 98918, 65458, 56546, 58743, 93533, 64790, 30347, 32662, 73325, 77970, 21733, 35559, 73040, 79043, 59441, 82022, 37637, 7661, 94041, 96708, 7898, 70255, 89025, 83488, 90561, 63581, 77717, 74197, 27575, 58299, 53110, 73807, 71575, 26219, 35022, 49263, 13153, 34531, 51399, 44165, 26477, 4658, 89217, 10088, 77375, 38696, 57234, 69828, 27880, 19969, 12884, 48301, 32382, 79158, 72530, 2303, 28606, 30300, 17727, 74408, 82473, 74031, 47501, 28349, 67701, 75802, 89880, 6847, 37677, 42094, 59098, 33292, 25396, 1653, 33802, 37033, 82988, 18807, 34788, 32442, 21412, 79504, 70667, 67140, 188, 92567, 14712, 41955, 83231, 16604, 44261, 9248, 17311, 28714, 91679, 32487, 26287, 45537, 96338, 4907, 91004, 40305, 38855, 30113, 31802, 90368, 29632, 22399, 27504, 74924, 64570, 3170, 73381, 73608, 82107, 55004, 28453, 81413, 83401, 86827, 3755, 19280, 39809, 58531, 69352, 77285, 75236, 65692, 7596, 96792, 61193, 32718, 15171, 87988, 30166, 54746, 77236, 17432, 95331, 38981, 88240, 38898, 32172, 79555, 11740, 12372, 21314, 35314, 93047, 42158, 12888, 45757, 12444, 53196, 24354, 10754, 11298, 51034, 29460, 54561, 63362, 63137, 80288, 88200, 90124, 34341, 79738, 29507, 1371, 45727, 33233, 20038, 80414, 21940, 30707, 90006, 24595, 36850, 16424, 43356, 57374, 16541, 37502, 37384, 44186, 1581, 55147, 81574, 36342, 34700, 77319, 28025, 42804, 70814, 97334, 63170, 45671, 92728, 50865, 61805, 79230, 95797, 79382, 69832, 39248, 70970, 62614, 68180, 36578, 66699, 90803, 28447, 48009, 97357, 19944, 60879, 16057, 92445, 75982, 37067, 41406, 92224, 10099, 38077, 10238, 68458, 6537, 63778, 57556, 62039, 11823, 13270, 39382, 5448, 99101, 892, 8806, 21031, 7912, 86405, 50251, 88331, 79170, 19276, 48689, 73426, 83963, 98871, 32530, 19826, 24930, 70628, 89666, 23784, 22342, 79694, 80437, 28733, 99765, 7735, 65443, 39629, 65691, 45234, 52942, 70165, 64742, 7593, 35389, 38346, 53370, 1486, 63745, 59201, 84112, 82078, 59842, 55744, 6361, 15079, 910, 53287, 86305, 5582, 34924, 69056, 67927, 31852, 80811, 3497, 24763, 76576, 6447, 51921, 24582, 67902, 99777, 99703, 83341, 49007, 99280, 24090, 6799, 52732, 30031, 47977, 87252, 5024, 40270, 25148, 18576, 16321, 73258, 96568, 50330, 93058, 53931, 82548, 70345, 30377, 16363, 46283, 71917, 19219, 34599, 59905, 76185, 99134, 52728, 85779, 32717, 4809, 23223, 7767, 36688, 17927, 33222, 5461, 58987, 99150, 82453, 68878, 27439, 92942, 79331, 71474, 34897, 35197, 84658, 51810, 88051, 90117, 15640, 25537, 1192, 5758, 16919, 16570, 54940, 71350, 57863, 28374, 25430, 96910, 25138, 30623, 84961, 23541, 35862, 94330, 34467, 45322, 3068, 32691, 19717, 72709, 77504, 12874, 8035, 4199, 32629, 29326, 50091, 4290, 69037, 67868, 4858, 18189, 81289, 10537, 34484, 97761, 36705, 52886, 29677, 92414, 65300, 4493, 83991, 25685, 6104, 23112, 72137, 96757, 13483, 18308, 221, 14358, 49795, 76044, 65013, 87872, 95304, 14399, 812, 64706, 60775, 65656, 55460, 64130, 33001, 14835, 17431, 45023, 79744, 46149, 17211, 1932, 89664, 35867, 75834, 45835, 33920, 51887, 56077, 57612, 3201, 66246, 43129, 72962, 59486, 41799, 36083, 78794, 55644, 16064, 47916, 43687, 87424, 99482, 17585, 78994, 36067, 56930, 68493, 83129, 64732, 86546, 74055, 94524, 52064, 83683, 31321, 53390, 89787, 97909, 96890, 42138, 43171, 63419, 72477, 642, 72325, 14142, 88837, 64298, 53853, 33912, 90976, 51351, 53580, 44520, 1115, 7377, 51291, 91564, 16199, 86922, 17805, 85895, 43694, 18547, 43604, 34423, 97118, 34445, 84791, 71375, 31055, 9941, 27422, 27295, 25492, 21731, 54058, 56103, 74702, 88389, 39787, 83292, 56321, 80058, 48446, 90534, 99020, 53183, 57349, 5351, 62399, 11726, 72703, 23079, 88458, 14886, 42115, 37381, 53447, 80416, 75451, 17441, 22787, 25968, 37997, 43457, 70409, 3144, 30291, 27680, 46416, 33566, 93834, 69479, 8313, 69016, 56653]})"
32.0,9,38,54,30.738648891448975,210,"Genotype(dna={""<class 'abc.NT_0014'>"": [0, 9891], ""<class 'abc.NT_0014_P_00000'>"": [], ""<class 'abc.NT_0003'>"": [], ""<class 'abc.NT_0003_P_00000'>"": [], ""<class 'bool'>"": [34892, 53838, 93055, 22069, 78539, 27596, 11504, 95280, 56278, 13913, 91591, 97012, 50516, 84139, 91601, 80048, 36855, 76229, 96396, 90534, 62399, 56318, 86613, 30291, 93834, 69479, 91703], ""<class 'abc.NT_0000'>"": [0, 2, 3, 0, 0, 66646, 24329, 0, 57112, 0, 0, 0, 96236, 19448, 3, 67907, 2, 0, 61061, 0, 47365, 65468, 40560, 0, 1, 35560, 2, 0, 2, 6530, 90460, 0, 0, 0, 1053, 51537, 23729, 3136, 21603, 1290, 82817, 25314, 57349, 5351, 72703, 23079, 41017, 74148, 17441, 6983, 25968, 74036, 43457, 70409, 70746], ""<class 'abc.NT_0000_P_00000'>"": [], ""<class 'int'>"": [11527, 89970, 57184, 94912, 12901, 2737, 25019, 94292, 7422, 84436, 79517, 92390, 83981, 41079, 54502, 66359, 45824, 66531, 20954, 87223, 18331, 85267, 30558, 83139, 26738, 4868, 77382, 79248, 84283, 30291, 69479, 56653, 51366, 23356, 63194, 54071, 7575, 38385], ""<class 'abc.NT_0000_P_00001'>"": [], ""<class 'abc.NT_0000_P_00002'>"": [], ""<class 'abc.NT_0000_P_00003'>"": [], ""<class 'abc.NT_0001'>"": [1, 99233, 59169, 80416, 13326, 80335, 56653], ""<class 'abc.NT_0001_P_00000'>"": [], ""<class 'abc.NT_0001_P_00001'>"": [], ""<class 'abc.NT_0001_P_00002'>"": [], ""<class 'abc.NT_0001_P_00003'>"": [], ""<class 'abc.NT_0001_P_00004'>"": [], ""<class 'abc.NT_0001_P_00005'>"": [], ""<class 'abc.NT_0001_P_00006'>"": [], ""<class 'abc.NT_0003_P_00001'>"": [], ""<class 'abc.NT_0002'>"": [0, 63043], ""<class 'abc.NT_0002_P_00000'>"": [], ""<class 'abc.NT_0002_P_00001'>"": [], ""<class 'abc.NT_0002_P_00002'>"": [], ""<class 'abc.NT_0002_P_00003'>"": [], ""<class 'abc.NT_0004'>"": [], ""<class 'abc.NT_0004_P_00000'>"": [], ""<class 'abc.NT_0014_P_00001'>"": [], ""<class 'abc.NT_0013'>"": [31174, 87753, 70326], ""<class 'abc.NT_0013_P_00000'>"": [], ""<class 'abc.NT_0011'>"": [1, 98607], ""<class 'abc.NT_0011_P_00000'>"": [], ""<class 'abc.NT_0011_P_00001'>"": [], ""<class 'abc.NT_0008'>"": [56358, 25492], ""<class 'abc.NT_0008_P_00000'>"": [], ""<class 'abc.NT_0005'>"": [65439, 70998], ""<class 'abc.NT_0005_P_00000'>"": [], ""<class 'abc.NT_0005_P_00001'>"": [], ""<class 'abc.NT_0007'>"": [63976, 27295], ""<class 'abc.NT_0007_P_00000'>"": [], ""<class 'abc.NT_0006'>"": [51447, 91312], ""<class 'abc.NT_0006_P_00000'>"": [], ""<class 'abc.NT_0006_P_00001'>"": [], ""<class 'abc.NT_0007_P_00001'>"": [], ""<class 'abc.NT_0007_P_00002'>"": [], ""<class 'abc.NT_0007_P_00003'>"": [], ""<class 'abc.NT_0008_P_00001'>"": [], ""<class 'abc.NT_0009'>"": [8, 58070, 39787], ""<class 'abc.NT_0009_P_00000'>"": [], ""<class 'abc.NT_0009_P_00001'>"": [], ""<class 'abc.NT_0009_P_00002'>"": [], ""<class 'abc.NT_0009_P_00003'>"": [], ""<class 'abc.NT_0009_P_00004'>"": [], ""<class 'abc.NT_0009_P_00005'>"": [], ""<class 'abc.NT_0009_P_00006'>"": [], ""<class 'abc.NT_0009_P_00007'>"": [], ""<class 'abc.NT_0009_P_00008'>"": [], ""<class 'abc.NT_0011_P_00002'>"": [], ""<class 'abc.NT_0010'>"": [53447, 75927], ""<class 'abc.NT_0010_P_00000'>"": [], ""<class 'abc.NT_0010_P_00001'>"": [], ""<class 'abc.NT_0010_P_00002'>"": [], ""<class 'abc.NT_0010_P_00003'>"": [], ""<class 'abc.NT_0010_P_00004'>"": [], ""<class 'abc.NT_0010_P_00005'>"": [], ""<class 'abc.NT_0011_P_00003'>"": [], ""<class 'abc.NT_0011_P_00004'>"": [], ""<class 'abc.NT_0011_P_00005'>"": [], ""<class 'abc.NT_0011_P_00006'>"": [], ""<class 'abc.NT_0011_P_00007'>"": [], ""<class 'abc.NT_0011_P_00008'>"": [], ""<class 'abc.NT_0011_P_00009'>"": [], ""<class 'abc.NT_0014_P_00002'>"": [], ""<class 'abc.NT_0014_P_00003'>"": [], ""<class 'abc.NT_0014_P_00004'>"": [], '$leftovers': [612, 51366, 29977, 7941, 62781, 93978, 48081, 63396, 57279, 63194, 37786, 54499, 54071, 7255, 805, 91855, 9788, 55863, 13874, 90931, 38385, 43619, 36227, 61359, 25033, 26828, 94952, 78514, 81573, 7035, 57599, 63649, 37284, 79243, 23816, 36097, 45176, 45221, 21659, 73410, 77378, 61609, 53485, 83091, 55364, 804, 37863, 62128, 64631, 84523, 68409, 46658, 59869, 22948, 53816, 17703, 86036, 23930, 54711, 27159, 47907, 22129, 19429, 11704, 67050, 80298, 69224, 57646, 14733, 44317, 85077, 74191, 78264, 27076, 89776, 5196, 46711, 95884, 100000, 42859, 92197, 62164, 34041, 96434, 9186, 84986, 23729, 32442, 9078, 30947, 10584, 90176, 39265, 2903, 26641, 17813, 64068, 47390, 53496, 84055, 91192, 43627, 10978, 20051, 63072, 17541, 52384, 82602, 2071, 73349, 76496, 93237, 90746, 94169, 1089, 1963, 87259, 78716, 97251, 74560, 92319, 88430, 30065, 35943, 26646, 58575, 20564, 68822, 1955, 11977, 701, 8879, 51642, 65013, 37021, 8254, 64968, 54544, 55206, 50487, 94823, 39401, 11005, 50507, 4078, 47520, 40046, 60171, 93652, 930, 40344, 61205, 60575, 32914, 87845, 18974, 88335, 23738, 9159, 67945, 35873, 79289, 92027, 47069, 50717, 19269, 86431, 12677, 1847, 82569, 10719, 49874, 57438, 74245, 9728, 35214, 60927, 50418, 3072, 33653, 84097, 10451, 10948, 43565, 35042, 52901, 60373, 71523, 99916, 21066, 31862, 7158, 61957, 29065, 73503, 77066, 90914, 2224, 23949, 58836, 36313, 52163, 15402, 95181, 97248, 72223, 64484, 31579, 7361, 13133, 8559, 5315, 12957, 97480, 15964, 47289, 18201, 64048, 38836, 23949, 65274, 81688, 15908, 97641, 68909, 88194, 58203, 54156, 17884, 17015, 98114, 85070, 44487, 35609, 43946, 13163, 68656, 46368, 64590, 40998, 4333, 23209, 48312, 91519, 45912, 95154, 82162, 65190, 2680, 41571, 50993, 530, 20715, 62325, 69130, 87411, 51896, 25041, 1061, 92007, 16083, 61009, 22448, 76926, 40530, 5740, 65551, 74307, 70243, 88860, 56449, 62236, 73737, 14864, 20769, 33438, 2720, 19958, 14224, 62871, 11924, 4195, 94579, 90772, 15850, 32394, 39534, 94217, 24432, 49736, 19142, 95031, 91556, 84878, 36003, 82744, 39005, 77560, 67854, 74174, 65238, 42610, 38442, 5045, 8394, 50169, 85223, 39318, 11999, 19698, 62218, 20982, 75579, 83921, 36322, 81232, 74890, 79155, 7974, 87957, 31618, 15302, 46288, 41529, 54402, 51898, 8904, 68466, 16655, 33307, 87657, 62302, 99805, 94712, 27432, 6792, 318, 28470, 61849, 26074, 24481, 33234, 11701, 90978, 8418, 34547, 73073, 14229, 92931, 45528, 46305, 58234, 95428, 52910, 64691, 89529, 6125, 95529, 23717, 34258, 15039, 26343, 25322, 18533, 87153, 22501, 24377, 93511, 91108, 66007, 60481, 95208, 62676, 92031, 61249, 21040, 27224, 8088, 84181, 33593, 86548, 72607, 12800, 5611, 73844, 6692, 65230, 36526, 2469, 35635, 48449, 14719, 78189, 85243, 55844, 24071, 23788, 78878, 22883, 30166, 25797, 10713, 24202, 63862, 69116, 6614, 65627, 74821, 9118, 52050, 1045, 85212, 62012, 89898, 79364, 88858, 96964, 35830, 60888, 26734, 88556, 30404, 7619, 80278, 68622, 93232, 34306, 31485, 56275, 18665, 75621, 64839, 93770, 28199, 22239, 59130, 77628, 99168, 70420, 75781, 62501, 671, 82149, 26309, 8026, 6187, 34342, 77941, 96327, 7003, 65713, 2941, 26673, 45799, 5550, 98918, 65458, 56546, 58743, 93533, 64790, 30347, 32662, 73325, 77970, 21733, 35559, 73040, 79043, 59441, 82022, 37637, 7661, 94041, 96708, 7898, 70255, 89025, 83488, 90561, 63581, 77717, 74197, 27575, 58299, 53110, 73807, 71575, 26219, 35022, 49263, 13153, 34531, 51399, 44165, 26477, 4658, 89217, 10088, 77375, 38696, 57234, 69828, 27880, 19969, 12884, 48301, 32382, 79158, 72530, 2303, 28606, 30300, 17727, 74408, 82473, 74031, 47501, 28349, 67701, 75802, 89880, 6847, 37677, 42094, 59098, 33292, 25396, 1653, 33802, 37033, 82988, 18807, 34788, 32442, 21412, 79504, 70667, 67140, 188, 92567, 14712, 41955, 83231, 16604, 44261, 9248, 17311, 28714, 91679, 32487, 26287, 45537, 96338, 4907, 91004, 40305, 38855, 30113, 31802, 90368, 29632, 22399, 27504, 74924, 64570, 3170, 73381, 73608, 82107, 55004, 28453, 81413, 83401, 86827, 3755, 19280, 39809, 58531, 69352, 77285, 75236, 65692, 7596, 96792, 61193, 32718, 15171, 87988, 30166, 54746, 77236, 17432, 95331, 38981, 88240, 38898, 32172, 79555, 11740, 12372, 21314, 35314, 93047, 42158, 12888, 45757, 12444, 53196, 24354, 10754, 11298, 51034, 29460, 54561, 63362, 63137, 80288, 88200, 90124, 34341, 79738, 29507, 1371, 45727, 33233, 20038, 80414, 21940, 30707, 90006, 24595, 36850, 16424, 43356, 57374, 16541, 37502, 37384, 44186, 1581, 55147, 81574, 36342, 34700, 77319, 28025, 42804, 70814, 97334, 63170, 45671, 92728, 50865, 61805, 79230, 95797, 79382, 69832, 39248, 70970, 62614, 68180, 36578, 66699, 90803, 28447, 48009, 97357, 19944, 60879, 16057, 92445, 75982, 37067, 41406, 92224, 10099, 38077, 10238, 68458, 6537, 63778, 57556, 62039, 11823, 13270, 39382, 5448, 99101, 892, 8806, 21031, 7912, 86405, 50251, 88331, 79170, 19276, 48689, 73426, 83963, 98871, 32530, 19826, 24930, 70628, 89666, 23784, 22342, 79694, 80437, 28733, 99765, 7735, 65443, 39629, 65691, 45234, 52942, 70165, 64742, 7593, 35389, 38346, 53370, 1486, 63745, 59201, 84112, 82078, 59842, 55744, 6361, 15079, 910, 53287, 86305, 5582, 34924, 69056, 67927, 31852, 80811, 3497, 24763, 76576, 6447, 51921, 24582, 67902, 99777, 99703, 83341, 49007, 99280, 24090, 6799, 52732, 30031, 47977, 87252, 5024, 40270, 25148, 18576, 16321, 73258, 96568, 50330, 93058, 53931, 82548, 70345, 30377, 16363, 46283, 71917, 19219, 34599, 59905, 76185, 99134, 52728, 85779, 32717, 4809, 23223, 7767, 36688, 17927, 33222, 5461, 58987, 99150, 82453, 68878, 27439, 92942, 79331, 71474, 34897, 35197, 84658, 51810, 88051, 90117, 15640, 25537, 1192, 5758, 16919, 16570, 54940, 71350, 57863, 28374, 25430, 96910, 25138, 30623, 84961, 23541, 35862, 94330, 34467, 45322, 3068, 32691, 19717, 72709, 77504, 12874, 8035, 4199, 32629, 29326, 50091, 4290, 69037, 67868, 4858, 18189, 81289, 10537, 34484, 97761, 36705, 52886, 29677, 92414, 65300, 4493, 83991, 25685, 6104, 23112, 72137, 96757, 13483, 18308, 221, 14358, 49795, 76044, 65013, 87872, 95304, 14399, 812, 64706, 60775, 65656, 55460, 64130, 33001, 14835, 17431, 45023, 79744, 46149, 17211, 1932, 89664, 35867, 75834, 45835, 33920, 51887, 56077, 57612, 3201, 66246, 43129, 72962, 59486, 41799, 36083, 78794, 55644, 16064, 47916, 43687, 87424, 99482, 17585, 78994, 36067, 56930, 68493, 83129, 64732, 86546, 74055, 94524, 52064, 83683, 31321, 53390, 89787, 97909, 96890, 42138, 43171, 63419, 72477, 642, 72325, 14142, 88837, 64298, 53853, 33912, 90976, 51351, 53580, 44520, 1115, 7377, 51291, 91564, 16199, 86922, 17805, 85895, 43694, 18547, 43604, 34423, 97118, 34445, 84791, 71375, 31055, 9941, 27422, 27295, 25492, 21731, 54058, 56103, 74702, 88389, 39787, 83292, 56321, 80058, 48446, 90534, 99020, 53183, 57349, 5351, 62399, 11726, 72703, 23079, 88458, 14886, 42115, 37381, 53447, 80416, 75451, 17441, 22787, 25968, 37997, 43457, 70409, 3144, 30291, 27680, 46416, 33566, 93834, 69479, 8313, 69016, 56653]})"
32.0,9,38,55,31.192909717559814,210,"Genotype(dna={""<class 'abc.NT_0014'>"": [0, 9891], ""<class 'abc.NT_0014_P_00000'>"": [], ""<class 'abc.NT_0003'>"": [], ""<class 'abc.NT_0003_P_00000'>"": [], ""<class 'bool'>"": [34892, 53838, 93055, 22069, 78539, 27596, 11504, 95280, 56278, 13913, 91591, 97012, 50516, 84139, 91601, 80048, 36855, 76229, 96396, 90534, 62399, 56318, 86613, 30291, 93834, 69479, 91703], ""<class 'abc.NT_0000'>"": [0, 2, 3, 0, 0, 66646, 24329, 0, 57112, 0, 0, 0, 96236, 19448, 3, 67907, 2, 0, 61061, 0, 47365, 65468, 40560, 0, 1, 35560, 2, 0, 2, 6530, 90460, 0, 0, 0, 1053, 51537, 23729, 3136, 21603, 1290, 82817, 25314, 57349, 5351, 72703, 23079, 41017, 74148, 17441, 6983, 25968, 74036, 43457, 70409, 70746], ""<class 'abc.NT_0000_P_00000'>"": [], ""<class 'int'>"": [11527, 89970, 57184, 94912, 12901, 2737, 25019, 94292, 7422, 84436, 79517, 92390, 83981, 41079, 54502, 66359, 45824, 66531, 20954, 87223, 18331, 85267, 30558, 83139, 26738, 4868, 77382, 79248, 84283, 30291, 69479, 56653, 51366, 23356, 63194, 54071, 7575, 38385], ""<class 'abc.NT_0000_P_00001'>"": [], ""<class 'abc.NT_0000_P_00002'>"": [], ""<class 'abc.NT_0000_P_00003'>"": [], ""<class 'abc.NT_0001'>"": [1, 99233, 59169, 80416, 13326, 80335, 56653], ""<class 'abc.NT_0001_P_00000'>"": [], ""<class 'abc.NT_0001_P_00001'>"": [], ""<class 'abc.NT_0001_P_00002'>"": [], ""<class 'abc.NT_0001_P_00003'>"": [], ""<class 'abc.NT_0001_P_00004'>"": [], ""<class 'abc.NT_0001_P_00005'>"": [], ""<class 'abc.NT_0001_P_00006'>"": [], ""<class 'abc.NT_0003_P_00001'>"": [], ""<class 'abc.NT_0002'>"": [0, 63043], ""<class 'abc.NT_0002_P_00000'>"": [], ""<class 'abc.NT_0002_P_00001'>"": [], ""<class 'abc.NT_0002_P_00002'>"": [], ""<class 'abc.NT_0002_P_00003'>"": [], ""<class 'abc.NT_0004'>"": [], ""<class 'abc.NT_0004_P_00000'>"": [], ""<class 'abc.NT_0014_P_00001'>"": [], ""<class 'abc.NT_0013'>"": [31174, 87753, 70326], ""<class 'abc.NT_0013_P_00000'>"": [], ""<class 'abc.NT_0011'>"": [1, 98607], ""<class 'abc.NT_0011_P_00000'>"": [], ""<class 'abc.NT_0011_P_00001'>"": [], ""<class 'abc.NT_0008'>"": [56358, 25492], ""<class 'abc.NT_0008_P_00000'>"": [], ""<class 'abc.NT_0005'>"": [65439, 70998], ""<class 'abc.NT_0005_P_00000'>"": [], ""<class 'abc.NT_0005_P_00001'>"": [], ""<class 'abc.NT_0007'>"": [63976, 27295], ""<class 'abc.NT_0007_P_00000'>"": [], ""<class 'abc.NT_0006'>"": [51447, 91312], ""<class 'abc.NT_0006_P_00000'>"": [], ""<class 'abc.NT_0006_P_00001'>"": [], ""<class 'abc.NT_0007_P_00001'>"": [], ""<class 'abc.NT_0007_P_00002'>"": [], ""<class 'abc.NT_0007_P_00003'>"": [], ""<class 'abc.NT_0008_P_00001'>"": [], ""<class 'abc.NT_0009'>"": [8, 58070, 39787], ""<class 'abc.NT_0009_P_00000'>"": [], ""<class 'abc.NT_0009_P_00001'>"": [], ""<class 'abc.NT_0009_P_00002'>"": [], ""<class 'abc.NT_0009_P_00003'>"": [], ""<class 'abc.NT_0009_P_00004'>"": [], ""<class 'abc.NT_0009_P_00005'>"": [], ""<class 'abc.NT_0009_P_00006'>"": [], ""<class 'abc.NT_0009_P_00007'>"": [], ""<class 'abc.NT_0009_P_00008'>"": [], ""<class 'abc.NT_0011_P_00002'>"": [], ""<class 'abc.NT_0010'>"": [53447, 75927], ""<class 'abc.NT_0010_P_00000'>"": [], ""<class 'abc.NT_0010_P_00001'>"": [], ""<class 'abc.NT_0010_P_00002'>"": [], ""<class 'abc.NT_0010_P_00003'>"": [], ""<class 'abc.NT_0010_P_00004'>"": [], ""<class 'abc.NT_0010_P_00005'>"": [], ""<class 'abc.NT_0011_P_00003'>"": [], ""<class 'abc.NT_0011_P_00004'>"": [], ""<class 'abc.NT_0011_P_00005'>"": [], ""<class 'abc.NT_0011_P_00006'>"": [], ""<class 'abc.NT_0011_P_00007'>"": [], ""<class 'abc.NT_0011_P_00008'>"": [], ""<class 'abc.NT_0011_P_00009'>"": [], ""<class 'abc.NT_0014_P_00002'>"": [], ""<class 'abc.NT_0014_P_00003'>"": [], ""<class 'abc.NT_0014_P_00004'>"": [], '$leftovers': [612, 51366, 29977, 7941, 62781, 93978, 48081, 63396, 57279, 63194, 37786, 54499, 54071, 7255, 805, 91855, 9788, 55863, 13874, 90931, 38385, 43619, 36227, 61359, 25033, 26828, 94952, 78514, 81573, 7035, 57599, 63649, 37284, 79243, 23816, 36097, 45176, 45221, 21659, 73410, 77378, 61609, 53485, 83091, 55364, 804, 37863, 62128, 64631, 84523, 68409, 46658, 59869, 22948, 53816, 17703, 86036, 23930, 54711, 27159, 47907, 22129, 19429, 11704, 67050, 80298, 69224, 57646, 14733, 44317, 85077, 74191, 78264, 27076, 89776, 5196, 46711, 95884, 100000, 42859, 92197, 62164, 34041, 96434, 9186, 84986, 23729, 32442, 9078, 30947, 10584, 90176, 39265, 2903, 26641, 17813, 64068, 47390, 53496, 84055, 91192, 43627, 10978, 20051, 63072, 17541, 52384, 82602, 2071, 73349, 76496, 93237, 90746, 94169, 1089, 1963, 87259, 78716, 97251, 74560, 92319, 88430, 30065, 35943, 26646, 58575, 20564, 68822, 1955, 11977, 701, 8879, 51642, 65013, 37021, 8254, 64968, 54544, 55206, 50487, 94823, 39401, 11005, 50507, 4078, 47520, 40046, 60171, 93652, 930, 40344, 61205, 60575, 32914, 87845, 18974, 88335, 23738, 9159, 67945, 35873, 79289, 92027, 47069, 50717, 19269, 86431, 12677, 1847, 82569, 10719, 49874, 57438, 74245, 9728, 35214, 60927, 50418, 3072, 33653, 84097, 10451, 10948, 43565, 35042, 52901, 60373, 71523, 99916, 21066, 31862, 7158, 61957, 29065, 73503, 77066, 90914, 2224, 23949, 58836, 36313, 52163, 15402, 95181, 97248, 72223, 64484, 31579, 7361, 13133, 8559, 5315, 12957, 97480, 15964, 47289, 18201, 64048, 38836, 23949, 65274, 81688, 15908, 97641, 68909, 88194, 58203, 54156, 17884, 17015, 98114, 85070, 44487, 35609, 43946, 13163, 68656, 46368, 64590, 40998, 4333, 23209, 48312, 91519, 45912, 95154, 82162, 65190, 2680, 41571, 50993, 530, 20715, 62325, 69130, 87411, 51896, 25041, 1061, 92007, 16083, 61009, 22448, 76926, 40530, 5740, 65551, 74307, 70243, 88860, 56449, 62236, 73737, 14864, 20769, 33438, 2720, 19958, 14224, 62871, 11924, 4195, 94579, 90772, 15850, 32394, 39534, 94217, 24432, 49736, 19142, 95031, 91556, 84878, 36003, 82744, 39005, 77560, 67854, 74174, 65238, 42610, 38442, 5045, 8394, 50169, 85223, 39318, 11999, 19698, 62218, 20982, 75579, 83921, 36322, 81232, 74890, 79155, 7974, 87957, 31618, 15302, 46288, 41529, 54402, 51898, 8904, 68466, 16655, 33307, 87657, 62302, 99805, 94712, 27432, 6792, 318, 28470, 61849, 26074, 24481, 33234, 11701, 90978, 8418, 34547, 73073, 14229, 92931, 45528, 46305, 58234, 95428, 52910, 64691, 89529, 6125, 95529, 23717, 34258, 15039, 26343, 25322, 18533, 87153, 22501, 24377, 93511, 91108, 66007, 60481, 95208, 62676, 92031, 61249, 21040, 27224, 8088, 84181, 33593, 86548, 72607, 12800, 5611, 73844, 6692, 65230, 36526, 2469, 35635, 48449, 14719, 78189, 85243, 55844, 24071, 23788, 78878, 22883, 30166, 25797, 10713, 24202, 63862, 69116, 6614, 65627, 74821, 9118, 52050, 1045, 85212, 62012, 89898, 79364, 88858, 96964, 35830, 60888, 26734, 88556, 30404, 7619, 80278, 68622, 93232, 34306, 31485, 56275, 18665, 75621, 64839, 93770, 28199, 22239, 59130, 77628, 99168, 70420, 75781, 62501, 671, 82149, 26309, 8026, 6187, 34342, 77941, 96327, 7003, 65713, 2941, 26673, 45799, 5550, 98918, 65458, 56546, 58743, 93533, 64790, 30347, 32662, 73325, 77970, 21733, 35559, 73040, 79043, 59441, 82022, 37637, 7661, 94041, 96708, 7898, 70255, 89025, 83488, 90561, 63581, 77717, 74197, 27575, 58299, 53110, 73807, 71575, 26219, 35022, 49263, 13153, 34531, 51399, 44165, 26477, 4658, 89217, 10088, 77375, 38696, 57234, 69828, 27880, 19969, 12884, 48301, 32382, 79158, 72530, 2303, 28606, 30300, 17727, 74408, 82473, 74031, 47501, 28349, 67701, 75802, 89880, 6847, 37677, 42094, 59098, 33292, 25396, 1653, 33802, 37033, 82988, 18807, 34788, 32442, 21412, 79504, 70667, 67140, 188, 92567, 14712, 41955, 83231, 16604, 44261, 9248, 17311, 28714, 91679, 32487, 26287, 45537, 96338, 4907, 91004, 40305, 38855, 30113, 31802, 90368, 29632, 22399, 27504, 74924, 64570, 3170, 73381, 73608, 82107, 55004, 28453, 81413, 83401, 86827, 3755, 19280, 39809, 58531, 69352, 77285, 75236, 65692, 7596, 96792, 61193, 32718, 15171, 87988, 30166, 54746, 77236, 17432, 95331, 38981, 88240, 38898, 32172, 79555, 11740, 12372, 21314, 35314, 93047, 42158, 12888, 45757, 12444, 53196, 24354, 10754, 11298, 51034, 29460, 54561, 63362, 63137, 80288, 88200, 90124, 34341, 79738, 29507, 1371, 45727, 33233, 20038, 80414, 21940, 30707, 90006, 24595, 36850, 16424, 43356, 57374, 16541, 37502, 37384, 44186, 1581, 55147, 81574, 36342, 34700, 77319, 28025, 42804, 70814, 97334, 63170, 45671, 92728, 50865, 61805, 79230, 95797, 79382, 69832, 39248, 70970, 62614, 68180, 36578, 66699, 90803, 28447, 48009, 97357, 19944, 60879, 16057, 92445, 75982, 37067, 41406, 92224, 10099, 38077, 10238, 68458, 6537, 63778, 57556, 62039, 11823, 13270, 39382, 5448, 99101, 892, 8806, 21031, 7912, 86405, 50251, 88331, 79170, 19276, 48689, 73426, 83963, 98871, 32530, 19826, 24930, 70628, 89666, 23784, 22342, 79694, 80437, 28733, 99765, 7735, 65443, 39629, 65691, 45234, 52942, 70165, 64742, 7593, 35389, 38346, 53370, 1486, 63745, 59201, 84112, 82078, 59842, 55744, 6361, 15079, 910, 53287, 86305, 5582, 34924, 69056, 67927, 31852, 80811, 3497, 24763, 76576, 6447, 51921, 24582, 67902, 99777, 99703, 83341, 49007, 99280, 24090, 6799, 52732, 30031, 47977, 87252, 5024, 40270, 25148, 18576, 16321, 73258, 96568, 50330, 93058, 53931, 82548, 70345, 30377, 16363, 46283, 71917, 19219, 34599, 59905, 76185, 99134, 52728, 85779, 32717, 4809, 23223, 7767, 36688, 17927, 33222, 5461, 58987, 99150, 82453, 68878, 27439, 92942, 79331, 71474, 34897, 35197, 84658, 51810, 88051, 90117, 15640, 25537, 1192, 5758, 16919, 16570, 54940, 71350, 57863, 28374, 25430, 96910, 25138, 30623, 84961, 23541, 35862, 94330, 34467, 45322, 3068, 32691, 19717, 72709, 77504, 12874, 8035, 4199, 32629, 29326, 50091, 4290, 69037, 67868, 4858, 18189, 81289, 10537, 34484, 97761, 36705, 52886, 29677, 92414, 65300, 4493, 83991, 25685, 6104, 23112, 72137, 96757, 13483, 18308, 221, 14358, 49795, 76044, 65013, 87872, 95304, 14399, 812, 64706, 60775, 65656, 55460, 64130, 33001, 14835, 17431, 45023, 79744, 46149, 17211, 1932, 89664, 35867, 75834, 45835, 33920, 51887, 56077, 57612, 3201, 66246, 43129, 72962, 59486, 41799, 36083, 78794, 55644, 16064, 47916, 43687, 87424, 99482, 17585, 78994, 36067, 56930, 68493, 83129, 64732, 86546, 74055, 94524, 52064, 83683, 31321, 53390, 89787, 97909, 96890, 42138, 43171, 63419, 72477, 642, 72325, 14142, 88837, 64298, 53853, 33912, 90976, 51351, 53580, 44520, 1115, 7377, 51291, 91564, 16199, 86922, 17805, 85895, 43694, 18547, 43604, 34423, 97118, 34445, 84791, 71375, 31055, 9941, 27422, 27295, 25492, 21731, 54058, 56103, 74702, 88389, 39787, 83292, 56321, 80058, 48446, 90534, 99020, 53183, 57349, 5351, 62399, 11726, 72703, 23079, 88458, 14886, 42115, 37381, 53447, 80416, 75451, 17441, 22787, 25968, 37997, 43457, 70409, 3144, 30291, 27680, 46416, 33566, 93834, 69479, 8313, 69016, 56653]})"
32.0,9,38,56,31.520103216171265,210,"Genotype(dna={""<class 'abc.NT_0014'>"": [0, 9891], ""<class 'abc.NT_0014_P_00000'>"": [], ""<class 'abc.NT_0003'>"": [], ""<class 'abc.NT_0003_P_00000'>"": [], ""<class 'bool'>"": [34892, 53838, 93055, 22069, 78539, 27596, 11504, 95280, 56278, 13913, 91591, 97012, 50516, 84139, 91601, 80048, 36855, 76229, 96396, 90534, 62399, 56318, 86613, 30291, 93834, 69479, 91703], ""<class 'abc.NT_0000'>"": [0, 2, 3, 0, 0, 66646, 24329, 0, 57112, 0, 0, 0, 96236, 19448, 3, 67907, 2, 0, 61061, 0, 47365, 65468, 40560, 0, 1, 35560, 2, 0, 2, 6530, 90460, 0, 0, 0, 1053, 51537, 23729, 3136, 21603, 1290, 82817, 25314, 57349, 5351, 72703, 23079, 41017, 74148, 17441, 6983, 25968, 74036, 43457, 70409, 70746], ""<class 'abc.NT_0000_P_00000'>"": [], ""<class 'int'>"": [11527, 89970, 57184, 94912, 12901, 2737, 25019, 94292, 7422, 84436, 79517, 92390, 83981, 41079, 54502, 66359, 45824, 66531, 20954, 87223, 18331, 85267, 30558, 83139, 26738, 4868, 77382, 79248, 84283, 30291, 69479, 56653, 51366, 23356, 63194, 54071, 7575, 38385], ""<class 'abc.NT_0000_P_00001'>"": [], ""<class 'abc.NT_0000_P_00002'>"": [], ""<class 'abc.NT_0000_P_00003'>"": [], ""<class 'abc.NT_0001'>"": [1, 99233, 59169, 80416, 13326, 80335, 56653], ""<class 'abc.NT_0001_P_00000'>"": [], ""<class 'abc.NT_0001_P_00001'>"": [], ""<class 'abc.NT_0001_P_00002'>"": [], ""<class 'abc.NT_0001_P_00003'>"": [], ""<class 'abc.NT_0001_P_00004'>"": [], ""<class 'abc.NT_0001_P_00005'>"": [], ""<class 'abc.NT_0001_P_00006'>"": [], ""<class 'abc.NT_0003_P_00001'>"": [], ""<class 'abc.NT_0002'>"": [0, 63043], ""<class 'abc.NT_0002_P_00000'>"": [], ""<class 'abc.NT_0002_P_00001'>"": [], ""<class 'abc.NT_0002_P_00002'>"": [], ""<class 'abc.NT_0002_P_00003'>"": [], ""<class 'abc.NT_0004'>"": [], ""<class 'abc.NT_0004_P_00000'>"": [], ""<class 'abc.NT_0014_P_00001'>"": [], ""<class 'abc.NT_0013'>"": [31174, 87753, 70326], ""<class 'abc.NT_0013_P_00000'>"": [], ""<class 'abc.NT_0011'>"": [1, 98607], ""<class 'abc.NT_0011_P_00000'>"": [], ""<class 'abc.NT_0011_P_00001'>"": [], ""<class 'abc.NT_0008'>"": [56358, 25492], ""<class 'abc.NT_0008_P_00000'>"": [], ""<class 'abc.NT_0005'>"": [65439, 70998], ""<class 'abc.NT_0005_P_00000'>"": [], ""<class 'abc.NT_0005_P_00001'>"": [], ""<class 'abc.NT_0007'>"": [63976, 27295], ""<class 'abc.NT_0007_P_00000'>"": [], ""<class 'abc.NT_0006'>"": [51447, 91312], ""<class 'abc.NT_0006_P_00000'>"": [], ""<class 'abc.NT_0006_P_00001'>"": [], ""<class 'abc.NT_0007_P_00001'>"": [], ""<class 'abc.NT_0007_P_00002'>"": [], ""<class 'abc.NT_0007_P_00003'>"": [], ""<class 'abc.NT_0008_P_00001'>"": [], ""<class 'abc.NT_0009'>"": [8, 58070, 39787], ""<class 'abc.NT_0009_P_00000'>"": [], ""<class 'abc.NT_0009_P_00001'>"": [], ""<class 'abc.NT_0009_P_00002'>"": [], ""<class 'abc.NT_0009_P_00003'>"": [], ""<class 'abc.NT_0009_P_00004'>"": [], ""<class 'abc.NT_0009_P_00005'>"": [], ""<class 'abc.NT_0009_P_00006'>"": [], ""<class 'abc.NT_0009_P_00007'>"": [], ""<class 'abc.NT_0009_P_00008'>"": [], ""<class 'abc.NT_0011_P_00002'>"": [], ""<class 'abc.NT_0010'>"": [53447, 75927], ""<class 'abc.NT_0010_P_00000'>"": [], ""<class 'abc.NT_0010_P_00001'>"": [], ""<class 'abc.NT_0010_P_00002'>"": [], ""<class 'abc.NT_0010_P_00003'>"": [], ""<class 'abc.NT_0010_P_00004'>"": [], ""<class 'abc.NT_0010_P_00005'>"": [], ""<class 'abc.NT_0011_P_00003'>"": [], ""<class 'abc.NT_0011_P_00004'>"": [], ""<class 'abc.NT_0011_P_00005'>"": [], ""<class 'abc.NT_0011_P_00006'>"": [], ""<class 'abc.NT_0011_P_00007'>"": [], ""<class 'abc.NT_0011_P_00008'>"": [], ""<class 'abc.NT_0011_P_00009'>"": [], ""<class 'abc.NT_0014_P_00002'>"": [], ""<class 'abc.NT_0014_P_00003'>"": [], ""<class 'abc.NT_0014_P_00004'>"": [], '$leftovers': [612, 51366, 29977, 7941, 62781, 93978, 48081, 63396, 57279, 63194, 37786, 54499, 54071, 7255, 805, 91855, 9788, 55863, 13874, 90931, 38385, 43619, 36227, 61359, 25033, 26828, 94952, 78514, 81573, 7035, 57599, 63649, 37284, 79243, 23816, 36097, 45176, 45221, 21659, 73410, 77378, 61609, 53485, 83091, 55364, 804, 37863, 62128, 64631, 84523, 68409, 46658, 59869, 22948, 53816, 17703, 86036, 23930, 54711, 27159, 47907, 22129, 19429, 11704, 67050, 80298, 69224, 57646, 14733, 44317, 85077, 74191, 78264, 27076, 89776, 5196, 46711, 95884, 100000, 42859, 92197, 62164, 34041, 96434, 9186, 84986, 23729, 32442, 9078, 30947, 10584, 90176, 39265, 2903, 26641, 17813, 64068, 47390, 53496, 84055, 91192, 43627, 10978, 20051, 63072, 17541, 52384, 82602, 2071, 73349, 76496, 93237, 90746, 94169, 1089, 1963, 87259, 78716, 97251, 74560, 92319, 88430, 30065, 35943, 26646, 58575, 20564, 68822, 1955, 11977, 701, 8879, 51642, 65013, 37021, 8254, 64968, 54544, 55206, 50487, 94823, 39401, 11005, 50507, 4078, 47520, 40046, 60171, 93652, 930, 40344, 61205, 60575, 32914, 87845, 18974, 88335, 23738, 9159, 67945, 35873, 79289, 92027, 47069, 50717, 19269, 86431, 12677, 1847, 82569, 10719, 49874, 57438, 74245, 9728, 35214, 60927, 50418, 3072, 33653, 84097, 10451, 10948, 43565, 35042, 52901, 60373, 71523, 99916, 21066, 31862, 7158, 61957, 29065, 73503, 77066, 90914, 2224, 23949, 58836, 36313, 52163, 15402, 95181, 97248, 72223, 64484, 31579, 7361, 13133, 8559, 5315, 12957, 97480, 15964, 47289, 18201, 64048, 38836, 23949, 65274, 81688, 15908, 97641, 68909, 88194, 58203, 54156, 17884, 17015, 98114, 85070, 44487, 35609, 43946, 13163, 68656, 46368, 64590, 40998, 4333, 23209, 48312, 91519, 45912, 95154, 82162, 65190, 2680, 41571, 50993, 530, 20715, 62325, 69130, 87411, 51896, 25041, 1061, 92007, 16083, 61009, 22448, 76926, 40530, 5740, 65551, 74307, 70243, 88860, 56449, 62236, 73737, 14864, 20769, 33438, 2720, 19958, 14224, 62871, 11924, 4195, 94579, 90772, 15850, 32394, 39534, 94217, 24432, 49736, 19142, 95031, 91556, 84878, 36003, 82744, 39005, 77560, 67854, 74174, 65238, 42610, 38442, 5045, 8394, 50169, 85223, 39318, 11999, 19698, 62218, 20982, 75579, 83921, 36322, 81232, 74890, 79155, 7974, 87957, 31618, 15302, 46288, 41529, 54402, 51898, 8904, 68466, 16655, 33307, 87657, 62302, 99805, 94712, 27432, 6792, 318, 28470, 61849, 26074, 24481, 33234, 11701, 90978, 8418, 34547, 73073, 14229, 92931, 45528, 46305, 58234, 95428, 52910, 64691, 89529, 6125, 95529, 23717, 34258, 15039, 26343, 25322, 18533, 87153, 22501, 24377, 93511, 91108, 66007, 60481, 95208, 62676, 92031, 61249, 21040, 27224, 8088, 84181, 33593, 86548, 72607, 12800, 5611, 73844, 6692, 65230, 36526, 2469, 35635, 48449, 14719, 78189, 85243, 55844, 24071, 23788, 78878, 22883, 30166, 25797, 10713, 24202, 63862, 69116, 6614, 65627, 74821, 9118, 52050, 1045, 85212, 62012, 89898, 79364, 88858, 96964, 35830, 60888, 26734, 88556, 30404, 7619, 80278, 68622, 93232, 34306, 31485, 56275, 18665, 75621, 64839, 93770, 28199, 22239, 59130, 77628, 99168, 70420, 75781, 62501, 671, 82149, 26309, 8026, 6187, 34342, 77941, 96327, 7003, 65713, 2941, 26673, 45799, 5550, 98918, 65458, 56546, 58743, 93533, 64790, 30347, 32662, 73325, 77970, 21733, 35559, 73040, 79043, 59441, 82022, 37637, 7661, 94041, 96708, 7898, 70255, 89025, 83488, 90561, 63581, 77717, 74197, 27575, 58299, 53110, 73807, 71575, 26219, 35022, 49263, 13153, 34531, 51399, 44165, 26477, 4658, 89217, 10088, 77375, 38696, 57234, 69828, 27880, 19969, 12884, 48301, 32382, 79158, 72530, 2303, 28606, 30300, 17727, 74408, 82473, 74031, 47501, 28349, 67701, 75802, 89880, 6847, 37677, 42094, 59098, 33292, 25396, 1653, 33802, 37033, 82988, 18807, 34788, 32442, 21412, 79504, 70667, 67140, 188, 92567, 14712, 41955, 83231, 16604, 44261, 9248, 17311, 28714, 91679, 32487, 26287, 45537, 96338, 4907, 91004, 40305, 38855, 30113, 31802, 90368, 29632, 22399, 27504, 74924, 64570, 3170, 73381, 73608, 82107, 55004, 28453, 81413, 83401, 86827, 3755, 19280, 39809, 58531, 69352, 77285, 75236, 65692, 7596, 96792, 61193, 32718, 15171, 87988, 30166, 54746, 77236, 17432, 95331, 38981, 88240, 38898, 32172, 79555, 11740, 12372, 21314, 35314, 93047, 42158, 12888, 45757, 12444, 53196, 24354, 10754, 11298, 51034, 29460, 54561, 63362, 63137, 80288, 88200, 90124, 34341, 79738, 29507, 1371, 45727, 33233, 20038, 80414, 21940, 30707, 90006, 24595, 36850, 16424, 43356, 57374, 16541, 37502, 37384, 44186, 1581, 55147, 81574, 36342, 34700, 77319, 28025, 42804, 70814, 97334, 63170, 45671, 92728, 50865, 61805, 79230, 95797, 79382, 69832, 39248, 70970, 62614, 68180, 36578, 66699, 90803, 28447, 48009, 97357, 19944, 60879, 16057, 92445, 75982, 37067, 41406, 92224, 10099, 38077, 10238, 68458, 6537, 63778, 57556, 62039, 11823, 13270, 39382, 5448, 99101, 892, 8806, 21031, 7912, 86405, 50251, 88331, 79170, 19276, 48689, 73426, 83963, 98871, 32530, 19826, 24930, 70628, 89666, 23784, 22342, 79694, 80437, 28733, 99765, 7735, 65443, 39629, 65691, 45234, 52942, 70165, 64742, 7593, 35389, 38346, 53370, 1486, 63745, 59201, 84112, 82078, 59842, 55744, 6361, 15079, 910, 53287, 86305, 5582, 34924, 69056, 67927, 31852, 80811, 3497, 24763, 76576, 6447, 51921, 24582, 67902, 99777, 99703, 83341, 49007, 99280, 24090, 6799, 52732, 30031, 47977, 87252, 5024, 40270, 25148, 18576, 16321, 73258, 96568, 50330, 93058, 53931, 82548, 70345, 30377, 16363, 46283, 71917, 19219, 34599, 59905, 76185, 99134, 52728, 85779, 32717, 4809, 23223, 7767, 36688, 17927, 33222, 5461, 58987, 99150, 82453, 68878, 27439, 92942, 79331, 71474, 34897, 35197, 84658, 51810, 88051, 90117, 15640, 25537, 1192, 5758, 16919, 16570, 54940, 71350, 57863, 28374, 25430, 96910, 25138, 30623, 84961, 23541, 35862, 94330, 34467, 45322, 3068, 32691, 19717, 72709, 77504, 12874, 8035, 4199, 32629, 29326, 50091, 4290, 69037, 67868, 4858, 18189, 81289, 10537, 34484, 97761, 36705, 52886, 29677, 92414, 65300, 4493, 83991, 25685, 6104, 23112, 72137, 96757, 13483, 18308, 221, 14358, 49795, 76044, 65013, 87872, 95304, 14399, 812, 64706, 60775, 65656, 55460, 64130, 33001, 14835, 17431, 45023, 79744, 46149, 17211, 1932, 89664, 35867, 75834, 45835, 33920, 51887, 56077, 57612, 3201, 66246, 43129, 72962, 59486, 41799, 36083, 78794, 55644, 16064, 47916, 43687, 87424, 99482, 17585, 78994, 36067, 56930, 68493, 83129, 64732, 86546, 74055, 94524, 52064, 83683, 31321, 53390, 89787, 97909, 96890, 42138, 43171, 63419, 72477, 642, 72325, 14142, 88837, 64298, 53853, 33912, 90976, 51351, 53580, 44520, 1115, 7377, 51291, 91564, 16199, 86922, 17805, 85895, 43694, 18547, 43604, 34423, 97118, 34445, 84791, 71375, 31055, 9941, 27422, 27295, 25492, 21731, 54058, 56103, 74702, 88389, 39787, 83292, 56321, 80058, 48446, 90534, 99020, 53183, 57349, 5351, 62399, 11726, 72703, 23079, 88458, 14886, 42115, 37381, 53447, 80416, 75451, 17441, 22787, 25968, 37997, 43457, 70409, 3144, 30291, 27680, 46416, 33566, 93834, 69479, 8313, 69016, 56653]})"
32.0,9,38,57,31.899984121322632,210,"Genotype(dna={""<class 'abc.NT_0014'>"": [0, 9891], ""<class 'abc.NT_0014_P_00000'>"": [], ""<class 'abc.NT_0003'>"": [], ""<class 'abc.NT_0003_P_00000'>"": [], ""<class 'bool'>"": [34892, 53838, 93055, 22069, 78539, 27596, 11504, 95280, 56278, 13913, 91591, 97012, 50516, 84139, 91601, 80048, 36855, 76229, 96396, 90534, 62399, 56318, 86613, 30291, 93834, 69479, 91703], ""<class 'abc.NT_0000'>"": [0, 2, 3, 0, 0, 66646, 24329, 0, 57112, 0, 0, 0, 96236, 19448, 3, 67907, 2, 0, 61061, 0, 47365, 65468, 40560, 0, 1, 35560, 2, 0, 2, 6530, 90460, 0, 0, 0, 1053, 51537, 23729, 3136, 21603, 1290, 82817, 25314, 57349, 5351, 72703, 23079, 41017, 74148, 17441, 6983, 25968, 74036, 43457, 70409, 70746], ""<class 'abc.NT_0000_P_00000'>"": [], ""<class 'int'>"": [11527, 89970, 57184, 94912, 12901, 2737, 25019, 94292, 7422, 84436, 79517, 92390, 83981, 41079, 54502, 66359, 45824, 66531, 20954, 87223, 18331, 85267, 30558, 83139, 26738, 4868, 77382, 79248, 84283, 30291, 69479, 56653, 51366, 23356, 63194, 54071, 7575, 38385], ""<class 'abc.NT_0000_P_00001'>"": [], ""<class 'abc.NT_0000_P_00002'>"": [], ""<class 'abc.NT_0000_P_00003'>"": [], ""<class 'abc.NT_0001'>"": [1, 99233, 59169, 80416, 13326, 80335, 56653], ""<class 'abc.NT_0001_P_00000'>"": [], ""<class 'abc.NT_0001_P_00001'>"": [], ""<class 'abc.NT_0001_P_00002'>"": [], ""<class 'abc.NT_0001_P_00003'>"": [], ""<class 'abc.NT_0001_P_00004'>"": [], ""<class 'abc.NT_0001_P_00005'>"": [], ""<class 'abc.NT_0001_P_00006'>"": [], ""<class 'abc.NT_0003_P_00001'>"": [], ""<class 'abc.NT_0002'>"": [0, 63043], ""<class 'abc.NT_0002_P_00000'>"": [], ""<class 'abc.NT_0002_P_00001'>"": [], ""<class 'abc.NT_0002_P_00002'>"": [], ""<class 'abc.NT_0002_P_00003'>"": [], ""<class 'abc.NT_0004'>"": [], ""<class 'abc.NT_0004_P_00000'>"": [], ""<class 'abc.NT_0014_P_00001'>"": [], ""<class 'abc.NT_0013'>"": [31174, 87753, 70326], ""<class 'abc.NT_0013_P_00000'>"": [], ""<class 'abc.NT_0011'>"": [1, 98607], ""<class 'abc.NT_0011_P_00000'>"": [], ""<class 'abc.NT_0011_P_00001'>"": [], ""<class 'abc.NT_0008'>"": [56358, 25492], ""<class 'abc.NT_0008_P_00000'>"": [], ""<class 'abc.NT_0005'>"": [65439, 70998], ""<class 'abc.NT_0005_P_00000'>"": [], ""<class 'abc.NT_0005_P_00001'>"": [], ""<class 'abc.NT_0007'>"": [63976, 27295], ""<class 'abc.NT_0007_P_00000'>"": [], ""<class 'abc.NT_0006'>"": [51447, 91312], ""<class 'abc.NT_0006_P_00000'>"": [], ""<class 'abc.NT_0006_P_00001'>"": [], ""<class 'abc.NT_0007_P_00001'>"": [], ""<class 'abc.NT_0007_P_00002'>"": [], ""<class 'abc.NT_0007_P_00003'>"": [], ""<class 'abc.NT_0008_P_00001'>"": [], ""<class 'abc.NT_0009'>"": [8, 58070, 39787], ""<class 'abc.NT_0009_P_00000'>"": [], ""<class 'abc.NT_0009_P_00001'>"": [], ""<class 'abc.NT_0009_P_00002'>"": [], ""<class 'abc.NT_0009_P_00003'>"": [], ""<class 'abc.NT_0009_P_00004'>"": [], ""<class 'abc.NT_0009_P_00005'>"": [], ""<class 'abc.NT_0009_P_00006'>"": [], ""<class 'abc.NT_0009_P_00007'>"": [], ""<class 'abc.NT_0009_P_00008'>"": [], ""<class 'abc.NT_0011_P_00002'>"": [], ""<class 'abc.NT_0010'>"": [53447, 75927], ""<class 'abc.NT_0010_P_00000'>"": [], ""<class 'abc.NT_0010_P_00001'>"": [], ""<class 'abc.NT_0010_P_00002'>"": [], ""<class 'abc.NT_0010_P_00003'>"": [], ""<class 'abc.NT_0010_P_00004'>"": [], ""<class 'abc.NT_0010_P_00005'>"": [], ""<class 'abc.NT_0011_P_00003'>"": [], ""<class 'abc.NT_0011_P_00004'>"": [], ""<class 'abc.NT_0011_P_00005'>"": [], ""<class 'abc.NT_0011_P_00006'>"": [], ""<class 'abc.NT_0011_P_00007'>"": [], ""<class 'abc.NT_0011_P_00008'>"": [], ""<class 'abc.NT_0011_P_00009'>"": [], ""<class 'abc.NT_0014_P_00002'>"": [], ""<class 'abc.NT_0014_P_00003'>"": [], ""<class 'abc.NT_0014_P_00004'>"": [], '$leftovers': [612, 51366, 29977, 7941, 62781, 93978, 48081, 63396, 57279, 63194, 37786, 54499, 54071, 7255, 805, 91855, 9788, 55863, 13874, 90931, 38385, 43619, 36227, 61359, 25033, 26828, 94952, 78514, 81573, 7035, 57599, 63649, 37284, 79243, 23816, 36097, 45176, 45221, 21659, 73410, 77378, 61609, 53485, 83091, 55364, 804, 37863, 62128, 64631, 84523, 68409, 46658, 59869, 22948, 53816, 17703, 86036, 23930, 54711, 27159, 47907, 22129, 19429, 11704, 67050, 80298, 69224, 57646, 14733, 44317, 85077, 74191, 78264, 27076, 89776, 5196, 46711, 95884, 100000, 42859, 92197, 62164, 34041, 96434, 9186, 84986, 23729, 32442, 9078, 30947, 10584, 90176, 39265, 2903, 26641, 17813, 64068, 47390, 53496, 84055, 91192, 43627, 10978, 20051, 63072, 17541, 52384, 82602, 2071, 73349, 76496, 93237, 90746, 94169, 1089, 1963, 87259, 78716, 97251, 74560, 92319, 88430, 30065, 35943, 26646, 58575, 20564, 68822, 1955, 11977, 701, 8879, 51642, 65013, 37021, 8254, 64968, 54544, 55206, 50487, 94823, 39401, 11005, 50507, 4078, 47520, 40046, 60171, 93652, 930, 40344, 61205, 60575, 32914, 87845, 18974, 88335, 23738, 9159, 67945, 35873, 79289, 92027, 47069, 50717, 19269, 86431, 12677, 1847, 82569, 10719, 49874, 57438, 74245, 9728, 35214, 60927, 50418, 3072, 33653, 84097, 10451, 10948, 43565, 35042, 52901, 60373, 71523, 99916, 21066, 31862, 7158, 61957, 29065, 73503, 77066, 90914, 2224, 23949, 58836, 36313, 52163, 15402, 95181, 97248, 72223, 64484, 31579, 7361, 13133, 8559, 5315, 12957, 97480, 15964, 47289, 18201, 64048, 38836, 23949, 65274, 81688, 15908, 97641, 68909, 88194, 58203, 54156, 17884, 17015, 98114, 85070, 44487, 35609, 43946, 13163, 68656, 46368, 64590, 40998, 4333, 23209, 48312, 91519, 45912, 95154, 82162, 65190, 2680, 41571, 50993, 530, 20715, 62325, 69130, 87411, 51896, 25041, 1061, 92007, 16083, 61009, 22448, 76926, 40530, 5740, 65551, 74307, 70243, 88860, 56449, 62236, 73737, 14864, 20769, 33438, 2720, 19958, 14224, 62871, 11924, 4195, 94579, 90772, 15850, 32394, 39534, 94217, 24432, 49736, 19142, 95031, 91556, 84878, 36003, 82744, 39005, 77560, 67854, 74174, 65238, 42610, 38442, 5045, 8394, 50169, 85223, 39318, 11999, 19698, 62218, 20982, 75579, 83921, 36322, 81232, 74890, 79155, 7974, 87957, 31618, 15302, 46288, 41529, 54402, 51898, 8904, 68466, 16655, 33307, 87657, 62302, 99805, 94712, 27432, 6792, 318, 28470, 61849, 26074, 24481, 33234, 11701, 90978, 8418, 34547, 73073, 14229, 92931, 45528, 46305, 58234, 95428, 52910, 64691, 89529, 6125, 95529, 23717, 34258, 15039, 26343, 25322, 18533, 87153, 22501, 24377, 93511, 91108, 66007, 60481, 95208, 62676, 92031, 61249, 21040, 27224, 8088, 84181, 33593, 86548, 72607, 12800, 5611, 73844, 6692, 65230, 36526, 2469, 35635, 48449, 14719, 78189, 85243, 55844, 24071, 23788, 78878, 22883, 30166, 25797, 10713, 24202, 63862, 69116, 6614, 65627, 74821, 9118, 52050, 1045, 85212, 62012, 89898, 79364, 88858, 96964, 35830, 60888, 26734, 88556, 30404, 7619, 80278, 68622, 93232, 34306, 31485, 56275, 18665, 75621, 64839, 93770, 28199, 22239, 59130, 77628, 99168, 70420, 75781, 62501, 671, 82149, 26309, 8026, 6187, 34342, 77941, 96327, 7003, 65713, 2941, 26673, 45799, 5550, 98918, 65458, 56546, 58743, 93533, 64790, 30347, 32662, 73325, 77970, 21733, 35559, 73040, 79043, 59441, 82022, 37637, 7661, 94041, 96708, 7898, 70255, 89025, 83488, 90561, 63581, 77717, 74197, 27575, 58299, 53110, 73807, 71575, 26219, 35022, 49263, 13153, 34531, 51399, 44165, 26477, 4658, 89217, 10088, 77375, 38696, 57234, 69828, 27880, 19969, 12884, 48301, 32382, 79158, 72530, 2303, 28606, 30300, 17727, 74408, 82473, 74031, 47501, 28349, 67701, 75802, 89880, 6847, 37677, 42094, 59098, 33292, 25396, 1653, 33802, 37033, 82988, 18807, 34788, 32442, 21412, 79504, 70667, 67140, 188, 92567, 14712, 41955, 83231, 16604, 44261, 9248, 17311, 28714, 91679, 32487, 26287, 45537, 96338, 4907, 91004, 40305, 38855, 30113, 31802, 90368, 29632, 22399, 27504, 74924, 64570, 3170, 73381, 73608, 82107, 55004, 28453, 81413, 83401, 86827, 3755, 19280, 39809, 58531, 69352, 77285, 75236, 65692, 7596, 96792, 61193, 32718, 15171, 87988, 30166, 54746, 77236, 17432, 95331, 38981, 88240, 38898, 32172, 79555, 11740, 12372, 21314, 35314, 93047, 42158, 12888, 45757, 12444, 53196, 24354, 10754, 11298, 51034, 29460, 54561, 63362, 63137, 80288, 88200, 90124, 34341, 79738, 29507, 1371, 45727, 33233, 20038, 80414, 21940, 30707, 90006, 24595, 36850, 16424, 43356, 57374, 16541, 37502, 37384, 44186, 1581, 55147, 81574, 36342, 34700, 77319, 28025, 42804, 70814, 97334, 63170, 45671, 92728, 50865, 61805, 79230, 95797, 79382, 69832, 39248, 70970, 62614, 68180, 36578, 66699, 90803, 28447, 48009, 97357, 19944, 60879, 16057, 92445, 75982, 37067, 41406, 92224, 10099, 38077, 10238, 68458, 6537, 63778, 57556, 62039, 11823, 13270, 39382, 5448, 99101, 892, 8806, 21031, 7912, 86405, 50251, 88331, 79170, 19276, 48689, 73426, 83963, 98871, 32530, 19826, 24930, 70628, 89666, 23784, 22342, 79694, 80437, 28733, 99765, 7735, 65443, 39629, 65691, 45234, 52942, 70165, 64742, 7593, 35389, 38346, 53370, 1486, 63745, 59201, 84112, 82078, 59842, 55744, 6361, 15079, 910, 53287, 86305, 5582, 34924, 69056, 67927, 31852, 80811, 3497, 24763, 76576, 6447, 51921, 24582, 67902, 99777, 99703, 83341, 49007, 99280, 24090, 6799, 52732, 30031, 47977, 87252, 5024, 40270, 25148, 18576, 16321, 73258, 96568, 50330, 93058, 53931, 82548, 70345, 30377, 16363, 46283, 71917, 19219, 34599, 59905, 76185, 99134, 52728, 85779, 32717, 4809, 23223, 7767, 36688, 17927, 33222, 5461, 58987, 99150, 82453, 68878, 27439, 92942, 79331, 71474, 34897, 35197, 84658, 51810, 88051, 90117, 15640, 25537, 1192, 5758, 16919, 16570, 54940, 71350, 57863, 28374, 25430, 96910, 25138, 30623, 84961, 23541, 35862, 94330, 34467, 45322, 3068, 32691, 19717, 72709, 77504, 12874, 8035, 4199, 32629, 29326, 50091, 4290, 69037, 67868, 4858, 18189, 81289, 10537, 34484, 97761, 36705, 52886, 29677, 92414, 65300, 4493, 83991, 25685, 6104, 23112, 72137, 96757, 13483, 18308, 221, 14358, 49795, 76044, 65013, 87872, 95304, 14399, 812, 64706, 60775, 65656, 55460, 64130, 33001, 14835, 17431, 45023, 79744, 46149, 17211, 1932, 89664, 35867, 75834, 45835, 33920, 51887, 56077, 57612, 3201, 66246, 43129, 72962, 59486, 41799, 36083, 78794, 55644, 16064, 47916, 43687, 87424, 99482, 17585, 78994, 36067, 56930, 68493, 83129, 64732, 86546, 74055, 94524, 52064, 83683, 31321, 53390, 89787, 97909, 96890, 42138, 43171, 63419, 72477, 642, 72325, 14142, 88837, 64298, 53853, 33912, 90976, 51351, 53580, 44520, 1115, 7377, 51291, 91564, 16199, 86922, 17805, 85895, 43694, 18547, 43604, 34423, 97118, 34445, 84791, 71375, 31055, 9941, 27422, 27295, 25492, 21731, 54058, 56103, 74702, 88389, 39787, 83292, 56321, 80058, 48446, 90534, 99020, 53183, 57349, 5351, 62399, 11726, 72703, 23079, 88458, 14886, 42115, 37381, 53447, 80416, 75451, 17441, 22787, 25968, 37997, 43457, 70409, 3144, 30291, 27680, 46416, 33566, 93834, 69479, 8313, 69016, 56653]})"
32.0,9,38,58,32.25030779838562,210,"Genotype(dna={""<class 'abc.NT_0014'>"": [0, 9891], ""<class 'abc.NT_0014_P_00000'>"": [], ""<class 'abc.NT_0003'>"": [], ""<class 'abc.NT_0003_P_00000'>"": [], ""<class 'bool'>"": [34892, 53838, 93055, 22069, 78539, 27596, 11504, 95280, 56278, 13913, 91591, 97012, 50516, 84139, 91601, 80048, 36855, 76229, 96396, 90534, 62399, 56318, 86613, 30291, 93834, 69479, 91703], ""<class 'abc.NT_0000'>"": [0, 2, 3, 0, 0, 66646, 24329, 0, 57112, 0, 0, 0, 96236, 19448, 3, 67907, 2, 0, 61061, 0, 47365, 65468, 40560, 0, 1, 35560, 2, 0, 2, 6530, 90460, 0, 0, 0, 1053, 51537, 23729, 3136, 21603, 1290, 82817, 25314, 57349, 5351, 72703, 23079, 41017, 74148, 17441, 6983, 25968, 74036, 43457, 70409, 70746], ""<class 'abc.NT_0000_P_00000'>"": [], ""<class 'int'>"": [11527, 89970, 57184, 94912, 12901, 2737, 25019, 94292, 7422, 84436, 79517, 92390, 83981, 41079, 54502, 66359, 45824, 66531, 20954, 87223, 18331, 85267, 30558, 83139, 26738, 4868, 77382, 79248, 84283, 30291, 69479, 56653, 51366, 23356, 63194, 54071, 7575, 38385], ""<class 'abc.NT_0000_P_00001'>"": [], ""<class 'abc.NT_0000_P_00002'>"": [], ""<class 'abc.NT_0000_P_00003'>"": [], ""<class 'abc.NT_0001'>"": [1, 99233, 59169, 80416, 13326, 80335, 56653], ""<class 'abc.NT_0001_P_00000'>"": [], ""<class 'abc.NT_0001_P_00001'>"": [], ""<class 'abc.NT_0001_P_00002'>"": [], ""<class 'abc.NT_0001_P_00003'>"": [], ""<class 'abc.NT_0001_P_00004'>"": [], ""<class 'abc.NT_0001_P_00005'>"": [], ""<class 'abc.NT_0001_P_00006'>"": [], ""<class 'abc.NT_0003_P_00001'>"": [], ""<class 'abc.NT_0002'>"": [0, 63043], ""<class 'abc.NT_0002_P_00000'>"": [], ""<class 'abc.NT_0002_P_00001'>"": [], ""<class 'abc.NT_0002_P_00002'>"": [], ""<class 'abc.NT_0002_P_00003'>"": [], ""<class 'abc.NT_0004'>"": [], ""<class 'abc.NT_0004_P_00000'>"": [], ""<class 'abc.NT_0014_P_00001'>"": [], ""<class 'abc.NT_0013'>"": [31174, 87753, 70326], ""<class 'abc.NT_0013_P_00000'>"": [], ""<class 'abc.NT_0011'>"": [1, 98607], ""<class 'abc.NT_0011_P_00000'>"": [], ""<class 'abc.NT_0011_P_00001'>"": [], ""<class 'abc.NT_0008'>"": [56358, 25492], ""<class 'abc.NT_0008_P_00000'>"": [], ""<class 'abc.NT_0005'>"": [65439, 70998], ""<class 'abc.NT_0005_P_00000'>"": [], ""<class 'abc.NT_0005_P_00001'>"": [], ""<class 'abc.NT_0007'>"": [63976, 27295], ""<class 'abc.NT_0007_P_00000'>"": [], ""<class 'abc.NT_0006'>"": [51447, 91312], ""<class 'abc.NT_0006_P_00000'>"": [], ""<class 'abc.NT_0006_P_00001'>"": [], ""<class 'abc.NT_0007_P_00001'>"": [], ""<class 'abc.NT_0007_P_00002'>"": [], ""<class 'abc.NT_0007_P_00003'>"": [], ""<class 'abc.NT_0008_P_00001'>"": [], ""<class 'abc.NT_0009'>"": [8, 58070, 39787], ""<class 'abc.NT_0009_P_00000'>"": [], ""<class 'abc.NT_0009_P_00001'>"": [], ""<class 'abc.NT_0009_P_00002'>"": [], ""<class 'abc.NT_0009_P_00003'>"": [], ""<class 'abc.NT_0009_P_00004'>"": [], ""<class 'abc.NT_0009_P_00005'>"": [], ""<class 'abc.NT_0009_P_00006'>"": [], ""<class 'abc.NT_0009_P_00007'>"": [], ""<class 'abc.NT_0009_P_00008'>"": [], ""<class 'abc.NT_0011_P_00002'>"": [], ""<class 'abc.NT_0010'>"": [53447, 75927], ""<class 'abc.NT_0010_P_00000'>"": [], ""<class 'abc.NT_0010_P_00001'>"": [], ""<class 'abc.NT_0010_P_00002'>"": [], ""<class 'abc.NT_0010_P_00003'>"": [], ""<class 'abc.NT_0010_P_00004'>"": [], ""<class 'abc.NT_0010_P_00005'>"": [], ""<class 'abc.NT_0011_P_00003'>"": [], ""<class 'abc.NT_0011_P_00004'>"": [], ""<class 'abc.NT_0011_P_00005'>"": [], ""<class 'abc.NT_0011_P_00006'>"": [], ""<class 'abc.NT_0011_P_00007'>"": [], ""<class 'abc.NT_0011_P_00008'>"": [], ""<class 'abc.NT_0011_P_00009'>"": [], ""<class 'abc.NT_0014_P_00002'>"": [], ""<class 'abc.NT_0014_P_00003'>"": [], ""<class 'abc.NT_0014_P_00004'>"": [], '$leftovers': [612, 51366, 29977, 7941, 62781, 93978, 48081, 63396, 57279, 63194, 37786, 54499, 54071, 7255, 805, 91855, 9788, 55863, 13874, 90931, 38385, 43619, 36227, 61359, 25033, 26828, 94952, 78514, 81573, 7035, 57599, 63649, 37284, 79243, 23816, 36097, 45176, 45221, 21659, 73410, 77378, 61609, 53485, 83091, 55364, 804, 37863, 62128, 64631, 84523, 68409, 46658, 59869, 22948, 53816, 17703, 86036, 23930, 54711, 27159, 47907, 22129, 19429, 11704, 67050, 80298, 69224, 57646, 14733, 44317, 85077, 74191, 78264, 27076, 89776, 5196, 46711, 95884, 100000, 42859, 92197, 62164, 34041, 96434, 9186, 84986, 23729, 32442, 9078, 30947, 10584, 90176, 39265, 2903, 26641, 17813, 64068, 47390, 53496, 84055, 91192, 43627, 10978, 20051, 63072, 17541, 52384, 82602, 2071, 73349, 76496, 93237, 90746, 94169, 1089, 1963, 87259, 78716, 97251, 74560, 92319, 88430, 30065, 35943, 26646, 58575, 20564, 68822, 1955, 11977, 701, 8879, 51642, 65013, 37021, 8254, 64968, 54544, 55206, 50487, 94823, 39401, 11005, 50507, 4078, 47520, 40046, 60171, 93652, 930, 40344, 61205, 60575, 32914, 87845, 18974, 88335, 23738, 9159, 67945, 35873, 79289, 92027, 47069, 50717, 19269, 86431, 12677, 1847, 82569, 10719, 49874, 57438, 74245, 9728, 35214, 60927, 50418, 3072, 33653, 84097, 10451, 10948, 43565, 35042, 52901, 60373, 71523, 99916, 21066, 31862, 7158, 61957, 29065, 73503, 77066, 90914, 2224, 23949, 58836, 36313, 52163, 15402, 95181, 97248, 72223, 64484, 31579, 7361, 13133, 8559, 5315, 12957, 97480, 15964, 47289, 18201, 64048, 38836, 23949, 65274, 81688, 15908, 97641, 68909, 88194, 58203, 54156, 17884, 17015, 98114, 85070, 44487, 35609, 43946, 13163, 68656, 46368, 64590, 40998, 4333, 23209, 48312, 91519, 45912, 95154, 82162, 65190, 2680, 41571, 50993, 530, 20715, 62325, 69130, 87411, 51896, 25041, 1061, 92007, 16083, 61009, 22448, 76926, 40530, 5740, 65551, 74307, 70243, 88860, 56449, 62236, 73737, 14864, 20769, 33438, 2720, 19958, 14224, 62871, 11924, 4195, 94579, 90772, 15850, 32394, 39534, 94217, 24432, 49736, 19142, 95031, 91556, 84878, 36003, 82744, 39005, 77560, 67854, 74174, 65238, 42610, 38442, 5045, 8394, 50169, 85223, 39318, 11999, 19698, 62218, 20982, 75579, 83921, 36322, 81232, 74890, 79155, 7974, 87957, 31618, 15302, 46288, 41529, 54402, 51898, 8904, 68466, 16655, 33307, 87657, 62302, 99805, 94712, 27432, 6792, 318, 28470, 61849, 26074, 24481, 33234, 11701, 90978, 8418, 34547, 73073, 14229, 92931, 45528, 46305, 58234, 95428, 52910, 64691, 89529, 6125, 95529, 23717, 34258, 15039, 26343, 25322, 18533, 87153, 22501, 24377, 93511, 91108, 66007, 60481, 95208, 62676, 92031, 61249, 21040, 27224, 8088, 84181, 33593, 86548, 72607, 12800, 5611, 73844, 6692, 65230, 36526, 2469, 35635, 48449, 14719, 78189, 85243, 55844, 24071, 23788, 78878, 22883, 30166, 25797, 10713, 24202, 63862, 69116, 6614, 65627, 74821, 9118, 52050, 1045, 85212, 62012, 89898, 79364, 88858, 96964, 35830, 60888, 26734, 88556, 30404, 7619, 80278, 68622, 93232, 34306, 31485, 56275, 18665, 75621, 64839, 93770, 28199, 22239, 59130, 77628, 99168, 70420, 75781, 62501, 671, 82149, 26309, 8026, 6187, 34342, 77941, 96327, 7003, 65713, 2941, 26673, 45799, 5550, 98918, 65458, 56546, 58743, 93533, 64790, 30347, 32662, 73325, 77970, 21733, 35559, 73040, 79043, 59441, 82022, 37637, 7661, 94041, 96708, 7898, 70255, 89025, 83488, 90561, 63581, 77717, 74197, 27575, 58299, 53110, 73807, 71575, 26219, 35022, 49263, 13153, 34531, 51399, 44165, 26477, 4658, 89217, 10088, 77375, 38696, 57234, 69828, 27880, 19969, 12884, 48301, 32382, 79158, 72530, 2303, 28606, 30300, 17727, 74408, 82473, 74031, 47501, 28349, 67701, 75802, 89880, 6847, 37677, 42094, 59098, 33292, 25396, 1653, 33802, 37033, 82988, 18807, 34788, 32442, 21412, 79504, 70667, 67140, 188, 92567, 14712, 41955, 83231, 16604, 44261, 9248, 17311, 28714, 91679, 32487, 26287, 45537, 96338, 4907, 91004, 40305, 38855, 30113, 31802, 90368, 29632, 22399, 27504, 74924, 64570, 3170, 73381, 73608, 82107, 55004, 28453, 81413, 83401, 86827, 3755, 19280, 39809, 58531, 69352, 77285, 75236, 65692, 7596, 96792, 61193, 32718, 15171, 87988, 30166, 54746, 77236, 17432, 95331, 38981, 88240, 38898, 32172, 79555, 11740, 12372, 21314, 35314, 93047, 42158, 12888, 45757, 12444, 53196, 24354, 10754, 11298, 51034, 29460, 54561, 63362, 63137, 80288, 88200, 90124, 34341, 79738, 29507, 1371, 45727, 33233, 20038, 80414, 21940, 30707, 90006, 24595, 36850, 16424, 43356, 57374, 16541, 37502, 37384, 44186, 1581, 55147, 81574, 36342, 34700, 77319, 28025, 42804, 70814, 97334, 63170, 45671, 92728, 50865, 61805, 79230, 95797, 79382, 69832, 39248, 70970, 62614, 68180, 36578, 66699, 90803, 28447, 48009, 97357, 19944, 60879, 16057, 92445, 75982, 37067, 41406, 92224, 10099, 38077, 10238, 68458, 6537, 63778, 57556, 62039, 11823, 13270, 39382, 5448, 99101, 892, 8806, 21031, 7912, 86405, 50251, 88331, 79170, 19276, 48689, 73426, 83963, 98871, 32530, 19826, 24930, 70628, 89666, 23784, 22342, 79694, 80437, 28733, 99765, 7735, 65443, 39629, 65691, 45234, 52942, 70165, 64742, 7593, 35389, 38346, 53370, 1486, 63745, 59201, 84112, 82078, 59842, 55744, 6361, 15079, 910, 53287, 86305, 5582, 34924, 69056, 67927, 31852, 80811, 3497, 24763, 76576, 6447, 51921, 24582, 67902, 99777, 99703, 83341, 49007, 99280, 24090, 6799, 52732, 30031, 47977, 87252, 5024, 40270, 25148, 18576, 16321, 73258, 96568, 50330, 93058, 53931, 82548, 70345, 30377, 16363, 46283, 71917, 19219, 34599, 59905, 76185, 99134, 52728, 85779, 32717, 4809, 23223, 7767, 36688, 17927, 33222, 5461, 58987, 99150, 82453, 68878, 27439, 92942, 79331, 71474, 34897, 35197, 84658, 51810, 88051, 90117, 15640, 25537, 1192, 5758, 16919, 16570, 54940, 71350, 57863, 28374, 25430, 96910, 25138, 30623, 84961, 23541, 35862, 94330, 34467, 45322, 3068, 32691, 19717, 72709, 77504, 12874, 8035, 4199, 32629, 29326, 50091, 4290, 69037, 67868, 4858, 18189, 81289, 10537, 34484, 97761, 36705, 52886, 29677, 92414, 65300, 4493, 83991, 25685, 6104, 23112, 72137, 96757, 13483, 18308, 221, 14358, 49795, 76044, 65013, 87872, 95304, 14399, 812, 64706, 60775, 65656, 55460, 64130, 33001, 14835, 17431, 45023, 79744, 46149, 17211, 1932, 89664, 35867, 75834, 45835, 33920, 51887, 56077, 57612, 3201, 66246, 43129, 72962, 59486, 41799, 36083, 78794, 55644, 16064, 47916, 43687, 87424, 99482, 17585, 78994, 36067, 56930, 68493, 83129, 64732, 86546, 74055, 94524, 52064, 83683, 31321, 53390, 89787, 97909, 96890, 42138, 43171, 63419, 72477, 642, 72325, 14142, 88837, 64298, 53853, 33912, 90976, 51351, 53580, 44520, 1115, 7377, 51291, 91564, 16199, 86922, 17805, 85895, 43694, 18547, 43604, 34423, 97118, 34445, 84791, 71375, 31055, 9941, 27422, 27295, 25492, 21731, 54058, 56103, 74702, 88389, 39787, 83292, 56321, 80058, 48446, 90534, 99020, 53183, 57349, 5351, 62399, 11726, 72703, 23079, 88458, 14886, 42115, 37381, 53447, 80416, 75451, 17441, 22787, 25968, 37997, 43457, 70409, 3144, 30291, 27680, 46416, 33566, 93834, 69479, 8313, 69016, 56653]})"
32.0,9,38,59,32.58933758735657,210,"Genotype(dna={""<class 'abc.NT_0014'>"": [0, 9891], ""<class 'abc.NT_0014_P_00000'>"": [], ""<class 'abc.NT_0003'>"": [], ""<class 'abc.NT_0003_P_00000'>"": [], ""<class 'bool'>"": [34892, 53838, 93055, 22069, 78539, 27596, 11504, 95280, 56278, 13913, 91591, 97012, 50516, 84139, 91601, 80048, 36855, 76229, 96396, 90534, 62399, 56318, 86613, 30291, 93834, 69479, 91703], ""<class 'abc.NT_0000'>"": [0, 2, 3, 0, 0, 66646, 24329, 0, 57112, 0, 0, 0, 96236, 19448, 3, 67907, 2, 0, 61061, 0, 47365, 65468, 40560, 0, 1, 35560, 2, 0, 2, 6530, 90460, 0, 0, 0, 1053, 51537, 23729, 3136, 21603, 1290, 82817, 25314, 57349, 5351, 72703, 23079, 41017, 74148, 17441, 6983, 25968, 74036, 43457, 70409, 70746], ""<class 'abc.NT_0000_P_00000'>"": [], ""<class 'int'>"": [11527, 89970, 57184, 94912, 12901, 2737, 25019, 94292, 7422, 84436, 79517, 92390, 83981, 41079, 54502, 66359, 45824, 66531, 20954, 87223, 18331, 85267, 30558, 83139, 26738, 4868, 77382, 79248, 84283, 30291, 69479, 56653, 51366, 23356, 63194, 54071, 7575, 38385], ""<class 'abc.NT_0000_P_00001'>"": [], ""<class 'abc.NT_0000_P_00002'>"": [], ""<class 'abc.NT_0000_P_00003'>"": [], ""<class 'abc.NT_0001'>"": [1, 99233, 59169, 80416, 13326, 80335, 56653], ""<class 'abc.NT_0001_P_00000'>"": [], ""<class 'abc.NT_0001_P_00001'>"": [], ""<class 'abc.NT_0001_P_00002'>"": [], ""<class 'abc.NT_0001_P_00003'>"": [], ""<class 'abc.NT_0001_P_00004'>"": [], ""<class 'abc.NT_0001_P_00005'>"": [], ""<class 'abc.NT_0001_P_00006'>"": [], ""<class 'abc.NT_0003_P_00001'>"": [], ""<class 'abc.NT_0002'>"": [0, 63043], ""<class 'abc.NT_0002_P_00000'>"": [], ""<class 'abc.NT_0002_P_00001'>"": [], ""<class 'abc.NT_0002_P_00002'>"": [], ""<class 'abc.NT_0002_P_00003'>"": [], ""<class 'abc.NT_0004'>"": [], ""<class 'abc.NT_0004_P_00000'>"": [], ""<class 'abc.NT_0014_P_00001'>"": [], ""<class 'abc.NT_0013'>"": [31174, 87753, 70326], ""<class 'abc.NT_0013_P_00000'>"": [], ""<class 'abc.NT_0011'>"": [1, 98607], ""<class 'abc.NT_0011_P_00000'>"": [], ""<class 'abc.NT_0011_P_00001'>"": [], ""<class 'abc.NT_0008'>"": [56358, 25492], ""<class 'abc.NT_0008_P_00000'>"": [], ""<class 'abc.NT_0005'>"": [65439, 70998], ""<class 'abc.NT_0005_P_00000'>"": [], ""<class 'abc.NT_0005_P_00001'>"": [], ""<class 'abc.NT_0007'>"": [63976, 27295], ""<class 'abc.NT_0007_P_00000'>"": [], ""<class 'abc.NT_0006'>"": [51447, 91312], ""<class 'abc.NT_0006_P_00000'>"": [], ""<class 'abc.NT_0006_P_00001'>"": [], ""<class 'abc.NT_0007_P_00001'>"": [], ""<class 'abc.NT_0007_P_00002'>"": [], ""<class 'abc.NT_0007_P_00003'>"": [], ""<class 'abc.NT_0008_P_00001'>"": [], ""<class 'abc.NT_0009'>"": [8, 58070, 39787], ""<class 'abc.NT_0009_P_00000'>"": [], ""<class 'abc.NT_0009_P_00001'>"": [], ""<class 'abc.NT_0009_P_00002'>"": [], ""<class 'abc.NT_0009_P_00003'>"": [], ""<class 'abc.NT_0009_P_00004'>"": [], ""<class 'abc.NT_0009_P_00005'>"": [], ""<class 'abc.NT_0009_P_00006'>"": [], ""<class 'abc.NT_0009_P_00007'>"": [], ""<class 'abc.NT_0009_P_00008'>"": [], ""<class 'abc.NT_0011_P_00002'>"": [], ""<class 'abc.NT_0010'>"": [53447, 75927], ""<class 'abc.NT_0010_P_00000'>"": [], ""<class 'abc.NT_0010_P_00001'>"": [], ""<class 'abc.NT_0010_P_00002'>"": [], ""<class 'abc.NT_0010_P_00003'>"": [], ""<class 'abc.NT_0010_P_00004'>"": [], ""<class 'abc.NT_0010_P_00005'>"": [], ""<class 'abc.NT_0011_P_00003'>"": [], ""<class 'abc.NT_0011_P_00004'>"": [], ""<class 'abc.NT_0011_P_00005'>"": [], ""<class 'abc.NT_0011_P_00006'>"": [], ""<class 'abc.NT_0011_P_00007'>"": [], ""<class 'abc.NT_0011_P_00008'>"": [], ""<class 'abc.NT_0011_P_00009'>"": [], ""<class 'abc.NT_0014_P_00002'>"": [], ""<class 'abc.NT_0014_P_00003'>"": [], ""<class 'abc.NT_0014_P_00004'>"": [], '$leftovers': [612, 51366, 29977, 7941, 62781, 93978, 48081, 63396, 57279, 63194, 37786, 54499, 54071, 7255, 805, 91855, 9788, 55863, 13874, 90931, 38385, 43619, 36227, 61359, 25033, 26828, 94952, 78514, 81573, 7035, 57599, 63649, 37284, 79243, 23816, 36097, 45176, 45221, 21659, 73410, 77378, 61609, 53485, 83091, 55364, 804, 37863, 62128, 64631, 84523, 68409, 46658, 59869, 22948, 53816, 17703, 86036, 23930, 54711, 27159, 47907, 22129, 19429, 11704, 67050, 80298, 69224, 57646, 14733, 44317, 85077, 74191, 78264, 27076, 89776, 5196, 46711, 95884, 100000, 42859, 92197, 62164, 34041, 96434, 9186, 84986, 23729, 32442, 9078, 30947, 10584, 90176, 39265, 2903, 26641, 17813, 64068, 47390, 53496, 84055, 91192, 43627, 10978, 20051, 63072, 17541, 52384, 82602, 2071, 73349, 76496, 93237, 90746, 94169, 1089, 1963, 87259, 78716, 97251, 74560, 92319, 88430, 30065, 35943, 26646, 58575, 20564, 68822, 1955, 11977, 701, 8879, 51642, 65013, 37021, 8254, 64968, 54544, 55206, 50487, 94823, 39401, 11005, 50507, 4078, 47520, 40046, 60171, 93652, 930, 40344, 61205, 60575, 32914, 87845, 18974, 88335, 23738, 9159, 67945, 35873, 79289, 92027, 47069, 50717, 19269, 86431, 12677, 1847, 82569, 10719, 49874, 57438, 74245, 9728, 35214, 60927, 50418, 3072, 33653, 84097, 10451, 10948, 43565, 35042, 52901, 60373, 71523, 99916, 21066, 31862, 7158, 61957, 29065, 73503, 77066, 90914, 2224, 23949, 58836, 36313, 52163, 15402, 95181, 97248, 72223, 64484, 31579, 7361, 13133, 8559, 5315, 12957, 97480, 15964, 47289, 18201, 64048, 38836, 23949, 65274, 81688, 15908, 97641, 68909, 88194, 58203, 54156, 17884, 17015, 98114, 85070, 44487, 35609, 43946, 13163, 68656, 46368, 64590, 40998, 4333, 23209, 48312, 91519, 45912, 95154, 82162, 65190, 2680, 41571, 50993, 530, 20715, 62325, 69130, 87411, 51896, 25041, 1061, 92007, 16083, 61009, 22448, 76926, 40530, 5740, 65551, 74307, 70243, 88860, 56449, 62236, 73737, 14864, 20769, 33438, 2720, 19958, 14224, 62871, 11924, 4195, 94579, 90772, 15850, 32394, 39534, 94217, 24432, 49736, 19142, 95031, 91556, 84878, 36003, 82744, 39005, 77560, 67854, 74174, 65238, 42610, 38442, 5045, 8394, 50169, 85223, 39318, 11999, 19698, 62218, 20982, 75579, 83921, 36322, 81232, 74890, 79155, 7974, 87957, 31618, 15302, 46288, 41529, 54402, 51898, 8904, 68466, 16655, 33307, 87657, 62302, 99805, 94712, 27432, 6792, 318, 28470, 61849, 26074, 24481, 33234, 11701, 90978, 8418, 34547, 73073, 14229, 92931, 45528, 46305, 58234, 95428, 52910, 64691, 89529, 6125, 95529, 23717, 34258, 15039, 26343, 25322, 18533, 87153, 22501, 24377, 93511, 91108, 66007, 60481, 95208, 62676, 92031, 61249, 21040, 27224, 8088, 84181, 33593, 86548, 72607, 12800, 5611, 73844, 6692, 65230, 36526, 2469, 35635, 48449, 14719, 78189, 85243, 55844, 24071, 23788, 78878, 22883, 30166, 25797, 10713, 24202, 63862, 69116, 6614, 65627, 74821, 9118, 52050, 1045, 85212, 62012, 89898, 79364, 88858, 96964, 35830, 60888, 26734, 88556, 30404, 7619, 80278, 68622, 93232, 34306, 31485, 56275, 18665, 75621, 64839, 93770, 28199, 22239, 59130, 77628, 99168, 70420, 75781, 62501, 671, 82149, 26309, 8026, 6187, 34342, 77941, 96327, 7003, 65713, 2941, 26673, 45799, 5550, 98918, 65458, 56546, 58743, 93533, 64790, 30347, 32662, 73325, 77970, 21733, 35559, 73040, 79043, 59441, 82022, 37637, 7661, 94041, 96708, 7898, 70255, 89025, 83488, 90561, 63581, 77717, 74197, 27575, 58299, 53110, 73807, 71575, 26219, 35022, 49263, 13153, 34531, 51399, 44165, 26477, 4658, 89217, 10088, 77375, 38696, 57234, 69828, 27880, 19969, 12884, 48301, 32382, 79158, 72530, 2303, 28606, 30300, 17727, 74408, 82473, 74031, 47501, 28349, 67701, 75802, 89880, 6847, 37677, 42094, 59098, 33292, 25396, 1653, 33802, 37033, 82988, 18807, 34788, 32442, 21412, 79504, 70667, 67140, 188, 92567, 14712, 41955, 83231, 16604, 44261, 9248, 17311, 28714, 91679, 32487, 26287, 45537, 96338, 4907, 91004, 40305, 38855, 30113, 31802, 90368, 29632, 22399, 27504, 74924, 64570, 3170, 73381, 73608, 82107, 55004, 28453, 81413, 83401, 86827, 3755, 19280, 39809, 58531, 69352, 77285, 75236, 65692, 7596, 96792, 61193, 32718, 15171, 87988, 30166, 54746, 77236, 17432, 95331, 38981, 88240, 38898, 32172, 79555, 11740, 12372, 21314, 35314, 93047, 42158, 12888, 45757, 12444, 53196, 24354, 10754, 11298, 51034, 29460, 54561, 63362, 63137, 80288, 88200, 90124, 34341, 79738, 29507, 1371, 45727, 33233, 20038, 80414, 21940, 30707, 90006, 24595, 36850, 16424, 43356, 57374, 16541, 37502, 37384, 44186, 1581, 55147, 81574, 36342, 34700, 77319, 28025, 42804, 70814, 97334, 63170, 45671, 92728, 50865, 61805, 79230, 95797, 79382, 69832, 39248, 70970, 62614, 68180, 36578, 66699, 90803, 28447, 48009, 97357, 19944, 60879, 16057, 92445, 75982, 37067, 41406, 92224, 10099, 38077, 10238, 68458, 6537, 63778, 57556, 62039, 11823, 13270, 39382, 5448, 99101, 892, 8806, 21031, 7912, 86405, 50251, 88331, 79170, 19276, 48689, 73426, 83963, 98871, 32530, 19826, 24930, 70628, 89666, 23784, 22342, 79694, 80437, 28733, 99765, 7735, 65443, 39629, 65691, 45234, 52942, 70165, 64742, 7593, 35389, 38346, 53370, 1486, 63745, 59201, 84112, 82078, 59842, 55744, 6361, 15079, 910, 53287, 86305, 5582, 34924, 69056, 67927, 31852, 80811, 3497, 24763, 76576, 6447, 51921, 24582, 67902, 99777, 99703, 83341, 49007, 99280, 24090, 6799, 52732, 30031, 47977, 87252, 5024, 40270, 25148, 18576, 16321, 73258, 96568, 50330, 93058, 53931, 82548, 70345, 30377, 16363, 46283, 71917, 19219, 34599, 59905, 76185, 99134, 52728, 85779, 32717, 4809, 23223, 7767, 36688, 17927, 33222, 5461, 58987, 99150, 82453, 68878, 27439, 92942, 79331, 71474, 34897, 35197, 84658, 51810, 88051, 90117, 15640, 25537, 1192, 5758, 16919, 16570, 54940, 71350, 57863, 28374, 25430, 96910, 25138, 30623, 84961, 23541, 35862, 94330, 34467, 45322, 3068, 32691, 19717, 72709, 77504, 12874, 8035, 4199, 32629, 29326, 50091, 4290, 69037, 67868, 4858, 18189, 81289, 10537, 34484, 97761, 36705, 52886, 29677, 92414, 65300, 4493, 83991, 25685, 6104, 23112, 72137, 96757, 13483, 18308, 221, 14358, 49795, 76044, 65013, 87872, 95304, 14399, 812, 64706, 60775, 65656, 55460, 64130, 33001, 14835, 17431, 45023, 79744, 46149, 17211, 1932, 89664, 35867, 75834, 45835, 33920, 51887, 56077, 57612, 3201, 66246, 43129, 72962, 59486, 41799, 36083, 78794, 55644, 16064, 47916, 43687, 87424, 99482, 17585, 78994, 36067, 56930, 68493, 83129, 64732, 86546, 74055, 94524, 52064, 83683, 31321, 53390, 89787, 97909, 96890, 42138, 43171, 63419, 72477, 642, 72325, 14142, 88837, 64298, 53853, 33912, 90976, 51351, 53580, 44520, 1115, 7377, 51291, 91564, 16199, 86922, 17805, 85895, 43694, 18547, 43604, 34423, 97118, 34445, 84791, 71375, 31055, 9941, 27422, 27295, 25492, 21731, 54058, 56103, 74702, 88389, 39787, 83292, 56321, 80058, 48446, 90534, 99020, 53183, 57349, 5351, 62399, 11726, 72703, 23079, 88458, 14886, 42115, 37381, 53447, 80416, 75451, 17441, 22787, 25968, 37997, 43457, 70409, 3144, 30291, 27680, 46416, 33566, 93834, 69479, 8313, 69016, 56653]})"
32.0,9,38,60,32.99948191642761,210,"Genotype(dna={""<class 'abc.NT_0014'>"": [0, 9891], ""<class 'abc.NT_0014_P_00000'>"": [], ""<class 'abc.NT_0003'>"": [], ""<class 'abc.NT_0003_P_00000'>"": [], ""<class 'bool'>"": [34892, 53838, 93055, 22069, 78539, 27596, 11504, 95280, 56278, 13913, 91591, 97012, 50516, 84139, 91601, 80048, 36855, 76229, 96396, 90534, 62399, 56318, 86613, 30291, 93834, 69479, 91703], ""<class 'abc.NT_0000'>"": [0, 2, 3, 0, 0, 66646, 24329, 0, 57112, 0, 0, 0, 96236, 19448, 3, 67907, 2, 0, 61061, 0, 47365, 65468, 40560, 0, 1, 35560, 2, 0, 2, 6530, 90460, 0, 0, 0, 1053, 51537, 23729, 3136, 21603, 1290, 82817, 25314, 57349, 5351, 72703, 23079, 41017, 74148, 17441, 6983, 25968, 74036, 43457, 70409, 70746], ""<class 'abc.NT_0000_P_00000'>"": [], ""<class 'int'>"": [11527, 89970, 57184, 94912, 12901, 2737, 25019, 94292, 7422, 84436, 79517, 92390, 83981, 41079, 54502, 66359, 45824, 66531, 20954, 87223, 18331, 85267, 30558, 83139, 26738, 4868, 77382, 79248, 84283, 30291, 69479, 56653, 51366, 23356, 63194, 54071, 7575, 38385], ""<class 'abc.NT_0000_P_00001'>"": [], ""<class 'abc.NT_0000_P_00002'>"": [], ""<class 'abc.NT_0000_P_00003'>"": [], ""<class 'abc.NT_0001'>"": [1, 99233, 59169, 80416, 13326, 80335, 56653], ""<class 'abc.NT_0001_P_00000'>"": [], ""<class 'abc.NT_0001_P_00001'>"": [], ""<class 'abc.NT_0001_P_00002'>"": [], ""<class 'abc.NT_0001_P_00003'>"": [], ""<class 'abc.NT_0001_P_00004'>"": [], ""<class 'abc.NT_0001_P_00005'>"": [], ""<class 'abc.NT_0001_P_00006'>"": [], ""<class 'abc.NT_0003_P_00001'>"": [], ""<class 'abc.NT_0002'>"": [0, 63043], ""<class 'abc.NT_0002_P_00000'>"": [], ""<class 'abc.NT_0002_P_00001'>"": [], ""<class 'abc.NT_0002_P_00002'>"": [], ""<class 'abc.NT_0002_P_00003'>"": [], ""<class 'abc.NT_0004'>"": [], ""<class 'abc.NT_0004_P_00000'>"": [], ""<class 'abc.NT_0014_P_00001'>"": [], ""<class 'abc.NT_0013'>"": [31174, 87753, 70326], ""<class 'abc.NT_0013_P_00000'>"": [], ""<class 'abc.NT_0011'>"": [1, 98607], ""<class 'abc.NT_0011_P_00000'>"": [], ""<class 'abc.NT_0011_P_00001'>"": [], ""<class 'abc.NT_0008'>"": [56358, 25492], ""<class 'abc.NT_0008_P_00000'>"": [], ""<class 'abc.NT_0005'>"": [65439, 70998], ""<class 'abc.NT_0005_P_00000'>"": [], ""<class 'abc.NT_0005_P_00001'>"": [], ""<class 'abc.NT_0007'>"": [63976, 27295], ""<class 'abc.NT_0007_P_00000'>"": [], ""<class 'abc.NT_0006'>"": [51447, 91312], ""<class 'abc.NT_0006_P_00000'>"": [], ""<class 'abc.NT_0006_P_00001'>"": [], ""<class 'abc.NT_0007_P_00001'>"": [], ""<class 'abc.NT_0007_P_00002'>"": [], ""<class 'abc.NT_0007_P_00003'>"": [], ""<class 'abc.NT_0008_P_00001'>"": [], ""<class 'abc.NT_0009'>"": [8, 58070, 39787], ""<class 'abc.NT_0009_P_00000'>"": [], ""<class 'abc.NT_0009_P_00001'>"": [], ""<class 'abc.NT_0009_P_00002'>"": [], ""<class 'abc.NT_0009_P_00003'>"": [], ""<class 'abc.NT_0009_P_00004'>"": [], ""<class 'abc.NT_0009_P_00005'>"": [], ""<class 'abc.NT_0009_P_00006'>"": [], ""<class 'abc.NT_0009_P_00007'>"": [], ""<class 'abc.NT_0009_P_00008'>"": [], ""<class 'abc.NT_0011_P_00002'>"": [], ""<class 'abc.NT_0010'>"": [53447, 75927], ""<class 'abc.NT_0010_P_00000'>"": [], ""<class 'abc.NT_0010_P_00001'>"": [], ""<class 'abc.NT_0010_P_00002'>"": [], ""<class 'abc.NT_0010_P_00003'>"": [], ""<class 'abc.NT_0010_P_00004'>"": [], ""<class 'abc.NT_0010_P_00005'>"": [], ""<class 'abc.NT_0011_P_00003'>"": [], ""<class 'abc.NT_0011_P_00004'>"": [], ""<class 'abc.NT_0011_P_00005'>"": [], ""<class 'abc.NT_0011_P_00006'>"": [], ""<class 'abc.NT_0011_P_00007'>"": [], ""<class 'abc.NT_0011_P_00008'>"": [], ""<class 'abc.NT_0011_P_00009'>"": [], ""<class 'abc.NT_0014_P_00002'>"": [], ""<class 'abc.NT_0014_P_00003'>"": [], ""<class 'abc.NT_0014_P_00004'>"": [], '$leftovers': [612, 51366, 29977, 7941, 62781, 93978, 48081, 63396, 57279, 63194, 37786, 54499, 54071, 7255, 805, 91855, 9788, 55863, 13874, 90931, 38385, 43619, 36227, 61359, 25033, 26828, 94952, 78514, 81573, 7035, 57599, 63649, 37284, 79243, 23816, 36097, 45176, 45221, 21659, 73410, 77378, 61609, 53485, 83091, 55364, 804, 37863, 62128, 64631, 84523, 68409, 46658, 59869, 22948, 53816, 17703, 86036, 23930, 54711, 27159, 47907, 22129, 19429, 11704, 67050, 80298, 69224, 57646, 14733, 44317, 85077, 74191, 78264, 27076, 89776, 5196, 46711, 95884, 100000, 42859, 92197, 62164, 34041, 96434, 9186, 84986, 23729, 32442, 9078, 30947, 10584, 90176, 39265, 2903, 26641, 17813, 64068, 47390, 53496, 84055, 91192, 43627, 10978, 20051, 63072, 17541, 52384, 82602, 2071, 73349, 76496, 93237, 90746, 94169, 1089, 1963, 87259, 78716, 97251, 74560, 92319, 88430, 30065, 35943, 26646, 58575, 20564, 68822, 1955, 11977, 701, 8879, 51642, 65013, 37021, 8254, 64968, 54544, 55206, 50487, 94823, 39401, 11005, 50507, 4078, 47520, 40046, 60171, 93652, 930, 40344, 61205, 60575, 32914, 87845, 18974, 88335, 23738, 9159, 67945, 35873, 79289, 92027, 47069, 50717, 19269, 86431, 12677, 1847, 82569, 10719, 49874, 57438, 74245, 9728, 35214, 60927, 50418, 3072, 33653, 84097, 10451, 10948, 43565, 35042, 52901, 60373, 71523, 99916, 21066, 31862, 7158, 61957, 29065, 73503, 77066, 90914, 2224, 23949, 58836, 36313, 52163, 15402, 95181, 97248, 72223, 64484, 31579, 7361, 13133, 8559, 5315, 12957, 97480, 15964, 47289, 18201, 64048, 38836, 23949, 65274, 81688, 15908, 97641, 68909, 88194, 58203, 54156, 17884, 17015, 98114, 85070, 44487, 35609, 43946, 13163, 68656, 46368, 64590, 40998, 4333, 23209, 48312, 91519, 45912, 95154, 82162, 65190, 2680, 41571, 50993, 530, 20715, 62325, 69130, 87411, 51896, 25041, 1061, 92007, 16083, 61009, 22448, 76926, 40530, 5740, 65551, 74307, 70243, 88860, 56449, 62236, 73737, 14864, 20769, 33438, 2720, 19958, 14224, 62871, 11924, 4195, 94579, 90772, 15850, 32394, 39534, 94217, 24432, 49736, 19142, 95031, 91556, 84878, 36003, 82744, 39005, 77560, 67854, 74174, 65238, 42610, 38442, 5045, 8394, 50169, 85223, 39318, 11999, 19698, 62218, 20982, 75579, 83921, 36322, 81232, 74890, 79155, 7974, 87957, 31618, 15302, 46288, 41529, 54402, 51898, 8904, 68466, 16655, 33307, 87657, 62302, 99805, 94712, 27432, 6792, 318, 28470, 61849, 26074, 24481, 33234, 11701, 90978, 8418, 34547, 73073, 14229, 92931, 45528, 46305, 58234, 95428, 52910, 64691, 89529, 6125, 95529, 23717, 34258, 15039, 26343, 25322, 18533, 87153, 22501, 24377, 93511, 91108, 66007, 60481, 95208, 62676, 92031, 61249, 21040, 27224, 8088, 84181, 33593, 86548, 72607, 12800, 5611, 73844, 6692, 65230, 36526, 2469, 35635, 48449, 14719, 78189, 85243, 55844, 24071, 23788, 78878, 22883, 30166, 25797, 10713, 24202, 63862, 69116, 6614, 65627, 74821, 9118, 52050, 1045, 85212, 62012, 89898, 79364, 88858, 96964, 35830, 60888, 26734, 88556, 30404, 7619, 80278, 68622, 93232, 34306, 31485, 56275, 18665, 75621, 64839, 93770, 28199, 22239, 59130, 77628, 99168, 70420, 75781, 62501, 671, 82149, 26309, 8026, 6187, 34342, 77941, 96327, 7003, 65713, 2941, 26673, 45799, 5550, 98918, 65458, 56546, 58743, 93533, 64790, 30347, 32662, 73325, 77970, 21733, 35559, 73040, 79043, 59441, 82022, 37637, 7661, 94041, 96708, 7898, 70255, 89025, 83488, 90561, 63581, 77717, 74197, 27575, 58299, 53110, 73807, 71575, 26219, 35022, 49263, 13153, 34531, 51399, 44165, 26477, 4658, 89217, 10088, 77375, 38696, 57234, 69828, 27880, 19969, 12884, 48301, 32382, 79158, 72530, 2303, 28606, 30300, 17727, 74408, 82473, 74031, 47501, 28349, 67701, 75802, 89880, 6847, 37677, 42094, 59098, 33292, 25396, 1653, 33802, 37033, 82988, 18807, 34788, 32442, 21412, 79504, 70667, 67140, 188, 92567, 14712, 41955, 83231, 16604, 44261, 9248, 17311, 28714, 91679, 32487, 26287, 45537, 96338, 4907, 91004, 40305, 38855, 30113, 31802, 90368, 29632, 22399, 27504, 74924, 64570, 3170, 73381, 73608, 82107, 55004, 28453, 81413, 83401, 86827, 3755, 19280, 39809, 58531, 69352, 77285, 75236, 65692, 7596, 96792, 61193, 32718, 15171, 87988, 30166, 54746, 77236, 17432, 95331, 38981, 88240, 38898, 32172, 79555, 11740, 12372, 21314, 35314, 93047, 42158, 12888, 45757, 12444, 53196, 24354, 10754, 11298, 51034, 29460, 54561, 63362, 63137, 80288, 88200, 90124, 34341, 79738, 29507, 1371, 45727, 33233, 20038, 80414, 21940, 30707, 90006, 24595, 36850, 16424, 43356, 57374, 16541, 37502, 37384, 44186, 1581, 55147, 81574, 36342, 34700, 77319, 28025, 42804, 70814, 97334, 63170, 45671, 92728, 50865, 61805, 79230, 95797, 79382, 69832, 39248, 70970, 62614, 68180, 36578, 66699, 90803, 28447, 48009, 97357, 19944, 60879, 16057, 92445, 75982, 37067, 41406, 92224, 10099, 38077, 10238, 68458, 6537, 63778, 57556, 62039, 11823, 13270, 39382, 5448, 99101, 892, 8806, 21031, 7912, 86405, 50251, 88331, 79170, 19276, 48689, 73426, 83963, 98871, 32530, 19826, 24930, 70628, 89666, 23784, 22342, 79694, 80437, 28733, 99765, 7735, 65443, 39629, 65691, 45234, 52942, 70165, 64742, 7593, 35389, 38346, 53370, 1486, 63745, 59201, 84112, 82078, 59842, 55744, 6361, 15079, 910, 53287, 86305, 5582, 34924, 69056, 67927, 31852, 80811, 3497, 24763, 76576, 6447, 51921, 24582, 67902, 99777, 99703, 83341, 49007, 99280, 24090, 6799, 52732, 30031, 47977, 87252, 5024, 40270, 25148, 18576, 16321, 73258, 96568, 50330, 93058, 53931, 82548, 70345, 30377, 16363, 46283, 71917, 19219, 34599, 59905, 76185, 99134, 52728, 85779, 32717, 4809, 23223, 7767, 36688, 17927, 33222, 5461, 58987, 99150, 82453, 68878, 27439, 92942, 79331, 71474, 34897, 35197, 84658, 51810, 88051, 90117, 15640, 25537, 1192, 5758, 16919, 16570, 54940, 71350, 57863, 28374, 25430, 96910, 25138, 30623, 84961, 23541, 35862, 94330, 34467, 45322, 3068, 32691, 19717, 72709, 77504, 12874, 8035, 4199, 32629, 29326, 50091, 4290, 69037, 67868, 4858, 18189, 81289, 10537, 34484, 97761, 36705, 52886, 29677, 92414, 65300, 4493, 83991, 25685, 6104, 23112, 72137, 96757, 13483, 18308, 221, 14358, 49795, 76044, 65013, 87872, 95304, 14399, 812, 64706, 60775, 65656, 55460, 64130, 33001, 14835, 17431, 45023, 79744, 46149, 17211, 1932, 89664, 35867, 75834, 45835, 33920, 51887, 56077, 57612, 3201, 66246, 43129, 72962, 59486, 41799, 36083, 78794, 55644, 16064, 47916, 43687, 87424, 99482, 17585, 78994, 36067, 56930, 68493, 83129, 64732, 86546, 74055, 94524, 52064, 83683, 31321, 53390, 89787, 97909, 96890, 42138, 43171, 63419, 72477, 642, 72325, 14142, 88837, 64298, 53853, 33912, 90976, 51351, 53580, 44520, 1115, 7377, 51291, 91564, 16199, 86922, 17805, 85895, 43694, 18547, 43604, 34423, 97118, 34445, 84791, 71375, 31055, 9941, 27422, 27295, 25492, 21731, 54058, 56103, 74702, 88389, 39787, 83292, 56321, 80058, 48446, 90534, 99020, 53183, 57349, 5351, 62399, 11726, 72703, 23079, 88458, 14886, 42115, 37381, 53447, 80416, 75451, 17441, 22787, 25968, 37997, 43457, 70409, 3144, 30291, 27680, 46416, 33566, 93834, 69479, 8313, 69016, 56653]})"
32.0,9,38,61,33.384249210357666,210,"Genotype(dna={""<class 'abc.NT_0014'>"": [0, 9891], ""<class 'abc.NT_0014_P_00000'>"": [], ""<class 'abc.NT_0003'>"": [], ""<class 'abc.NT_0003_P_00000'>"": [], ""<class 'bool'>"": [34892, 53838, 93055, 22069, 78539, 27596, 11504, 95280, 56278, 13913, 91591, 97012, 50516, 84139, 91601, 80048, 36855, 76229, 96396, 90534, 62399, 56318, 86613, 30291, 93834, 69479, 91703], ""<class 'abc.NT_0000'>"": [0, 2, 3, 0, 0, 66646, 24329, 0, 57112, 0, 0, 0, 96236, 19448, 3, 67907, 2, 0, 61061, 0, 47365, 65468, 40560, 0, 1, 35560, 2, 0, 2, 6530, 90460, 0, 0, 0, 1053, 51537, 23729, 3136, 21603, 1290, 82817, 25314, 57349, 5351, 72703, 23079, 41017, 74148, 17441, 6983, 25968, 74036, 43457, 70409, 70746], ""<class 'abc.NT_0000_P_00000'>"": [], ""<class 'int'>"": [11527, 89970, 57184, 94912, 12901, 2737, 25019, 94292, 7422, 84436, 79517, 92390, 83981, 41079, 54502, 66359, 45824, 66531, 20954, 87223, 18331, 85267, 30558, 83139, 26738, 4868, 77382, 79248, 84283, 30291, 69479, 56653, 51366, 23356, 63194, 54071, 7575, 38385], ""<class 'abc.NT_0000_P_00001'>"": [], ""<class 'abc.NT_0000_P_00002'>"": [], ""<class 'abc.NT_0000_P_00003'>"": [], ""<class 'abc.NT_0001'>"": [1, 99233, 59169, 80416, 13326, 80335, 56653], ""<class 'abc.NT_0001_P_00000'>"": [], ""<class 'abc.NT_0001_P_00001'>"": [], ""<class 'abc.NT_0001_P_00002'>"": [], ""<class 'abc.NT_0001_P_00003'>"": [], ""<class 'abc.NT_0001_P_00004'>"": [], ""<class 'abc.NT_0001_P_00005'>"": [], ""<class 'abc.NT_0001_P_00006'>"": [], ""<class 'abc.NT_0003_P_00001'>"": [], ""<class 'abc.NT_0002'>"": [0, 63043], ""<class 'abc.NT_0002_P_00000'>"": [], ""<class 'abc.NT_0002_P_00001'>"": [], ""<class 'abc.NT_0002_P_00002'>"": [], ""<class 'abc.NT_0002_P_00003'>"": [], ""<class 'abc.NT_0004'>"": [], ""<class 'abc.NT_0004_P_00000'>"": [], ""<class 'abc.NT_0014_P_00001'>"": [], ""<class 'abc.NT_0013'>"": [31174, 87753, 70326], ""<class 'abc.NT_0013_P_00000'>"": [], ""<class 'abc.NT_0011'>"": [1, 98607], ""<class 'abc.NT_0011_P_00000'>"": [], ""<class 'abc.NT_0011_P_00001'>"": [], ""<class 'abc.NT_0008'>"": [56358, 25492], ""<class 'abc.NT_0008_P_00000'>"": [], ""<class 'abc.NT_0005'>"": [65439, 70998], ""<class 'abc.NT_0005_P_00000'>"": [], ""<class 'abc.NT_0005_P_00001'>"": [], ""<class 'abc.NT_0007'>"": [63976, 27295], ""<class 'abc.NT_0007_P_00000'>"": [], ""<class 'abc.NT_0006'>"": [51447, 91312], ""<class 'abc.NT_0006_P_00000'>"": [], ""<class 'abc.NT_0006_P_00001'>"": [], ""<class 'abc.NT_0007_P_00001'>"": [], ""<class 'abc.NT_0007_P_00002'>"": [], ""<class 'abc.NT_0007_P_00003'>"": [], ""<class 'abc.NT_0008_P_00001'>"": [], ""<class 'abc.NT_0009'>"": [8, 58070, 39787], ""<class 'abc.NT_0009_P_00000'>"": [], ""<class 'abc.NT_0009_P_00001'>"": [], ""<class 'abc.NT_0009_P_00002'>"": [], ""<class 'abc.NT_0009_P_00003'>"": [], ""<class 'abc.NT_0009_P_00004'>"": [], ""<class 'abc.NT_0009_P_00005'>"": [], ""<class 'abc.NT_0009_P_00006'>"": [], ""<class 'abc.NT_0009_P_00007'>"": [], ""<class 'abc.NT_0009_P_00008'>"": [], ""<class 'abc.NT_0011_P_00002'>"": [], ""<class 'abc.NT_0010'>"": [53447, 75927], ""<class 'abc.NT_0010_P_00000'>"": [], ""<class 'abc.NT_0010_P_00001'>"": [], ""<class 'abc.NT_0010_P_00002'>"": [], ""<class 'abc.NT_0010_P_00003'>"": [], ""<class 'abc.NT_0010_P_00004'>"": [], ""<class 'abc.NT_0010_P_00005'>"": [], ""<class 'abc.NT_0011_P_00003'>"": [], ""<class 'abc.NT_0011_P_00004'>"": [], ""<class 'abc.NT_0011_P_00005'>"": [], ""<class 'abc.NT_0011_P_00006'>"": [], ""<class 'abc.NT_0011_P_00007'>"": [], ""<class 'abc.NT_0011_P_00008'>"": [], ""<class 'abc.NT_0011_P_00009'>"": [], ""<class 'abc.NT_0014_P_00002'>"": [], ""<class 'abc.NT_0014_P_00003'>"": [], ""<class 'abc.NT_0014_P_00004'>"": [], '$leftovers': [612, 51366, 29977, 7941, 62781, 93978, 48081, 63396, 57279, 63194, 37786, 54499, 54071, 7255, 805, 91855, 9788, 55863, 13874, 90931, 38385, 43619, 36227, 61359, 25033, 26828, 94952, 78514, 81573, 7035, 57599, 63649, 37284, 79243, 23816, 36097, 45176, 45221, 21659, 73410, 77378, 61609, 53485, 83091, 55364, 804, 37863, 62128, 64631, 84523, 68409, 46658, 59869, 22948, 53816, 17703, 86036, 23930, 54711, 27159, 47907, 22129, 19429, 11704, 67050, 80298, 69224, 57646, 14733, 44317, 85077, 74191, 78264, 27076, 89776, 5196, 46711, 95884, 100000, 42859, 92197, 62164, 34041, 96434, 9186, 84986, 23729, 32442, 9078, 30947, 10584, 90176, 39265, 2903, 26641, 17813, 64068, 47390, 53496, 84055, 91192, 43627, 10978, 20051, 63072, 17541, 52384, 82602, 2071, 73349, 76496, 93237, 90746, 94169, 1089, 1963, 87259, 78716, 97251, 74560, 92319, 88430, 30065, 35943, 26646, 58575, 20564, 68822, 1955, 11977, 701, 8879, 51642, 65013, 37021, 8254, 64968, 54544, 55206, 50487, 94823, 39401, 11005, 50507, 4078, 47520, 40046, 60171, 93652, 930, 40344, 61205, 60575, 32914, 87845, 18974, 88335, 23738, 9159, 67945, 35873, 79289, 92027, 47069, 50717, 19269, 86431, 12677, 1847, 82569, 10719, 49874, 57438, 74245, 9728, 35214, 60927, 50418, 3072, 33653, 84097, 10451, 10948, 43565, 35042, 52901, 60373, 71523, 99916, 21066, 31862, 7158, 61957, 29065, 73503, 77066, 90914, 2224, 23949, 58836, 36313, 52163, 15402, 95181, 97248, 72223, 64484, 31579, 7361, 13133, 8559, 5315, 12957, 97480, 15964, 47289, 18201, 64048, 38836, 23949, 65274, 81688, 15908, 97641, 68909, 88194, 58203, 54156, 17884, 17015, 98114, 85070, 44487, 35609, 43946, 13163, 68656, 46368, 64590, 40998, 4333, 23209, 48312, 91519, 45912, 95154, 82162, 65190, 2680, 41571, 50993, 530, 20715, 62325, 69130, 87411, 51896, 25041, 1061, 92007, 16083, 61009, 22448, 76926, 40530, 5740, 65551, 74307, 70243, 88860, 56449, 62236, 73737, 14864, 20769, 33438, 2720, 19958, 14224, 62871, 11924, 4195, 94579, 90772, 15850, 32394, 39534, 94217, 24432, 49736, 19142, 95031, 91556, 84878, 36003, 82744, 39005, 77560, 67854, 74174, 65238, 42610, 38442, 5045, 8394, 50169, 85223, 39318, 11999, 19698, 62218, 20982, 75579, 83921, 36322, 81232, 74890, 79155, 7974, 87957, 31618, 15302, 46288, 41529, 54402, 51898, 8904, 68466, 16655, 33307, 87657, 62302, 99805, 94712, 27432, 6792, 318, 28470, 61849, 26074, 24481, 33234, 11701, 90978, 8418, 34547, 73073, 14229, 92931, 45528, 46305, 58234, 95428, 52910, 64691, 89529, 6125, 95529, 23717, 34258, 15039, 26343, 25322, 18533, 87153, 22501, 24377, 93511, 91108, 66007, 60481, 95208, 62676, 92031, 61249, 21040, 27224, 8088, 84181, 33593, 86548, 72607, 12800, 5611, 73844, 6692, 65230, 36526, 2469, 35635, 48449, 14719, 78189, 85243, 55844, 24071, 23788, 78878, 22883, 30166, 25797, 10713, 24202, 63862, 69116, 6614, 65627, 74821, 9118, 52050, 1045, 85212, 62012, 89898, 79364, 88858, 96964, 35830, 60888, 26734, 88556, 30404, 7619, 80278, 68622, 93232, 34306, 31485, 56275, 18665, 75621, 64839, 93770, 28199, 22239, 59130, 77628, 99168, 70420, 75781, 62501, 671, 82149, 26309, 8026, 6187, 34342, 77941, 96327, 7003, 65713, 2941, 26673, 45799, 5550, 98918, 65458, 56546, 58743, 93533, 64790, 30347, 32662, 73325, 77970, 21733, 35559, 73040, 79043, 59441, 82022, 37637, 7661, 94041, 96708, 7898, 70255, 89025, 83488, 90561, 63581, 77717, 74197, 27575, 58299, 53110, 73807, 71575, 26219, 35022, 49263, 13153, 34531, 51399, 44165, 26477, 4658, 89217, 10088, 77375, 38696, 57234, 69828, 27880, 19969, 12884, 48301, 32382, 79158, 72530, 2303, 28606, 30300, 17727, 74408, 82473, 74031, 47501, 28349, 67701, 75802, 89880, 6847, 37677, 42094, 59098, 33292, 25396, 1653, 33802, 37033, 82988, 18807, 34788, 32442, 21412, 79504, 70667, 67140, 188, 92567, 14712, 41955, 83231, 16604, 44261, 9248, 17311, 28714, 91679, 32487, 26287, 45537, 96338, 4907, 91004, 40305, 38855, 30113, 31802, 90368, 29632, 22399, 27504, 74924, 64570, 3170, 73381, 73608, 82107, 55004, 28453, 81413, 83401, 86827, 3755, 19280, 39809, 58531, 69352, 77285, 75236, 65692, 7596, 96792, 61193, 32718, 15171, 87988, 30166, 54746, 77236, 17432, 95331, 38981, 88240, 38898, 32172, 79555, 11740, 12372, 21314, 35314, 93047, 42158, 12888, 45757, 12444, 53196, 24354, 10754, 11298, 51034, 29460, 54561, 63362, 63137, 80288, 88200, 90124, 34341, 79738, 29507, 1371, 45727, 33233, 20038, 80414, 21940, 30707, 90006, 24595, 36850, 16424, 43356, 57374, 16541, 37502, 37384, 44186, 1581, 55147, 81574, 36342, 34700, 77319, 28025, 42804, 70814, 97334, 63170, 45671, 92728, 50865, 61805, 79230, 95797, 79382, 69832, 39248, 70970, 62614, 68180, 36578, 66699, 90803, 28447, 48009, 97357, 19944, 60879, 16057, 92445, 75982, 37067, 41406, 92224, 10099, 38077, 10238, 68458, 6537, 63778, 57556, 62039, 11823, 13270, 39382, 5448, 99101, 892, 8806, 21031, 7912, 86405, 50251, 88331, 79170, 19276, 48689, 73426, 83963, 98871, 32530, 19826, 24930, 70628, 89666, 23784, 22342, 79694, 80437, 28733, 99765, 7735, 65443, 39629, 65691, 45234, 52942, 70165, 64742, 7593, 35389, 38346, 53370, 1486, 63745, 59201, 84112, 82078, 59842, 55744, 6361, 15079, 910, 53287, 86305, 5582, 34924, 69056, 67927, 31852, 80811, 3497, 24763, 76576, 6447, 51921, 24582, 67902, 99777, 99703, 83341, 49007, 99280, 24090, 6799, 52732, 30031, 47977, 87252, 5024, 40270, 25148, 18576, 16321, 73258, 96568, 50330, 93058, 53931, 82548, 70345, 30377, 16363, 46283, 71917, 19219, 34599, 59905, 76185, 99134, 52728, 85779, 32717, 4809, 23223, 7767, 36688, 17927, 33222, 5461, 58987, 99150, 82453, 68878, 27439, 92942, 79331, 71474, 34897, 35197, 84658, 51810, 88051, 90117, 15640, 25537, 1192, 5758, 16919, 16570, 54940, 71350, 57863, 28374, 25430, 96910, 25138, 30623, 84961, 23541, 35862, 94330, 34467, 45322, 3068, 32691, 19717, 72709, 77504, 12874, 8035, 4199, 32629, 29326, 50091, 4290, 69037, 67868, 4858, 18189, 81289, 10537, 34484, 97761, 36705, 52886, 29677, 92414, 65300, 4493, 83991, 25685, 6104, 23112, 72137, 96757, 13483, 18308, 221, 14358, 49795, 76044, 65013, 87872, 95304, 14399, 812, 64706, 60775, 65656, 55460, 64130, 33001, 14835, 17431, 45023, 79744, 46149, 17211, 1932, 89664, 35867, 75834, 45835, 33920, 51887, 56077, 57612, 3201, 66246, 43129, 72962, 59486, 41799, 36083, 78794, 55644, 16064, 47916, 43687, 87424, 99482, 17585, 78994, 36067, 56930, 68493, 83129, 64732, 86546, 74055, 94524, 52064, 83683, 31321, 53390, 89787, 97909, 96890, 42138, 43171, 63419, 72477, 642, 72325, 14142, 88837, 64298, 53853, 33912, 90976, 51351, 53580, 44520, 1115, 7377, 51291, 91564, 16199, 86922, 17805, 85895, 43694, 18547, 43604, 34423, 97118, 34445, 84791, 71375, 31055, 9941, 27422, 27295, 25492, 21731, 54058, 56103, 74702, 88389, 39787, 83292, 56321, 80058, 48446, 90534, 99020, 53183, 57349, 5351, 62399, 11726, 72703, 23079, 88458, 14886, 42115, 37381, 53447, 80416, 75451, 17441, 22787, 25968, 37997, 43457, 70409, 3144, 30291, 27680, 46416, 33566, 93834, 69479, 8313, 69016, 56653]})"
32.0,9,38,62,33.804649114608765,210,"Genotype(dna={""<class 'abc.NT_0014'>"": [0, 9891], ""<class 'abc.NT_0014_P_00000'>"": [], ""<class 'abc.NT_0003'>"": [], ""<class 'abc.NT_0003_P_00000'>"": [], ""<class 'bool'>"": [34892, 53838, 93055, 22069, 78539, 27596, 11504, 95280, 56278, 13913, 91591, 97012, 50516, 84139, 91601, 80048, 36855, 76229, 96396, 90534, 62399, 56318, 86613, 30291, 93834, 69479, 91703], ""<class 'abc.NT_0000'>"": [0, 2, 3, 0, 0, 66646, 24329, 0, 57112, 0, 0, 0, 96236, 19448, 3, 67907, 2, 0, 61061, 0, 47365, 65468, 40560, 0, 1, 35560, 2, 0, 2, 6530, 90460, 0, 0, 0, 1053, 51537, 23729, 3136, 21603, 1290, 82817, 25314, 57349, 5351, 72703, 23079, 41017, 74148, 17441, 6983, 25968, 74036, 43457, 70409, 70746], ""<class 'abc.NT_0000_P_00000'>"": [], ""<class 'int'>"": [11527, 89970, 57184, 94912, 12901, 2737, 25019, 94292, 7422, 84436, 79517, 92390, 83981, 41079, 54502, 66359, 45824, 66531, 20954, 87223, 18331, 85267, 30558, 83139, 26738, 4868, 77382, 79248, 84283, 30291, 69479, 56653, 51366, 23356, 63194, 54071, 7575, 38385], ""<class 'abc.NT_0000_P_00001'>"": [], ""<class 'abc.NT_0000_P_00002'>"": [], ""<class 'abc.NT_0000_P_00003'>"": [], ""<class 'abc.NT_0001'>"": [1, 99233, 59169, 80416, 13326, 80335, 56653], ""<class 'abc.NT_0001_P_00000'>"": [], ""<class 'abc.NT_0001_P_00001'>"": [], ""<class 'abc.NT_0001_P_00002'>"": [], ""<class 'abc.NT_0001_P_00003'>"": [], ""<class 'abc.NT_0001_P_00004'>"": [], ""<class 'abc.NT_0001_P_00005'>"": [], ""<class 'abc.NT_0001_P_00006'>"": [], ""<class 'abc.NT_0003_P_00001'>"": [], ""<class 'abc.NT_0002'>"": [0, 63043], ""<class 'abc.NT_0002_P_00000'>"": [], ""<class 'abc.NT_0002_P_00001'>"": [], ""<class 'abc.NT_0002_P_00002'>"": [], ""<class 'abc.NT_0002_P_00003'>"": [], ""<class 'abc.NT_0004'>"": [], ""<class 'abc.NT_0004_P_00000'>"": [], ""<class 'abc.NT_0014_P_00001'>"": [], ""<class 'abc.NT_0013'>"": [31174, 87753, 70326], ""<class 'abc.NT_0013_P_00000'>"": [], ""<class 'abc.NT_0011'>"": [1, 98607], ""<class 'abc.NT_0011_P_00000'>"": [], ""<class 'abc.NT_0011_P_00001'>"": [], ""<class 'abc.NT_0008'>"": [56358, 25492], ""<class 'abc.NT_0008_P_00000'>"": [], ""<class 'abc.NT_0005'>"": [65439, 70998], ""<class 'abc.NT_0005_P_00000'>"": [], ""<class 'abc.NT_0005_P_00001'>"": [], ""<class 'abc.NT_0007'>"": [63976, 27295], ""<class 'abc.NT_0007_P_00000'>"": [], ""<class 'abc.NT_0006'>"": [51447, 91312], ""<class 'abc.NT_0006_P_00000'>"": [], ""<class 'abc.NT_0006_P_00001'>"": [], ""<class 'abc.NT_0007_P_00001'>"": [], ""<class 'abc.NT_0007_P_00002'>"": [], ""<class 'abc.NT_0007_P_00003'>"": [], ""<class 'abc.NT_0008_P_00001'>"": [], ""<class 'abc.NT_0009'>"": [8, 58070, 39787], ""<class 'abc.NT_0009_P_00000'>"": [], ""<class 'abc.NT_0009_P_00001'>"": [], ""<class 'abc.NT_0009_P_00002'>"": [], ""<class 'abc.NT_0009_P_00003'>"": [], ""<class 'abc.NT_0009_P_00004'>"": [], ""<class 'abc.NT_0009_P_00005'>"": [], ""<class 'abc.NT_0009_P_00006'>"": [], ""<class 'abc.NT_0009_P_00007'>"": [], ""<class 'abc.NT_0009_P_00008'>"": [], ""<class 'abc.NT_0011_P_00002'>"": [], ""<class 'abc.NT_0010'>"": [53447, 75927], ""<class 'abc.NT_0010_P_00000'>"": [], ""<class 'abc.NT_0010_P_00001'>"": [], ""<class 'abc.NT_0010_P_00002'>"": [], ""<class 'abc.NT_0010_P_00003'>"": [], ""<class 'abc.NT_0010_P_00004'>"": [], ""<class 'abc.NT_0010_P_00005'>"": [], ""<class 'abc.NT_0011_P_00003'>"": [], ""<class 'abc.NT_0011_P_00004'>"": [], ""<class 'abc.NT_0011_P_00005'>"": [], ""<class 'abc.NT_0011_P_00006'>"": [], ""<class 'abc.NT_0011_P_00007'>"": [], ""<class 'abc.NT_0011_P_00008'>"": [], ""<class 'abc.NT_0011_P_00009'>"": [], ""<class 'abc.NT_0014_P_00002'>"": [], ""<class 'abc.NT_0014_P_00003'>"": [], ""<class 'abc.NT_0014_P_00004'>"": [], '$leftovers': [612, 51366, 29977, 7941, 62781, 93978, 48081, 63396, 57279, 63194, 37786, 54499, 54071, 7255, 805, 91855, 9788, 55863, 13874, 90931, 38385, 43619, 36227, 61359, 25033, 26828, 94952, 78514, 81573, 7035, 57599, 63649, 37284, 79243, 23816, 36097, 45176, 45221, 21659, 73410, 77378, 61609, 53485, 83091, 55364, 804, 37863, 62128, 64631, 84523, 68409, 46658, 59869, 22948, 53816, 17703, 86036, 23930, 54711, 27159, 47907, 22129, 19429, 11704, 67050, 80298, 69224, 57646, 14733, 44317, 85077, 74191, 78264, 27076, 89776, 5196, 46711, 95884, 100000, 42859, 92197, 62164, 34041, 96434, 9186, 84986, 23729, 32442, 9078, 30947, 10584, 90176, 39265, 2903, 26641, 17813, 64068, 47390, 53496, 84055, 91192, 43627, 10978, 20051, 63072, 17541, 52384, 82602, 2071, 73349, 76496, 93237, 90746, 94169, 1089, 1963, 87259, 78716, 97251, 74560, 92319, 88430, 30065, 35943, 26646, 58575, 20564, 68822, 1955, 11977, 701, 8879, 51642, 65013, 37021, 8254, 64968, 54544, 55206, 50487, 94823, 39401, 11005, 50507, 4078, 47520, 40046, 60171, 93652, 930, 40344, 61205, 60575, 32914, 87845, 18974, 88335, 23738, 9159, 67945, 35873, 79289, 92027, 47069, 50717, 19269, 86431, 12677, 1847, 82569, 10719, 49874, 57438, 74245, 9728, 35214, 60927, 50418, 3072, 33653, 84097, 10451, 10948, 43565, 35042, 52901, 60373, 71523, 99916, 21066, 31862, 7158, 61957, 29065, 73503, 77066, 90914, 2224, 23949, 58836, 36313, 52163, 15402, 95181, 97248, 72223, 64484, 31579, 7361, 13133, 8559, 5315, 12957, 97480, 15964, 47289, 18201, 64048, 38836, 23949, 65274, 81688, 15908, 97641, 68909, 88194, 58203, 54156, 17884, 17015, 98114, 85070, 44487, 35609, 43946, 13163, 68656, 46368, 64590, 40998, 4333, 23209, 48312, 91519, 45912, 95154, 82162, 65190, 2680, 41571, 50993, 530, 20715, 62325, 69130, 87411, 51896, 25041, 1061, 92007, 16083, 61009, 22448, 76926, 40530, 5740, 65551, 74307, 70243, 88860, 56449, 62236, 73737, 14864, 20769, 33438, 2720, 19958, 14224, 62871, 11924, 4195, 94579, 90772, 15850, 32394, 39534, 94217, 24432, 49736, 19142, 95031, 91556, 84878, 36003, 82744, 39005, 77560, 67854, 74174, 65238, 42610, 38442, 5045, 8394, 50169, 85223, 39318, 11999, 19698, 62218, 20982, 75579, 83921, 36322, 81232, 74890, 79155, 7974, 87957, 31618, 15302, 46288, 41529, 54402, 51898, 8904, 68466, 16655, 33307, 87657, 62302, 99805, 94712, 27432, 6792, 318, 28470, 61849, 26074, 24481, 33234, 11701, 90978, 8418, 34547, 73073, 14229, 92931, 45528, 46305, 58234, 95428, 52910, 64691, 89529, 6125, 95529, 23717, 34258, 15039, 26343, 25322, 18533, 87153, 22501, 24377, 93511, 91108, 66007, 60481, 95208, 62676, 92031, 61249, 21040, 27224, 8088, 84181, 33593, 86548, 72607, 12800, 5611, 73844, 6692, 65230, 36526, 2469, 35635, 48449, 14719, 78189, 85243, 55844, 24071, 23788, 78878, 22883, 30166, 25797, 10713, 24202, 63862, 69116, 6614, 65627, 74821, 9118, 52050, 1045, 85212, 62012, 89898, 79364, 88858, 96964, 35830, 60888, 26734, 88556, 30404, 7619, 80278, 68622, 93232, 34306, 31485, 56275, 18665, 75621, 64839, 93770, 28199, 22239, 59130, 77628, 99168, 70420, 75781, 62501, 671, 82149, 26309, 8026, 6187, 34342, 77941, 96327, 7003, 65713, 2941, 26673, 45799, 5550, 98918, 65458, 56546, 58743, 93533, 64790, 30347, 32662, 73325, 77970, 21733, 35559, 73040, 79043, 59441, 82022, 37637, 7661, 94041, 96708, 7898, 70255, 89025, 83488, 90561, 63581, 77717, 74197, 27575, 58299, 53110, 73807, 71575, 26219, 35022, 49263, 13153, 34531, 51399, 44165, 26477, 4658, 89217, 10088, 77375, 38696, 57234, 69828, 27880, 19969, 12884, 48301, 32382, 79158, 72530, 2303, 28606, 30300, 17727, 74408, 82473, 74031, 47501, 28349, 67701, 75802, 89880, 6847, 37677, 42094, 59098, 33292, 25396, 1653, 33802, 37033, 82988, 18807, 34788, 32442, 21412, 79504, 70667, 67140, 188, 92567, 14712, 41955, 83231, 16604, 44261, 9248, 17311, 28714, 91679, 32487, 26287, 45537, 96338, 4907, 91004, 40305, 38855, 30113, 31802, 90368, 29632, 22399, 27504, 74924, 64570, 3170, 73381, 73608, 82107, 55004, 28453, 81413, 83401, 86827, 3755, 19280, 39809, 58531, 69352, 77285, 75236, 65692, 7596, 96792, 61193, 32718, 15171, 87988, 30166, 54746, 77236, 17432, 95331, 38981, 88240, 38898, 32172, 79555, 11740, 12372, 21314, 35314, 93047, 42158, 12888, 45757, 12444, 53196, 24354, 10754, 11298, 51034, 29460, 54561, 63362, 63137, 80288, 88200, 90124, 34341, 79738, 29507, 1371, 45727, 33233, 20038, 80414, 21940, 30707, 90006, 24595, 36850, 16424, 43356, 57374, 16541, 37502, 37384, 44186, 1581, 55147, 81574, 36342, 34700, 77319, 28025, 42804, 70814, 97334, 63170, 45671, 92728, 50865, 61805, 79230, 95797, 79382, 69832, 39248, 70970, 62614, 68180, 36578, 66699, 90803, 28447, 48009, 97357, 19944, 60879, 16057, 92445, 75982, 37067, 41406, 92224, 10099, 38077, 10238, 68458, 6537, 63778, 57556, 62039, 11823, 13270, 39382, 5448, 99101, 892, 8806, 21031, 7912, 86405, 50251, 88331, 79170, 19276, 48689, 73426, 83963, 98871, 32530, 19826, 24930, 70628, 89666, 23784, 22342, 79694, 80437, 28733, 99765, 7735, 65443, 39629, 65691, 45234, 52942, 70165, 64742, 7593, 35389, 38346, 53370, 1486, 63745, 59201, 84112, 82078, 59842, 55744, 6361, 15079, 910, 53287, 86305, 5582, 34924, 69056, 67927, 31852, 80811, 3497, 24763, 76576, 6447, 51921, 24582, 67902, 99777, 99703, 83341, 49007, 99280, 24090, 6799, 52732, 30031, 47977, 87252, 5024, 40270, 25148, 18576, 16321, 73258, 96568, 50330, 93058, 53931, 82548, 70345, 30377, 16363, 46283, 71917, 19219, 34599, 59905, 76185, 99134, 52728, 85779, 32717, 4809, 23223, 7767, 36688, 17927, 33222, 5461, 58987, 99150, 82453, 68878, 27439, 92942, 79331, 71474, 34897, 35197, 84658, 51810, 88051, 90117, 15640, 25537, 1192, 5758, 16919, 16570, 54940, 71350, 57863, 28374, 25430, 96910, 25138, 30623, 84961, 23541, 35862, 94330, 34467, 45322, 3068, 32691, 19717, 72709, 77504, 12874, 8035, 4199, 32629, 29326, 50091, 4290, 69037, 67868, 4858, 18189, 81289, 10537, 34484, 97761, 36705, 52886, 29677, 92414, 65300, 4493, 83991, 25685, 6104, 23112, 72137, 96757, 13483, 18308, 221, 14358, 49795, 76044, 65013, 87872, 95304, 14399, 812, 64706, 60775, 65656, 55460, 64130, 33001, 14835, 17431, 45023, 79744, 46149, 17211, 1932, 89664, 35867, 75834, 45835, 33920, 51887, 56077, 57612, 3201, 66246, 43129, 72962, 59486, 41799, 36083, 78794, 55644, 16064, 47916, 43687, 87424, 99482, 17585, 78994, 36067, 56930, 68493, 83129, 64732, 86546, 74055, 94524, 52064, 83683, 31321, 53390, 89787, 97909, 96890, 42138, 43171, 63419, 72477, 642, 72325, 14142, 88837, 64298, 53853, 33912, 90976, 51351, 53580, 44520, 1115, 7377, 51291, 91564, 16199, 86922, 17805, 85895, 43694, 18547, 43604, 34423, 97118, 34445, 84791, 71375, 31055, 9941, 27422, 27295, 25492, 21731, 54058, 56103, 74702, 88389, 39787, 83292, 56321, 80058, 48446, 90534, 99020, 53183, 57349, 5351, 62399, 11726, 72703, 23079, 88458, 14886, 42115, 37381, 53447, 80416, 75451, 17441, 22787, 25968, 37997, 43457, 70409, 3144, 30291, 27680, 46416, 33566, 93834, 69479, 8313, 69016, 56653]})"
32.0,9,38,63,34.12103629112244,210,"Genotype(dna={""<class 'abc.NT_0014'>"": [0, 9891], ""<class 'abc.NT_0014_P_00000'>"": [], ""<class 'abc.NT_0003'>"": [], ""<class 'abc.NT_0003_P_00000'>"": [], ""<class 'bool'>"": [34892, 53838, 93055, 22069, 78539, 27596, 11504, 95280, 56278, 13913, 91591, 97012, 50516, 84139, 91601, 80048, 36855, 76229, 96396, 90534, 62399, 56318, 86613, 30291, 93834, 69479, 91703], ""<class 'abc.NT_0000'>"": [0, 2, 3, 0, 0, 66646, 24329, 0, 57112, 0, 0, 0, 96236, 19448, 3, 67907, 2, 0, 61061, 0, 47365, 65468, 40560, 0, 1, 35560, 2, 0, 2, 6530, 90460, 0, 0, 0, 1053, 51537, 23729, 3136, 21603, 1290, 82817, 25314, 57349, 5351, 72703, 23079, 41017, 74148, 17441, 6983, 25968, 74036, 43457, 70409, 70746], ""<class 'abc.NT_0000_P_00000'>"": [], ""<class 'int'>"": [11527, 89970, 57184, 94912, 12901, 2737, 25019, 94292, 7422, 84436, 79517, 92390, 83981, 41079, 54502, 66359, 45824, 66531, 20954, 87223, 18331, 85267, 30558, 83139, 26738, 4868, 77382, 79248, 84283, 30291, 69479, 56653, 51366, 23356, 63194, 54071, 7575, 38385], ""<class 'abc.NT_0000_P_00001'>"": [], ""<class 'abc.NT_0000_P_00002'>"": [], ""<class 'abc.NT_0000_P_00003'>"": [], ""<class 'abc.NT_0001'>"": [1, 99233, 59169, 80416, 13326, 80335, 56653], ""<class 'abc.NT_0001_P_00000'>"": [], ""<class 'abc.NT_0001_P_00001'>"": [], ""<class 'abc.NT_0001_P_00002'>"": [], ""<class 'abc.NT_0001_P_00003'>"": [], ""<class 'abc.NT_0001_P_00004'>"": [], ""<class 'abc.NT_0001_P_00005'>"": [], ""<class 'abc.NT_0001_P_00006'>"": [], ""<class 'abc.NT_0003_P_00001'>"": [], ""<class 'abc.NT_0002'>"": [0, 63043], ""<class 'abc.NT_0002_P_00000'>"": [], ""<class 'abc.NT_0002_P_00001'>"": [], ""<class 'abc.NT_0002_P_00002'>"": [], ""<class 'abc.NT_0002_P_00003'>"": [], ""<class 'abc.NT_0004'>"": [], ""<class 'abc.NT_0004_P_00000'>"": [], ""<class 'abc.NT_0014_P_00001'>"": [], ""<class 'abc.NT_0013'>"": [31174, 87753, 70326], ""<class 'abc.NT_0013_P_00000'>"": [], ""<class 'abc.NT_0011'>"": [1, 98607], ""<class 'abc.NT_0011_P_00000'>"": [], ""<class 'abc.NT_0011_P_00001'>"": [], ""<class 'abc.NT_0008'>"": [56358, 25492], ""<class 'abc.NT_0008_P_00000'>"": [], ""<class 'abc.NT_0005'>"": [65439, 70998], ""<class 'abc.NT_0005_P_00000'>"": [], ""<class 'abc.NT_0005_P_00001'>"": [], ""<class 'abc.NT_0007'>"": [63976, 27295], ""<class 'abc.NT_0007_P_00000'>"": [], ""<class 'abc.NT_0006'>"": [51447, 91312], ""<class 'abc.NT_0006_P_00000'>"": [], ""<class 'abc.NT_0006_P_00001'>"": [], ""<class 'abc.NT_0007_P_00001'>"": [], ""<class 'abc.NT_0007_P_00002'>"": [], ""<class 'abc.NT_0007_P_00003'>"": [], ""<class 'abc.NT_0008_P_00001'>"": [], ""<class 'abc.NT_0009'>"": [8, 58070, 39787], ""<class 'abc.NT_0009_P_00000'>"": [], ""<class 'abc.NT_0009_P_00001'>"": [], ""<class 'abc.NT_0009_P_00002'>"": [], ""<class 'abc.NT_0009_P_00003'>"": [], ""<class 'abc.NT_0009_P_00004'>"": [], ""<class 'abc.NT_0009_P_00005'>"": [], ""<class 'abc.NT_0009_P_00006'>"": [], ""<class 'abc.NT_0009_P_00007'>"": [], ""<class 'abc.NT_0009_P_00008'>"": [], ""<class 'abc.NT_0011_P_00002'>"": [], ""<class 'abc.NT_0010'>"": [53447, 75927], ""<class 'abc.NT_0010_P_00000'>"": [], ""<class 'abc.NT_0010_P_00001'>"": [], ""<class 'abc.NT_0010_P_00002'>"": [], ""<class 'abc.NT_0010_P_00003'>"": [], ""<class 'abc.NT_0010_P_00004'>"": [], ""<class 'abc.NT_0010_P_00005'>"": [], ""<class 'abc.NT_0011_P_00003'>"": [], ""<class 'abc.NT_0011_P_00004'>"": [], ""<class 'abc.NT_0011_P_00005'>"": [], ""<class 'abc.NT_0011_P_00006'>"": [], ""<class 'abc.NT_0011_P_00007'>"": [], ""<class 'abc.NT_0011_P_00008'>"": [], ""<class 'abc.NT_0011_P_00009'>"": [], ""<class 'abc.NT_0014_P_00002'>"": [], ""<class 'abc.NT_0014_P_00003'>"": [], ""<class 'abc.NT_0014_P_00004'>"": [], '$leftovers': [612, 51366, 29977, 7941, 62781, 93978, 48081, 63396, 57279, 63194, 37786, 54499, 54071, 7255, 805, 91855, 9788, 55863, 13874, 90931, 38385, 43619, 36227, 61359, 25033, 26828, 94952, 78514, 81573, 7035, 57599, 63649, 37284, 79243, 23816, 36097, 45176, 45221, 21659, 73410, 77378, 61609, 53485, 83091, 55364, 804, 37863, 62128, 64631, 84523, 68409, 46658, 59869, 22948, 53816, 17703, 86036, 23930, 54711, 27159, 47907, 22129, 19429, 11704, 67050, 80298, 69224, 57646, 14733, 44317, 85077, 74191, 78264, 27076, 89776, 5196, 46711, 95884, 100000, 42859, 92197, 62164, 34041, 96434, 9186, 84986, 23729, 32442, 9078, 30947, 10584, 90176, 39265, 2903, 26641, 17813, 64068, 47390, 53496, 84055, 91192, 43627, 10978, 20051, 63072, 17541, 52384, 82602, 2071, 73349, 76496, 93237, 90746, 94169, 1089, 1963, 87259, 78716, 97251, 74560, 92319, 88430, 30065, 35943, 26646, 58575, 20564, 68822, 1955, 11977, 701, 8879, 51642, 65013, 37021, 8254, 64968, 54544, 55206, 50487, 94823, 39401, 11005, 50507, 4078, 47520, 40046, 60171, 93652, 930, 40344, 61205, 60575, 32914, 87845, 18974, 88335, 23738, 9159, 67945, 35873, 79289, 92027, 47069, 50717, 19269, 86431, 12677, 1847, 82569, 10719, 49874, 57438, 74245, 9728, 35214, 60927, 50418, 3072, 33653, 84097, 10451, 10948, 43565, 35042, 52901, 60373, 71523, 99916, 21066, 31862, 7158, 61957, 29065, 73503, 77066, 90914, 2224, 23949, 58836, 36313, 52163, 15402, 95181, 97248, 72223, 64484, 31579, 7361, 13133, 8559, 5315, 12957, 97480, 15964, 47289, 18201, 64048, 38836, 23949, 65274, 81688, 15908, 97641, 68909, 88194, 58203, 54156, 17884, 17015, 98114, 85070, 44487, 35609, 43946, 13163, 68656, 46368, 64590, 40998, 4333, 23209, 48312, 91519, 45912, 95154, 82162, 65190, 2680, 41571, 50993, 530, 20715, 62325, 69130, 87411, 51896, 25041, 1061, 92007, 16083, 61009, 22448, 76926, 40530, 5740, 65551, 74307, 70243, 88860, 56449, 62236, 73737, 14864, 20769, 33438, 2720, 19958, 14224, 62871, 11924, 4195, 94579, 90772, 15850, 32394, 39534, 94217, 24432, 49736, 19142, 95031, 91556, 84878, 36003, 82744, 39005, 77560, 67854, 74174, 65238, 42610, 38442, 5045, 8394, 50169, 85223, 39318, 11999, 19698, 62218, 20982, 75579, 83921, 36322, 81232, 74890, 79155, 7974, 87957, 31618, 15302, 46288, 41529, 54402, 51898, 8904, 68466, 16655, 33307, 87657, 62302, 99805, 94712, 27432, 6792, 318, 28470, 61849, 26074, 24481, 33234, 11701, 90978, 8418, 34547, 73073, 14229, 92931, 45528, 46305, 58234, 95428, 52910, 64691, 89529, 6125, 95529, 23717, 34258, 15039, 26343, 25322, 18533, 87153, 22501, 24377, 93511, 91108, 66007, 60481, 95208, 62676, 92031, 61249, 21040, 27224, 8088, 84181, 33593, 86548, 72607, 12800, 5611, 73844, 6692, 65230, 36526, 2469, 35635, 48449, 14719, 78189, 85243, 55844, 24071, 23788, 78878, 22883, 30166, 25797, 10713, 24202, 63862, 69116, 6614, 65627, 74821, 9118, 52050, 1045, 85212, 62012, 89898, 79364, 88858, 96964, 35830, 60888, 26734, 88556, 30404, 7619, 80278, 68622, 93232, 34306, 31485, 56275, 18665, 75621, 64839, 93770, 28199, 22239, 59130, 77628, 99168, 70420, 75781, 62501, 671, 82149, 26309, 8026, 6187, 34342, 77941, 96327, 7003, 65713, 2941, 26673, 45799, 5550, 98918, 65458, 56546, 58743, 93533, 64790, 30347, 32662, 73325, 77970, 21733, 35559, 73040, 79043, 59441, 82022, 37637, 7661, 94041, 96708, 7898, 70255, 89025, 83488, 90561, 63581, 77717, 74197, 27575, 58299, 53110, 73807, 71575, 26219, 35022, 49263, 13153, 34531, 51399, 44165, 26477, 4658, 89217, 10088, 77375, 38696, 57234, 69828, 27880, 19969, 12884, 48301, 32382, 79158, 72530, 2303, 28606, 30300, 17727, 74408, 82473, 74031, 47501, 28349, 67701, 75802, 89880, 6847, 37677, 42094, 59098, 33292, 25396, 1653, 33802, 37033, 82988, 18807, 34788, 32442, 21412, 79504, 70667, 67140, 188, 92567, 14712, 41955, 83231, 16604, 44261, 9248, 17311, 28714, 91679, 32487, 26287, 45537, 96338, 4907, 91004, 40305, 38855, 30113, 31802, 90368, 29632, 22399, 27504, 74924, 64570, 3170, 73381, 73608, 82107, 55004, 28453, 81413, 83401, 86827, 3755, 19280, 39809, 58531, 69352, 77285, 75236, 65692, 7596, 96792, 61193, 32718, 15171, 87988, 30166, 54746, 77236, 17432, 95331, 38981, 88240, 38898, 32172, 79555, 11740, 12372, 21314, 35314, 93047, 42158, 12888, 45757, 12444, 53196, 24354, 10754, 11298, 51034, 29460, 54561, 63362, 63137, 80288, 88200, 90124, 34341, 79738, 29507, 1371, 45727, 33233, 20038, 80414, 21940, 30707, 90006, 24595, 36850, 16424, 43356, 57374, 16541, 37502, 37384, 44186, 1581, 55147, 81574, 36342, 34700, 77319, 28025, 42804, 70814, 97334, 63170, 45671, 92728, 50865, 61805, 79230, 95797, 79382, 69832, 39248, 70970, 62614, 68180, 36578, 66699, 90803, 28447, 48009, 97357, 19944, 60879, 16057, 92445, 75982, 37067, 41406, 92224, 10099, 38077, 10238, 68458, 6537, 63778, 57556, 62039, 11823, 13270, 39382, 5448, 99101, 892, 8806, 21031, 7912, 86405, 50251, 88331, 79170, 19276, 48689, 73426, 83963, 98871, 32530, 19826, 24930, 70628, 89666, 23784, 22342, 79694, 80437, 28733, 99765, 7735, 65443, 39629, 65691, 45234, 52942, 70165, 64742, 7593, 35389, 38346, 53370, 1486, 63745, 59201, 84112, 82078, 59842, 55744, 6361, 15079, 910, 53287, 86305, 5582, 34924, 69056, 67927, 31852, 80811, 3497, 24763, 76576, 6447, 51921, 24582, 67902, 99777, 99703, 83341, 49007, 99280, 24090, 6799, 52732, 30031, 47977, 87252, 5024, 40270, 25148, 18576, 16321, 73258, 96568, 50330, 93058, 53931, 82548, 70345, 30377, 16363, 46283, 71917, 19219, 34599, 59905, 76185, 99134, 52728, 85779, 32717, 4809, 23223, 7767, 36688, 17927, 33222, 5461, 58987, 99150, 82453, 68878, 27439, 92942, 79331, 71474, 34897, 35197, 84658, 51810, 88051, 90117, 15640, 25537, 1192, 5758, 16919, 16570, 54940, 71350, 57863, 28374, 25430, 96910, 25138, 30623, 84961, 23541, 35862, 94330, 34467, 45322, 3068, 32691, 19717, 72709, 77504, 12874, 8035, 4199, 32629, 29326, 50091, 4290, 69037, 67868, 4858, 18189, 81289, 10537, 34484, 97761, 36705, 52886, 29677, 92414, 65300, 4493, 83991, 25685, 6104, 23112, 72137, 96757, 13483, 18308, 221, 14358, 49795, 76044, 65013, 87872, 95304, 14399, 812, 64706, 60775, 65656, 55460, 64130, 33001, 14835, 17431, 45023, 79744, 46149, 17211, 1932, 89664, 35867, 75834, 45835, 33920, 51887, 56077, 57612, 3201, 66246, 43129, 72962, 59486, 41799, 36083, 78794, 55644, 16064, 47916, 43687, 87424, 99482, 17585, 78994, 36067, 56930, 68493, 83129, 64732, 86546, 74055, 94524, 52064, 83683, 31321, 53390, 89787, 97909, 96890, 42138, 43171, 63419, 72477, 642, 72325, 14142, 88837, 64298, 53853, 33912, 90976, 51351, 53580, 44520, 1115, 7377, 51291, 91564, 16199, 86922, 17805, 85895, 43694, 18547, 43604, 34423, 97118, 34445, 84791, 71375, 31055, 9941, 27422, 27295, 25492, 21731, 54058, 56103, 74702, 88389, 39787, 83292, 56321, 80058, 48446, 90534, 99020, 53183, 57349, 5351, 62399, 11726, 72703, 23079, 88458, 14886, 42115, 37381, 53447, 80416, 75451, 17441, 22787, 25968, 37997, 43457, 70409, 3144, 30291, 27680, 46416, 33566, 93834, 69479, 8313, 69016, 56653]})"
32.0,9,38,64,34.44471001625061,210,"Genotype(dna={""<class 'abc.NT_0014'>"": [0, 9891], ""<class 'abc.NT_0014_P_00000'>"": [], ""<class 'abc.NT_0003'>"": [], ""<class 'abc.NT_0003_P_00000'>"": [], ""<class 'bool'>"": [34892, 53838, 93055, 22069, 78539, 27596, 11504, 95280, 56278, 13913, 91591, 97012, 50516, 84139, 91601, 80048, 36855, 76229, 96396, 90534, 62399, 56318, 86613, 30291, 93834, 69479, 91703], ""<class 'abc.NT_0000'>"": [0, 2, 3, 0, 0, 66646, 24329, 0, 57112, 0, 0, 0, 96236, 19448, 3, 67907, 2, 0, 61061, 0, 47365, 65468, 40560, 0, 1, 35560, 2, 0, 2, 6530, 90460, 0, 0, 0, 1053, 51537, 23729, 3136, 21603, 1290, 82817, 25314, 57349, 5351, 72703, 23079, 41017, 74148, 17441, 6983, 25968, 74036, 43457, 70409, 70746], ""<class 'abc.NT_0000_P_00000'>"": [], ""<class 'int'>"": [11527, 89970, 57184, 94912, 12901, 2737, 25019, 94292, 7422, 84436, 79517, 92390, 83981, 41079, 54502, 66359, 45824, 66531, 20954, 87223, 18331, 85267, 30558, 83139, 26738, 4868, 77382, 79248, 84283, 30291, 69479, 56653, 51366, 23356, 63194, 54071, 7575, 38385], ""<class 'abc.NT_0000_P_00001'>"": [], ""<class 'abc.NT_0000_P_00002'>"": [], ""<class 'abc.NT_0000_P_00003'>"": [], ""<class 'abc.NT_0001'>"": [1, 99233, 59169, 80416, 13326, 80335, 56653], ""<class 'abc.NT_0001_P_00000'>"": [], ""<class 'abc.NT_0001_P_00001'>"": [], ""<class 'abc.NT_0001_P_00002'>"": [], ""<class 'abc.NT_0001_P_00003'>"": [], ""<class 'abc.NT_0001_P_00004'>"": [], ""<class 'abc.NT_0001_P_00005'>"": [], ""<class 'abc.NT_0001_P_00006'>"": [], ""<class 'abc.NT_0003_P_00001'>"": [], ""<class 'abc.NT_0002'>"": [0, 63043], ""<class 'abc.NT_0002_P_00000'>"": [], ""<class 'abc.NT_0002_P_00001'>"": [], ""<class 'abc.NT_0002_P_00002'>"": [], ""<class 'abc.NT_0002_P_00003'>"": [], ""<class 'abc.NT_0004'>"": [], ""<class 'abc.NT_0004_P_00000'>"": [], ""<class 'abc.NT_0014_P_00001'>"": [], ""<class 'abc.NT_0013'>"": [31174, 87753, 70326], ""<class 'abc.NT_0013_P_00000'>"": [], ""<class 'abc.NT_0011'>"": [1, 98607], ""<class 'abc.NT_0011_P_00000'>"": [], ""<class 'abc.NT_0011_P_00001'>"": [], ""<class 'abc.NT_0008'>"": [56358, 25492], ""<class 'abc.NT_0008_P_00000'>"": [], ""<class 'abc.NT_0005'>"": [65439, 70998], ""<class 'abc.NT_0005_P_00000'>"": [], ""<class 'abc.NT_0005_P_00001'>"": [], ""<class 'abc.NT_0007'>"": [63976, 27295], ""<class 'abc.NT_0007_P_00000'>"": [], ""<class 'abc.NT_0006'>"": [51447, 91312], ""<class 'abc.NT_0006_P_00000'>"": [], ""<class 'abc.NT_0006_P_00001'>"": [], ""<class 'abc.NT_0007_P_00001'>"": [], ""<class 'abc.NT_0007_P_00002'>"": [], ""<class 'abc.NT_0007_P_00003'>"": [], ""<class 'abc.NT_0008_P_00001'>"": [], ""<class 'abc.NT_0009'>"": [8, 58070, 39787], ""<class 'abc.NT_0009_P_00000'>"": [], ""<class 'abc.NT_0009_P_00001'>"": [], ""<class 'abc.NT_0009_P_00002'>"": [], ""<class 'abc.NT_0009_P_00003'>"": [], ""<class 'abc.NT_0009_P_00004'>"": [], ""<class 'abc.NT_0009_P_00005'>"": [], ""<class 'abc.NT_0009_P_00006'>"": [], ""<class 'abc.NT_0009_P_00007'>"": [], ""<class 'abc.NT_0009_P_00008'>"": [], ""<class 'abc.NT_0011_P_00002'>"": [], ""<class 'abc.NT_0010'>"": [53447, 75927], ""<class 'abc.NT_0010_P_00000'>"": [], ""<class 'abc.NT_0010_P_00001'>"": [], ""<class 'abc.NT_0010_P_00002'>"": [], ""<class 'abc.NT_0010_P_00003'>"": [], ""<class 'abc.NT_0010_P_00004'>"": [], ""<class 'abc.NT_0010_P_00005'>"": [], ""<class 'abc.NT_0011_P_00003'>"": [], ""<class 'abc.NT_0011_P_00004'>"": [], ""<class 'abc.NT_0011_P_00005'>"": [], ""<class 'abc.NT_0011_P_00006'>"": [], ""<class 'abc.NT_0011_P_00007'>"": [], ""<class 'abc.NT_0011_P_00008'>"": [], ""<class 'abc.NT_0011_P_00009'>"": [], ""<class 'abc.NT_0014_P_00002'>"": [], ""<class 'abc.NT_0014_P_00003'>"": [], ""<class 'abc.NT_0014_P_00004'>"": [], '$leftovers': [612, 51366, 29977, 7941, 62781, 93978, 48081, 63396, 57279, 63194, 37786, 54499, 54071, 7255, 805, 91855, 9788, 55863, 13874, 90931, 38385, 43619, 36227, 61359, 25033, 26828, 94952, 78514, 81573, 7035, 57599, 63649, 37284, 79243, 23816, 36097, 45176, 45221, 21659, 73410, 77378, 61609, 53485, 83091, 55364, 804, 37863, 62128, 64631, 84523, 68409, 46658, 59869, 22948, 53816, 17703, 86036, 23930, 54711, 27159, 47907, 22129, 19429, 11704, 67050, 80298, 69224, 57646, 14733, 44317, 85077, 74191, 78264, 27076, 89776, 5196, 46711, 95884, 100000, 42859, 92197, 62164, 34041, 96434, 9186, 84986, 23729, 32442, 9078, 30947, 10584, 90176, 39265, 2903, 26641, 17813, 64068, 47390, 53496, 84055, 91192, 43627, 10978, 20051, 63072, 17541, 52384, 82602, 2071, 73349, 76496, 93237, 90746, 94169, 1089, 1963, 87259, 78716, 97251, 74560, 92319, 88430, 30065, 35943, 26646, 58575, 20564, 68822, 1955, 11977, 701, 8879, 51642, 65013, 37021, 8254, 64968, 54544, 55206, 50487, 94823, 39401, 11005, 50507, 4078, 47520, 40046, 60171, 93652, 930, 40344, 61205, 60575, 32914, 87845, 18974, 88335, 23738, 9159, 67945, 35873, 79289, 92027, 47069, 50717, 19269, 86431, 12677, 1847, 82569, 10719, 49874, 57438, 74245, 9728, 35214, 60927, 50418, 3072, 33653, 84097, 10451, 10948, 43565, 35042, 52901, 60373, 71523, 99916, 21066, 31862, 7158, 61957, 29065, 73503, 77066, 90914, 2224, 23949, 58836, 36313, 52163, 15402, 95181, 97248, 72223, 64484, 31579, 7361, 13133, 8559, 5315, 12957, 97480, 15964, 47289, 18201, 64048, 38836, 23949, 65274, 81688, 15908, 97641, 68909, 88194, 58203, 54156, 17884, 17015, 98114, 85070, 44487, 35609, 43946, 13163, 68656, 46368, 64590, 40998, 4333, 23209, 48312, 91519, 45912, 95154, 82162, 65190, 2680, 41571, 50993, 530, 20715, 62325, 69130, 87411, 51896, 25041, 1061, 92007, 16083, 61009, 22448, 76926, 40530, 5740, 65551, 74307, 70243, 88860, 56449, 62236, 73737, 14864, 20769, 33438, 2720, 19958, 14224, 62871, 11924, 4195, 94579, 90772, 15850, 32394, 39534, 94217, 24432, 49736, 19142, 95031, 91556, 84878, 36003, 82744, 39005, 77560, 67854, 74174, 65238, 42610, 38442, 5045, 8394, 50169, 85223, 39318, 11999, 19698, 62218, 20982, 75579, 83921, 36322, 81232, 74890, 79155, 7974, 87957, 31618, 15302, 46288, 41529, 54402, 51898, 8904, 68466, 16655, 33307, 87657, 62302, 99805, 94712, 27432, 6792, 318, 28470, 61849, 26074, 24481, 33234, 11701, 90978, 8418, 34547, 73073, 14229, 92931, 45528, 46305, 58234, 95428, 52910, 64691, 89529, 6125, 95529, 23717, 34258, 15039, 26343, 25322, 18533, 87153, 22501, 24377, 93511, 91108, 66007, 60481, 95208, 62676, 92031, 61249, 21040, 27224, 8088, 84181, 33593, 86548, 72607, 12800, 5611, 73844, 6692, 65230, 36526, 2469, 35635, 48449, 14719, 78189, 85243, 55844, 24071, 23788, 78878, 22883, 30166, 25797, 10713, 24202, 63862, 69116, 6614, 65627, 74821, 9118, 52050, 1045, 85212, 62012, 89898, 79364, 88858, 96964, 35830, 60888, 26734, 88556, 30404, 7619, 80278, 68622, 93232, 34306, 31485, 56275, 18665, 75621, 64839, 93770, 28199, 22239, 59130, 77628, 99168, 70420, 75781, 62501, 671, 82149, 26309, 8026, 6187, 34342, 77941, 96327, 7003, 65713, 2941, 26673, 45799, 5550, 98918, 65458, 56546, 58743, 93533, 64790, 30347, 32662, 73325, 77970, 21733, 35559, 73040, 79043, 59441, 82022, 37637, 7661, 94041, 96708, 7898, 70255, 89025, 83488, 90561, 63581, 77717, 74197, 27575, 58299, 53110, 73807, 71575, 26219, 35022, 49263, 13153, 34531, 51399, 44165, 26477, 4658, 89217, 10088, 77375, 38696, 57234, 69828, 27880, 19969, 12884, 48301, 32382, 79158, 72530, 2303, 28606, 30300, 17727, 74408, 82473, 74031, 47501, 28349, 67701, 75802, 89880, 6847, 37677, 42094, 59098, 33292, 25396, 1653, 33802, 37033, 82988, 18807, 34788, 32442, 21412, 79504, 70667, 67140, 188, 92567, 14712, 41955, 83231, 16604, 44261, 9248, 17311, 28714, 91679, 32487, 26287, 45537, 96338, 4907, 91004, 40305, 38855, 30113, 31802, 90368, 29632, 22399, 27504, 74924, 64570, 3170, 73381, 73608, 82107, 55004, 28453, 81413, 83401, 86827, 3755, 19280, 39809, 58531, 69352, 77285, 75236, 65692, 7596, 96792, 61193, 32718, 15171, 87988, 30166, 54746, 77236, 17432, 95331, 38981, 88240, 38898, 32172, 79555, 11740, 12372, 21314, 35314, 93047, 42158, 12888, 45757, 12444, 53196, 24354, 10754, 11298, 51034, 29460, 54561, 63362, 63137, 80288, 88200, 90124, 34341, 79738, 29507, 1371, 45727, 33233, 20038, 80414, 21940, 30707, 90006, 24595, 36850, 16424, 43356, 57374, 16541, 37502, 37384, 44186, 1581, 55147, 81574, 36342, 34700, 77319, 28025, 42804, 70814, 97334, 63170, 45671, 92728, 50865, 61805, 79230, 95797, 79382, 69832, 39248, 70970, 62614, 68180, 36578, 66699, 90803, 28447, 48009, 97357, 19944, 60879, 16057, 92445, 75982, 37067, 41406, 92224, 10099, 38077, 10238, 68458, 6537, 63778, 57556, 62039, 11823, 13270, 39382, 5448, 99101, 892, 8806, 21031, 7912, 86405, 50251, 88331, 79170, 19276, 48689, 73426, 83963, 98871, 32530, 19826, 24930, 70628, 89666, 23784, 22342, 79694, 80437, 28733, 99765, 7735, 65443, 39629, 65691, 45234, 52942, 70165, 64742, 7593, 35389, 38346, 53370, 1486, 63745, 59201, 84112, 82078, 59842, 55744, 6361, 15079, 910, 53287, 86305, 5582, 34924, 69056, 67927, 31852, 80811, 3497, 24763, 76576, 6447, 51921, 24582, 67902, 99777, 99703, 83341, 49007, 99280, 24090, 6799, 52732, 30031, 47977, 87252, 5024, 40270, 25148, 18576, 16321, 73258, 96568, 50330, 93058, 53931, 82548, 70345, 30377, 16363, 46283, 71917, 19219, 34599, 59905, 76185, 99134, 52728, 85779, 32717, 4809, 23223, 7767, 36688, 17927, 33222, 5461, 58987, 99150, 82453, 68878, 27439, 92942, 79331, 71474, 34897, 35197, 84658, 51810, 88051, 90117, 15640, 25537, 1192, 5758, 16919, 16570, 54940, 71350, 57863, 28374, 25430, 96910, 25138, 30623, 84961, 23541, 35862, 94330, 34467, 45322, 3068, 32691, 19717, 72709, 77504, 12874, 8035, 4199, 32629, 29326, 50091, 4290, 69037, 67868, 4858, 18189, 81289, 10537, 34484, 97761, 36705, 52886, 29677, 92414, 65300, 4493, 83991, 25685, 6104, 23112, 72137, 96757, 13483, 18308, 221, 14358, 49795, 76044, 65013, 87872, 95304, 14399, 812, 64706, 60775, 65656, 55460, 64130, 33001, 14835, 17431, 45023, 79744, 46149, 17211, 1932, 89664, 35867, 75834, 45835, 33920, 51887, 56077, 57612, 3201, 66246, 43129, 72962, 59486, 41799, 36083, 78794, 55644, 16064, 47916, 43687, 87424, 99482, 17585, 78994, 36067, 56930, 68493, 83129, 64732, 86546, 74055, 94524, 52064, 83683, 31321, 53390, 89787, 97909, 96890, 42138, 43171, 63419, 72477, 642, 72325, 14142, 88837, 64298, 53853, 33912, 90976, 51351, 53580, 44520, 1115, 7377, 51291, 91564, 16199, 86922, 17805, 85895, 43694, 18547, 43604, 34423, 97118, 34445, 84791, 71375, 31055, 9941, 27422, 27295, 25492, 21731, 54058, 56103, 74702, 88389, 39787, 83292, 56321, 80058, 48446, 90534, 99020, 53183, 57349, 5351, 62399, 11726, 72703, 23079, 88458, 14886, 42115, 37381, 53447, 80416, 75451, 17441, 22787, 25968, 37997, 43457, 70409, 3144, 30291, 27680, 46416, 33566, 93834, 69479, 8313, 69016, 56653]})"
32.0,9,38,65,34.798027753829956,210,"Genotype(dna={""<class 'abc.NT_0014'>"": [0, 9891], ""<class 'abc.NT_0014_P_00000'>"": [], ""<class 'abc.NT_0003'>"": [], ""<class 'abc.NT_0003_P_00000'>"": [], ""<class 'bool'>"": [34892, 53838, 93055, 22069, 78539, 27596, 11504, 95280, 56278, 13913, 91591, 97012, 50516, 84139, 91601, 80048, 36855, 76229, 96396, 90534, 62399, 56318, 86613, 30291, 93834, 69479, 91703], ""<class 'abc.NT_0000'>"": [0, 2, 3, 0, 0, 66646, 24329, 0, 57112, 0, 0, 0, 96236, 19448, 3, 67907, 2, 0, 61061, 0, 47365, 65468, 40560, 0, 1, 35560, 2, 0, 2, 6530, 90460, 0, 0, 0, 1053, 51537, 23729, 3136, 21603, 1290, 82817, 25314, 57349, 5351, 72703, 23079, 41017, 74148, 17441, 6983, 25968, 74036, 43457, 70409, 70746], ""<class 'abc.NT_0000_P_00000'>"": [], ""<class 'int'>"": [11527, 89970, 57184, 94912, 12901, 2737, 25019, 94292, 7422, 84436, 79517, 92390, 83981, 41079, 54502, 66359, 45824, 66531, 20954, 87223, 18331, 85267, 30558, 83139, 26738, 4868, 77382, 79248, 84283, 30291, 69479, 56653, 51366, 23356, 63194, 54071, 7575, 38385], ""<class 'abc.NT_0000_P_00001'>"": [], ""<class 'abc.NT_0000_P_00002'>"": [], ""<class 'abc.NT_0000_P_00003'>"": [], ""<class 'abc.NT_0001'>"": [1, 99233, 59169, 80416, 13326, 80335, 56653], ""<class 'abc.NT_0001_P_00000'>"": [], ""<class 'abc.NT_0001_P_00001'>"": [], ""<class 'abc.NT_0001_P_00002'>"": [], ""<class 'abc.NT_0001_P_00003'>"": [], ""<class 'abc.NT_0001_P_00004'>"": [], ""<class 'abc.NT_0001_P_00005'>"": [], ""<class 'abc.NT_0001_P_00006'>"": [], ""<class 'abc.NT_0003_P_00001'>"": [], ""<class 'abc.NT_0002'>"": [0, 63043], ""<class 'abc.NT_0002_P_00000'>"": [], ""<class 'abc.NT_0002_P_00001'>"": [], ""<class 'abc.NT_0002_P_00002'>"": [], ""<class 'abc.NT_0002_P_00003'>"": [], ""<class 'abc.NT_0004'>"": [], ""<class 'abc.NT_0004_P_00000'>"": [], ""<class 'abc.NT_0014_P_00001'>"": [], ""<class 'abc.NT_0013'>"": [31174, 87753, 70326], ""<class 'abc.NT_0013_P_00000'>"": [], ""<class 'abc.NT_0011'>"": [1, 98607], ""<class 'abc.NT_0011_P_00000'>"": [], ""<class 'abc.NT_0011_P_00001'>"": [], ""<class 'abc.NT_0008'>"": [56358, 25492], ""<class 'abc.NT_0008_P_00000'>"": [], ""<class 'abc.NT_0005'>"": [65439, 70998], ""<class 'abc.NT_0005_P_00000'>"": [], ""<class 'abc.NT_0005_P_00001'>"": [], ""<class 'abc.NT_0007'>"": [63976, 27295], ""<class 'abc.NT_0007_P_00000'>"": [], ""<class 'abc.NT_0006'>"": [51447, 91312], ""<class 'abc.NT_0006_P_00000'>"": [], ""<class 'abc.NT_0006_P_00001'>"": [], ""<class 'abc.NT_0007_P_00001'>"": [], ""<class 'abc.NT_0007_P_00002'>"": [], ""<class 'abc.NT_0007_P_00003'>"": [], ""<class 'abc.NT_0008_P_00001'>"": [], ""<class 'abc.NT_0009'>"": [8, 58070, 39787], ""<class 'abc.NT_0009_P_00000'>"": [], ""<class 'abc.NT_0009_P_00001'>"": [], ""<class 'abc.NT_0009_P_00002'>"": [], ""<class 'abc.NT_0009_P_00003'>"": [], ""<class 'abc.NT_0009_P_00004'>"": [], ""<class 'abc.NT_0009_P_00005'>"": [], ""<class 'abc.NT_0009_P_00006'>"": [], ""<class 'abc.NT_0009_P_00007'>"": [], ""<class 'abc.NT_0009_P_00008'>"": [], ""<class 'abc.NT_0011_P_00002'>"": [], ""<class 'abc.NT_0010'>"": [53447, 75927], ""<class 'abc.NT_0010_P_00000'>"": [], ""<class 'abc.NT_0010_P_00001'>"": [], ""<class 'abc.NT_0010_P_00002'>"": [], ""<class 'abc.NT_0010_P_00003'>"": [], ""<class 'abc.NT_0010_P_00004'>"": [], ""<class 'abc.NT_0010_P_00005'>"": [], ""<class 'abc.NT_0011_P_00003'>"": [], ""<class 'abc.NT_0011_P_00004'>"": [], ""<class 'abc.NT_0011_P_00005'>"": [], ""<class 'abc.NT_0011_P_00006'>"": [], ""<class 'abc.NT_0011_P_00007'>"": [], ""<class 'abc.NT_0011_P_00008'>"": [], ""<class 'abc.NT_0011_P_00009'>"": [], ""<class 'abc.NT_0014_P_00002'>"": [], ""<class 'abc.NT_0014_P_00003'>"": [], ""<class 'abc.NT_0014_P_00004'>"": [], '$leftovers': [612, 51366, 29977, 7941, 62781, 93978, 48081, 63396, 57279, 63194, 37786, 54499, 54071, 7255, 805, 91855, 9788, 55863, 13874, 90931, 38385, 43619, 36227, 61359, 25033, 26828, 94952, 78514, 81573, 7035, 57599, 63649, 37284, 79243, 23816, 36097, 45176, 45221, 21659, 73410, 77378, 61609, 53485, 83091, 55364, 804, 37863, 62128, 64631, 84523, 68409, 46658, 59869, 22948, 53816, 17703, 86036, 23930, 54711, 27159, 47907, 22129, 19429, 11704, 67050, 80298, 69224, 57646, 14733, 44317, 85077, 74191, 78264, 27076, 89776, 5196, 46711, 95884, 100000, 42859, 92197, 62164, 34041, 96434, 9186, 84986, 23729, 32442, 9078, 30947, 10584, 90176, 39265, 2903, 26641, 17813, 64068, 47390, 53496, 84055, 91192, 43627, 10978, 20051, 63072, 17541, 52384, 82602, 2071, 73349, 76496, 93237, 90746, 94169, 1089, 1963, 87259, 78716, 97251, 74560, 92319, 88430, 30065, 35943, 26646, 58575, 20564, 68822, 1955, 11977, 701, 8879, 51642, 65013, 37021, 8254, 64968, 54544, 55206, 50487, 94823, 39401, 11005, 50507, 4078, 47520, 40046, 60171, 93652, 930, 40344, 61205, 60575, 32914, 87845, 18974, 88335, 23738, 9159, 67945, 35873, 79289, 92027, 47069, 50717, 19269, 86431, 12677, 1847, 82569, 10719, 49874, 57438, 74245, 9728, 35214, 60927, 50418, 3072, 33653, 84097, 10451, 10948, 43565, 35042, 52901, 60373, 71523, 99916, 21066, 31862, 7158, 61957, 29065, 73503, 77066, 90914, 2224, 23949, 58836, 36313, 52163, 15402, 95181, 97248, 72223, 64484, 31579, 7361, 13133, 8559, 5315, 12957, 97480, 15964, 47289, 18201, 64048, 38836, 23949, 65274, 81688, 15908, 97641, 68909, 88194, 58203, 54156, 17884, 17015, 98114, 85070, 44487, 35609, 43946, 13163, 68656, 46368, 64590, 40998, 4333, 23209, 48312, 91519, 45912, 95154, 82162, 65190, 2680, 41571, 50993, 530, 20715, 62325, 69130, 87411, 51896, 25041, 1061, 92007, 16083, 61009, 22448, 76926, 40530, 5740, 65551, 74307, 70243, 88860, 56449, 62236, 73737, 14864, 20769, 33438, 2720, 19958, 14224, 62871, 11924, 4195, 94579, 90772, 15850, 32394, 39534, 94217, 24432, 49736, 19142, 95031, 91556, 84878, 36003, 82744, 39005, 77560, 67854, 74174, 65238, 42610, 38442, 5045, 8394, 50169, 85223, 39318, 11999, 19698, 62218, 20982, 75579, 83921, 36322, 81232, 74890, 79155, 7974, 87957, 31618, 15302, 46288, 41529, 54402, 51898, 8904, 68466, 16655, 33307, 87657, 62302, 99805, 94712, 27432, 6792, 318, 28470, 61849, 26074, 24481, 33234, 11701, 90978, 8418, 34547, 73073, 14229, 92931, 45528, 46305, 58234, 95428, 52910, 64691, 89529, 6125, 95529, 23717, 34258, 15039, 26343, 25322, 18533, 87153, 22501, 24377, 93511, 91108, 66007, 60481, 95208, 62676, 92031, 61249, 21040, 27224, 8088, 84181, 33593, 86548, 72607, 12800, 5611, 73844, 6692, 65230, 36526, 2469, 35635, 48449, 14719, 78189, 85243, 55844, 24071, 23788, 78878, 22883, 30166, 25797, 10713, 24202, 63862, 69116, 6614, 65627, 74821, 9118, 52050, 1045, 85212, 62012, 89898, 79364, 88858, 96964, 35830, 60888, 26734, 88556, 30404, 7619, 80278, 68622, 93232, 34306, 31485, 56275, 18665, 75621, 64839, 93770, 28199, 22239, 59130, 77628, 99168, 70420, 75781, 62501, 671, 82149, 26309, 8026, 6187, 34342, 77941, 96327, 7003, 65713, 2941, 26673, 45799, 5550, 98918, 65458, 56546, 58743, 93533, 64790, 30347, 32662, 73325, 77970, 21733, 35559, 73040, 79043, 59441, 82022, 37637, 7661, 94041, 96708, 7898, 70255, 89025, 83488, 90561, 63581, 77717, 74197, 27575, 58299, 53110, 73807, 71575, 26219, 35022, 49263, 13153, 34531, 51399, 44165, 26477, 4658, 89217, 10088, 77375, 38696, 57234, 69828, 27880, 19969, 12884, 48301, 32382, 79158, 72530, 2303, 28606, 30300, 17727, 74408, 82473, 74031, 47501, 28349, 67701, 75802, 89880, 6847, 37677, 42094, 59098, 33292, 25396, 1653, 33802, 37033, 82988, 18807, 34788, 32442, 21412, 79504, 70667, 67140, 188, 92567, 14712, 41955, 83231, 16604, 44261, 9248, 17311, 28714, 91679, 32487, 26287, 45537, 96338, 4907, 91004, 40305, 38855, 30113, 31802, 90368, 29632, 22399, 27504, 74924, 64570, 3170, 73381, 73608, 82107, 55004, 28453, 81413, 83401, 86827, 3755, 19280, 39809, 58531, 69352, 77285, 75236, 65692, 7596, 96792, 61193, 32718, 15171, 87988, 30166, 54746, 77236, 17432, 95331, 38981, 88240, 38898, 32172, 79555, 11740, 12372, 21314, 35314, 93047, 42158, 12888, 45757, 12444, 53196, 24354, 10754, 11298, 51034, 29460, 54561, 63362, 63137, 80288, 88200, 90124, 34341, 79738, 29507, 1371, 45727, 33233, 20038, 80414, 21940, 30707, 90006, 24595, 36850, 16424, 43356, 57374, 16541, 37502, 37384, 44186, 1581, 55147, 81574, 36342, 34700, 77319, 28025, 42804, 70814, 97334, 63170, 45671, 92728, 50865, 61805, 79230, 95797, 79382, 69832, 39248, 70970, 62614, 68180, 36578, 66699, 90803, 28447, 48009, 97357, 19944, 60879, 16057, 92445, 75982, 37067, 41406, 92224, 10099, 38077, 10238, 68458, 6537, 63778, 57556, 62039, 11823, 13270, 39382, 5448, 99101, 892, 8806, 21031, 7912, 86405, 50251, 88331, 79170, 19276, 48689, 73426, 83963, 98871, 32530, 19826, 24930, 70628, 89666, 23784, 22342, 79694, 80437, 28733, 99765, 7735, 65443, 39629, 65691, 45234, 52942, 70165, 64742, 7593, 35389, 38346, 53370, 1486, 63745, 59201, 84112, 82078, 59842, 55744, 6361, 15079, 910, 53287, 86305, 5582, 34924, 69056, 67927, 31852, 80811, 3497, 24763, 76576, 6447, 51921, 24582, 67902, 99777, 99703, 83341, 49007, 99280, 24090, 6799, 52732, 30031, 47977, 87252, 5024, 40270, 25148, 18576, 16321, 73258, 96568, 50330, 93058, 53931, 82548, 70345, 30377, 16363, 46283, 71917, 19219, 34599, 59905, 76185, 99134, 52728, 85779, 32717, 4809, 23223, 7767, 36688, 17927, 33222, 5461, 58987, 99150, 82453, 68878, 27439, 92942, 79331, 71474, 34897, 35197, 84658, 51810, 88051, 90117, 15640, 25537, 1192, 5758, 16919, 16570, 54940, 71350, 57863, 28374, 25430, 96910, 25138, 30623, 84961, 23541, 35862, 94330, 34467, 45322, 3068, 32691, 19717, 72709, 77504, 12874, 8035, 4199, 32629, 29326, 50091, 4290, 69037, 67868, 4858, 18189, 81289, 10537, 34484, 97761, 36705, 52886, 29677, 92414, 65300, 4493, 83991, 25685, 6104, 23112, 72137, 96757, 13483, 18308, 221, 14358, 49795, 76044, 65013, 87872, 95304, 14399, 812, 64706, 60775, 65656, 55460, 64130, 33001, 14835, 17431, 45023, 79744, 46149, 17211, 1932, 89664, 35867, 75834, 45835, 33920, 51887, 56077, 57612, 3201, 66246, 43129, 72962, 59486, 41799, 36083, 78794, 55644, 16064, 47916, 43687, 87424, 99482, 17585, 78994, 36067, 56930, 68493, 83129, 64732, 86546, 74055, 94524, 52064, 83683, 31321, 53390, 89787, 97909, 96890, 42138, 43171, 63419, 72477, 642, 72325, 14142, 88837, 64298, 53853, 33912, 90976, 51351, 53580, 44520, 1115, 7377, 51291, 91564, 16199, 86922, 17805, 85895, 43694, 18547, 43604, 34423, 97118, 34445, 84791, 71375, 31055, 9941, 27422, 27295, 25492, 21731, 54058, 56103, 74702, 88389, 39787, 83292, 56321, 80058, 48446, 90534, 99020, 53183, 57349, 5351, 62399, 11726, 72703, 23079, 88458, 14886, 42115, 37381, 53447, 80416, 75451, 17441, 22787, 25968, 37997, 43457, 70409, 3144, 30291, 27680, 46416, 33566, 93834, 69479, 8313, 69016, 56653]})"
32.0,9,38,66,35.15367555618286,210,"Genotype(dna={""<class 'abc.NT_0014'>"": [0, 9891], ""<class 'abc.NT_0014_P_00000'>"": [], ""<class 'abc.NT_0003'>"": [], ""<class 'abc.NT_0003_P_00000'>"": [], ""<class 'bool'>"": [34892, 53838, 93055, 22069, 78539, 27596, 11504, 95280, 56278, 13913, 91591, 97012, 50516, 84139, 91601, 80048, 36855, 76229, 96396, 90534, 62399, 56318, 86613, 30291, 93834, 69479, 91703], ""<class 'abc.NT_0000'>"": [0, 2, 3, 0, 0, 66646, 24329, 0, 57112, 0, 0, 0, 96236, 19448, 3, 67907, 2, 0, 61061, 0, 47365, 65468, 40560, 0, 1, 35560, 2, 0, 2, 6530, 90460, 0, 0, 0, 1053, 51537, 23729, 3136, 21603, 1290, 82817, 25314, 57349, 5351, 72703, 23079, 41017, 74148, 17441, 6983, 25968, 74036, 43457, 70409, 70746], ""<class 'abc.NT_0000_P_00000'>"": [], ""<class 'int'>"": [11527, 89970, 57184, 94912, 12901, 2737, 25019, 94292, 7422, 84436, 79517, 92390, 83981, 41079, 54502, 66359, 45824, 66531, 20954, 87223, 18331, 85267, 30558, 83139, 26738, 4868, 77382, 79248, 84283, 30291, 69479, 56653, 51366, 23356, 63194, 54071, 7575, 38385], ""<class 'abc.NT_0000_P_00001'>"": [], ""<class 'abc.NT_0000_P_00002'>"": [], ""<class 'abc.NT_0000_P_00003'>"": [], ""<class 'abc.NT_0001'>"": [1, 99233, 59169, 80416, 13326, 80335, 56653], ""<class 'abc.NT_0001_P_00000'>"": [], ""<class 'abc.NT_0001_P_00001'>"": [], ""<class 'abc.NT_0001_P_00002'>"": [], ""<class 'abc.NT_0001_P_00003'>"": [], ""<class 'abc.NT_0001_P_00004'>"": [], ""<class 'abc.NT_0001_P_00005'>"": [], ""<class 'abc.NT_0001_P_00006'>"": [], ""<class 'abc.NT_0003_P_00001'>"": [], ""<class 'abc.NT_0002'>"": [0, 63043], ""<class 'abc.NT_0002_P_00000'>"": [], ""<class 'abc.NT_0002_P_00001'>"": [], ""<class 'abc.NT_0002_P_00002'>"": [], ""<class 'abc.NT_0002_P_00003'>"": [], ""<class 'abc.NT_0004'>"": [], ""<class 'abc.NT_0004_P_00000'>"": [], ""<class 'abc.NT_0014_P_00001'>"": [], ""<class 'abc.NT_0013'>"": [31174, 87753, 70326], ""<class 'abc.NT_0013_P_00000'>"": [], ""<class 'abc.NT_0011'>"": [1, 98607], ""<class 'abc.NT_0011_P_00000'>"": [], ""<class 'abc.NT_0011_P_00001'>"": [], ""<class 'abc.NT_0008'>"": [56358, 25492], ""<class 'abc.NT_0008_P_00000'>"": [], ""<class 'abc.NT_0005'>"": [65439, 70998], ""<class 'abc.NT_0005_P_00000'>"": [], ""<class 'abc.NT_0005_P_00001'>"": [], ""<class 'abc.NT_0007'>"": [63976, 27295], ""<class 'abc.NT_0007_P_00000'>"": [], ""<class 'abc.NT_0006'>"": [51447, 91312], ""<class 'abc.NT_0006_P_00000'>"": [], ""<class 'abc.NT_0006_P_00001'>"": [], ""<class 'abc.NT_0007_P_00001'>"": [], ""<class 'abc.NT_0007_P_00002'>"": [], ""<class 'abc.NT_0007_P_00003'>"": [], ""<class 'abc.NT_0008_P_00001'>"": [], ""<class 'abc.NT_0009'>"": [8, 58070, 39787], ""<class 'abc.NT_0009_P_00000'>"": [], ""<class 'abc.NT_0009_P_00001'>"": [], ""<class 'abc.NT_0009_P_00002'>"": [], ""<class 'abc.NT_0009_P_00003'>"": [], ""<class 'abc.NT_0009_P_00004'>"": [], ""<class 'abc.NT_0009_P_00005'>"": [], ""<class 'abc.NT_0009_P_00006'>"": [], ""<class 'abc.NT_0009_P_00007'>"": [], ""<class 'abc.NT_0009_P_00008'>"": [], ""<class 'abc.NT_0011_P_00002'>"": [], ""<class 'abc.NT_0010'>"": [53447, 75927], ""<class 'abc.NT_0010_P_00000'>"": [], ""<class 'abc.NT_0010_P_00001'>"": [], ""<class 'abc.NT_0010_P_00002'>"": [], ""<class 'abc.NT_0010_P_00003'>"": [], ""<class 'abc.NT_0010_P_00004'>"": [], ""<class 'abc.NT_0010_P_00005'>"": [], ""<class 'abc.NT_0011_P_00003'>"": [], ""<class 'abc.NT_0011_P_00004'>"": [], ""<class 'abc.NT_0011_P_00005'>"": [], ""<class 'abc.NT_0011_P_00006'>"": [], ""<class 'abc.NT_0011_P_00007'>"": [], ""<class 'abc.NT_0011_P_00008'>"": [], ""<class 'abc.NT_0011_P_00009'>"": [], ""<class 'abc.NT_0014_P_00002'>"": [], ""<class 'abc.NT_0014_P_00003'>"": [], ""<class 'abc.NT_0014_P_00004'>"": [], '$leftovers': [612, 51366, 29977, 7941, 62781, 93978, 48081, 63396, 57279, 63194, 37786, 54499, 54071, 7255, 805, 91855, 9788, 55863, 13874, 90931, 38385, 43619, 36227, 61359, 25033, 26828, 94952, 78514, 81573, 7035, 57599, 63649, 37284, 79243, 23816, 36097, 45176, 45221, 21659, 73410, 77378, 61609, 53485, 83091, 55364, 804, 37863, 62128, 64631, 84523, 68409, 46658, 59869, 22948, 53816, 17703, 86036, 23930, 54711, 27159, 47907, 22129, 19429, 11704, 67050, 80298, 69224, 57646, 14733, 44317, 85077, 74191, 78264, 27076, 89776, 5196, 46711, 95884, 100000, 42859, 92197, 62164, 34041, 96434, 9186, 84986, 23729, 32442, 9078, 30947, 10584, 90176, 39265, 2903, 26641, 17813, 64068, 47390, 53496, 84055, 91192, 43627, 10978, 20051, 63072, 17541, 52384, 82602, 2071, 73349, 76496, 93237, 90746, 94169, 1089, 1963, 87259, 78716, 97251, 74560, 92319, 88430, 30065, 35943, 26646, 58575, 20564, 68822, 1955, 11977, 701, 8879, 51642, 65013, 37021, 8254, 64968, 54544, 55206, 50487, 94823, 39401, 11005, 50507, 4078, 47520, 40046, 60171, 93652, 930, 40344, 61205, 60575, 32914, 87845, 18974, 88335, 23738, 9159, 67945, 35873, 79289, 92027, 47069, 50717, 19269, 86431, 12677, 1847, 82569, 10719, 49874, 57438, 74245, 9728, 35214, 60927, 50418, 3072, 33653, 84097, 10451, 10948, 43565, 35042, 52901, 60373, 71523, 99916, 21066, 31862, 7158, 61957, 29065, 73503, 77066, 90914, 2224, 23949, 58836, 36313, 52163, 15402, 95181, 97248, 72223, 64484, 31579, 7361, 13133, 8559, 5315, 12957, 97480, 15964, 47289, 18201, 64048, 38836, 23949, 65274, 81688, 15908, 97641, 68909, 88194, 58203, 54156, 17884, 17015, 98114, 85070, 44487, 35609, 43946, 13163, 68656, 46368, 64590, 40998, 4333, 23209, 48312, 91519, 45912, 95154, 82162, 65190, 2680, 41571, 50993, 530, 20715, 62325, 69130, 87411, 51896, 25041, 1061, 92007, 16083, 61009, 22448, 76926, 40530, 5740, 65551, 74307, 70243, 88860, 56449, 62236, 73737, 14864, 20769, 33438, 2720, 19958, 14224, 62871, 11924, 4195, 94579, 90772, 15850, 32394, 39534, 94217, 24432, 49736, 19142, 95031, 91556, 84878, 36003, 82744, 39005, 77560, 67854, 74174, 65238, 42610, 38442, 5045, 8394, 50169, 85223, 39318, 11999, 19698, 62218, 20982, 75579, 83921, 36322, 81232, 74890, 79155, 7974, 87957, 31618, 15302, 46288, 41529, 54402, 51898, 8904, 68466, 16655, 33307, 87657, 62302, 99805, 94712, 27432, 6792, 318, 28470, 61849, 26074, 24481, 33234, 11701, 90978, 8418, 34547, 73073, 14229, 92931, 45528, 46305, 58234, 95428, 52910, 64691, 89529, 6125, 95529, 23717, 34258, 15039, 26343, 25322, 18533, 87153, 22501, 24377, 93511, 91108, 66007, 60481, 95208, 62676, 92031, 61249, 21040, 27224, 8088, 84181, 33593, 86548, 72607, 12800, 5611, 73844, 6692, 65230, 36526, 2469, 35635, 48449, 14719, 78189, 85243, 55844, 24071, 23788, 78878, 22883, 30166, 25797, 10713, 24202, 63862, 69116, 6614, 65627, 74821, 9118, 52050, 1045, 85212, 62012, 89898, 79364, 88858, 96964, 35830, 60888, 26734, 88556, 30404, 7619, 80278, 68622, 93232, 34306, 31485, 56275, 18665, 75621, 64839, 93770, 28199, 22239, 59130, 77628, 99168, 70420, 75781, 62501, 671, 82149, 26309, 8026, 6187, 34342, 77941, 96327, 7003, 65713, 2941, 26673, 45799, 5550, 98918, 65458, 56546, 58743, 93533, 64790, 30347, 32662, 73325, 77970, 21733, 35559, 73040, 79043, 59441, 82022, 37637, 7661, 94041, 96708, 7898, 70255, 89025, 83488, 90561, 63581, 77717, 74197, 27575, 58299, 53110, 73807, 71575, 26219, 35022, 49263, 13153, 34531, 51399, 44165, 26477, 4658, 89217, 10088, 77375, 38696, 57234, 69828, 27880, 19969, 12884, 48301, 32382, 79158, 72530, 2303, 28606, 30300, 17727, 74408, 82473, 74031, 47501, 28349, 67701, 75802, 89880, 6847, 37677, 42094, 59098, 33292, 25396, 1653, 33802, 37033, 82988, 18807, 34788, 32442, 21412, 79504, 70667, 67140, 188, 92567, 14712, 41955, 83231, 16604, 44261, 9248, 17311, 28714, 91679, 32487, 26287, 45537, 96338, 4907, 91004, 40305, 38855, 30113, 31802, 90368, 29632, 22399, 27504, 74924, 64570, 3170, 73381, 73608, 82107, 55004, 28453, 81413, 83401, 86827, 3755, 19280, 39809, 58531, 69352, 77285, 75236, 65692, 7596, 96792, 61193, 32718, 15171, 87988, 30166, 54746, 77236, 17432, 95331, 38981, 88240, 38898, 32172, 79555, 11740, 12372, 21314, 35314, 93047, 42158, 12888, 45757, 12444, 53196, 24354, 10754, 11298, 51034, 29460, 54561, 63362, 63137, 80288, 88200, 90124, 34341, 79738, 29507, 1371, 45727, 33233, 20038, 80414, 21940, 30707, 90006, 24595, 36850, 16424, 43356, 57374, 16541, 37502, 37384, 44186, 1581, 55147, 81574, 36342, 34700, 77319, 28025, 42804, 70814, 97334, 63170, 45671, 92728, 50865, 61805, 79230, 95797, 79382, 69832, 39248, 70970, 62614, 68180, 36578, 66699, 90803, 28447, 48009, 97357, 19944, 60879, 16057, 92445, 75982, 37067, 41406, 92224, 10099, 38077, 10238, 68458, 6537, 63778, 57556, 62039, 11823, 13270, 39382, 5448, 99101, 892, 8806, 21031, 7912, 86405, 50251, 88331, 79170, 19276, 48689, 73426, 83963, 98871, 32530, 19826, 24930, 70628, 89666, 23784, 22342, 79694, 80437, 28733, 99765, 7735, 65443, 39629, 65691, 45234, 52942, 70165, 64742, 7593, 35389, 38346, 53370, 1486, 63745, 59201, 84112, 82078, 59842, 55744, 6361, 15079, 910, 53287, 86305, 5582, 34924, 69056, 67927, 31852, 80811, 3497, 24763, 76576, 6447, 51921, 24582, 67902, 99777, 99703, 83341, 49007, 99280, 24090, 6799, 52732, 30031, 47977, 87252, 5024, 40270, 25148, 18576, 16321, 73258, 96568, 50330, 93058, 53931, 82548, 70345, 30377, 16363, 46283, 71917, 19219, 34599, 59905, 76185, 99134, 52728, 85779, 32717, 4809, 23223, 7767, 36688, 17927, 33222, 5461, 58987, 99150, 82453, 68878, 27439, 92942, 79331, 71474, 34897, 35197, 84658, 51810, 88051, 90117, 15640, 25537, 1192, 5758, 16919, 16570, 54940, 71350, 57863, 28374, 25430, 96910, 25138, 30623, 84961, 23541, 35862, 94330, 34467, 45322, 3068, 32691, 19717, 72709, 77504, 12874, 8035, 4199, 32629, 29326, 50091, 4290, 69037, 67868, 4858, 18189, 81289, 10537, 34484, 97761, 36705, 52886, 29677, 92414, 65300, 4493, 83991, 25685, 6104, 23112, 72137, 96757, 13483, 18308, 221, 14358, 49795, 76044, 65013, 87872, 95304, 14399, 812, 64706, 60775, 65656, 55460, 64130, 33001, 14835, 17431, 45023, 79744, 46149, 17211, 1932, 89664, 35867, 75834, 45835, 33920, 51887, 56077, 57612, 3201, 66246, 43129, 72962, 59486, 41799, 36083, 78794, 55644, 16064, 47916, 43687, 87424, 99482, 17585, 78994, 36067, 56930, 68493, 83129, 64732, 86546, 74055, 94524, 52064, 83683, 31321, 53390, 89787, 97909, 96890, 42138, 43171, 63419, 72477, 642, 72325, 14142, 88837, 64298, 53853, 33912, 90976, 51351, 53580, 44520, 1115, 7377, 51291, 91564, 16199, 86922, 17805, 85895, 43694, 18547, 43604, 34423, 97118, 34445, 84791, 71375, 31055, 9941, 27422, 27295, 25492, 21731, 54058, 56103, 74702, 88389, 39787, 83292, 56321, 80058, 48446, 90534, 99020, 53183, 57349, 5351, 62399, 11726, 72703, 23079, 88458, 14886, 42115, 37381, 53447, 80416, 75451, 17441, 22787, 25968, 37997, 43457, 70409, 3144, 30291, 27680, 46416, 33566, 93834, 69479, 8313, 69016, 56653]})"
32.0,9,38,67,35.4696319103241,210,"Genotype(dna={""<class 'abc.NT_0014'>"": [0, 9891], ""<class 'abc.NT_0014_P_00000'>"": [], ""<class 'abc.NT_0003'>"": [], ""<class 'abc.NT_0003_P_00000'>"": [], ""<class 'bool'>"": [34892, 53838, 93055, 22069, 78539, 27596, 11504, 95280, 56278, 13913, 91591, 97012, 50516, 84139, 91601, 80048, 36855, 76229, 96396, 90534, 62399, 56318, 86613, 30291, 93834, 69479, 91703], ""<class 'abc.NT_0000'>"": [0, 2, 3, 0, 0, 66646, 24329, 0, 57112, 0, 0, 0, 96236, 19448, 3, 67907, 2, 0, 61061, 0, 47365, 65468, 40560, 0, 1, 35560, 2, 0, 2, 6530, 90460, 0, 0, 0, 1053, 51537, 23729, 3136, 21603, 1290, 82817, 25314, 57349, 5351, 72703, 23079, 41017, 74148, 17441, 6983, 25968, 74036, 43457, 70409, 70746], ""<class 'abc.NT_0000_P_00000'>"": [], ""<class 'int'>"": [11527, 89970, 57184, 94912, 12901, 2737, 25019, 94292, 7422, 84436, 79517, 92390, 83981, 41079, 54502, 66359, 45824, 66531, 20954, 87223, 18331, 85267, 30558, 83139, 26738, 4868, 77382, 79248, 84283, 30291, 69479, 56653, 51366, 23356, 63194, 54071, 7575, 38385], ""<class 'abc.NT_0000_P_00001'>"": [], ""<class 'abc.NT_0000_P_00002'>"": [], ""<class 'abc.NT_0000_P_00003'>"": [], ""<class 'abc.NT_0001'>"": [1, 99233, 59169, 80416, 13326, 80335, 56653], ""<class 'abc.NT_0001_P_00000'>"": [], ""<class 'abc.NT_0001_P_00001'>"": [], ""<class 'abc.NT_0001_P_00002'>"": [], ""<class 'abc.NT_0001_P_00003'>"": [], ""<class 'abc.NT_0001_P_00004'>"": [], ""<class 'abc.NT_0001_P_00005'>"": [], ""<class 'abc.NT_0001_P_00006'>"": [], ""<class 'abc.NT_0003_P_00001'>"": [], ""<class 'abc.NT_0002'>"": [0, 63043], ""<class 'abc.NT_0002_P_00000'>"": [], ""<class 'abc.NT_0002_P_00001'>"": [], ""<class 'abc.NT_0002_P_00002'>"": [], ""<class 'abc.NT_0002_P_00003'>"": [], ""<class 'abc.NT_0004'>"": [], ""<class 'abc.NT_0004_P_00000'>"": [], ""<class 'abc.NT_0014_P_00001'>"": [], ""<class 'abc.NT_0013'>"": [31174, 87753, 70326], ""<class 'abc.NT_0013_P_00000'>"": [], ""<class 'abc.NT_0011'>"": [1, 98607], ""<class 'abc.NT_0011_P_00000'>"": [], ""<class 'abc.NT_0011_P_00001'>"": [], ""<class 'abc.NT_0008'>"": [56358, 25492], ""<class 'abc.NT_0008_P_00000'>"": [], ""<class 'abc.NT_0005'>"": [65439, 70998], ""<class 'abc.NT_0005_P_00000'>"": [], ""<class 'abc.NT_0005_P_00001'>"": [], ""<class 'abc.NT_0007'>"": [63976, 27295], ""<class 'abc.NT_0007_P_00000'>"": [], ""<class 'abc.NT_0006'>"": [51447, 91312], ""<class 'abc.NT_0006_P_00000'>"": [], ""<class 'abc.NT_0006_P_00001'>"": [], ""<class 'abc.NT_0007_P_00001'>"": [], ""<class 'abc.NT_0007_P_00002'>"": [], ""<class 'abc.NT_0007_P_00003'>"": [], ""<class 'abc.NT_0008_P_00001'>"": [], ""<class 'abc.NT_0009'>"": [8, 58070, 39787], ""<class 'abc.NT_0009_P_00000'>"": [], ""<class 'abc.NT_0009_P_00001'>"": [], ""<class 'abc.NT_0009_P_00002'>"": [], ""<class 'abc.NT_0009_P_00003'>"": [], ""<class 'abc.NT_0009_P_00004'>"": [], ""<class 'abc.NT_0009_P_00005'>"": [], ""<class 'abc.NT_0009_P_00006'>"": [], ""<class 'abc.NT_0009_P_00007'>"": [], ""<class 'abc.NT_0009_P_00008'>"": [], ""<class 'abc.NT_0011_P_00002'>"": [], ""<class 'abc.NT_0010'>"": [53447, 75927], ""<class 'abc.NT_0010_P_00000'>"": [], ""<class 'abc.NT_0010_P_00001'>"": [], ""<class 'abc.NT_0010_P_00002'>"": [], ""<class 'abc.NT_0010_P_00003'>"": [], ""<class 'abc.NT_0010_P_00004'>"": [], ""<class 'abc.NT_0010_P_00005'>"": [], ""<class 'abc.NT_0011_P_00003'>"": [], ""<class 'abc.NT_0011_P_00004'>"": [], ""<class 'abc.NT_0011_P_00005'>"": [], ""<class 'abc.NT_0011_P_00006'>"": [], ""<class 'abc.NT_0011_P_00007'>"": [], ""<class 'abc.NT_0011_P_00008'>"": [], ""<class 'abc.NT_0011_P_00009'>"": [], ""<class 'abc.NT_0014_P_00002'>"": [], ""<class 'abc.NT_0014_P_00003'>"": [], ""<class 'abc.NT_0014_P_00004'>"": [], '$leftovers': [612, 51366, 29977, 7941, 62781, 93978, 48081, 63396, 57279, 63194, 37786, 54499, 54071, 7255, 805, 91855, 9788, 55863, 13874, 90931, 38385, 43619, 36227, 61359, 25033, 26828, 94952, 78514, 81573, 7035, 57599, 63649, 37284, 79243, 23816, 36097, 45176, 45221, 21659, 73410, 77378, 61609, 53485, 83091, 55364, 804, 37863, 62128, 64631, 84523, 68409, 46658, 59869, 22948, 53816, 17703, 86036, 23930, 54711, 27159, 47907, 22129, 19429, 11704, 67050, 80298, 69224, 57646, 14733, 44317, 85077, 74191, 78264, 27076, 89776, 5196, 46711, 95884, 100000, 42859, 92197, 62164, 34041, 96434, 9186, 84986, 23729, 32442, 9078, 30947, 10584, 90176, 39265, 2903, 26641, 17813, 64068, 47390, 53496, 84055, 91192, 43627, 10978, 20051, 63072, 17541, 52384, 82602, 2071, 73349, 76496, 93237, 90746, 94169, 1089, 1963, 87259, 78716, 97251, 74560, 92319, 88430, 30065, 35943, 26646, 58575, 20564, 68822, 1955, 11977, 701, 8879, 51642, 65013, 37021, 8254, 64968, 54544, 55206, 50487, 94823, 39401, 11005, 50507, 4078, 47520, 40046, 60171, 93652, 930, 40344, 61205, 60575, 32914, 87845, 18974, 88335, 23738, 9159, 67945, 35873, 79289, 92027, 47069, 50717, 19269, 86431, 12677, 1847, 82569, 10719, 49874, 57438, 74245, 9728, 35214, 60927, 50418, 3072, 33653, 84097, 10451, 10948, 43565, 35042, 52901, 60373, 71523, 99916, 21066, 31862, 7158, 61957, 29065, 73503, 77066, 90914, 2224, 23949, 58836, 36313, 52163, 15402, 95181, 97248, 72223, 64484, 31579, 7361, 13133, 8559, 5315, 12957, 97480, 15964, 47289, 18201, 64048, 38836, 23949, 65274, 81688, 15908, 97641, 68909, 88194, 58203, 54156, 17884, 17015, 98114, 85070, 44487, 35609, 43946, 13163, 68656, 46368, 64590, 40998, 4333, 23209, 48312, 91519, 45912, 95154, 82162, 65190, 2680, 41571, 50993, 530, 20715, 62325, 69130, 87411, 51896, 25041, 1061, 92007, 16083, 61009, 22448, 76926, 40530, 5740, 65551, 74307, 70243, 88860, 56449, 62236, 73737, 14864, 20769, 33438, 2720, 19958, 14224, 62871, 11924, 4195, 94579, 90772, 15850, 32394, 39534, 94217, 24432, 49736, 19142, 95031, 91556, 84878, 36003, 82744, 39005, 77560, 67854, 74174, 65238, 42610, 38442, 5045, 8394, 50169, 85223, 39318, 11999, 19698, 62218, 20982, 75579, 83921, 36322, 81232, 74890, 79155, 7974, 87957, 31618, 15302, 46288, 41529, 54402, 51898, 8904, 68466, 16655, 33307, 87657, 62302, 99805, 94712, 27432, 6792, 318, 28470, 61849, 26074, 24481, 33234, 11701, 90978, 8418, 34547, 73073, 14229, 92931, 45528, 46305, 58234, 95428, 52910, 64691, 89529, 6125, 95529, 23717, 34258, 15039, 26343, 25322, 18533, 87153, 22501, 24377, 93511, 91108, 66007, 60481, 95208, 62676, 92031, 61249, 21040, 27224, 8088, 84181, 33593, 86548, 72607, 12800, 5611, 73844, 6692, 65230, 36526, 2469, 35635, 48449, 14719, 78189, 85243, 55844, 24071, 23788, 78878, 22883, 30166, 25797, 10713, 24202, 63862, 69116, 6614, 65627, 74821, 9118, 52050, 1045, 85212, 62012, 89898, 79364, 88858, 96964, 35830, 60888, 26734, 88556, 30404, 7619, 80278, 68622, 93232, 34306, 31485, 56275, 18665, 75621, 64839, 93770, 28199, 22239, 59130, 77628, 99168, 70420, 75781, 62501, 671, 82149, 26309, 8026, 6187, 34342, 77941, 96327, 7003, 65713, 2941, 26673, 45799, 5550, 98918, 65458, 56546, 58743, 93533, 64790, 30347, 32662, 73325, 77970, 21733, 35559, 73040, 79043, 59441, 82022, 37637, 7661, 94041, 96708, 7898, 70255, 89025, 83488, 90561, 63581, 77717, 74197, 27575, 58299, 53110, 73807, 71575, 26219, 35022, 49263, 13153, 34531, 51399, 44165, 26477, 4658, 89217, 10088, 77375, 38696, 57234, 69828, 27880, 19969, 12884, 48301, 32382, 79158, 72530, 2303, 28606, 30300, 17727, 74408, 82473, 74031, 47501, 28349, 67701, 75802, 89880, 6847, 37677, 42094, 59098, 33292, 25396, 1653, 33802, 37033, 82988, 18807, 34788, 32442, 21412, 79504, 70667, 67140, 188, 92567, 14712, 41955, 83231, 16604, 44261, 9248, 17311, 28714, 91679, 32487, 26287, 45537, 96338, 4907, 91004, 40305, 38855, 30113, 31802, 90368, 29632, 22399, 27504, 74924, 64570, 3170, 73381, 73608, 82107, 55004, 28453, 81413, 83401, 86827, 3755, 19280, 39809, 58531, 69352, 77285, 75236, 65692, 7596, 96792, 61193, 32718, 15171, 87988, 30166, 54746, 77236, 17432, 95331, 38981, 88240, 38898, 32172, 79555, 11740, 12372, 21314, 35314, 93047, 42158, 12888, 45757, 12444, 53196, 24354, 10754, 11298, 51034, 29460, 54561, 63362, 63137, 80288, 88200, 90124, 34341, 79738, 29507, 1371, 45727, 33233, 20038, 80414, 21940, 30707, 90006, 24595, 36850, 16424, 43356, 57374, 16541, 37502, 37384, 44186, 1581, 55147, 81574, 36342, 34700, 77319, 28025, 42804, 70814, 97334, 63170, 45671, 92728, 50865, 61805, 79230, 95797, 79382, 69832, 39248, 70970, 62614, 68180, 36578, 66699, 90803, 28447, 48009, 97357, 19944, 60879, 16057, 92445, 75982, 37067, 41406, 92224, 10099, 38077, 10238, 68458, 6537, 63778, 57556, 62039, 11823, 13270, 39382, 5448, 99101, 892, 8806, 21031, 7912, 86405, 50251, 88331, 79170, 19276, 48689, 73426, 83963, 98871, 32530, 19826, 24930, 70628, 89666, 23784, 22342, 79694, 80437, 28733, 99765, 7735, 65443, 39629, 65691, 45234, 52942, 70165, 64742, 7593, 35389, 38346, 53370, 1486, 63745, 59201, 84112, 82078, 59842, 55744, 6361, 15079, 910, 53287, 86305, 5582, 34924, 69056, 67927, 31852, 80811, 3497, 24763, 76576, 6447, 51921, 24582, 67902, 99777, 99703, 83341, 49007, 99280, 24090, 6799, 52732, 30031, 47977, 87252, 5024, 40270, 25148, 18576, 16321, 73258, 96568, 50330, 93058, 53931, 82548, 70345, 30377, 16363, 46283, 71917, 19219, 34599, 59905, 76185, 99134, 52728, 85779, 32717, 4809, 23223, 7767, 36688, 17927, 33222, 5461, 58987, 99150, 82453, 68878, 27439, 92942, 79331, 71474, 34897, 35197, 84658, 51810, 88051, 90117, 15640, 25537, 1192, 5758, 16919, 16570, 54940, 71350, 57863, 28374, 25430, 96910, 25138, 30623, 84961, 23541, 35862, 94330, 34467, 45322, 3068, 32691, 19717, 72709, 77504, 12874, 8035, 4199, 32629, 29326, 50091, 4290, 69037, 67868, 4858, 18189, 81289, 10537, 34484, 97761, 36705, 52886, 29677, 92414, 65300, 4493, 83991, 25685, 6104, 23112, 72137, 96757, 13483, 18308, 221, 14358, 49795, 76044, 65013, 87872, 95304, 14399, 812, 64706, 60775, 65656, 55460, 64130, 33001, 14835, 17431, 45023, 79744, 46149, 17211, 1932, 89664, 35867, 75834, 45835, 33920, 51887, 56077, 57612, 3201, 66246, 43129, 72962, 59486, 41799, 36083, 78794, 55644, 16064, 47916, 43687, 87424, 99482, 17585, 78994, 36067, 56930, 68493, 83129, 64732, 86546, 74055, 94524, 52064, 83683, 31321, 53390, 89787, 97909, 96890, 42138, 43171, 63419, 72477, 642, 72325, 14142, 88837, 64298, 53853, 33912, 90976, 51351, 53580, 44520, 1115, 7377, 51291, 91564, 16199, 86922, 17805, 85895, 43694, 18547, 43604, 34423, 97118, 34445, 84791, 71375, 31055, 9941, 27422, 27295, 25492, 21731, 54058, 56103, 74702, 88389, 39787, 83292, 56321, 80058, 48446, 90534, 99020, 53183, 57349, 5351, 62399, 11726, 72703, 23079, 88458, 14886, 42115, 37381, 53447, 80416, 75451, 17441, 22787, 25968, 37997, 43457, 70409, 3144, 30291, 27680, 46416, 33566, 93834, 69479, 8313, 69016, 56653]})"
32.0,9,38,68,35.823490619659424,210,"Genotype(dna={""<class 'abc.NT_0014'>"": [0, 9891], ""<class 'abc.NT_0014_P_00000'>"": [], ""<class 'abc.NT_0003'>"": [], ""<class 'abc.NT_0003_P_00000'>"": [], ""<class 'bool'>"": [34892, 53838, 93055, 22069, 78539, 27596, 11504, 95280, 56278, 13913, 91591, 97012, 50516, 84139, 91601, 80048, 36855, 76229, 96396, 90534, 62399, 56318, 86613, 30291, 93834, 69479, 91703], ""<class 'abc.NT_0000'>"": [0, 2, 3, 0, 0, 66646, 24329, 0, 57112, 0, 0, 0, 96236, 19448, 3, 67907, 2, 0, 61061, 0, 47365, 65468, 40560, 0, 1, 35560, 2, 0, 2, 6530, 90460, 0, 0, 0, 1053, 51537, 23729, 3136, 21603, 1290, 82817, 25314, 57349, 5351, 72703, 23079, 41017, 74148, 17441, 6983, 25968, 74036, 43457, 70409, 70746], ""<class 'abc.NT_0000_P_00000'>"": [], ""<class 'int'>"": [11527, 89970, 57184, 94912, 12901, 2737, 25019, 94292, 7422, 84436, 79517, 92390, 83981, 41079, 54502, 66359, 45824, 66531, 20954, 87223, 18331, 85267, 30558, 83139, 26738, 4868, 77382, 79248, 84283, 30291, 69479, 56653, 51366, 23356, 63194, 54071, 7575, 38385], ""<class 'abc.NT_0000_P_00001'>"": [], ""<class 'abc.NT_0000_P_00002'>"": [], ""<class 'abc.NT_0000_P_00003'>"": [], ""<class 'abc.NT_0001'>"": [1, 99233, 59169, 80416, 13326, 80335, 56653], ""<class 'abc.NT_0001_P_00000'>"": [], ""<class 'abc.NT_0001_P_00001'>"": [], ""<class 'abc.NT_0001_P_00002'>"": [], ""<class 'abc.NT_0001_P_00003'>"": [], ""<class 'abc.NT_0001_P_00004'>"": [], ""<class 'abc.NT_0001_P_00005'>"": [], ""<class 'abc.NT_0001_P_00006'>"": [], ""<class 'abc.NT_0003_P_00001'>"": [], ""<class 'abc.NT_0002'>"": [0, 63043], ""<class 'abc.NT_0002_P_00000'>"": [], ""<class 'abc.NT_0002_P_00001'>"": [], ""<class 'abc.NT_0002_P_00002'>"": [], ""<class 'abc.NT_0002_P_00003'>"": [], ""<class 'abc.NT_0004'>"": [], ""<class 'abc.NT_0004_P_00000'>"": [], ""<class 'abc.NT_0014_P_00001'>"": [], ""<class 'abc.NT_0013'>"": [31174, 87753, 70326], ""<class 'abc.NT_0013_P_00000'>"": [], ""<class 'abc.NT_0011'>"": [1, 98607], ""<class 'abc.NT_0011_P_00000'>"": [], ""<class 'abc.NT_0011_P_00001'>"": [], ""<class 'abc.NT_0008'>"": [56358, 25492], ""<class 'abc.NT_0008_P_00000'>"": [], ""<class 'abc.NT_0005'>"": [65439, 70998], ""<class 'abc.NT_0005_P_00000'>"": [], ""<class 'abc.NT_0005_P_00001'>"": [], ""<class 'abc.NT_0007'>"": [63976, 27295], ""<class 'abc.NT_0007_P_00000'>"": [], ""<class 'abc.NT_0006'>"": [51447, 91312], ""<class 'abc.NT_0006_P_00000'>"": [], ""<class 'abc.NT_0006_P_00001'>"": [], ""<class 'abc.NT_0007_P_00001'>"": [], ""<class 'abc.NT_0007_P_00002'>"": [], ""<class 'abc.NT_0007_P_00003'>"": [], ""<class 'abc.NT_0008_P_00001'>"": [], ""<class 'abc.NT_0009'>"": [8, 58070, 39787], ""<class 'abc.NT_0009_P_00000'>"": [], ""<class 'abc.NT_0009_P_00001'>"": [], ""<class 'abc.NT_0009_P_00002'>"": [], ""<class 'abc.NT_0009_P_00003'>"": [], ""<class 'abc.NT_0009_P_00004'>"": [], ""<class 'abc.NT_0009_P_00005'>"": [], ""<class 'abc.NT_0009_P_00006'>"": [], ""<class 'abc.NT_0009_P_00007'>"": [], ""<class 'abc.NT_0009_P_00008'>"": [], ""<class 'abc.NT_0011_P_00002'>"": [], ""<class 'abc.NT_0010'>"": [53447, 75927], ""<class 'abc.NT_0010_P_00000'>"": [], ""<class 'abc.NT_0010_P_00001'>"": [], ""<class 'abc.NT_0010_P_00002'>"": [], ""<class 'abc.NT_0010_P_00003'>"": [], ""<class 'abc.NT_0010_P_00004'>"": [], ""<class 'abc.NT_0010_P_00005'>"": [], ""<class 'abc.NT_0011_P_00003'>"": [], ""<class 'abc.NT_0011_P_00004'>"": [], ""<class 'abc.NT_0011_P_00005'>"": [], ""<class 'abc.NT_0011_P_00006'>"": [], ""<class 'abc.NT_0011_P_00007'>"": [], ""<class 'abc.NT_0011_P_00008'>"": [], ""<class 'abc.NT_0011_P_00009'>"": [], ""<class 'abc.NT_0014_P_00002'>"": [], ""<class 'abc.NT_0014_P_00003'>"": [], ""<class 'abc.NT_0014_P_00004'>"": [], '$leftovers': [612, 51366, 29977, 7941, 62781, 93978, 48081, 63396, 57279, 63194, 37786, 54499, 54071, 7255, 805, 91855, 9788, 55863, 13874, 90931, 38385, 43619, 36227, 61359, 25033, 26828, 94952, 78514, 81573, 7035, 57599, 63649, 37284, 79243, 23816, 36097, 45176, 45221, 21659, 73410, 77378, 61609, 53485, 83091, 55364, 804, 37863, 62128, 64631, 84523, 68409, 46658, 59869, 22948, 53816, 17703, 86036, 23930, 54711, 27159, 47907, 22129, 19429, 11704, 67050, 80298, 69224, 57646, 14733, 44317, 85077, 74191, 78264, 27076, 89776, 5196, 46711, 95884, 100000, 42859, 92197, 62164, 34041, 96434, 9186, 84986, 23729, 32442, 9078, 30947, 10584, 90176, 39265, 2903, 26641, 17813, 64068, 47390, 53496, 84055, 91192, 43627, 10978, 20051, 63072, 17541, 52384, 82602, 2071, 73349, 76496, 93237, 90746, 94169, 1089, 1963, 87259, 78716, 97251, 74560, 92319, 88430, 30065, 35943, 26646, 58575, 20564, 68822, 1955, 11977, 701, 8879, 51642, 65013, 37021, 8254, 64968, 54544, 55206, 50487, 94823, 39401, 11005, 50507, 4078, 47520, 40046, 60171, 93652, 930, 40344, 61205, 60575, 32914, 87845, 18974, 88335, 23738, 9159, 67945, 35873, 79289, 92027, 47069, 50717, 19269, 86431, 12677, 1847, 82569, 10719, 49874, 57438, 74245, 9728, 35214, 60927, 50418, 3072, 33653, 84097, 10451, 10948, 43565, 35042, 52901, 60373, 71523, 99916, 21066, 31862, 7158, 61957, 29065, 73503, 77066, 90914, 2224, 23949, 58836, 36313, 52163, 15402, 95181, 97248, 72223, 64484, 31579, 7361, 13133, 8559, 5315, 12957, 97480, 15964, 47289, 18201, 64048, 38836, 23949, 65274, 81688, 15908, 97641, 68909, 88194, 58203, 54156, 17884, 17015, 98114, 85070, 44487, 35609, 43946, 13163, 68656, 46368, 64590, 40998, 4333, 23209, 48312, 91519, 45912, 95154, 82162, 65190, 2680, 41571, 50993, 530, 20715, 62325, 69130, 87411, 51896, 25041, 1061, 92007, 16083, 61009, 22448, 76926, 40530, 5740, 65551, 74307, 70243, 88860, 56449, 62236, 73737, 14864, 20769, 33438, 2720, 19958, 14224, 62871, 11924, 4195, 94579, 90772, 15850, 32394, 39534, 94217, 24432, 49736, 19142, 95031, 91556, 84878, 36003, 82744, 39005, 77560, 67854, 74174, 65238, 42610, 38442, 5045, 8394, 50169, 85223, 39318, 11999, 19698, 62218, 20982, 75579, 83921, 36322, 81232, 74890, 79155, 7974, 87957, 31618, 15302, 46288, 41529, 54402, 51898, 8904, 68466, 16655, 33307, 87657, 62302, 99805, 94712, 27432, 6792, 318, 28470, 61849, 26074, 24481, 33234, 11701, 90978, 8418, 34547, 73073, 14229, 92931, 45528, 46305, 58234, 95428, 52910, 64691, 89529, 6125, 95529, 23717, 34258, 15039, 26343, 25322, 18533, 87153, 22501, 24377, 93511, 91108, 66007, 60481, 95208, 62676, 92031, 61249, 21040, 27224, 8088, 84181, 33593, 86548, 72607, 12800, 5611, 73844, 6692, 65230, 36526, 2469, 35635, 48449, 14719, 78189, 85243, 55844, 24071, 23788, 78878, 22883, 30166, 25797, 10713, 24202, 63862, 69116, 6614, 65627, 74821, 9118, 52050, 1045, 85212, 62012, 89898, 79364, 88858, 96964, 35830, 60888, 26734, 88556, 30404, 7619, 80278, 68622, 93232, 34306, 31485, 56275, 18665, 75621, 64839, 93770, 28199, 22239, 59130, 77628, 99168, 70420, 75781, 62501, 671, 82149, 26309, 8026, 6187, 34342, 77941, 96327, 7003, 65713, 2941, 26673, 45799, 5550, 98918, 65458, 56546, 58743, 93533, 64790, 30347, 32662, 73325, 77970, 21733, 35559, 73040, 79043, 59441, 82022, 37637, 7661, 94041, 96708, 7898, 70255, 89025, 83488, 90561, 63581, 77717, 74197, 27575, 58299, 53110, 73807, 71575, 26219, 35022, 49263, 13153, 34531, 51399, 44165, 26477, 4658, 89217, 10088, 77375, 38696, 57234, 69828, 27880, 19969, 12884, 48301, 32382, 79158, 72530, 2303, 28606, 30300, 17727, 74408, 82473, 74031, 47501, 28349, 67701, 75802, 89880, 6847, 37677, 42094, 59098, 33292, 25396, 1653, 33802, 37033, 82988, 18807, 34788, 32442, 21412, 79504, 70667, 67140, 188, 92567, 14712, 41955, 83231, 16604, 44261, 9248, 17311, 28714, 91679, 32487, 26287, 45537, 96338, 4907, 91004, 40305, 38855, 30113, 31802, 90368, 29632, 22399, 27504, 74924, 64570, 3170, 73381, 73608, 82107, 55004, 28453, 81413, 83401, 86827, 3755, 19280, 39809, 58531, 69352, 77285, 75236, 65692, 7596, 96792, 61193, 32718, 15171, 87988, 30166, 54746, 77236, 17432, 95331, 38981, 88240, 38898, 32172, 79555, 11740, 12372, 21314, 35314, 93047, 42158, 12888, 45757, 12444, 53196, 24354, 10754, 11298, 51034, 29460, 54561, 63362, 63137, 80288, 88200, 90124, 34341, 79738, 29507, 1371, 45727, 33233, 20038, 80414, 21940, 30707, 90006, 24595, 36850, 16424, 43356, 57374, 16541, 37502, 37384, 44186, 1581, 55147, 81574, 36342, 34700, 77319, 28025, 42804, 70814, 97334, 63170, 45671, 92728, 50865, 61805, 79230, 95797, 79382, 69832, 39248, 70970, 62614, 68180, 36578, 66699, 90803, 28447, 48009, 97357, 19944, 60879, 16057, 92445, 75982, 37067, 41406, 92224, 10099, 38077, 10238, 68458, 6537, 63778, 57556, 62039, 11823, 13270, 39382, 5448, 99101, 892, 8806, 21031, 7912, 86405, 50251, 88331, 79170, 19276, 48689, 73426, 83963, 98871, 32530, 19826, 24930, 70628, 89666, 23784, 22342, 79694, 80437, 28733, 99765, 7735, 65443, 39629, 65691, 45234, 52942, 70165, 64742, 7593, 35389, 38346, 53370, 1486, 63745, 59201, 84112, 82078, 59842, 55744, 6361, 15079, 910, 53287, 86305, 5582, 34924, 69056, 67927, 31852, 80811, 3497, 24763, 76576, 6447, 51921, 24582, 67902, 99777, 99703, 83341, 49007, 99280, 24090, 6799, 52732, 30031, 47977, 87252, 5024, 40270, 25148, 18576, 16321, 73258, 96568, 50330, 93058, 53931, 82548, 70345, 30377, 16363, 46283, 71917, 19219, 34599, 59905, 76185, 99134, 52728, 85779, 32717, 4809, 23223, 7767, 36688, 17927, 33222, 5461, 58987, 99150, 82453, 68878, 27439, 92942, 79331, 71474, 34897, 35197, 84658, 51810, 88051, 90117, 15640, 25537, 1192, 5758, 16919, 16570, 54940, 71350, 57863, 28374, 25430, 96910, 25138, 30623, 84961, 23541, 35862, 94330, 34467, 45322, 3068, 32691, 19717, 72709, 77504, 12874, 8035, 4199, 32629, 29326, 50091, 4290, 69037, 67868, 4858, 18189, 81289, 10537, 34484, 97761, 36705, 52886, 29677, 92414, 65300, 4493, 83991, 25685, 6104, 23112, 72137, 96757, 13483, 18308, 221, 14358, 49795, 76044, 65013, 87872, 95304, 14399, 812, 64706, 60775, 65656, 55460, 64130, 33001, 14835, 17431, 45023, 79744, 46149, 17211, 1932, 89664, 35867, 75834, 45835, 33920, 51887, 56077, 57612, 3201, 66246, 43129, 72962, 59486, 41799, 36083, 78794, 55644, 16064, 47916, 43687, 87424, 99482, 17585, 78994, 36067, 56930, 68493, 83129, 64732, 86546, 74055, 94524, 52064, 83683, 31321, 53390, 89787, 97909, 96890, 42138, 43171, 63419, 72477, 642, 72325, 14142, 88837, 64298, 53853, 33912, 90976, 51351, 53580, 44520, 1115, 7377, 51291, 91564, 16199, 86922, 17805, 85895, 43694, 18547, 43604, 34423, 97118, 34445, 84791, 71375, 31055, 9941, 27422, 27295, 25492, 21731, 54058, 56103, 74702, 88389, 39787, 83292, 56321, 80058, 48446, 90534, 99020, 53183, 57349, 5351, 62399, 11726, 72703, 23079, 88458, 14886, 42115, 37381, 53447, 80416, 75451, 17441, 22787, 25968, 37997, 43457, 70409, 3144, 30291, 27680, 46416, 33566, 93834, 69479, 8313, 69016, 56653]})"
32.0,9,38,69,36.40029287338257,210,"Genotype(dna={""<class 'abc.NT_0014'>"": [0, 9891], ""<class 'abc.NT_0014_P_00000'>"": [], ""<class 'abc.NT_0003'>"": [], ""<class 'abc.NT_0003_P_00000'>"": [], ""<class 'bool'>"": [34892, 53838, 93055, 22069, 78539, 27596, 11504, 95280, 56278, 13913, 91591, 97012, 50516, 84139, 91601, 80048, 36855, 76229, 96396, 90534, 62399, 56318, 86613, 30291, 93834, 69479, 91703], ""<class 'abc.NT_0000'>"": [0, 2, 3, 0, 0, 66646, 24329, 0, 57112, 0, 0, 0, 96236, 19448, 3, 67907, 2, 0, 61061, 0, 47365, 65468, 40560, 0, 1, 35560, 2, 0, 2, 6530, 90460, 0, 0, 0, 1053, 51537, 23729, 3136, 21603, 1290, 82817, 25314, 57349, 5351, 72703, 23079, 41017, 74148, 17441, 6983, 25968, 74036, 43457, 70409, 70746], ""<class 'abc.NT_0000_P_00000'>"": [], ""<class 'int'>"": [11527, 89970, 57184, 94912, 12901, 2737, 25019, 94292, 7422, 84436, 79517, 92390, 83981, 41079, 54502, 66359, 45824, 66531, 20954, 87223, 18331, 85267, 30558, 83139, 26738, 4868, 77382, 79248, 84283, 30291, 69479, 56653, 51366, 23356, 63194, 54071, 7575, 38385], ""<class 'abc.NT_0000_P_00001'>"": [], ""<class 'abc.NT_0000_P_00002'>"": [], ""<class 'abc.NT_0000_P_00003'>"": [], ""<class 'abc.NT_0001'>"": [1, 99233, 59169, 80416, 13326, 80335, 56653], ""<class 'abc.NT_0001_P_00000'>"": [], ""<class 'abc.NT_0001_P_00001'>"": [], ""<class 'abc.NT_0001_P_00002'>"": [], ""<class 'abc.NT_0001_P_00003'>"": [], ""<class 'abc.NT_0001_P_00004'>"": [], ""<class 'abc.NT_0001_P_00005'>"": [], ""<class 'abc.NT_0001_P_00006'>"": [], ""<class 'abc.NT_0003_P_00001'>"": [], ""<class 'abc.NT_0002'>"": [0, 63043], ""<class 'abc.NT_0002_P_00000'>"": [], ""<class 'abc.NT_0002_P_00001'>"": [], ""<class 'abc.NT_0002_P_00002'>"": [], ""<class 'abc.NT_0002_P_00003'>"": [], ""<class 'abc.NT_0004'>"": [], ""<class 'abc.NT_0004_P_00000'>"": [], ""<class 'abc.NT_0014_P_00001'>"": [], ""<class 'abc.NT_0013'>"": [31174, 87753, 70326], ""<class 'abc.NT_0013_P_00000'>"": [], ""<class 'abc.NT_0011'>"": [1, 98607], ""<class 'abc.NT_0011_P_00000'>"": [], ""<class 'abc.NT_0011_P_00001'>"": [], ""<class 'abc.NT_0008'>"": [56358, 25492], ""<class 'abc.NT_0008_P_00000'>"": [], ""<class 'abc.NT_0005'>"": [65439, 70998], ""<class 'abc.NT_0005_P_00000'>"": [], ""<class 'abc.NT_0005_P_00001'>"": [], ""<class 'abc.NT_0007'>"": [63976, 27295], ""<class 'abc.NT_0007_P_00000'>"": [], ""<class 'abc.NT_0006'>"": [51447, 91312], ""<class 'abc.NT_0006_P_00000'>"": [], ""<class 'abc.NT_0006_P_00001'>"": [], ""<class 'abc.NT_0007_P_00001'>"": [], ""<class 'abc.NT_0007_P_00002'>"": [], ""<class 'abc.NT_0007_P_00003'>"": [], ""<class 'abc.NT_0008_P_00001'>"": [], ""<class 'abc.NT_0009'>"": [8, 58070, 39787], ""<class 'abc.NT_0009_P_00000'>"": [], ""<class 'abc.NT_0009_P_00001'>"": [], ""<class 'abc.NT_0009_P_00002'>"": [], ""<class 'abc.NT_0009_P_00003'>"": [], ""<class 'abc.NT_0009_P_00004'>"": [], ""<class 'abc.NT_0009_P_00005'>"": [], ""<class 'abc.NT_0009_P_00006'>"": [], ""<class 'abc.NT_0009_P_00007'>"": [], ""<class 'abc.NT_0009_P_00008'>"": [], ""<class 'abc.NT_0011_P_00002'>"": [], ""<class 'abc.NT_0010'>"": [53447, 75927], ""<class 'abc.NT_0010_P_00000'>"": [], ""<class 'abc.NT_0010_P_00001'>"": [], ""<class 'abc.NT_0010_P_00002'>"": [], ""<class 'abc.NT_0010_P_00003'>"": [], ""<class 'abc.NT_0010_P_00004'>"": [], ""<class 'abc.NT_0010_P_00005'>"": [], ""<class 'abc.NT_0011_P_00003'>"": [], ""<class 'abc.NT_0011_P_00004'>"": [], ""<class 'abc.NT_0011_P_00005'>"": [], ""<class 'abc.NT_0011_P_00006'>"": [], ""<class 'abc.NT_0011_P_00007'>"": [], ""<class 'abc.NT_0011_P_00008'>"": [], ""<class 'abc.NT_0011_P_00009'>"": [], ""<class 'abc.NT_0014_P_00002'>"": [], ""<class 'abc.NT_0014_P_00003'>"": [], ""<class 'abc.NT_0014_P_00004'>"": [], '$leftovers': [612, 51366, 29977, 7941, 62781, 93978, 48081, 63396, 57279, 63194, 37786, 54499, 54071, 7255, 805, 91855, 9788, 55863, 13874, 90931, 38385, 43619, 36227, 61359, 25033, 26828, 94952, 78514, 81573, 7035, 57599, 63649, 37284, 79243, 23816, 36097, 45176, 45221, 21659, 73410, 77378, 61609, 53485, 83091, 55364, 804, 37863, 62128, 64631, 84523, 68409, 46658, 59869, 22948, 53816, 17703, 86036, 23930, 54711, 27159, 47907, 22129, 19429, 11704, 67050, 80298, 69224, 57646, 14733, 44317, 85077, 74191, 78264, 27076, 89776, 5196, 46711, 95884, 100000, 42859, 92197, 62164, 34041, 96434, 9186, 84986, 23729, 32442, 9078, 30947, 10584, 90176, 39265, 2903, 26641, 17813, 64068, 47390, 53496, 84055, 91192, 43627, 10978, 20051, 63072, 17541, 52384, 82602, 2071, 73349, 76496, 93237, 90746, 94169, 1089, 1963, 87259, 78716, 97251, 74560, 92319, 88430, 30065, 35943, 26646, 58575, 20564, 68822, 1955, 11977, 701, 8879, 51642, 65013, 37021, 8254, 64968, 54544, 55206, 50487, 94823, 39401, 11005, 50507, 4078, 47520, 40046, 60171, 93652, 930, 40344, 61205, 60575, 32914, 87845, 18974, 88335, 23738, 9159, 67945, 35873, 79289, 92027, 47069, 50717, 19269, 86431, 12677, 1847, 82569, 10719, 49874, 57438, 74245, 9728, 35214, 60927, 50418, 3072, 33653, 84097, 10451, 10948, 43565, 35042, 52901, 60373, 71523, 99916, 21066, 31862, 7158, 61957, 29065, 73503, 77066, 90914, 2224, 23949, 58836, 36313, 52163, 15402, 95181, 97248, 72223, 64484, 31579, 7361, 13133, 8559, 5315, 12957, 97480, 15964, 47289, 18201, 64048, 38836, 23949, 65274, 81688, 15908, 97641, 68909, 88194, 58203, 54156, 17884, 17015, 98114, 85070, 44487, 35609, 43946, 13163, 68656, 46368, 64590, 40998, 4333, 23209, 48312, 91519, 45912, 95154, 82162, 65190, 2680, 41571, 50993, 530, 20715, 62325, 69130, 87411, 51896, 25041, 1061, 92007, 16083, 61009, 22448, 76926, 40530, 5740, 65551, 74307, 70243, 88860, 56449, 62236, 73737, 14864, 20769, 33438, 2720, 19958, 14224, 62871, 11924, 4195, 94579, 90772, 15850, 32394, 39534, 94217, 24432, 49736, 19142, 95031, 91556, 84878, 36003, 82744, 39005, 77560, 67854, 74174, 65238, 42610, 38442, 5045, 8394, 50169, 85223, 39318, 11999, 19698, 62218, 20982, 75579, 83921, 36322, 81232, 74890, 79155, 7974, 87957, 31618, 15302, 46288, 41529, 54402, 51898, 8904, 68466, 16655, 33307, 87657, 62302, 99805, 94712, 27432, 6792, 318, 28470, 61849, 26074, 24481, 33234, 11701, 90978, 8418, 34547, 73073, 14229, 92931, 45528, 46305, 58234, 95428, 52910, 64691, 89529, 6125, 95529, 23717, 34258, 15039, 26343, 25322, 18533, 87153, 22501, 24377, 93511, 91108, 66007, 60481, 95208, 62676, 92031, 61249, 21040, 27224, 8088, 84181, 33593, 86548, 72607, 12800, 5611, 73844, 6692, 65230, 36526, 2469, 35635, 48449, 14719, 78189, 85243, 55844, 24071, 23788, 78878, 22883, 30166, 25797, 10713, 24202, 63862, 69116, 6614, 65627, 74821, 9118, 52050, 1045, 85212, 62012, 89898, 79364, 88858, 96964, 35830, 60888, 26734, 88556, 30404, 7619, 80278, 68622, 93232, 34306, 31485, 56275, 18665, 75621, 64839, 93770, 28199, 22239, 59130, 77628, 99168, 70420, 75781, 62501, 671, 82149, 26309, 8026, 6187, 34342, 77941, 96327, 7003, 65713, 2941, 26673, 45799, 5550, 98918, 65458, 56546, 58743, 93533, 64790, 30347, 32662, 73325, 77970, 21733, 35559, 73040, 79043, 59441, 82022, 37637, 7661, 94041, 96708, 7898, 70255, 89025, 83488, 90561, 63581, 77717, 74197, 27575, 58299, 53110, 73807, 71575, 26219, 35022, 49263, 13153, 34531, 51399, 44165, 26477, 4658, 89217, 10088, 77375, 38696, 57234, 69828, 27880, 19969, 12884, 48301, 32382, 79158, 72530, 2303, 28606, 30300, 17727, 74408, 82473, 74031, 47501, 28349, 67701, 75802, 89880, 6847, 37677, 42094, 59098, 33292, 25396, 1653, 33802, 37033, 82988, 18807, 34788, 32442, 21412, 79504, 70667, 67140, 188, 92567, 14712, 41955, 83231, 16604, 44261, 9248, 17311, 28714, 91679, 32487, 26287, 45537, 96338, 4907, 91004, 40305, 38855, 30113, 31802, 90368, 29632, 22399, 27504, 74924, 64570, 3170, 73381, 73608, 82107, 55004, 28453, 81413, 83401, 86827, 3755, 19280, 39809, 58531, 69352, 77285, 75236, 65692, 7596, 96792, 61193, 32718, 15171, 87988, 30166, 54746, 77236, 17432, 95331, 38981, 88240, 38898, 32172, 79555, 11740, 12372, 21314, 35314, 93047, 42158, 12888, 45757, 12444, 53196, 24354, 10754, 11298, 51034, 29460, 54561, 63362, 63137, 80288, 88200, 90124, 34341, 79738, 29507, 1371, 45727, 33233, 20038, 80414, 21940, 30707, 90006, 24595, 36850, 16424, 43356, 57374, 16541, 37502, 37384, 44186, 1581, 55147, 81574, 36342, 34700, 77319, 28025, 42804, 70814, 97334, 63170, 45671, 92728, 50865, 61805, 79230, 95797, 79382, 69832, 39248, 70970, 62614, 68180, 36578, 66699, 90803, 28447, 48009, 97357, 19944, 60879, 16057, 92445, 75982, 37067, 41406, 92224, 10099, 38077, 10238, 68458, 6537, 63778, 57556, 62039, 11823, 13270, 39382, 5448, 99101, 892, 8806, 21031, 7912, 86405, 50251, 88331, 79170, 19276, 48689, 73426, 83963, 98871, 32530, 19826, 24930, 70628, 89666, 23784, 22342, 79694, 80437, 28733, 99765, 7735, 65443, 39629, 65691, 45234, 52942, 70165, 64742, 7593, 35389, 38346, 53370, 1486, 63745, 59201, 84112, 82078, 59842, 55744, 6361, 15079, 910, 53287, 86305, 5582, 34924, 69056, 67927, 31852, 80811, 3497, 24763, 76576, 6447, 51921, 24582, 67902, 99777, 99703, 83341, 49007, 99280, 24090, 6799, 52732, 30031, 47977, 87252, 5024, 40270, 25148, 18576, 16321, 73258, 96568, 50330, 93058, 53931, 82548, 70345, 30377, 16363, 46283, 71917, 19219, 34599, 59905, 76185, 99134, 52728, 85779, 32717, 4809, 23223, 7767, 36688, 17927, 33222, 5461, 58987, 99150, 82453, 68878, 27439, 92942, 79331, 71474, 34897, 35197, 84658, 51810, 88051, 90117, 15640, 25537, 1192, 5758, 16919, 16570, 54940, 71350, 57863, 28374, 25430, 96910, 25138, 30623, 84961, 23541, 35862, 94330, 34467, 45322, 3068, 32691, 19717, 72709, 77504, 12874, 8035, 4199, 32629, 29326, 50091, 4290, 69037, 67868, 4858, 18189, 81289, 10537, 34484, 97761, 36705, 52886, 29677, 92414, 65300, 4493, 83991, 25685, 6104, 23112, 72137, 96757, 13483, 18308, 221, 14358, 49795, 76044, 65013, 87872, 95304, 14399, 812, 64706, 60775, 65656, 55460, 64130, 33001, 14835, 17431, 45023, 79744, 46149, 17211, 1932, 89664, 35867, 75834, 45835, 33920, 51887, 56077, 57612, 3201, 66246, 43129, 72962, 59486, 41799, 36083, 78794, 55644, 16064, 47916, 43687, 87424, 99482, 17585, 78994, 36067, 56930, 68493, 83129, 64732, 86546, 74055, 94524, 52064, 83683, 31321, 53390, 89787, 97909, 96890, 42138, 43171, 63419, 72477, 642, 72325, 14142, 88837, 64298, 53853, 33912, 90976, 51351, 53580, 44520, 1115, 7377, 51291, 91564, 16199, 86922, 17805, 85895, 43694, 18547, 43604, 34423, 97118, 34445, 84791, 71375, 31055, 9941, 27422, 27295, 25492, 21731, 54058, 56103, 74702, 88389, 39787, 83292, 56321, 80058, 48446, 90534, 99020, 53183, 57349, 5351, 62399, 11726, 72703, 23079, 88458, 14886, 42115, 37381, 53447, 80416, 75451, 17441, 22787, 25968, 37997, 43457, 70409, 3144, 30291, 27680, 46416, 33566, 93834, 69479, 8313, 69016, 56653]})"
32.0,9,38,70,36.723782539367676,210,"Genotype(dna={""<class 'abc.NT_0014'>"": [0, 9891], ""<class 'abc.NT_0014_P_00000'>"": [], ""<class 'abc.NT_0003'>"": [], ""<class 'abc.NT_0003_P_00000'>"": [], ""<class 'bool'>"": [34892, 53838, 93055, 22069, 78539, 27596, 11504, 95280, 56278, 13913, 91591, 97012, 50516, 84139, 91601, 80048, 36855, 76229, 96396, 90534, 62399, 56318, 86613, 30291, 93834, 69479, 91703], ""<class 'abc.NT_0000'>"": [0, 2, 3, 0, 0, 66646, 24329, 0, 57112, 0, 0, 0, 96236, 19448, 3, 67907, 2, 0, 61061, 0, 47365, 65468, 40560, 0, 1, 35560, 2, 0, 2, 6530, 90460, 0, 0, 0, 1053, 51537, 23729, 3136, 21603, 1290, 82817, 25314, 57349, 5351, 72703, 23079, 41017, 74148, 17441, 6983, 25968, 74036, 43457, 70409, 70746], ""<class 'abc.NT_0000_P_00000'>"": [], ""<class 'int'>"": [11527, 89970, 57184, 94912, 12901, 2737, 25019, 94292, 7422, 84436, 79517, 92390, 83981, 41079, 54502, 66359, 45824, 66531, 20954, 87223, 18331, 85267, 30558, 83139, 26738, 4868, 77382, 79248, 84283, 30291, 69479, 56653, 51366, 23356, 63194, 54071, 7575, 38385], ""<class 'abc.NT_0000_P_00001'>"": [], ""<class 'abc.NT_0000_P_00002'>"": [], ""<class 'abc.NT_0000_P_00003'>"": [], ""<class 'abc.NT_0001'>"": [1, 99233, 59169, 80416, 13326, 80335, 56653], ""<class 'abc.NT_0001_P_00000'>"": [], ""<class 'abc.NT_0001_P_00001'>"": [], ""<class 'abc.NT_0001_P_00002'>"": [], ""<class 'abc.NT_0001_P_00003'>"": [], ""<class 'abc.NT_0001_P_00004'>"": [], ""<class 'abc.NT_0001_P_00005'>"": [], ""<class 'abc.NT_0001_P_00006'>"": [], ""<class 'abc.NT_0003_P_00001'>"": [], ""<class 'abc.NT_0002'>"": [0, 63043], ""<class 'abc.NT_0002_P_00000'>"": [], ""<class 'abc.NT_0002_P_00001'>"": [], ""<class 'abc.NT_0002_P_00002'>"": [], ""<class 'abc.NT_0002_P_00003'>"": [], ""<class 'abc.NT_0004'>"": [], ""<class 'abc.NT_0004_P_00000'>"": [], ""<class 'abc.NT_0014_P_00001'>"": [], ""<class 'abc.NT_0013'>"": [31174, 87753, 70326], ""<class 'abc.NT_0013_P_00000'>"": [], ""<class 'abc.NT_0011'>"": [1, 98607], ""<class 'abc.NT_0011_P_00000'>"": [], ""<class 'abc.NT_0011_P_00001'>"": [], ""<class 'abc.NT_0008'>"": [56358, 25492], ""<class 'abc.NT_0008_P_00000'>"": [], ""<class 'abc.NT_0005'>"": [65439, 70998], ""<class 'abc.NT_0005_P_00000'>"": [], ""<class 'abc.NT_0005_P_00001'>"": [], ""<class 'abc.NT_0007'>"": [63976, 27295], ""<class 'abc.NT_0007_P_00000'>"": [], ""<class 'abc.NT_0006'>"": [51447, 91312], ""<class 'abc.NT_0006_P_00000'>"": [], ""<class 'abc.NT_0006_P_00001'>"": [], ""<class 'abc.NT_0007_P_00001'>"": [], ""<class 'abc.NT_0007_P_00002'>"": [], ""<class 'abc.NT_0007_P_00003'>"": [], ""<class 'abc.NT_0008_P_00001'>"": [], ""<class 'abc.NT_0009'>"": [8, 58070, 39787], ""<class 'abc.NT_0009_P_00000'>"": [], ""<class 'abc.NT_0009_P_00001'>"": [], ""<class 'abc.NT_0009_P_00002'>"": [], ""<class 'abc.NT_0009_P_00003'>"": [], ""<class 'abc.NT_0009_P_00004'>"": [], ""<class 'abc.NT_0009_P_00005'>"": [], ""<class 'abc.NT_0009_P_00006'>"": [], ""<class 'abc.NT_0009_P_00007'>"": [], ""<class 'abc.NT_0009_P_00008'>"": [], ""<class 'abc.NT_0011_P_00002'>"": [], ""<class 'abc.NT_0010'>"": [53447, 75927], ""<class 'abc.NT_0010_P_00000'>"": [], ""<class 'abc.NT_0010_P_00001'>"": [], ""<class 'abc.NT_0010_P_00002'>"": [], ""<class 'abc.NT_0010_P_00003'>"": [], ""<class 'abc.NT_0010_P_00004'>"": [], ""<class 'abc.NT_0010_P_00005'>"": [], ""<class 'abc.NT_0011_P_00003'>"": [], ""<class 'abc.NT_0011_P_00004'>"": [], ""<class 'abc.NT_0011_P_00005'>"": [], ""<class 'abc.NT_0011_P_00006'>"": [], ""<class 'abc.NT_0011_P_00007'>"": [], ""<class 'abc.NT_0011_P_00008'>"": [], ""<class 'abc.NT_0011_P_00009'>"": [], ""<class 'abc.NT_0014_P_00002'>"": [], ""<class 'abc.NT_0014_P_00003'>"": [], ""<class 'abc.NT_0014_P_00004'>"": [], '$leftovers': [612, 51366, 29977, 7941, 62781, 93978, 48081, 63396, 57279, 63194, 37786, 54499, 54071, 7255, 805, 91855, 9788, 55863, 13874, 90931, 38385, 43619, 36227, 61359, 25033, 26828, 94952, 78514, 81573, 7035, 57599, 63649, 37284, 79243, 23816, 36097, 45176, 45221, 21659, 73410, 77378, 61609, 53485, 83091, 55364, 804, 37863, 62128, 64631, 84523, 68409, 46658, 59869, 22948, 53816, 17703, 86036, 23930, 54711, 27159, 47907, 22129, 19429, 11704, 67050, 80298, 69224, 57646, 14733, 44317, 85077, 74191, 78264, 27076, 89776, 5196, 46711, 95884, 100000, 42859, 92197, 62164, 34041, 96434, 9186, 84986, 23729, 32442, 9078, 30947, 10584, 90176, 39265, 2903, 26641, 17813, 64068, 47390, 53496, 84055, 91192, 43627, 10978, 20051, 63072, 17541, 52384, 82602, 2071, 73349, 76496, 93237, 90746, 94169, 1089, 1963, 87259, 78716, 97251, 74560, 92319, 88430, 30065, 35943, 26646, 58575, 20564, 68822, 1955, 11977, 701, 8879, 51642, 65013, 37021, 8254, 64968, 54544, 55206, 50487, 94823, 39401, 11005, 50507, 4078, 47520, 40046, 60171, 93652, 930, 40344, 61205, 60575, 32914, 87845, 18974, 88335, 23738, 9159, 67945, 35873, 79289, 92027, 47069, 50717, 19269, 86431, 12677, 1847, 82569, 10719, 49874, 57438, 74245, 9728, 35214, 60927, 50418, 3072, 33653, 84097, 10451, 10948, 43565, 35042, 52901, 60373, 71523, 99916, 21066, 31862, 7158, 61957, 29065, 73503, 77066, 90914, 2224, 23949, 58836, 36313, 52163, 15402, 95181, 97248, 72223, 64484, 31579, 7361, 13133, 8559, 5315, 12957, 97480, 15964, 47289, 18201, 64048, 38836, 23949, 65274, 81688, 15908, 97641, 68909, 88194, 58203, 54156, 17884, 17015, 98114, 85070, 44487, 35609, 43946, 13163, 68656, 46368, 64590, 40998, 4333, 23209, 48312, 91519, 45912, 95154, 82162, 65190, 2680, 41571, 50993, 530, 20715, 62325, 69130, 87411, 51896, 25041, 1061, 92007, 16083, 61009, 22448, 76926, 40530, 5740, 65551, 74307, 70243, 88860, 56449, 62236, 73737, 14864, 20769, 33438, 2720, 19958, 14224, 62871, 11924, 4195, 94579, 90772, 15850, 32394, 39534, 94217, 24432, 49736, 19142, 95031, 91556, 84878, 36003, 82744, 39005, 77560, 67854, 74174, 65238, 42610, 38442, 5045, 8394, 50169, 85223, 39318, 11999, 19698, 62218, 20982, 75579, 83921, 36322, 81232, 74890, 79155, 7974, 87957, 31618, 15302, 46288, 41529, 54402, 51898, 8904, 68466, 16655, 33307, 87657, 62302, 99805, 94712, 27432, 6792, 318, 28470, 61849, 26074, 24481, 33234, 11701, 90978, 8418, 34547, 73073, 14229, 92931, 45528, 46305, 58234, 95428, 52910, 64691, 89529, 6125, 95529, 23717, 34258, 15039, 26343, 25322, 18533, 87153, 22501, 24377, 93511, 91108, 66007, 60481, 95208, 62676, 92031, 61249, 21040, 27224, 8088, 84181, 33593, 86548, 72607, 12800, 5611, 73844, 6692, 65230, 36526, 2469, 35635, 48449, 14719, 78189, 85243, 55844, 24071, 23788, 78878, 22883, 30166, 25797, 10713, 24202, 63862, 69116, 6614, 65627, 74821, 9118, 52050, 1045, 85212, 62012, 89898, 79364, 88858, 96964, 35830, 60888, 26734, 88556, 30404, 7619, 80278, 68622, 93232, 34306, 31485, 56275, 18665, 75621, 64839, 93770, 28199, 22239, 59130, 77628, 99168, 70420, 75781, 62501, 671, 82149, 26309, 8026, 6187, 34342, 77941, 96327, 7003, 65713, 2941, 26673, 45799, 5550, 98918, 65458, 56546, 58743, 93533, 64790, 30347, 32662, 73325, 77970, 21733, 35559, 73040, 79043, 59441, 82022, 37637, 7661, 94041, 96708, 7898, 70255, 89025, 83488, 90561, 63581, 77717, 74197, 27575, 58299, 53110, 73807, 71575, 26219, 35022, 49263, 13153, 34531, 51399, 44165, 26477, 4658, 89217, 10088, 77375, 38696, 57234, 69828, 27880, 19969, 12884, 48301, 32382, 79158, 72530, 2303, 28606, 30300, 17727, 74408, 82473, 74031, 47501, 28349, 67701, 75802, 89880, 6847, 37677, 42094, 59098, 33292, 25396, 1653, 33802, 37033, 82988, 18807, 34788, 32442, 21412, 79504, 70667, 67140, 188, 92567, 14712, 41955, 83231, 16604, 44261, 9248, 17311, 28714, 91679, 32487, 26287, 45537, 96338, 4907, 91004, 40305, 38855, 30113, 31802, 90368, 29632, 22399, 27504, 74924, 64570, 3170, 73381, 73608, 82107, 55004, 28453, 81413, 83401, 86827, 3755, 19280, 39809, 58531, 69352, 77285, 75236, 65692, 7596, 96792, 61193, 32718, 15171, 87988, 30166, 54746, 77236, 17432, 95331, 38981, 88240, 38898, 32172, 79555, 11740, 12372, 21314, 35314, 93047, 42158, 12888, 45757, 12444, 53196, 24354, 10754, 11298, 51034, 29460, 54561, 63362, 63137, 80288, 88200, 90124, 34341, 79738, 29507, 1371, 45727, 33233, 20038, 80414, 21940, 30707, 90006, 24595, 36850, 16424, 43356, 57374, 16541, 37502, 37384, 44186, 1581, 55147, 81574, 36342, 34700, 77319, 28025, 42804, 70814, 97334, 63170, 45671, 92728, 50865, 61805, 79230, 95797, 79382, 69832, 39248, 70970, 62614, 68180, 36578, 66699, 90803, 28447, 48009, 97357, 19944, 60879, 16057, 92445, 75982, 37067, 41406, 92224, 10099, 38077, 10238, 68458, 6537, 63778, 57556, 62039, 11823, 13270, 39382, 5448, 99101, 892, 8806, 21031, 7912, 86405, 50251, 88331, 79170, 19276, 48689, 73426, 83963, 98871, 32530, 19826, 24930, 70628, 89666, 23784, 22342, 79694, 80437, 28733, 99765, 7735, 65443, 39629, 65691, 45234, 52942, 70165, 64742, 7593, 35389, 38346, 53370, 1486, 63745, 59201, 84112, 82078, 59842, 55744, 6361, 15079, 910, 53287, 86305, 5582, 34924, 69056, 67927, 31852, 80811, 3497, 24763, 76576, 6447, 51921, 24582, 67902, 99777, 99703, 83341, 49007, 99280, 24090, 6799, 52732, 30031, 47977, 87252, 5024, 40270, 25148, 18576, 16321, 73258, 96568, 50330, 93058, 53931, 82548, 70345, 30377, 16363, 46283, 71917, 19219, 34599, 59905, 76185, 99134, 52728, 85779, 32717, 4809, 23223, 7767, 36688, 17927, 33222, 5461, 58987, 99150, 82453, 68878, 27439, 92942, 79331, 71474, 34897, 35197, 84658, 51810, 88051, 90117, 15640, 25537, 1192, 5758, 16919, 16570, 54940, 71350, 57863, 28374, 25430, 96910, 25138, 30623, 84961, 23541, 35862, 94330, 34467, 45322, 3068, 32691, 19717, 72709, 77504, 12874, 8035, 4199, 32629, 29326, 50091, 4290, 69037, 67868, 4858, 18189, 81289, 10537, 34484, 97761, 36705, 52886, 29677, 92414, 65300, 4493, 83991, 25685, 6104, 23112, 72137, 96757, 13483, 18308, 221, 14358, 49795, 76044, 65013, 87872, 95304, 14399, 812, 64706, 60775, 65656, 55460, 64130, 33001, 14835, 17431, 45023, 79744, 46149, 17211, 1932, 89664, 35867, 75834, 45835, 33920, 51887, 56077, 57612, 3201, 66246, 43129, 72962, 59486, 41799, 36083, 78794, 55644, 16064, 47916, 43687, 87424, 99482, 17585, 78994, 36067, 56930, 68493, 83129, 64732, 86546, 74055, 94524, 52064, 83683, 31321, 53390, 89787, 97909, 96890, 42138, 43171, 63419, 72477, 642, 72325, 14142, 88837, 64298, 53853, 33912, 90976, 51351, 53580, 44520, 1115, 7377, 51291, 91564, 16199, 86922, 17805, 85895, 43694, 18547, 43604, 34423, 97118, 34445, 84791, 71375, 31055, 9941, 27422, 27295, 25492, 21731, 54058, 56103, 74702, 88389, 39787, 83292, 56321, 80058, 48446, 90534, 99020, 53183, 57349, 5351, 62399, 11726, 72703, 23079, 88458, 14886, 42115, 37381, 53447, 80416, 75451, 17441, 22787, 25968, 37997, 43457, 70409, 3144, 30291, 27680, 46416, 33566, 93834, 69479, 8313, 69016, 56653]})"
32.0,9,38,71,37.065415143966675,210,"Genotype(dna={""<class 'abc.NT_0014'>"": [0, 9891], ""<class 'abc.NT_0014_P_00000'>"": [], ""<class 'abc.NT_0003'>"": [], ""<class 'abc.NT_0003_P_00000'>"": [], ""<class 'bool'>"": [34892, 53838, 93055, 22069, 78539, 27596, 11504, 95280, 56278, 13913, 91591, 97012, 50516, 84139, 91601, 80048, 36855, 76229, 96396, 90534, 62399, 56318, 86613, 30291, 93834, 69479, 91703], ""<class 'abc.NT_0000'>"": [0, 2, 3, 0, 0, 66646, 24329, 0, 57112, 0, 0, 0, 96236, 19448, 3, 67907, 2, 0, 61061, 0, 47365, 65468, 40560, 0, 1, 35560, 2, 0, 2, 6530, 90460, 0, 0, 0, 1053, 51537, 23729, 3136, 21603, 1290, 82817, 25314, 57349, 5351, 72703, 23079, 41017, 74148, 17441, 6983, 25968, 74036, 43457, 70409, 70746], ""<class 'abc.NT_0000_P_00000'>"": [], ""<class 'int'>"": [11527, 89970, 57184, 94912, 12901, 2737, 25019, 94292, 7422, 84436, 79517, 92390, 83981, 41079, 54502, 66359, 45824, 66531, 20954, 87223, 18331, 85267, 30558, 83139, 26738, 4868, 77382, 79248, 84283, 30291, 69479, 56653, 51366, 23356, 63194, 54071, 7575, 38385], ""<class 'abc.NT_0000_P_00001'>"": [], ""<class 'abc.NT_0000_P_00002'>"": [], ""<class 'abc.NT_0000_P_00003'>"": [], ""<class 'abc.NT_0001'>"": [1, 99233, 59169, 80416, 13326, 80335, 56653], ""<class 'abc.NT_0001_P_00000'>"": [], ""<class 'abc.NT_0001_P_00001'>"": [], ""<class 'abc.NT_0001_P_00002'>"": [], ""<class 'abc.NT_0001_P_00003'>"": [], ""<class 'abc.NT_0001_P_00004'>"": [], ""<class 'abc.NT_0001_P_00005'>"": [], ""<class 'abc.NT_0001_P_00006'>"": [], ""<class 'abc.NT_0003_P_00001'>"": [], ""<class 'abc.NT_0002'>"": [0, 63043], ""<class 'abc.NT_0002_P_00000'>"": [], ""<class 'abc.NT_0002_P_00001'>"": [], ""<class 'abc.NT_0002_P_00002'>"": [], ""<class 'abc.NT_0002_P_00003'>"": [], ""<class 'abc.NT_0004'>"": [], ""<class 'abc.NT_0004_P_00000'>"": [], ""<class 'abc.NT_0014_P_00001'>"": [], ""<class 'abc.NT_0013'>"": [31174, 87753, 70326], ""<class 'abc.NT_0013_P_00000'>"": [], ""<class 'abc.NT_0011'>"": [1, 98607], ""<class 'abc.NT_0011_P_00000'>"": [], ""<class 'abc.NT_0011_P_00001'>"": [], ""<class 'abc.NT_0008'>"": [56358, 25492], ""<class 'abc.NT_0008_P_00000'>"": [], ""<class 'abc.NT_0005'>"": [65439, 70998], ""<class 'abc.NT_0005_P_00000'>"": [], ""<class 'abc.NT_0005_P_00001'>"": [], ""<class 'abc.NT_0007'>"": [63976, 27295], ""<class 'abc.NT_0007_P_00000'>"": [], ""<class 'abc.NT_0006'>"": [51447, 91312], ""<class 'abc.NT_0006_P_00000'>"": [], ""<class 'abc.NT_0006_P_00001'>"": [], ""<class 'abc.NT_0007_P_00001'>"": [], ""<class 'abc.NT_0007_P_00002'>"": [], ""<class 'abc.NT_0007_P_00003'>"": [], ""<class 'abc.NT_0008_P_00001'>"": [], ""<class 'abc.NT_0009'>"": [8, 58070, 39787], ""<class 'abc.NT_0009_P_00000'>"": [], ""<class 'abc.NT_0009_P_00001'>"": [], ""<class 'abc.NT_0009_P_00002'>"": [], ""<class 'abc.NT_0009_P_00003'>"": [], ""<class 'abc.NT_0009_P_00004'>"": [], ""<class 'abc.NT_0009_P_00005'>"": [], ""<class 'abc.NT_0009_P_00006'>"": [], ""<class 'abc.NT_0009_P_00007'>"": [], ""<class 'abc.NT_0009_P_00008'>"": [], ""<class 'abc.NT_0011_P_00002'>"": [], ""<class 'abc.NT_0010'>"": [53447, 75927], ""<class 'abc.NT_0010_P_00000'>"": [], ""<class 'abc.NT_0010_P_00001'>"": [], ""<class 'abc.NT_0010_P_00002'>"": [], ""<class 'abc.NT_0010_P_00003'>"": [], ""<class 'abc.NT_0010_P_00004'>"": [], ""<class 'abc.NT_0010_P_00005'>"": [], ""<class 'abc.NT_0011_P_00003'>"": [], ""<class 'abc.NT_0011_P_00004'>"": [], ""<class 'abc.NT_0011_P_00005'>"": [], ""<class 'abc.NT_0011_P_00006'>"": [], ""<class 'abc.NT_0011_P_00007'>"": [], ""<class 'abc.NT_0011_P_00008'>"": [], ""<class 'abc.NT_0011_P_00009'>"": [], ""<class 'abc.NT_0014_P_00002'>"": [], ""<class 'abc.NT_0014_P_00003'>"": [], ""<class 'abc.NT_0014_P_00004'>"": [], '$leftovers': [612, 51366, 29977, 7941, 62781, 93978, 48081, 63396, 57279, 63194, 37786, 54499, 54071, 7255, 805, 91855, 9788, 55863, 13874, 90931, 38385, 43619, 36227, 61359, 25033, 26828, 94952, 78514, 81573, 7035, 57599, 63649, 37284, 79243, 23816, 36097, 45176, 45221, 21659, 73410, 77378, 61609, 53485, 83091, 55364, 804, 37863, 62128, 64631, 84523, 68409, 46658, 59869, 22948, 53816, 17703, 86036, 23930, 54711, 27159, 47907, 22129, 19429, 11704, 67050, 80298, 69224, 57646, 14733, 44317, 85077, 74191, 78264, 27076, 89776, 5196, 46711, 95884, 100000, 42859, 92197, 62164, 34041, 96434, 9186, 84986, 23729, 32442, 9078, 30947, 10584, 90176, 39265, 2903, 26641, 17813, 64068, 47390, 53496, 84055, 91192, 43627, 10978, 20051, 63072, 17541, 52384, 82602, 2071, 73349, 76496, 93237, 90746, 94169, 1089, 1963, 87259, 78716, 97251, 74560, 92319, 88430, 30065, 35943, 26646, 58575, 20564, 68822, 1955, 11977, 701, 8879, 51642, 65013, 37021, 8254, 64968, 54544, 55206, 50487, 94823, 39401, 11005, 50507, 4078, 47520, 40046, 60171, 93652, 930, 40344, 61205, 60575, 32914, 87845, 18974, 88335, 23738, 9159, 67945, 35873, 79289, 92027, 47069, 50717, 19269, 86431, 12677, 1847, 82569, 10719, 49874, 57438, 74245, 9728, 35214, 60927, 50418, 3072, 33653, 84097, 10451, 10948, 43565, 35042, 52901, 60373, 71523, 99916, 21066, 31862, 7158, 61957, 29065, 73503, 77066, 90914, 2224, 23949, 58836, 36313, 52163, 15402, 95181, 97248, 72223, 64484, 31579, 7361, 13133, 8559, 5315, 12957, 97480, 15964, 47289, 18201, 64048, 38836, 23949, 65274, 81688, 15908, 97641, 68909, 88194, 58203, 54156, 17884, 17015, 98114, 85070, 44487, 35609, 43946, 13163, 68656, 46368, 64590, 40998, 4333, 23209, 48312, 91519, 45912, 95154, 82162, 65190, 2680, 41571, 50993, 530, 20715, 62325, 69130, 87411, 51896, 25041, 1061, 92007, 16083, 61009, 22448, 76926, 40530, 5740, 65551, 74307, 70243, 88860, 56449, 62236, 73737, 14864, 20769, 33438, 2720, 19958, 14224, 62871, 11924, 4195, 94579, 90772, 15850, 32394, 39534, 94217, 24432, 49736, 19142, 95031, 91556, 84878, 36003, 82744, 39005, 77560, 67854, 74174, 65238, 42610, 38442, 5045, 8394, 50169, 85223, 39318, 11999, 19698, 62218, 20982, 75579, 83921, 36322, 81232, 74890, 79155, 7974, 87957, 31618, 15302, 46288, 41529, 54402, 51898, 8904, 68466, 16655, 33307, 87657, 62302, 99805, 94712, 27432, 6792, 318, 28470, 61849, 26074, 24481, 33234, 11701, 90978, 8418, 34547, 73073, 14229, 92931, 45528, 46305, 58234, 95428, 52910, 64691, 89529, 6125, 95529, 23717, 34258, 15039, 26343, 25322, 18533, 87153, 22501, 24377, 93511, 91108, 66007, 60481, 95208, 62676, 92031, 61249, 21040, 27224, 8088, 84181, 33593, 86548, 72607, 12800, 5611, 73844, 6692, 65230, 36526, 2469, 35635, 48449, 14719, 78189, 85243, 55844, 24071, 23788, 78878, 22883, 30166, 25797, 10713, 24202, 63862, 69116, 6614, 65627, 74821, 9118, 52050, 1045, 85212, 62012, 89898, 79364, 88858, 96964, 35830, 60888, 26734, 88556, 30404, 7619, 80278, 68622, 93232, 34306, 31485, 56275, 18665, 75621, 64839, 93770, 28199, 22239, 59130, 77628, 99168, 70420, 75781, 62501, 671, 82149, 26309, 8026, 6187, 34342, 77941, 96327, 7003, 65713, 2941, 26673, 45799, 5550, 98918, 65458, 56546, 58743, 93533, 64790, 30347, 32662, 73325, 77970, 21733, 35559, 73040, 79043, 59441, 82022, 37637, 7661, 94041, 96708, 7898, 70255, 89025, 83488, 90561, 63581, 77717, 74197, 27575, 58299, 53110, 73807, 71575, 26219, 35022, 49263, 13153, 34531, 51399, 44165, 26477, 4658, 89217, 10088, 77375, 38696, 57234, 69828, 27880, 19969, 12884, 48301, 32382, 79158, 72530, 2303, 28606, 30300, 17727, 74408, 82473, 74031, 47501, 28349, 67701, 75802, 89880, 6847, 37677, 42094, 59098, 33292, 25396, 1653, 33802, 37033, 82988, 18807, 34788, 32442, 21412, 79504, 70667, 67140, 188, 92567, 14712, 41955, 83231, 16604, 44261, 9248, 17311, 28714, 91679, 32487, 26287, 45537, 96338, 4907, 91004, 40305, 38855, 30113, 31802, 90368, 29632, 22399, 27504, 74924, 64570, 3170, 73381, 73608, 82107, 55004, 28453, 81413, 83401, 86827, 3755, 19280, 39809, 58531, 69352, 77285, 75236, 65692, 7596, 96792, 61193, 32718, 15171, 87988, 30166, 54746, 77236, 17432, 95331, 38981, 88240, 38898, 32172, 79555, 11740, 12372, 21314, 35314, 93047, 42158, 12888, 45757, 12444, 53196, 24354, 10754, 11298, 51034, 29460, 54561, 63362, 63137, 80288, 88200, 90124, 34341, 79738, 29507, 1371, 45727, 33233, 20038, 80414, 21940, 30707, 90006, 24595, 36850, 16424, 43356, 57374, 16541, 37502, 37384, 44186, 1581, 55147, 81574, 36342, 34700, 77319, 28025, 42804, 70814, 97334, 63170, 45671, 92728, 50865, 61805, 79230, 95797, 79382, 69832, 39248, 70970, 62614, 68180, 36578, 66699, 90803, 28447, 48009, 97357, 19944, 60879, 16057, 92445, 75982, 37067, 41406, 92224, 10099, 38077, 10238, 68458, 6537, 63778, 57556, 62039, 11823, 13270, 39382, 5448, 99101, 892, 8806, 21031, 7912, 86405, 50251, 88331, 79170, 19276, 48689, 73426, 83963, 98871, 32530, 19826, 24930, 70628, 89666, 23784, 22342, 79694, 80437, 28733, 99765, 7735, 65443, 39629, 65691, 45234, 52942, 70165, 64742, 7593, 35389, 38346, 53370, 1486, 63745, 59201, 84112, 82078, 59842, 55744, 6361, 15079, 910, 53287, 86305, 5582, 34924, 69056, 67927, 31852, 80811, 3497, 24763, 76576, 6447, 51921, 24582, 67902, 99777, 99703, 83341, 49007, 99280, 24090, 6799, 52732, 30031, 47977, 87252, 5024, 40270, 25148, 18576, 16321, 73258, 96568, 50330, 93058, 53931, 82548, 70345, 30377, 16363, 46283, 71917, 19219, 34599, 59905, 76185, 99134, 52728, 85779, 32717, 4809, 23223, 7767, 36688, 17927, 33222, 5461, 58987, 99150, 82453, 68878, 27439, 92942, 79331, 71474, 34897, 35197, 84658, 51810, 88051, 90117, 15640, 25537, 1192, 5758, 16919, 16570, 54940, 71350, 57863, 28374, 25430, 96910, 25138, 30623, 84961, 23541, 35862, 94330, 34467, 45322, 3068, 32691, 19717, 72709, 77504, 12874, 8035, 4199, 32629, 29326, 50091, 4290, 69037, 67868, 4858, 18189, 81289, 10537, 34484, 97761, 36705, 52886, 29677, 92414, 65300, 4493, 83991, 25685, 6104, 23112, 72137, 96757, 13483, 18308, 221, 14358, 49795, 76044, 65013, 87872, 95304, 14399, 812, 64706, 60775, 65656, 55460, 64130, 33001, 14835, 17431, 45023, 79744, 46149, 17211, 1932, 89664, 35867, 75834, 45835, 33920, 51887, 56077, 57612, 3201, 66246, 43129, 72962, 59486, 41799, 36083, 78794, 55644, 16064, 47916, 43687, 87424, 99482, 17585, 78994, 36067, 56930, 68493, 83129, 64732, 86546, 74055, 94524, 52064, 83683, 31321, 53390, 89787, 97909, 96890, 42138, 43171, 63419, 72477, 642, 72325, 14142, 88837, 64298, 53853, 33912, 90976, 51351, 53580, 44520, 1115, 7377, 51291, 91564, 16199, 86922, 17805, 85895, 43694, 18547, 43604, 34423, 97118, 34445, 84791, 71375, 31055, 9941, 27422, 27295, 25492, 21731, 54058, 56103, 74702, 88389, 39787, 83292, 56321, 80058, 48446, 90534, 99020, 53183, 57349, 5351, 62399, 11726, 72703, 23079, 88458, 14886, 42115, 37381, 53447, 80416, 75451, 17441, 22787, 25968, 37997, 43457, 70409, 3144, 30291, 27680, 46416, 33566, 93834, 69479, 8313, 69016, 56653]})"
32.0,9,38,72,37.421918630599976,210,"Genotype(dna={""<class 'abc.NT_0014'>"": [0, 9891], ""<class 'abc.NT_0014_P_00000'>"": [], ""<class 'abc.NT_0003'>"": [], ""<class 'abc.NT_0003_P_00000'>"": [], ""<class 'bool'>"": [34892, 53838, 93055, 22069, 78539, 27596, 11504, 95280, 56278, 13913, 91591, 97012, 50516, 84139, 91601, 80048, 36855, 76229, 96396, 90534, 62399, 56318, 86613, 30291, 93834, 69479, 91703], ""<class 'abc.NT_0000'>"": [0, 2, 3, 0, 0, 66646, 24329, 0, 57112, 0, 0, 0, 96236, 19448, 3, 67907, 2, 0, 61061, 0, 47365, 65468, 40560, 0, 1, 35560, 2, 0, 2, 6530, 90460, 0, 0, 0, 1053, 51537, 23729, 3136, 21603, 1290, 82817, 25314, 57349, 5351, 72703, 23079, 41017, 74148, 17441, 6983, 25968, 74036, 43457, 70409, 70746], ""<class 'abc.NT_0000_P_00000'>"": [], ""<class 'int'>"": [11527, 89970, 57184, 94912, 12901, 2737, 25019, 94292, 7422, 84436, 79517, 92390, 83981, 41079, 54502, 66359, 45824, 66531, 20954, 87223, 18331, 85267, 30558, 83139, 26738, 4868, 77382, 79248, 84283, 30291, 69479, 56653, 51366, 23356, 63194, 54071, 7575, 38385], ""<class 'abc.NT_0000_P_00001'>"": [], ""<class 'abc.NT_0000_P_00002'>"": [], ""<class 'abc.NT_0000_P_00003'>"": [], ""<class 'abc.NT_0001'>"": [1, 99233, 59169, 80416, 13326, 80335, 56653], ""<class 'abc.NT_0001_P_00000'>"": [], ""<class 'abc.NT_0001_P_00001'>"": [], ""<class 'abc.NT_0001_P_00002'>"": [], ""<class 'abc.NT_0001_P_00003'>"": [], ""<class 'abc.NT_0001_P_00004'>"": [], ""<class 'abc.NT_0001_P_00005'>"": [], ""<class 'abc.NT_0001_P_00006'>"": [], ""<class 'abc.NT_0003_P_00001'>"": [], ""<class 'abc.NT_0002'>"": [0, 63043], ""<class 'abc.NT_0002_P_00000'>"": [], ""<class 'abc.NT_0002_P_00001'>"": [], ""<class 'abc.NT_0002_P_00002'>"": [], ""<class 'abc.NT_0002_P_00003'>"": [], ""<class 'abc.NT_0004'>"": [], ""<class 'abc.NT_0004_P_00000'>"": [], ""<class 'abc.NT_0014_P_00001'>"": [], ""<class 'abc.NT_0013'>"": [31174, 87753, 70326], ""<class 'abc.NT_0013_P_00000'>"": [], ""<class 'abc.NT_0011'>"": [1, 98607], ""<class 'abc.NT_0011_P_00000'>"": [], ""<class 'abc.NT_0011_P_00001'>"": [], ""<class 'abc.NT_0008'>"": [56358, 25492], ""<class 'abc.NT_0008_P_00000'>"": [], ""<class 'abc.NT_0005'>"": [65439, 70998], ""<class 'abc.NT_0005_P_00000'>"": [], ""<class 'abc.NT_0005_P_00001'>"": [], ""<class 'abc.NT_0007'>"": [63976, 27295], ""<class 'abc.NT_0007_P_00000'>"": [], ""<class 'abc.NT_0006'>"": [51447, 91312], ""<class 'abc.NT_0006_P_00000'>"": [], ""<class 'abc.NT_0006_P_00001'>"": [], ""<class 'abc.NT_0007_P_00001'>"": [], ""<class 'abc.NT_0007_P_00002'>"": [], ""<class 'abc.NT_0007_P_00003'>"": [], ""<class 'abc.NT_0008_P_00001'>"": [], ""<class 'abc.NT_0009'>"": [8, 58070, 39787], ""<class 'abc.NT_0009_P_00000'>"": [], ""<class 'abc.NT_0009_P_00001'>"": [], ""<class 'abc.NT_0009_P_00002'>"": [], ""<class 'abc.NT_0009_P_00003'>"": [], ""<class 'abc.NT_0009_P_00004'>"": [], ""<class 'abc.NT_0009_P_00005'>"": [], ""<class 'abc.NT_0009_P_00006'>"": [], ""<class 'abc.NT_0009_P_00007'>"": [], ""<class 'abc.NT_0009_P_00008'>"": [], ""<class 'abc.NT_0011_P_00002'>"": [], ""<class 'abc.NT_0010'>"": [53447, 75927], ""<class 'abc.NT_0010_P_00000'>"": [], ""<class 'abc.NT_0010_P_00001'>"": [], ""<class 'abc.NT_0010_P_00002'>"": [], ""<class 'abc.NT_0010_P_00003'>"": [], ""<class 'abc.NT_0010_P_00004'>"": [], ""<class 'abc.NT_0010_P_00005'>"": [], ""<class 'abc.NT_0011_P_00003'>"": [], ""<class 'abc.NT_0011_P_00004'>"": [], ""<class 'abc.NT_0011_P_00005'>"": [], ""<class 'abc.NT_0011_P_00006'>"": [], ""<class 'abc.NT_0011_P_00007'>"": [], ""<class 'abc.NT_0011_P_00008'>"": [], ""<class 'abc.NT_0011_P_00009'>"": [], ""<class 'abc.NT_0014_P_00002'>"": [], ""<class 'abc.NT_0014_P_00003'>"": [], ""<class 'abc.NT_0014_P_00004'>"": [], '$leftovers': [612, 51366, 29977, 7941, 62781, 93978, 48081, 63396, 57279, 63194, 37786, 54499, 54071, 7255, 805, 91855, 9788, 55863, 13874, 90931, 38385, 43619, 36227, 61359, 25033, 26828, 94952, 78514, 81573, 7035, 57599, 63649, 37284, 79243, 23816, 36097, 45176, 45221, 21659, 73410, 77378, 61609, 53485, 83091, 55364, 804, 37863, 62128, 64631, 84523, 68409, 46658, 59869, 22948, 53816, 17703, 86036, 23930, 54711, 27159, 47907, 22129, 19429, 11704, 67050, 80298, 69224, 57646, 14733, 44317, 85077, 74191, 78264, 27076, 89776, 5196, 46711, 95884, 100000, 42859, 92197, 62164, 34041, 96434, 9186, 84986, 23729, 32442, 9078, 30947, 10584, 90176, 39265, 2903, 26641, 17813, 64068, 47390, 53496, 84055, 91192, 43627, 10978, 20051, 63072, 17541, 52384, 82602, 2071, 73349, 76496, 93237, 90746, 94169, 1089, 1963, 87259, 78716, 97251, 74560, 92319, 88430, 30065, 35943, 26646, 58575, 20564, 68822, 1955, 11977, 701, 8879, 51642, 65013, 37021, 8254, 64968, 54544, 55206, 50487, 94823, 39401, 11005, 50507, 4078, 47520, 40046, 60171, 93652, 930, 40344, 61205, 60575, 32914, 87845, 18974, 88335, 23738, 9159, 67945, 35873, 79289, 92027, 47069, 50717, 19269, 86431, 12677, 1847, 82569, 10719, 49874, 57438, 74245, 9728, 35214, 60927, 50418, 3072, 33653, 84097, 10451, 10948, 43565, 35042, 52901, 60373, 71523, 99916, 21066, 31862, 7158, 61957, 29065, 73503, 77066, 90914, 2224, 23949, 58836, 36313, 52163, 15402, 95181, 97248, 72223, 64484, 31579, 7361, 13133, 8559, 5315, 12957, 97480, 15964, 47289, 18201, 64048, 38836, 23949, 65274, 81688, 15908, 97641, 68909, 88194, 58203, 54156, 17884, 17015, 98114, 85070, 44487, 35609, 43946, 13163, 68656, 46368, 64590, 40998, 4333, 23209, 48312, 91519, 45912, 95154, 82162, 65190, 2680, 41571, 50993, 530, 20715, 62325, 69130, 87411, 51896, 25041, 1061, 92007, 16083, 61009, 22448, 76926, 40530, 5740, 65551, 74307, 70243, 88860, 56449, 62236, 73737, 14864, 20769, 33438, 2720, 19958, 14224, 62871, 11924, 4195, 94579, 90772, 15850, 32394, 39534, 94217, 24432, 49736, 19142, 95031, 91556, 84878, 36003, 82744, 39005, 77560, 67854, 74174, 65238, 42610, 38442, 5045, 8394, 50169, 85223, 39318, 11999, 19698, 62218, 20982, 75579, 83921, 36322, 81232, 74890, 79155, 7974, 87957, 31618, 15302, 46288, 41529, 54402, 51898, 8904, 68466, 16655, 33307, 87657, 62302, 99805, 94712, 27432, 6792, 318, 28470, 61849, 26074, 24481, 33234, 11701, 90978, 8418, 34547, 73073, 14229, 92931, 45528, 46305, 58234, 95428, 52910, 64691, 89529, 6125, 95529, 23717, 34258, 15039, 26343, 25322, 18533, 87153, 22501, 24377, 93511, 91108, 66007, 60481, 95208, 62676, 92031, 61249, 21040, 27224, 8088, 84181, 33593, 86548, 72607, 12800, 5611, 73844, 6692, 65230, 36526, 2469, 35635, 48449, 14719, 78189, 85243, 55844, 24071, 23788, 78878, 22883, 30166, 25797, 10713, 24202, 63862, 69116, 6614, 65627, 74821, 9118, 52050, 1045, 85212, 62012, 89898, 79364, 88858, 96964, 35830, 60888, 26734, 88556, 30404, 7619, 80278, 68622, 93232, 34306, 31485, 56275, 18665, 75621, 64839, 93770, 28199, 22239, 59130, 77628, 99168, 70420, 75781, 62501, 671, 82149, 26309, 8026, 6187, 34342, 77941, 96327, 7003, 65713, 2941, 26673, 45799, 5550, 98918, 65458, 56546, 58743, 93533, 64790, 30347, 32662, 73325, 77970, 21733, 35559, 73040, 79043, 59441, 82022, 37637, 7661, 94041, 96708, 7898, 70255, 89025, 83488, 90561, 63581, 77717, 74197, 27575, 58299, 53110, 73807, 71575, 26219, 35022, 49263, 13153, 34531, 51399, 44165, 26477, 4658, 89217, 10088, 77375, 38696, 57234, 69828, 27880, 19969, 12884, 48301, 32382, 79158, 72530, 2303, 28606, 30300, 17727, 74408, 82473, 74031, 47501, 28349, 67701, 75802, 89880, 6847, 37677, 42094, 59098, 33292, 25396, 1653, 33802, 37033, 82988, 18807, 34788, 32442, 21412, 79504, 70667, 67140, 188, 92567, 14712, 41955, 83231, 16604, 44261, 9248, 17311, 28714, 91679, 32487, 26287, 45537, 96338, 4907, 91004, 40305, 38855, 30113, 31802, 90368, 29632, 22399, 27504, 74924, 64570, 3170, 73381, 73608, 82107, 55004, 28453, 81413, 83401, 86827, 3755, 19280, 39809, 58531, 69352, 77285, 75236, 65692, 7596, 96792, 61193, 32718, 15171, 87988, 30166, 54746, 77236, 17432, 95331, 38981, 88240, 38898, 32172, 79555, 11740, 12372, 21314, 35314, 93047, 42158, 12888, 45757, 12444, 53196, 24354, 10754, 11298, 51034, 29460, 54561, 63362, 63137, 80288, 88200, 90124, 34341, 79738, 29507, 1371, 45727, 33233, 20038, 80414, 21940, 30707, 90006, 24595, 36850, 16424, 43356, 57374, 16541, 37502, 37384, 44186, 1581, 55147, 81574, 36342, 34700, 77319, 28025, 42804, 70814, 97334, 63170, 45671, 92728, 50865, 61805, 79230, 95797, 79382, 69832, 39248, 70970, 62614, 68180, 36578, 66699, 90803, 28447, 48009, 97357, 19944, 60879, 16057, 92445, 75982, 37067, 41406, 92224, 10099, 38077, 10238, 68458, 6537, 63778, 57556, 62039, 11823, 13270, 39382, 5448, 99101, 892, 8806, 21031, 7912, 86405, 50251, 88331, 79170, 19276, 48689, 73426, 83963, 98871, 32530, 19826, 24930, 70628, 89666, 23784, 22342, 79694, 80437, 28733, 99765, 7735, 65443, 39629, 65691, 45234, 52942, 70165, 64742, 7593, 35389, 38346, 53370, 1486, 63745, 59201, 84112, 82078, 59842, 55744, 6361, 15079, 910, 53287, 86305, 5582, 34924, 69056, 67927, 31852, 80811, 3497, 24763, 76576, 6447, 51921, 24582, 67902, 99777, 99703, 83341, 49007, 99280, 24090, 6799, 52732, 30031, 47977, 87252, 5024, 40270, 25148, 18576, 16321, 73258, 96568, 50330, 93058, 53931, 82548, 70345, 30377, 16363, 46283, 71917, 19219, 34599, 59905, 76185, 99134, 52728, 85779, 32717, 4809, 23223, 7767, 36688, 17927, 33222, 5461, 58987, 99150, 82453, 68878, 27439, 92942, 79331, 71474, 34897, 35197, 84658, 51810, 88051, 90117, 15640, 25537, 1192, 5758, 16919, 16570, 54940, 71350, 57863, 28374, 25430, 96910, 25138, 30623, 84961, 23541, 35862, 94330, 34467, 45322, 3068, 32691, 19717, 72709, 77504, 12874, 8035, 4199, 32629, 29326, 50091, 4290, 69037, 67868, 4858, 18189, 81289, 10537, 34484, 97761, 36705, 52886, 29677, 92414, 65300, 4493, 83991, 25685, 6104, 23112, 72137, 96757, 13483, 18308, 221, 14358, 49795, 76044, 65013, 87872, 95304, 14399, 812, 64706, 60775, 65656, 55460, 64130, 33001, 14835, 17431, 45023, 79744, 46149, 17211, 1932, 89664, 35867, 75834, 45835, 33920, 51887, 56077, 57612, 3201, 66246, 43129, 72962, 59486, 41799, 36083, 78794, 55644, 16064, 47916, 43687, 87424, 99482, 17585, 78994, 36067, 56930, 68493, 83129, 64732, 86546, 74055, 94524, 52064, 83683, 31321, 53390, 89787, 97909, 96890, 42138, 43171, 63419, 72477, 642, 72325, 14142, 88837, 64298, 53853, 33912, 90976, 51351, 53580, 44520, 1115, 7377, 51291, 91564, 16199, 86922, 17805, 85895, 43694, 18547, 43604, 34423, 97118, 34445, 84791, 71375, 31055, 9941, 27422, 27295, 25492, 21731, 54058, 56103, 74702, 88389, 39787, 83292, 56321, 80058, 48446, 90534, 99020, 53183, 57349, 5351, 62399, 11726, 72703, 23079, 88458, 14886, 42115, 37381, 53447, 80416, 75451, 17441, 22787, 25968, 37997, 43457, 70409, 3144, 30291, 27680, 46416, 33566, 93834, 69479, 8313, 69016, 56653]})"
32.0,9,38,73,37.79034399986267,210,"Genotype(dna={""<class 'abc.NT_0014'>"": [0, 9891], ""<class 'abc.NT_0014_P_00000'>"": [], ""<class 'abc.NT_0003'>"": [], ""<class 'abc.NT_0003_P_00000'>"": [], ""<class 'bool'>"": [34892, 53838, 93055, 22069, 78539, 27596, 11504, 95280, 56278, 13913, 91591, 97012, 50516, 84139, 91601, 80048, 36855, 76229, 96396, 90534, 62399, 56318, 86613, 30291, 93834, 69479, 91703], ""<class 'abc.NT_0000'>"": [0, 2, 3, 0, 0, 66646, 24329, 0, 57112, 0, 0, 0, 96236, 19448, 3, 67907, 2, 0, 61061, 0, 47365, 65468, 40560, 0, 1, 35560, 2, 0, 2, 6530, 90460, 0, 0, 0, 1053, 51537, 23729, 3136, 21603, 1290, 82817, 25314, 57349, 5351, 72703, 23079, 41017, 74148, 17441, 6983, 25968, 74036, 43457, 70409, 70746], ""<class 'abc.NT_0000_P_00000'>"": [], ""<class 'int'>"": [11527, 89970, 57184, 94912, 12901, 2737, 25019, 94292, 7422, 84436, 79517, 92390, 83981, 41079, 54502, 66359, 45824, 66531, 20954, 87223, 18331, 85267, 30558, 83139, 26738, 4868, 77382, 79248, 84283, 30291, 69479, 56653, 51366, 23356, 63194, 54071, 7575, 38385], ""<class 'abc.NT_0000_P_00001'>"": [], ""<class 'abc.NT_0000_P_00002'>"": [], ""<class 'abc.NT_0000_P_00003'>"": [], ""<class 'abc.NT_0001'>"": [1, 99233, 59169, 80416, 13326, 80335, 56653], ""<class 'abc.NT_0001_P_00000'>"": [], ""<class 'abc.NT_0001_P_00001'>"": [], ""<class 'abc.NT_0001_P_00002'>"": [], ""<class 'abc.NT_0001_P_00003'>"": [], ""<class 'abc.NT_0001_P_00004'>"": [], ""<class 'abc.NT_0001_P_00005'>"": [], ""<class 'abc.NT_0001_P_00006'>"": [], ""<class 'abc.NT_0003_P_00001'>"": [], ""<class 'abc.NT_0002'>"": [0, 63043], ""<class 'abc.NT_0002_P_00000'>"": [], ""<class 'abc.NT_0002_P_00001'>"": [], ""<class 'abc.NT_0002_P_00002'>"": [], ""<class 'abc.NT_0002_P_00003'>"": [], ""<class 'abc.NT_0004'>"": [], ""<class 'abc.NT_0004_P_00000'>"": [], ""<class 'abc.NT_0014_P_00001'>"": [], ""<class 'abc.NT_0013'>"": [31174, 87753, 70326], ""<class 'abc.NT_0013_P_00000'>"": [], ""<class 'abc.NT_0011'>"": [1, 98607], ""<class 'abc.NT_0011_P_00000'>"": [], ""<class 'abc.NT_0011_P_00001'>"": [], ""<class 'abc.NT_0008'>"": [56358, 25492], ""<class 'abc.NT_0008_P_00000'>"": [], ""<class 'abc.NT_0005'>"": [65439, 70998], ""<class 'abc.NT_0005_P_00000'>"": [], ""<class 'abc.NT_0005_P_00001'>"": [], ""<class 'abc.NT_0007'>"": [63976, 27295], ""<class 'abc.NT_0007_P_00000'>"": [], ""<class 'abc.NT_0006'>"": [51447, 91312], ""<class 'abc.NT_0006_P_00000'>"": [], ""<class 'abc.NT_0006_P_00001'>"": [], ""<class 'abc.NT_0007_P_00001'>"": [], ""<class 'abc.NT_0007_P_00002'>"": [], ""<class 'abc.NT_0007_P_00003'>"": [], ""<class 'abc.NT_0008_P_00001'>"": [], ""<class 'abc.NT_0009'>"": [8, 58070, 39787], ""<class 'abc.NT_0009_P_00000'>"": [], ""<class 'abc.NT_0009_P_00001'>"": [], ""<class 'abc.NT_0009_P_00002'>"": [], ""<class 'abc.NT_0009_P_00003'>"": [], ""<class 'abc.NT_0009_P_00004'>"": [], ""<class 'abc.NT_0009_P_00005'>"": [], ""<class 'abc.NT_0009_P_00006'>"": [], ""<class 'abc.NT_0009_P_00007'>"": [], ""<class 'abc.NT_0009_P_00008'>"": [], ""<class 'abc.NT_0011_P_00002'>"": [], ""<class 'abc.NT_0010'>"": [53447, 75927], ""<class 'abc.NT_0010_P_00000'>"": [], ""<class 'abc.NT_0010_P_00001'>"": [], ""<class 'abc.NT_0010_P_00002'>"": [], ""<class 'abc.NT_0010_P_00003'>"": [], ""<class 'abc.NT_0010_P_00004'>"": [], ""<class 'abc.NT_0010_P_00005'>"": [], ""<class 'abc.NT_0011_P_00003'>"": [], ""<class 'abc.NT_0011_P_00004'>"": [], ""<class 'abc.NT_0011_P_00005'>"": [], ""<class 'abc.NT_0011_P_00006'>"": [], ""<class 'abc.NT_0011_P_00007'>"": [], ""<class 'abc.NT_0011_P_00008'>"": [], ""<class 'abc.NT_0011_P_00009'>"": [], ""<class 'abc.NT_0014_P_00002'>"": [], ""<class 'abc.NT_0014_P_00003'>"": [], ""<class 'abc.NT_0014_P_00004'>"": [], '$leftovers': [612, 51366, 29977, 7941, 62781, 93978, 48081, 63396, 57279, 63194, 37786, 54499, 54071, 7255, 805, 91855, 9788, 55863, 13874, 90931, 38385, 43619, 36227, 61359, 25033, 26828, 94952, 78514, 81573, 7035, 57599, 63649, 37284, 79243, 23816, 36097, 45176, 45221, 21659, 73410, 77378, 61609, 53485, 83091, 55364, 804, 37863, 62128, 64631, 84523, 68409, 46658, 59869, 22948, 53816, 17703, 86036, 23930, 54711, 27159, 47907, 22129, 19429, 11704, 67050, 80298, 69224, 57646, 14733, 44317, 85077, 74191, 78264, 27076, 89776, 5196, 46711, 95884, 100000, 42859, 92197, 62164, 34041, 96434, 9186, 84986, 23729, 32442, 9078, 30947, 10584, 90176, 39265, 2903, 26641, 17813, 64068, 47390, 53496, 84055, 91192, 43627, 10978, 20051, 63072, 17541, 52384, 82602, 2071, 73349, 76496, 93237, 90746, 94169, 1089, 1963, 87259, 78716, 97251, 74560, 92319, 88430, 30065, 35943, 26646, 58575, 20564, 68822, 1955, 11977, 701, 8879, 51642, 65013, 37021, 8254, 64968, 54544, 55206, 50487, 94823, 39401, 11005, 50507, 4078, 47520, 40046, 60171, 93652, 930, 40344, 61205, 60575, 32914, 87845, 18974, 88335, 23738, 9159, 67945, 35873, 79289, 92027, 47069, 50717, 19269, 86431, 12677, 1847, 82569, 10719, 49874, 57438, 74245, 9728, 35214, 60927, 50418, 3072, 33653, 84097, 10451, 10948, 43565, 35042, 52901, 60373, 71523, 99916, 21066, 31862, 7158, 61957, 29065, 73503, 77066, 90914, 2224, 23949, 58836, 36313, 52163, 15402, 95181, 97248, 72223, 64484, 31579, 7361, 13133, 8559, 5315, 12957, 97480, 15964, 47289, 18201, 64048, 38836, 23949, 65274, 81688, 15908, 97641, 68909, 88194, 58203, 54156, 17884, 17015, 98114, 85070, 44487, 35609, 43946, 13163, 68656, 46368, 64590, 40998, 4333, 23209, 48312, 91519, 45912, 95154, 82162, 65190, 2680, 41571, 50993, 530, 20715, 62325, 69130, 87411, 51896, 25041, 1061, 92007, 16083, 61009, 22448, 76926, 40530, 5740, 65551, 74307, 70243, 88860, 56449, 62236, 73737, 14864, 20769, 33438, 2720, 19958, 14224, 62871, 11924, 4195, 94579, 90772, 15850, 32394, 39534, 94217, 24432, 49736, 19142, 95031, 91556, 84878, 36003, 82744, 39005, 77560, 67854, 74174, 65238, 42610, 38442, 5045, 8394, 50169, 85223, 39318, 11999, 19698, 62218, 20982, 75579, 83921, 36322, 81232, 74890, 79155, 7974, 87957, 31618, 15302, 46288, 41529, 54402, 51898, 8904, 68466, 16655, 33307, 87657, 62302, 99805, 94712, 27432, 6792, 318, 28470, 61849, 26074, 24481, 33234, 11701, 90978, 8418, 34547, 73073, 14229, 92931, 45528, 46305, 58234, 95428, 52910, 64691, 89529, 6125, 95529, 23717, 34258, 15039, 26343, 25322, 18533, 87153, 22501, 24377, 93511, 91108, 66007, 60481, 95208, 62676, 92031, 61249, 21040, 27224, 8088, 84181, 33593, 86548, 72607, 12800, 5611, 73844, 6692, 65230, 36526, 2469, 35635, 48449, 14719, 78189, 85243, 55844, 24071, 23788, 78878, 22883, 30166, 25797, 10713, 24202, 63862, 69116, 6614, 65627, 74821, 9118, 52050, 1045, 85212, 62012, 89898, 79364, 88858, 96964, 35830, 60888, 26734, 88556, 30404, 7619, 80278, 68622, 93232, 34306, 31485, 56275, 18665, 75621, 64839, 93770, 28199, 22239, 59130, 77628, 99168, 70420, 75781, 62501, 671, 82149, 26309, 8026, 6187, 34342, 77941, 96327, 7003, 65713, 2941, 26673, 45799, 5550, 98918, 65458, 56546, 58743, 93533, 64790, 30347, 32662, 73325, 77970, 21733, 35559, 73040, 79043, 59441, 82022, 37637, 7661, 94041, 96708, 7898, 70255, 89025, 83488, 90561, 63581, 77717, 74197, 27575, 58299, 53110, 73807, 71575, 26219, 35022, 49263, 13153, 34531, 51399, 44165, 26477, 4658, 89217, 10088, 77375, 38696, 57234, 69828, 27880, 19969, 12884, 48301, 32382, 79158, 72530, 2303, 28606, 30300, 17727, 74408, 82473, 74031, 47501, 28349, 67701, 75802, 89880, 6847, 37677, 42094, 59098, 33292, 25396, 1653, 33802, 37033, 82988, 18807, 34788, 32442, 21412, 79504, 70667, 67140, 188, 92567, 14712, 41955, 83231, 16604, 44261, 9248, 17311, 28714, 91679, 32487, 26287, 45537, 96338, 4907, 91004, 40305, 38855, 30113, 31802, 90368, 29632, 22399, 27504, 74924, 64570, 3170, 73381, 73608, 82107, 55004, 28453, 81413, 83401, 86827, 3755, 19280, 39809, 58531, 69352, 77285, 75236, 65692, 7596, 96792, 61193, 32718, 15171, 87988, 30166, 54746, 77236, 17432, 95331, 38981, 88240, 38898, 32172, 79555, 11740, 12372, 21314, 35314, 93047, 42158, 12888, 45757, 12444, 53196, 24354, 10754, 11298, 51034, 29460, 54561, 63362, 63137, 80288, 88200, 90124, 34341, 79738, 29507, 1371, 45727, 33233, 20038, 80414, 21940, 30707, 90006, 24595, 36850, 16424, 43356, 57374, 16541, 37502, 37384, 44186, 1581, 55147, 81574, 36342, 34700, 77319, 28025, 42804, 70814, 97334, 63170, 45671, 92728, 50865, 61805, 79230, 95797, 79382, 69832, 39248, 70970, 62614, 68180, 36578, 66699, 90803, 28447, 48009, 97357, 19944, 60879, 16057, 92445, 75982, 37067, 41406, 92224, 10099, 38077, 10238, 68458, 6537, 63778, 57556, 62039, 11823, 13270, 39382, 5448, 99101, 892, 8806, 21031, 7912, 86405, 50251, 88331, 79170, 19276, 48689, 73426, 83963, 98871, 32530, 19826, 24930, 70628, 89666, 23784, 22342, 79694, 80437, 28733, 99765, 7735, 65443, 39629, 65691, 45234, 52942, 70165, 64742, 7593, 35389, 38346, 53370, 1486, 63745, 59201, 84112, 82078, 59842, 55744, 6361, 15079, 910, 53287, 86305, 5582, 34924, 69056, 67927, 31852, 80811, 3497, 24763, 76576, 6447, 51921, 24582, 67902, 99777, 99703, 83341, 49007, 99280, 24090, 6799, 52732, 30031, 47977, 87252, 5024, 40270, 25148, 18576, 16321, 73258, 96568, 50330, 93058, 53931, 82548, 70345, 30377, 16363, 46283, 71917, 19219, 34599, 59905, 76185, 99134, 52728, 85779, 32717, 4809, 23223, 7767, 36688, 17927, 33222, 5461, 58987, 99150, 82453, 68878, 27439, 92942, 79331, 71474, 34897, 35197, 84658, 51810, 88051, 90117, 15640, 25537, 1192, 5758, 16919, 16570, 54940, 71350, 57863, 28374, 25430, 96910, 25138, 30623, 84961, 23541, 35862, 94330, 34467, 45322, 3068, 32691, 19717, 72709, 77504, 12874, 8035, 4199, 32629, 29326, 50091, 4290, 69037, 67868, 4858, 18189, 81289, 10537, 34484, 97761, 36705, 52886, 29677, 92414, 65300, 4493, 83991, 25685, 6104, 23112, 72137, 96757, 13483, 18308, 221, 14358, 49795, 76044, 65013, 87872, 95304, 14399, 812, 64706, 60775, 65656, 55460, 64130, 33001, 14835, 17431, 45023, 79744, 46149, 17211, 1932, 89664, 35867, 75834, 45835, 33920, 51887, 56077, 57612, 3201, 66246, 43129, 72962, 59486, 41799, 36083, 78794, 55644, 16064, 47916, 43687, 87424, 99482, 17585, 78994, 36067, 56930, 68493, 83129, 64732, 86546, 74055, 94524, 52064, 83683, 31321, 53390, 89787, 97909, 96890, 42138, 43171, 63419, 72477, 642, 72325, 14142, 88837, 64298, 53853, 33912, 90976, 51351, 53580, 44520, 1115, 7377, 51291, 91564, 16199, 86922, 17805, 85895, 43694, 18547, 43604, 34423, 97118, 34445, 84791, 71375, 31055, 9941, 27422, 27295, 25492, 21731, 54058, 56103, 74702, 88389, 39787, 83292, 56321, 80058, 48446, 90534, 99020, 53183, 57349, 5351, 62399, 11726, 72703, 23079, 88458, 14886, 42115, 37381, 53447, 80416, 75451, 17441, 22787, 25968, 37997, 43457, 70409, 3144, 30291, 27680, 46416, 33566, 93834, 69479, 8313, 69016, 56653]})"
32.0,9,38,74,38.19900584220886,210,"Genotype(dna={""<class 'abc.NT_0014'>"": [0, 9891], ""<class 'abc.NT_0014_P_00000'>"": [], ""<class 'abc.NT_0003'>"": [], ""<class 'abc.NT_0003_P_00000'>"": [], ""<class 'bool'>"": [34892, 53838, 93055, 22069, 78539, 27596, 11504, 95280, 56278, 13913, 91591, 97012, 50516, 84139, 91601, 80048, 36855, 76229, 96396, 90534, 62399, 56318, 86613, 30291, 93834, 69479, 91703], ""<class 'abc.NT_0000'>"": [0, 2, 3, 0, 0, 66646, 24329, 0, 57112, 0, 0, 0, 96236, 19448, 3, 67907, 2, 0, 61061, 0, 47365, 65468, 40560, 0, 1, 35560, 2, 0, 2, 6530, 90460, 0, 0, 0, 1053, 51537, 23729, 3136, 21603, 1290, 82817, 25314, 57349, 5351, 72703, 23079, 41017, 74148, 17441, 6983, 25968, 74036, 43457, 70409, 70746], ""<class 'abc.NT_0000_P_00000'>"": [], ""<class 'int'>"": [11527, 89970, 57184, 94912, 12901, 2737, 25019, 94292, 7422, 84436, 79517, 92390, 83981, 41079, 54502, 66359, 45824, 66531, 20954, 87223, 18331, 85267, 30558, 83139, 26738, 4868, 77382, 79248, 84283, 30291, 69479, 56653, 51366, 23356, 63194, 54071, 7575, 38385], ""<class 'abc.NT_0000_P_00001'>"": [], ""<class 'abc.NT_0000_P_00002'>"": [], ""<class 'abc.NT_0000_P_00003'>"": [], ""<class 'abc.NT_0001'>"": [1, 99233, 59169, 80416, 13326, 80335, 56653], ""<class 'abc.NT_0001_P_00000'>"": [], ""<class 'abc.NT_0001_P_00001'>"": [], ""<class 'abc.NT_0001_P_00002'>"": [], ""<class 'abc.NT_0001_P_00003'>"": [], ""<class 'abc.NT_0001_P_00004'>"": [], ""<class 'abc.NT_0001_P_00005'>"": [], ""<class 'abc.NT_0001_P_00006'>"": [], ""<class 'abc.NT_0003_P_00001'>"": [], ""<class 'abc.NT_0002'>"": [0, 63043], ""<class 'abc.NT_0002_P_00000'>"": [], ""<class 'abc.NT_0002_P_00001'>"": [], ""<class 'abc.NT_0002_P_00002'>"": [], ""<class 'abc.NT_0002_P_00003'>"": [], ""<class 'abc.NT_0004'>"": [], ""<class 'abc.NT_0004_P_00000'>"": [], ""<class 'abc.NT_0014_P_00001'>"": [], ""<class 'abc.NT_0013'>"": [31174, 87753, 70326], ""<class 'abc.NT_0013_P_00000'>"": [], ""<class 'abc.NT_0011'>"": [1, 98607], ""<class 'abc.NT_0011_P_00000'>"": [], ""<class 'abc.NT_0011_P_00001'>"": [], ""<class 'abc.NT_0008'>"": [56358, 25492], ""<class 'abc.NT_0008_P_00000'>"": [], ""<class 'abc.NT_0005'>"": [65439, 70998], ""<class 'abc.NT_0005_P_00000'>"": [], ""<class 'abc.NT_0005_P_00001'>"": [], ""<class 'abc.NT_0007'>"": [63976, 27295], ""<class 'abc.NT_0007_P_00000'>"": [], ""<class 'abc.NT_0006'>"": [51447, 91312], ""<class 'abc.NT_0006_P_00000'>"": [], ""<class 'abc.NT_0006_P_00001'>"": [], ""<class 'abc.NT_0007_P_00001'>"": [], ""<class 'abc.NT_0007_P_00002'>"": [], ""<class 'abc.NT_0007_P_00003'>"": [], ""<class 'abc.NT_0008_P_00001'>"": [], ""<class 'abc.NT_0009'>"": [8, 58070, 39787], ""<class 'abc.NT_0009_P_00000'>"": [], ""<class 'abc.NT_0009_P_00001'>"": [], ""<class 'abc.NT_0009_P_00002'>"": [], ""<class 'abc.NT_0009_P_00003'>"": [], ""<class 'abc.NT_0009_P_00004'>"": [], ""<class 'abc.NT_0009_P_00005'>"": [], ""<class 'abc.NT_0009_P_00006'>"": [], ""<class 'abc.NT_0009_P_00007'>"": [], ""<class 'abc.NT_0009_P_00008'>"": [], ""<class 'abc.NT_0011_P_00002'>"": [], ""<class 'abc.NT_0010'>"": [53447, 75927], ""<class 'abc.NT_0010_P_00000'>"": [], ""<class 'abc.NT_0010_P_00001'>"": [], ""<class 'abc.NT_0010_P_00002'>"": [], ""<class 'abc.NT_0010_P_00003'>"": [], ""<class 'abc.NT_0010_P_00004'>"": [], ""<class 'abc.NT_0010_P_00005'>"": [], ""<class 'abc.NT_0011_P_00003'>"": [], ""<class 'abc.NT_0011_P_00004'>"": [], ""<class 'abc.NT_0011_P_00005'>"": [], ""<class 'abc.NT_0011_P_00006'>"": [], ""<class 'abc.NT_0011_P_00007'>"": [], ""<class 'abc.NT_0011_P_00008'>"": [], ""<class 'abc.NT_0011_P_00009'>"": [], ""<class 'abc.NT_0014_P_00002'>"": [], ""<class 'abc.NT_0014_P_00003'>"": [], ""<class 'abc.NT_0014_P_00004'>"": [], '$leftovers': [612, 51366, 29977, 7941, 62781, 93978, 48081, 63396, 57279, 63194, 37786, 54499, 54071, 7255, 805, 91855, 9788, 55863, 13874, 90931, 38385, 43619, 36227, 61359, 25033, 26828, 94952, 78514, 81573, 7035, 57599, 63649, 37284, 79243, 23816, 36097, 45176, 45221, 21659, 73410, 77378, 61609, 53485, 83091, 55364, 804, 37863, 62128, 64631, 84523, 68409, 46658, 59869, 22948, 53816, 17703, 86036, 23930, 54711, 27159, 47907, 22129, 19429, 11704, 67050, 80298, 69224, 57646, 14733, 44317, 85077, 74191, 78264, 27076, 89776, 5196, 46711, 95884, 100000, 42859, 92197, 62164, 34041, 96434, 9186, 84986, 23729, 32442, 9078, 30947, 10584, 90176, 39265, 2903, 26641, 17813, 64068, 47390, 53496, 84055, 91192, 43627, 10978, 20051, 63072, 17541, 52384, 82602, 2071, 73349, 76496, 93237, 90746, 94169, 1089, 1963, 87259, 78716, 97251, 74560, 92319, 88430, 30065, 35943, 26646, 58575, 20564, 68822, 1955, 11977, 701, 8879, 51642, 65013, 37021, 8254, 64968, 54544, 55206, 50487, 94823, 39401, 11005, 50507, 4078, 47520, 40046, 60171, 93652, 930, 40344, 61205, 60575, 32914, 87845, 18974, 88335, 23738, 9159, 67945, 35873, 79289, 92027, 47069, 50717, 19269, 86431, 12677, 1847, 82569, 10719, 49874, 57438, 74245, 9728, 35214, 60927, 50418, 3072, 33653, 84097, 10451, 10948, 43565, 35042, 52901, 60373, 71523, 99916, 21066, 31862, 7158, 61957, 29065, 73503, 77066, 90914, 2224, 23949, 58836, 36313, 52163, 15402, 95181, 97248, 72223, 64484, 31579, 7361, 13133, 8559, 5315, 12957, 97480, 15964, 47289, 18201, 64048, 38836, 23949, 65274, 81688, 15908, 97641, 68909, 88194, 58203, 54156, 17884, 17015, 98114, 85070, 44487, 35609, 43946, 13163, 68656, 46368, 64590, 40998, 4333, 23209, 48312, 91519, 45912, 95154, 82162, 65190, 2680, 41571, 50993, 530, 20715, 62325, 69130, 87411, 51896, 25041, 1061, 92007, 16083, 61009, 22448, 76926, 40530, 5740, 65551, 74307, 70243, 88860, 56449, 62236, 73737, 14864, 20769, 33438, 2720, 19958, 14224, 62871, 11924, 4195, 94579, 90772, 15850, 32394, 39534, 94217, 24432, 49736, 19142, 95031, 91556, 84878, 36003, 82744, 39005, 77560, 67854, 74174, 65238, 42610, 38442, 5045, 8394, 50169, 85223, 39318, 11999, 19698, 62218, 20982, 75579, 83921, 36322, 81232, 74890, 79155, 7974, 87957, 31618, 15302, 46288, 41529, 54402, 51898, 8904, 68466, 16655, 33307, 87657, 62302, 99805, 94712, 27432, 6792, 318, 28470, 61849, 26074, 24481, 33234, 11701, 90978, 8418, 34547, 73073, 14229, 92931, 45528, 46305, 58234, 95428, 52910, 64691, 89529, 6125, 95529, 23717, 34258, 15039, 26343, 25322, 18533, 87153, 22501, 24377, 93511, 91108, 66007, 60481, 95208, 62676, 92031, 61249, 21040, 27224, 8088, 84181, 33593, 86548, 72607, 12800, 5611, 73844, 6692, 65230, 36526, 2469, 35635, 48449, 14719, 78189, 85243, 55844, 24071, 23788, 78878, 22883, 30166, 25797, 10713, 24202, 63862, 69116, 6614, 65627, 74821, 9118, 52050, 1045, 85212, 62012, 89898, 79364, 88858, 96964, 35830, 60888, 26734, 88556, 30404, 7619, 80278, 68622, 93232, 34306, 31485, 56275, 18665, 75621, 64839, 93770, 28199, 22239, 59130, 77628, 99168, 70420, 75781, 62501, 671, 82149, 26309, 8026, 6187, 34342, 77941, 96327, 7003, 65713, 2941, 26673, 45799, 5550, 98918, 65458, 56546, 58743, 93533, 64790, 30347, 32662, 73325, 77970, 21733, 35559, 73040, 79043, 59441, 82022, 37637, 7661, 94041, 96708, 7898, 70255, 89025, 83488, 90561, 63581, 77717, 74197, 27575, 58299, 53110, 73807, 71575, 26219, 35022, 49263, 13153, 34531, 51399, 44165, 26477, 4658, 89217, 10088, 77375, 38696, 57234, 69828, 27880, 19969, 12884, 48301, 32382, 79158, 72530, 2303, 28606, 30300, 17727, 74408, 82473, 74031, 47501, 28349, 67701, 75802, 89880, 6847, 37677, 42094, 59098, 33292, 25396, 1653, 33802, 37033, 82988, 18807, 34788, 32442, 21412, 79504, 70667, 67140, 188, 92567, 14712, 41955, 83231, 16604, 44261, 9248, 17311, 28714, 91679, 32487, 26287, 45537, 96338, 4907, 91004, 40305, 38855, 30113, 31802, 90368, 29632, 22399, 27504, 74924, 64570, 3170, 73381, 73608, 82107, 55004, 28453, 81413, 83401, 86827, 3755, 19280, 39809, 58531, 69352, 77285, 75236, 65692, 7596, 96792, 61193, 32718, 15171, 87988, 30166, 54746, 77236, 17432, 95331, 38981, 88240, 38898, 32172, 79555, 11740, 12372, 21314, 35314, 93047, 42158, 12888, 45757, 12444, 53196, 24354, 10754, 11298, 51034, 29460, 54561, 63362, 63137, 80288, 88200, 90124, 34341, 79738, 29507, 1371, 45727, 33233, 20038, 80414, 21940, 30707, 90006, 24595, 36850, 16424, 43356, 57374, 16541, 37502, 37384, 44186, 1581, 55147, 81574, 36342, 34700, 77319, 28025, 42804, 70814, 97334, 63170, 45671, 92728, 50865, 61805, 79230, 95797, 79382, 69832, 39248, 70970, 62614, 68180, 36578, 66699, 90803, 28447, 48009, 97357, 19944, 60879, 16057, 92445, 75982, 37067, 41406, 92224, 10099, 38077, 10238, 68458, 6537, 63778, 57556, 62039, 11823, 13270, 39382, 5448, 99101, 892, 8806, 21031, 7912, 86405, 50251, 88331, 79170, 19276, 48689, 73426, 83963, 98871, 32530, 19826, 24930, 70628, 89666, 23784, 22342, 79694, 80437, 28733, 99765, 7735, 65443, 39629, 65691, 45234, 52942, 70165, 64742, 7593, 35389, 38346, 53370, 1486, 63745, 59201, 84112, 82078, 59842, 55744, 6361, 15079, 910, 53287, 86305, 5582, 34924, 69056, 67927, 31852, 80811, 3497, 24763, 76576, 6447, 51921, 24582, 67902, 99777, 99703, 83341, 49007, 99280, 24090, 6799, 52732, 30031, 47977, 87252, 5024, 40270, 25148, 18576, 16321, 73258, 96568, 50330, 93058, 53931, 82548, 70345, 30377, 16363, 46283, 71917, 19219, 34599, 59905, 76185, 99134, 52728, 85779, 32717, 4809, 23223, 7767, 36688, 17927, 33222, 5461, 58987, 99150, 82453, 68878, 27439, 92942, 79331, 71474, 34897, 35197, 84658, 51810, 88051, 90117, 15640, 25537, 1192, 5758, 16919, 16570, 54940, 71350, 57863, 28374, 25430, 96910, 25138, 30623, 84961, 23541, 35862, 94330, 34467, 45322, 3068, 32691, 19717, 72709, 77504, 12874, 8035, 4199, 32629, 29326, 50091, 4290, 69037, 67868, 4858, 18189, 81289, 10537, 34484, 97761, 36705, 52886, 29677, 92414, 65300, 4493, 83991, 25685, 6104, 23112, 72137, 96757, 13483, 18308, 221, 14358, 49795, 76044, 65013, 87872, 95304, 14399, 812, 64706, 60775, 65656, 55460, 64130, 33001, 14835, 17431, 45023, 79744, 46149, 17211, 1932, 89664, 35867, 75834, 45835, 33920, 51887, 56077, 57612, 3201, 66246, 43129, 72962, 59486, 41799, 36083, 78794, 55644, 16064, 47916, 43687, 87424, 99482, 17585, 78994, 36067, 56930, 68493, 83129, 64732, 86546, 74055, 94524, 52064, 83683, 31321, 53390, 89787, 97909, 96890, 42138, 43171, 63419, 72477, 642, 72325, 14142, 88837, 64298, 53853, 33912, 90976, 51351, 53580, 44520, 1115, 7377, 51291, 91564, 16199, 86922, 17805, 85895, 43694, 18547, 43604, 34423, 97118, 34445, 84791, 71375, 31055, 9941, 27422, 27295, 25492, 21731, 54058, 56103, 74702, 88389, 39787, 83292, 56321, 80058, 48446, 90534, 99020, 53183, 57349, 5351, 62399, 11726, 72703, 23079, 88458, 14886, 42115, 37381, 53447, 80416, 75451, 17441, 22787, 25968, 37997, 43457, 70409, 3144, 30291, 27680, 46416, 33566, 93834, 69479, 8313, 69016, 56653]})"
32.0,9,38,75,38.593406200408936,210,"Genotype(dna={""<class 'abc.NT_0014'>"": [0, 9891], ""<class 'abc.NT_0014_P_00000'>"": [], ""<class 'abc.NT_0003'>"": [], ""<class 'abc.NT_0003_P_00000'>"": [], ""<class 'bool'>"": [34892, 53838, 93055, 22069, 78539, 27596, 11504, 95280, 56278, 13913, 91591, 97012, 50516, 84139, 91601, 80048, 36855, 76229, 96396, 90534, 62399, 56318, 86613, 30291, 93834, 69479, 91703], ""<class 'abc.NT_0000'>"": [0, 2, 3, 0, 0, 66646, 24329, 0, 57112, 0, 0, 0, 96236, 19448, 3, 67907, 2, 0, 61061, 0, 47365, 65468, 40560, 0, 1, 35560, 2, 0, 2, 6530, 90460, 0, 0, 0, 1053, 51537, 23729, 3136, 21603, 1290, 82817, 25314, 57349, 5351, 72703, 23079, 41017, 74148, 17441, 6983, 25968, 74036, 43457, 70409, 70746], ""<class 'abc.NT_0000_P_00000'>"": [], ""<class 'int'>"": [11527, 89970, 57184, 94912, 12901, 2737, 25019, 94292, 7422, 84436, 79517, 92390, 83981, 41079, 54502, 66359, 45824, 66531, 20954, 87223, 18331, 85267, 30558, 83139, 26738, 4868, 77382, 79248, 84283, 30291, 69479, 56653, 51366, 23356, 63194, 54071, 7575, 38385], ""<class 'abc.NT_0000_P_00001'>"": [], ""<class 'abc.NT_0000_P_00002'>"": [], ""<class 'abc.NT_0000_P_00003'>"": [], ""<class 'abc.NT_0001'>"": [1, 99233, 59169, 80416, 13326, 80335, 56653], ""<class 'abc.NT_0001_P_00000'>"": [], ""<class 'abc.NT_0001_P_00001'>"": [], ""<class 'abc.NT_0001_P_00002'>"": [], ""<class 'abc.NT_0001_P_00003'>"": [], ""<class 'abc.NT_0001_P_00004'>"": [], ""<class 'abc.NT_0001_P_00005'>"": [], ""<class 'abc.NT_0001_P_00006'>"": [], ""<class 'abc.NT_0003_P_00001'>"": [], ""<class 'abc.NT_0002'>"": [0, 63043], ""<class 'abc.NT_0002_P_00000'>"": [], ""<class 'abc.NT_0002_P_00001'>"": [], ""<class 'abc.NT_0002_P_00002'>"": [], ""<class 'abc.NT_0002_P_00003'>"": [], ""<class 'abc.NT_0004'>"": [], ""<class 'abc.NT_0004_P_00000'>"": [], ""<class 'abc.NT_0014_P_00001'>"": [], ""<class 'abc.NT_0013'>"": [31174, 87753, 70326], ""<class 'abc.NT_0013_P_00000'>"": [], ""<class 'abc.NT_0011'>"": [1, 98607], ""<class 'abc.NT_0011_P_00000'>"": [], ""<class 'abc.NT_0011_P_00001'>"": [], ""<class 'abc.NT_0008'>"": [56358, 25492], ""<class 'abc.NT_0008_P_00000'>"": [], ""<class 'abc.NT_0005'>"": [65439, 70998], ""<class 'abc.NT_0005_P_00000'>"": [], ""<class 'abc.NT_0005_P_00001'>"": [], ""<class 'abc.NT_0007'>"": [63976, 27295], ""<class 'abc.NT_0007_P_00000'>"": [], ""<class 'abc.NT_0006'>"": [51447, 91312], ""<class 'abc.NT_0006_P_00000'>"": [], ""<class 'abc.NT_0006_P_00001'>"": [], ""<class 'abc.NT_0007_P_00001'>"": [], ""<class 'abc.NT_0007_P_00002'>"": [], ""<class 'abc.NT_0007_P_00003'>"": [], ""<class 'abc.NT_0008_P_00001'>"": [], ""<class 'abc.NT_0009'>"": [8, 58070, 39787], ""<class 'abc.NT_0009_P_00000'>"": [], ""<class 'abc.NT_0009_P_00001'>"": [], ""<class 'abc.NT_0009_P_00002'>"": [], ""<class 'abc.NT_0009_P_00003'>"": [], ""<class 'abc.NT_0009_P_00004'>"": [], ""<class 'abc.NT_0009_P_00005'>"": [], ""<class 'abc.NT_0009_P_00006'>"": [], ""<class 'abc.NT_0009_P_00007'>"": [], ""<class 'abc.NT_0009_P_00008'>"": [], ""<class 'abc.NT_0011_P_00002'>"": [], ""<class 'abc.NT_0010'>"": [53447, 75927], ""<class 'abc.NT_0010_P_00000'>"": [], ""<class 'abc.NT_0010_P_00001'>"": [], ""<class 'abc.NT_0010_P_00002'>"": [], ""<class 'abc.NT_0010_P_00003'>"": [], ""<class 'abc.NT_0010_P_00004'>"": [], ""<class 'abc.NT_0010_P_00005'>"": [], ""<class 'abc.NT_0011_P_00003'>"": [], ""<class 'abc.NT_0011_P_00004'>"": [], ""<class 'abc.NT_0011_P_00005'>"": [], ""<class 'abc.NT_0011_P_00006'>"": [], ""<class 'abc.NT_0011_P_00007'>"": [], ""<class 'abc.NT_0011_P_00008'>"": [], ""<class 'abc.NT_0011_P_00009'>"": [], ""<class 'abc.NT_0014_P_00002'>"": [], ""<class 'abc.NT_0014_P_00003'>"": [], ""<class 'abc.NT_0014_P_00004'>"": [], '$leftovers': [612, 51366, 29977, 7941, 62781, 93978, 48081, 63396, 57279, 63194, 37786, 54499, 54071, 7255, 805, 91855, 9788, 55863, 13874, 90931, 38385, 43619, 36227, 61359, 25033, 26828, 94952, 78514, 81573, 7035, 57599, 63649, 37284, 79243, 23816, 36097, 45176, 45221, 21659, 73410, 77378, 61609, 53485, 83091, 55364, 804, 37863, 62128, 64631, 84523, 68409, 46658, 59869, 22948, 53816, 17703, 86036, 23930, 54711, 27159, 47907, 22129, 19429, 11704, 67050, 80298, 69224, 57646, 14733, 44317, 85077, 74191, 78264, 27076, 89776, 5196, 46711, 95884, 100000, 42859, 92197, 62164, 34041, 96434, 9186, 84986, 23729, 32442, 9078, 30947, 10584, 90176, 39265, 2903, 26641, 17813, 64068, 47390, 53496, 84055, 91192, 43627, 10978, 20051, 63072, 17541, 52384, 82602, 2071, 73349, 76496, 93237, 90746, 94169, 1089, 1963, 87259, 78716, 97251, 74560, 92319, 88430, 30065, 35943, 26646, 58575, 20564, 68822, 1955, 11977, 701, 8879, 51642, 65013, 37021, 8254, 64968, 54544, 55206, 50487, 94823, 39401, 11005, 50507, 4078, 47520, 40046, 60171, 93652, 930, 40344, 61205, 60575, 32914, 87845, 18974, 88335, 23738, 9159, 67945, 35873, 79289, 92027, 47069, 50717, 19269, 86431, 12677, 1847, 82569, 10719, 49874, 57438, 74245, 9728, 35214, 60927, 50418, 3072, 33653, 84097, 10451, 10948, 43565, 35042, 52901, 60373, 71523, 99916, 21066, 31862, 7158, 61957, 29065, 73503, 77066, 90914, 2224, 23949, 58836, 36313, 52163, 15402, 95181, 97248, 72223, 64484, 31579, 7361, 13133, 8559, 5315, 12957, 97480, 15964, 47289, 18201, 64048, 38836, 23949, 65274, 81688, 15908, 97641, 68909, 88194, 58203, 54156, 17884, 17015, 98114, 85070, 44487, 35609, 43946, 13163, 68656, 46368, 64590, 40998, 4333, 23209, 48312, 91519, 45912, 95154, 82162, 65190, 2680, 41571, 50993, 530, 20715, 62325, 69130, 87411, 51896, 25041, 1061, 92007, 16083, 61009, 22448, 76926, 40530, 5740, 65551, 74307, 70243, 88860, 56449, 62236, 73737, 14864, 20769, 33438, 2720, 19958, 14224, 62871, 11924, 4195, 94579, 90772, 15850, 32394, 39534, 94217, 24432, 49736, 19142, 95031, 91556, 84878, 36003, 82744, 39005, 77560, 67854, 74174, 65238, 42610, 38442, 5045, 8394, 50169, 85223, 39318, 11999, 19698, 62218, 20982, 75579, 83921, 36322, 81232, 74890, 79155, 7974, 87957, 31618, 15302, 46288, 41529, 54402, 51898, 8904, 68466, 16655, 33307, 87657, 62302, 99805, 94712, 27432, 6792, 318, 28470, 61849, 26074, 24481, 33234, 11701, 90978, 8418, 34547, 73073, 14229, 92931, 45528, 46305, 58234, 95428, 52910, 64691, 89529, 6125, 95529, 23717, 34258, 15039, 26343, 25322, 18533, 87153, 22501, 24377, 93511, 91108, 66007, 60481, 95208, 62676, 92031, 61249, 21040, 27224, 8088, 84181, 33593, 86548, 72607, 12800, 5611, 73844, 6692, 65230, 36526, 2469, 35635, 48449, 14719, 78189, 85243, 55844, 24071, 23788, 78878, 22883, 30166, 25797, 10713, 24202, 63862, 69116, 6614, 65627, 74821, 9118, 52050, 1045, 85212, 62012, 89898, 79364, 88858, 96964, 35830, 60888, 26734, 88556, 30404, 7619, 80278, 68622, 93232, 34306, 31485, 56275, 18665, 75621, 64839, 93770, 28199, 22239, 59130, 77628, 99168, 70420, 75781, 62501, 671, 82149, 26309, 8026, 6187, 34342, 77941, 96327, 7003, 65713, 2941, 26673, 45799, 5550, 98918, 65458, 56546, 58743, 93533, 64790, 30347, 32662, 73325, 77970, 21733, 35559, 73040, 79043, 59441, 82022, 37637, 7661, 94041, 96708, 7898, 70255, 89025, 83488, 90561, 63581, 77717, 74197, 27575, 58299, 53110, 73807, 71575, 26219, 35022, 49263, 13153, 34531, 51399, 44165, 26477, 4658, 89217, 10088, 77375, 38696, 57234, 69828, 27880, 19969, 12884, 48301, 32382, 79158, 72530, 2303, 28606, 30300, 17727, 74408, 82473, 74031, 47501, 28349, 67701, 75802, 89880, 6847, 37677, 42094, 59098, 33292, 25396, 1653, 33802, 37033, 82988, 18807, 34788, 32442, 21412, 79504, 70667, 67140, 188, 92567, 14712, 41955, 83231, 16604, 44261, 9248, 17311, 28714, 91679, 32487, 26287, 45537, 96338, 4907, 91004, 40305, 38855, 30113, 31802, 90368, 29632, 22399, 27504, 74924, 64570, 3170, 73381, 73608, 82107, 55004, 28453, 81413, 83401, 86827, 3755, 19280, 39809, 58531, 69352, 77285, 75236, 65692, 7596, 96792, 61193, 32718, 15171, 87988, 30166, 54746, 77236, 17432, 95331, 38981, 88240, 38898, 32172, 79555, 11740, 12372, 21314, 35314, 93047, 42158, 12888, 45757, 12444, 53196, 24354, 10754, 11298, 51034, 29460, 54561, 63362, 63137, 80288, 88200, 90124, 34341, 79738, 29507, 1371, 45727, 33233, 20038, 80414, 21940, 30707, 90006, 24595, 36850, 16424, 43356, 57374, 16541, 37502, 37384, 44186, 1581, 55147, 81574, 36342, 34700, 77319, 28025, 42804, 70814, 97334, 63170, 45671, 92728, 50865, 61805, 79230, 95797, 79382, 69832, 39248, 70970, 62614, 68180, 36578, 66699, 90803, 28447, 48009, 97357, 19944, 60879, 16057, 92445, 75982, 37067, 41406, 92224, 10099, 38077, 10238, 68458, 6537, 63778, 57556, 62039, 11823, 13270, 39382, 5448, 99101, 892, 8806, 21031, 7912, 86405, 50251, 88331, 79170, 19276, 48689, 73426, 83963, 98871, 32530, 19826, 24930, 70628, 89666, 23784, 22342, 79694, 80437, 28733, 99765, 7735, 65443, 39629, 65691, 45234, 52942, 70165, 64742, 7593, 35389, 38346, 53370, 1486, 63745, 59201, 84112, 82078, 59842, 55744, 6361, 15079, 910, 53287, 86305, 5582, 34924, 69056, 67927, 31852, 80811, 3497, 24763, 76576, 6447, 51921, 24582, 67902, 99777, 99703, 83341, 49007, 99280, 24090, 6799, 52732, 30031, 47977, 87252, 5024, 40270, 25148, 18576, 16321, 73258, 96568, 50330, 93058, 53931, 82548, 70345, 30377, 16363, 46283, 71917, 19219, 34599, 59905, 76185, 99134, 52728, 85779, 32717, 4809, 23223, 7767, 36688, 17927, 33222, 5461, 58987, 99150, 82453, 68878, 27439, 92942, 79331, 71474, 34897, 35197, 84658, 51810, 88051, 90117, 15640, 25537, 1192, 5758, 16919, 16570, 54940, 71350, 57863, 28374, 25430, 96910, 25138, 30623, 84961, 23541, 35862, 94330, 34467, 45322, 3068, 32691, 19717, 72709, 77504, 12874, 8035, 4199, 32629, 29326, 50091, 4290, 69037, 67868, 4858, 18189, 81289, 10537, 34484, 97761, 36705, 52886, 29677, 92414, 65300, 4493, 83991, 25685, 6104, 23112, 72137, 96757, 13483, 18308, 221, 14358, 49795, 76044, 65013, 87872, 95304, 14399, 812, 64706, 60775, 65656, 55460, 64130, 33001, 14835, 17431, 45023, 79744, 46149, 17211, 1932, 89664, 35867, 75834, 45835, 33920, 51887, 56077, 57612, 3201, 66246, 43129, 72962, 59486, 41799, 36083, 78794, 55644, 16064, 47916, 43687, 87424, 99482, 17585, 78994, 36067, 56930, 68493, 83129, 64732, 86546, 74055, 94524, 52064, 83683, 31321, 53390, 89787, 97909, 96890, 42138, 43171, 63419, 72477, 642, 72325, 14142, 88837, 64298, 53853, 33912, 90976, 51351, 53580, 44520, 1115, 7377, 51291, 91564, 16199, 86922, 17805, 85895, 43694, 18547, 43604, 34423, 97118, 34445, 84791, 71375, 31055, 9941, 27422, 27295, 25492, 21731, 54058, 56103, 74702, 88389, 39787, 83292, 56321, 80058, 48446, 90534, 99020, 53183, 57349, 5351, 62399, 11726, 72703, 23079, 88458, 14886, 42115, 37381, 53447, 80416, 75451, 17441, 22787, 25968, 37997, 43457, 70409, 3144, 30291, 27680, 46416, 33566, 93834, 69479, 8313, 69016, 56653]})"
32.0,9,38,76,38.954896688461304,210,"Genotype(dna={""<class 'abc.NT_0014'>"": [0, 9891], ""<class 'abc.NT_0014_P_00000'>"": [], ""<class 'abc.NT_0003'>"": [], ""<class 'abc.NT_0003_P_00000'>"": [], ""<class 'bool'>"": [34892, 53838, 93055, 22069, 78539, 27596, 11504, 95280, 56278, 13913, 91591, 97012, 50516, 84139, 91601, 80048, 36855, 76229, 96396, 90534, 62399, 56318, 86613, 30291, 93834, 69479, 91703], ""<class 'abc.NT_0000'>"": [0, 2, 3, 0, 0, 66646, 24329, 0, 57112, 0, 0, 0, 96236, 19448, 3, 67907, 2, 0, 61061, 0, 47365, 65468, 40560, 0, 1, 35560, 2, 0, 2, 6530, 90460, 0, 0, 0, 1053, 51537, 23729, 3136, 21603, 1290, 82817, 25314, 57349, 5351, 72703, 23079, 41017, 74148, 17441, 6983, 25968, 74036, 43457, 70409, 70746], ""<class 'abc.NT_0000_P_00000'>"": [], ""<class 'int'>"": [11527, 89970, 57184, 94912, 12901, 2737, 25019, 94292, 7422, 84436, 79517, 92390, 83981, 41079, 54502, 66359, 45824, 66531, 20954, 87223, 18331, 85267, 30558, 83139, 26738, 4868, 77382, 79248, 84283, 30291, 69479, 56653, 51366, 23356, 63194, 54071, 7575, 38385], ""<class 'abc.NT_0000_P_00001'>"": [], ""<class 'abc.NT_0000_P_00002'>"": [], ""<class 'abc.NT_0000_P_00003'>"": [], ""<class 'abc.NT_0001'>"": [1, 99233, 59169, 80416, 13326, 80335, 56653], ""<class 'abc.NT_0001_P_00000'>"": [], ""<class 'abc.NT_0001_P_00001'>"": [], ""<class 'abc.NT_0001_P_00002'>"": [], ""<class 'abc.NT_0001_P_00003'>"": [], ""<class 'abc.NT_0001_P_00004'>"": [], ""<class 'abc.NT_0001_P_00005'>"": [], ""<class 'abc.NT_0001_P_00006'>"": [], ""<class 'abc.NT_0003_P_00001'>"": [], ""<class 'abc.NT_0002'>"": [0, 63043], ""<class 'abc.NT_0002_P_00000'>"": [], ""<class 'abc.NT_0002_P_00001'>"": [], ""<class 'abc.NT_0002_P_00002'>"": [], ""<class 'abc.NT_0002_P_00003'>"": [], ""<class 'abc.NT_0004'>"": [], ""<class 'abc.NT_0004_P_00000'>"": [], ""<class 'abc.NT_0014_P_00001'>"": [], ""<class 'abc.NT_0013'>"": [31174, 87753, 70326], ""<class 'abc.NT_0013_P_00000'>"": [], ""<class 'abc.NT_0011'>"": [1, 98607], ""<class 'abc.NT_0011_P_00000'>"": [], ""<class 'abc.NT_0011_P_00001'>"": [], ""<class 'abc.NT_0008'>"": [56358, 25492], ""<class 'abc.NT_0008_P_00000'>"": [], ""<class 'abc.NT_0005'>"": [65439, 70998], ""<class 'abc.NT_0005_P_00000'>"": [], ""<class 'abc.NT_0005_P_00001'>"": [], ""<class 'abc.NT_0007'>"": [63976, 27295], ""<class 'abc.NT_0007_P_00000'>"": [], ""<class 'abc.NT_0006'>"": [51447, 91312], ""<class 'abc.NT_0006_P_00000'>"": [], ""<class 'abc.NT_0006_P_00001'>"": [], ""<class 'abc.NT_0007_P_00001'>"": [], ""<class 'abc.NT_0007_P_00002'>"": [], ""<class 'abc.NT_0007_P_00003'>"": [], ""<class 'abc.NT_0008_P_00001'>"": [], ""<class 'abc.NT_0009'>"": [8, 58070, 39787], ""<class 'abc.NT_0009_P_00000'>"": [], ""<class 'abc.NT_0009_P_00001'>"": [], ""<class 'abc.NT_0009_P_00002'>"": [], ""<class 'abc.NT_0009_P_00003'>"": [], ""<class 'abc.NT_0009_P_00004'>"": [], ""<class 'abc.NT_0009_P_00005'>"": [], ""<class 'abc.NT_0009_P_00006'>"": [], ""<class 'abc.NT_0009_P_00007'>"": [], ""<class 'abc.NT_0009_P_00008'>"": [], ""<class 'abc.NT_0011_P_00002'>"": [], ""<class 'abc.NT_0010'>"": [53447, 75927], ""<class 'abc.NT_0010_P_00000'>"": [], ""<class 'abc.NT_0010_P_00001'>"": [], ""<class 'abc.NT_0010_P_00002'>"": [], ""<class 'abc.NT_0010_P_00003'>"": [], ""<class 'abc.NT_0010_P_00004'>"": [], ""<class 'abc.NT_0010_P_00005'>"": [], ""<class 'abc.NT_0011_P_00003'>"": [], ""<class 'abc.NT_0011_P_00004'>"": [], ""<class 'abc.NT_0011_P_00005'>"": [], ""<class 'abc.NT_0011_P_00006'>"": [], ""<class 'abc.NT_0011_P_00007'>"": [], ""<class 'abc.NT_0011_P_00008'>"": [], ""<class 'abc.NT_0011_P_00009'>"": [], ""<class 'abc.NT_0014_P_00002'>"": [], ""<class 'abc.NT_0014_P_00003'>"": [], ""<class 'abc.NT_0014_P_00004'>"": [], '$leftovers': [612, 51366, 29977, 7941, 62781, 93978, 48081, 63396, 57279, 63194, 37786, 54499, 54071, 7255, 805, 91855, 9788, 55863, 13874, 90931, 38385, 43619, 36227, 61359, 25033, 26828, 94952, 78514, 81573, 7035, 57599, 63649, 37284, 79243, 23816, 36097, 45176, 45221, 21659, 73410, 77378, 61609, 53485, 83091, 55364, 804, 37863, 62128, 64631, 84523, 68409, 46658, 59869, 22948, 53816, 17703, 86036, 23930, 54711, 27159, 47907, 22129, 19429, 11704, 67050, 80298, 69224, 57646, 14733, 44317, 85077, 74191, 78264, 27076, 89776, 5196, 46711, 95884, 100000, 42859, 92197, 62164, 34041, 96434, 9186, 84986, 23729, 32442, 9078, 30947, 10584, 90176, 39265, 2903, 26641, 17813, 64068, 47390, 53496, 84055, 91192, 43627, 10978, 20051, 63072, 17541, 52384, 82602, 2071, 73349, 76496, 93237, 90746, 94169, 1089, 1963, 87259, 78716, 97251, 74560, 92319, 88430, 30065, 35943, 26646, 58575, 20564, 68822, 1955, 11977, 701, 8879, 51642, 65013, 37021, 8254, 64968, 54544, 55206, 50487, 94823, 39401, 11005, 50507, 4078, 47520, 40046, 60171, 93652, 930, 40344, 61205, 60575, 32914, 87845, 18974, 88335, 23738, 9159, 67945, 35873, 79289, 92027, 47069, 50717, 19269, 86431, 12677, 1847, 82569, 10719, 49874, 57438, 74245, 9728, 35214, 60927, 50418, 3072, 33653, 84097, 10451, 10948, 43565, 35042, 52901, 60373, 71523, 99916, 21066, 31862, 7158, 61957, 29065, 73503, 77066, 90914, 2224, 23949, 58836, 36313, 52163, 15402, 95181, 97248, 72223, 64484, 31579, 7361, 13133, 8559, 5315, 12957, 97480, 15964, 47289, 18201, 64048, 38836, 23949, 65274, 81688, 15908, 97641, 68909, 88194, 58203, 54156, 17884, 17015, 98114, 85070, 44487, 35609, 43946, 13163, 68656, 46368, 64590, 40998, 4333, 23209, 48312, 91519, 45912, 95154, 82162, 65190, 2680, 41571, 50993, 530, 20715, 62325, 69130, 87411, 51896, 25041, 1061, 92007, 16083, 61009, 22448, 76926, 40530, 5740, 65551, 74307, 70243, 88860, 56449, 62236, 73737, 14864, 20769, 33438, 2720, 19958, 14224, 62871, 11924, 4195, 94579, 90772, 15850, 32394, 39534, 94217, 24432, 49736, 19142, 95031, 91556, 84878, 36003, 82744, 39005, 77560, 67854, 74174, 65238, 42610, 38442, 5045, 8394, 50169, 85223, 39318, 11999, 19698, 62218, 20982, 75579, 83921, 36322, 81232, 74890, 79155, 7974, 87957, 31618, 15302, 46288, 41529, 54402, 51898, 8904, 68466, 16655, 33307, 87657, 62302, 99805, 94712, 27432, 6792, 318, 28470, 61849, 26074, 24481, 33234, 11701, 90978, 8418, 34547, 73073, 14229, 92931, 45528, 46305, 58234, 95428, 52910, 64691, 89529, 6125, 95529, 23717, 34258, 15039, 26343, 25322, 18533, 87153, 22501, 24377, 93511, 91108, 66007, 60481, 95208, 62676, 92031, 61249, 21040, 27224, 8088, 84181, 33593, 86548, 72607, 12800, 5611, 73844, 6692, 65230, 36526, 2469, 35635, 48449, 14719, 78189, 85243, 55844, 24071, 23788, 78878, 22883, 30166, 25797, 10713, 24202, 63862, 69116, 6614, 65627, 74821, 9118, 52050, 1045, 85212, 62012, 89898, 79364, 88858, 96964, 35830, 60888, 26734, 88556, 30404, 7619, 80278, 68622, 93232, 34306, 31485, 56275, 18665, 75621, 64839, 93770, 28199, 22239, 59130, 77628, 99168, 70420, 75781, 62501, 671, 82149, 26309, 8026, 6187, 34342, 77941, 96327, 7003, 65713, 2941, 26673, 45799, 5550, 98918, 65458, 56546, 58743, 93533, 64790, 30347, 32662, 73325, 77970, 21733, 35559, 73040, 79043, 59441, 82022, 37637, 7661, 94041, 96708, 7898, 70255, 89025, 83488, 90561, 63581, 77717, 74197, 27575, 58299, 53110, 73807, 71575, 26219, 35022, 49263, 13153, 34531, 51399, 44165, 26477, 4658, 89217, 10088, 77375, 38696, 57234, 69828, 27880, 19969, 12884, 48301, 32382, 79158, 72530, 2303, 28606, 30300, 17727, 74408, 82473, 74031, 47501, 28349, 67701, 75802, 89880, 6847, 37677, 42094, 59098, 33292, 25396, 1653, 33802, 37033, 82988, 18807, 34788, 32442, 21412, 79504, 70667, 67140, 188, 92567, 14712, 41955, 83231, 16604, 44261, 9248, 17311, 28714, 91679, 32487, 26287, 45537, 96338, 4907, 91004, 40305, 38855, 30113, 31802, 90368, 29632, 22399, 27504, 74924, 64570, 3170, 73381, 73608, 82107, 55004, 28453, 81413, 83401, 86827, 3755, 19280, 39809, 58531, 69352, 77285, 75236, 65692, 7596, 96792, 61193, 32718, 15171, 87988, 30166, 54746, 77236, 17432, 95331, 38981, 88240, 38898, 32172, 79555, 11740, 12372, 21314, 35314, 93047, 42158, 12888, 45757, 12444, 53196, 24354, 10754, 11298, 51034, 29460, 54561, 63362, 63137, 80288, 88200, 90124, 34341, 79738, 29507, 1371, 45727, 33233, 20038, 80414, 21940, 30707, 90006, 24595, 36850, 16424, 43356, 57374, 16541, 37502, 37384, 44186, 1581, 55147, 81574, 36342, 34700, 77319, 28025, 42804, 70814, 97334, 63170, 45671, 92728, 50865, 61805, 79230, 95797, 79382, 69832, 39248, 70970, 62614, 68180, 36578, 66699, 90803, 28447, 48009, 97357, 19944, 60879, 16057, 92445, 75982, 37067, 41406, 92224, 10099, 38077, 10238, 68458, 6537, 63778, 57556, 62039, 11823, 13270, 39382, 5448, 99101, 892, 8806, 21031, 7912, 86405, 50251, 88331, 79170, 19276, 48689, 73426, 83963, 98871, 32530, 19826, 24930, 70628, 89666, 23784, 22342, 79694, 80437, 28733, 99765, 7735, 65443, 39629, 65691, 45234, 52942, 70165, 64742, 7593, 35389, 38346, 53370, 1486, 63745, 59201, 84112, 82078, 59842, 55744, 6361, 15079, 910, 53287, 86305, 5582, 34924, 69056, 67927, 31852, 80811, 3497, 24763, 76576, 6447, 51921, 24582, 67902, 99777, 99703, 83341, 49007, 99280, 24090, 6799, 52732, 30031, 47977, 87252, 5024, 40270, 25148, 18576, 16321, 73258, 96568, 50330, 93058, 53931, 82548, 70345, 30377, 16363, 46283, 71917, 19219, 34599, 59905, 76185, 99134, 52728, 85779, 32717, 4809, 23223, 7767, 36688, 17927, 33222, 5461, 58987, 99150, 82453, 68878, 27439, 92942, 79331, 71474, 34897, 35197, 84658, 51810, 88051, 90117, 15640, 25537, 1192, 5758, 16919, 16570, 54940, 71350, 57863, 28374, 25430, 96910, 25138, 30623, 84961, 23541, 35862, 94330, 34467, 45322, 3068, 32691, 19717, 72709, 77504, 12874, 8035, 4199, 32629, 29326, 50091, 4290, 69037, 67868, 4858, 18189, 81289, 10537, 34484, 97761, 36705, 52886, 29677, 92414, 65300, 4493, 83991, 25685, 6104, 23112, 72137, 96757, 13483, 18308, 221, 14358, 49795, 76044, 65013, 87872, 95304, 14399, 812, 64706, 60775, 65656, 55460, 64130, 33001, 14835, 17431, 45023, 79744, 46149, 17211, 1932, 89664, 35867, 75834, 45835, 33920, 51887, 56077, 57612, 3201, 66246, 43129, 72962, 59486, 41799, 36083, 78794, 55644, 16064, 47916, 43687, 87424, 99482, 17585, 78994, 36067, 56930, 68493, 83129, 64732, 86546, 74055, 94524, 52064, 83683, 31321, 53390, 89787, 97909, 96890, 42138, 43171, 63419, 72477, 642, 72325, 14142, 88837, 64298, 53853, 33912, 90976, 51351, 53580, 44520, 1115, 7377, 51291, 91564, 16199, 86922, 17805, 85895, 43694, 18547, 43604, 34423, 97118, 34445, 84791, 71375, 31055, 9941, 27422, 27295, 25492, 21731, 54058, 56103, 74702, 88389, 39787, 83292, 56321, 80058, 48446, 90534, 99020, 53183, 57349, 5351, 62399, 11726, 72703, 23079, 88458, 14886, 42115, 37381, 53447, 80416, 75451, 17441, 22787, 25968, 37997, 43457, 70409, 3144, 30291, 27680, 46416, 33566, 93834, 69479, 8313, 69016, 56653]})"
32.0,9,38,77,39.18544030189514,210,"Genotype(dna={""<class 'abc.NT_0014'>"": [0, 9891], ""<class 'abc.NT_0014_P_00000'>"": [], ""<class 'abc.NT_0003'>"": [], ""<class 'abc.NT_0003_P_00000'>"": [], ""<class 'bool'>"": [34892, 53838, 93055, 22069, 78539, 27596, 11504, 95280, 56278, 13913, 91591, 97012, 50516, 84139, 91601, 80048, 36855, 76229, 96396, 90534, 62399, 56318, 86613, 30291, 93834, 69479, 91703], ""<class 'abc.NT_0000'>"": [0, 2, 3, 0, 0, 66646, 24329, 0, 57112, 0, 0, 0, 96236, 19448, 3, 67907, 2, 0, 61061, 0, 47365, 65468, 40560, 0, 1, 35560, 2, 0, 2, 6530, 90460, 0, 0, 0, 1053, 51537, 23729, 3136, 21603, 1290, 82817, 25314, 57349, 5351, 72703, 23079, 41017, 74148, 17441, 6983, 25968, 74036, 43457, 70409, 70746], ""<class 'abc.NT_0000_P_00000'>"": [], ""<class 'int'>"": [11527, 89970, 57184, 94912, 12901, 2737, 25019, 94292, 7422, 84436, 79517, 92390, 83981, 41079, 54502, 66359, 45824, 66531, 20954, 87223, 18331, 85267, 30558, 83139, 26738, 4868, 77382, 79248, 84283, 30291, 69479, 56653, 51366, 23356, 63194, 54071, 7575, 38385], ""<class 'abc.NT_0000_P_00001'>"": [], ""<class 'abc.NT_0000_P_00002'>"": [], ""<class 'abc.NT_0000_P_00003'>"": [], ""<class 'abc.NT_0001'>"": [1, 99233, 59169, 80416, 13326, 80335, 56653], ""<class 'abc.NT_0001_P_00000'>"": [], ""<class 'abc.NT_0001_P_00001'>"": [], ""<class 'abc.NT_0001_P_00002'>"": [], ""<class 'abc.NT_0001_P_00003'>"": [], ""<class 'abc.NT_0001_P_00004'>"": [], ""<class 'abc.NT_0001_P_00005'>"": [], ""<class 'abc.NT_0001_P_00006'>"": [], ""<class 'abc.NT_0003_P_00001'>"": [], ""<class 'abc.NT_0002'>"": [0, 63043], ""<class 'abc.NT_0002_P_00000'>"": [], ""<class 'abc.NT_0002_P_00001'>"": [], ""<class 'abc.NT_0002_P_00002'>"": [], ""<class 'abc.NT_0002_P_00003'>"": [], ""<class 'abc.NT_0004'>"": [], ""<class 'abc.NT_0004_P_00000'>"": [], ""<class 'abc.NT_0014_P_00001'>"": [], ""<class 'abc.NT_0013'>"": [31174, 87753, 70326], ""<class 'abc.NT_0013_P_00000'>"": [], ""<class 'abc.NT_0011'>"": [1, 98607], ""<class 'abc.NT_0011_P_00000'>"": [], ""<class 'abc.NT_0011_P_00001'>"": [], ""<class 'abc.NT_0008'>"": [56358, 25492], ""<class 'abc.NT_0008_P_00000'>"": [], ""<class 'abc.NT_0005'>"": [65439, 70998], ""<class 'abc.NT_0005_P_00000'>"": [], ""<class 'abc.NT_0005_P_00001'>"": [], ""<class 'abc.NT_0007'>"": [63976, 27295], ""<class 'abc.NT_0007_P_00000'>"": [], ""<class 'abc.NT_0006'>"": [51447, 91312], ""<class 'abc.NT_0006_P_00000'>"": [], ""<class 'abc.NT_0006_P_00001'>"": [], ""<class 'abc.NT_0007_P_00001'>"": [], ""<class 'abc.NT_0007_P_00002'>"": [], ""<class 'abc.NT_0007_P_00003'>"": [], ""<class 'abc.NT_0008_P_00001'>"": [], ""<class 'abc.NT_0009'>"": [8, 58070, 39787], ""<class 'abc.NT_0009_P_00000'>"": [], ""<class 'abc.NT_0009_P_00001'>"": [], ""<class 'abc.NT_0009_P_00002'>"": [], ""<class 'abc.NT_0009_P_00003'>"": [], ""<class 'abc.NT_0009_P_00004'>"": [], ""<class 'abc.NT_0009_P_00005'>"": [], ""<class 'abc.NT_0009_P_00006'>"": [], ""<class 'abc.NT_0009_P_00007'>"": [], ""<class 'abc.NT_0009_P_00008'>"": [], ""<class 'abc.NT_0011_P_00002'>"": [], ""<class 'abc.NT_0010'>"": [53447, 75927], ""<class 'abc.NT_0010_P_00000'>"": [], ""<class 'abc.NT_0010_P_00001'>"": [], ""<class 'abc.NT_0010_P_00002'>"": [], ""<class 'abc.NT_0010_P_00003'>"": [], ""<class 'abc.NT_0010_P_00004'>"": [], ""<class 'abc.NT_0010_P_00005'>"": [], ""<class 'abc.NT_0011_P_00003'>"": [], ""<class 'abc.NT_0011_P_00004'>"": [], ""<class 'abc.NT_0011_P_00005'>"": [], ""<class 'abc.NT_0011_P_00006'>"": [], ""<class 'abc.NT_0011_P_00007'>"": [], ""<class 'abc.NT_0011_P_00008'>"": [], ""<class 'abc.NT_0011_P_00009'>"": [], ""<class 'abc.NT_0014_P_00002'>"": [], ""<class 'abc.NT_0014_P_00003'>"": [], ""<class 'abc.NT_0014_P_00004'>"": [], '$leftovers': [612, 51366, 29977, 7941, 62781, 93978, 48081, 63396, 57279, 63194, 37786, 54499, 54071, 7255, 805, 91855, 9788, 55863, 13874, 90931, 38385, 43619, 36227, 61359, 25033, 26828, 94952, 78514, 81573, 7035, 57599, 63649, 37284, 79243, 23816, 36097, 45176, 45221, 21659, 73410, 77378, 61609, 53485, 83091, 55364, 804, 37863, 62128, 64631, 84523, 68409, 46658, 59869, 22948, 53816, 17703, 86036, 23930, 54711, 27159, 47907, 22129, 19429, 11704, 67050, 80298, 69224, 57646, 14733, 44317, 85077, 74191, 78264, 27076, 89776, 5196, 46711, 95884, 100000, 42859, 92197, 62164, 34041, 96434, 9186, 84986, 23729, 32442, 9078, 30947, 10584, 90176, 39265, 2903, 26641, 17813, 64068, 47390, 53496, 84055, 91192, 43627, 10978, 20051, 63072, 17541, 52384, 82602, 2071, 73349, 76496, 93237, 90746, 94169, 1089, 1963, 87259, 78716, 97251, 74560, 92319, 88430, 30065, 35943, 26646, 58575, 20564, 68822, 1955, 11977, 701, 8879, 51642, 65013, 37021, 8254, 64968, 54544, 55206, 50487, 94823, 39401, 11005, 50507, 4078, 47520, 40046, 60171, 93652, 930, 40344, 61205, 60575, 32914, 87845, 18974, 88335, 23738, 9159, 67945, 35873, 79289, 92027, 47069, 50717, 19269, 86431, 12677, 1847, 82569, 10719, 49874, 57438, 74245, 9728, 35214, 60927, 50418, 3072, 33653, 84097, 10451, 10948, 43565, 35042, 52901, 60373, 71523, 99916, 21066, 31862, 7158, 61957, 29065, 73503, 77066, 90914, 2224, 23949, 58836, 36313, 52163, 15402, 95181, 97248, 72223, 64484, 31579, 7361, 13133, 8559, 5315, 12957, 97480, 15964, 47289, 18201, 64048, 38836, 23949, 65274, 81688, 15908, 97641, 68909, 88194, 58203, 54156, 17884, 17015, 98114, 85070, 44487, 35609, 43946, 13163, 68656, 46368, 64590, 40998, 4333, 23209, 48312, 91519, 45912, 95154, 82162, 65190, 2680, 41571, 50993, 530, 20715, 62325, 69130, 87411, 51896, 25041, 1061, 92007, 16083, 61009, 22448, 76926, 40530, 5740, 65551, 74307, 70243, 88860, 56449, 62236, 73737, 14864, 20769, 33438, 2720, 19958, 14224, 62871, 11924, 4195, 94579, 90772, 15850, 32394, 39534, 94217, 24432, 49736, 19142, 95031, 91556, 84878, 36003, 82744, 39005, 77560, 67854, 74174, 65238, 42610, 38442, 5045, 8394, 50169, 85223, 39318, 11999, 19698, 62218, 20982, 75579, 83921, 36322, 81232, 74890, 79155, 7974, 87957, 31618, 15302, 46288, 41529, 54402, 51898, 8904, 68466, 16655, 33307, 87657, 62302, 99805, 94712, 27432, 6792, 318, 28470, 61849, 26074, 24481, 33234, 11701, 90978, 8418, 34547, 73073, 14229, 92931, 45528, 46305, 58234, 95428, 52910, 64691, 89529, 6125, 95529, 23717, 34258, 15039, 26343, 25322, 18533, 87153, 22501, 24377, 93511, 91108, 66007, 60481, 95208, 62676, 92031, 61249, 21040, 27224, 8088, 84181, 33593, 86548, 72607, 12800, 5611, 73844, 6692, 65230, 36526, 2469, 35635, 48449, 14719, 78189, 85243, 55844, 24071, 23788, 78878, 22883, 30166, 25797, 10713, 24202, 63862, 69116, 6614, 65627, 74821, 9118, 52050, 1045, 85212, 62012, 89898, 79364, 88858, 96964, 35830, 60888, 26734, 88556, 30404, 7619, 80278, 68622, 93232, 34306, 31485, 56275, 18665, 75621, 64839, 93770, 28199, 22239, 59130, 77628, 99168, 70420, 75781, 62501, 671, 82149, 26309, 8026, 6187, 34342, 77941, 96327, 7003, 65713, 2941, 26673, 45799, 5550, 98918, 65458, 56546, 58743, 93533, 64790, 30347, 32662, 73325, 77970, 21733, 35559, 73040, 79043, 59441, 82022, 37637, 7661, 94041, 96708, 7898, 70255, 89025, 83488, 90561, 63581, 77717, 74197, 27575, 58299, 53110, 73807, 71575, 26219, 35022, 49263, 13153, 34531, 51399, 44165, 26477, 4658, 89217, 10088, 77375, 38696, 57234, 69828, 27880, 19969, 12884, 48301, 32382, 79158, 72530, 2303, 28606, 30300, 17727, 74408, 82473, 74031, 47501, 28349, 67701, 75802, 89880, 6847, 37677, 42094, 59098, 33292, 25396, 1653, 33802, 37033, 82988, 18807, 34788, 32442, 21412, 79504, 70667, 67140, 188, 92567, 14712, 41955, 83231, 16604, 44261, 9248, 17311, 28714, 91679, 32487, 26287, 45537, 96338, 4907, 91004, 40305, 38855, 30113, 31802, 90368, 29632, 22399, 27504, 74924, 64570, 3170, 73381, 73608, 82107, 55004, 28453, 81413, 83401, 86827, 3755, 19280, 39809, 58531, 69352, 77285, 75236, 65692, 7596, 96792, 61193, 32718, 15171, 87988, 30166, 54746, 77236, 17432, 95331, 38981, 88240, 38898, 32172, 79555, 11740, 12372, 21314, 35314, 93047, 42158, 12888, 45757, 12444, 53196, 24354, 10754, 11298, 51034, 29460, 54561, 63362, 63137, 80288, 88200, 90124, 34341, 79738, 29507, 1371, 45727, 33233, 20038, 80414, 21940, 30707, 90006, 24595, 36850, 16424, 43356, 57374, 16541, 37502, 37384, 44186, 1581, 55147, 81574, 36342, 34700, 77319, 28025, 42804, 70814, 97334, 63170, 45671, 92728, 50865, 61805, 79230, 95797, 79382, 69832, 39248, 70970, 62614, 68180, 36578, 66699, 90803, 28447, 48009, 97357, 19944, 60879, 16057, 92445, 75982, 37067, 41406, 92224, 10099, 38077, 10238, 68458, 6537, 63778, 57556, 62039, 11823, 13270, 39382, 5448, 99101, 892, 8806, 21031, 7912, 86405, 50251, 88331, 79170, 19276, 48689, 73426, 83963, 98871, 32530, 19826, 24930, 70628, 89666, 23784, 22342, 79694, 80437, 28733, 99765, 7735, 65443, 39629, 65691, 45234, 52942, 70165, 64742, 7593, 35389, 38346, 53370, 1486, 63745, 59201, 84112, 82078, 59842, 55744, 6361, 15079, 910, 53287, 86305, 5582, 34924, 69056, 67927, 31852, 80811, 3497, 24763, 76576, 6447, 51921, 24582, 67902, 99777, 99703, 83341, 49007, 99280, 24090, 6799, 52732, 30031, 47977, 87252, 5024, 40270, 25148, 18576, 16321, 73258, 96568, 50330, 93058, 53931, 82548, 70345, 30377, 16363, 46283, 71917, 19219, 34599, 59905, 76185, 99134, 52728, 85779, 32717, 4809, 23223, 7767, 36688, 17927, 33222, 5461, 58987, 99150, 82453, 68878, 27439, 92942, 79331, 71474, 34897, 35197, 84658, 51810, 88051, 90117, 15640, 25537, 1192, 5758, 16919, 16570, 54940, 71350, 57863, 28374, 25430, 96910, 25138, 30623, 84961, 23541, 35862, 94330, 34467, 45322, 3068, 32691, 19717, 72709, 77504, 12874, 8035, 4199, 32629, 29326, 50091, 4290, 69037, 67868, 4858, 18189, 81289, 10537, 34484, 97761, 36705, 52886, 29677, 92414, 65300, 4493, 83991, 25685, 6104, 23112, 72137, 96757, 13483, 18308, 221, 14358, 49795, 76044, 65013, 87872, 95304, 14399, 812, 64706, 60775, 65656, 55460, 64130, 33001, 14835, 17431, 45023, 79744, 46149, 17211, 1932, 89664, 35867, 75834, 45835, 33920, 51887, 56077, 57612, 3201, 66246, 43129, 72962, 59486, 41799, 36083, 78794, 55644, 16064, 47916, 43687, 87424, 99482, 17585, 78994, 36067, 56930, 68493, 83129, 64732, 86546, 74055, 94524, 52064, 83683, 31321, 53390, 89787, 97909, 96890, 42138, 43171, 63419, 72477, 642, 72325, 14142, 88837, 64298, 53853, 33912, 90976, 51351, 53580, 44520, 1115, 7377, 51291, 91564, 16199, 86922, 17805, 85895, 43694, 18547, 43604, 34423, 97118, 34445, 84791, 71375, 31055, 9941, 27422, 27295, 25492, 21731, 54058, 56103, 74702, 88389, 39787, 83292, 56321, 80058, 48446, 90534, 99020, 53183, 57349, 5351, 62399, 11726, 72703, 23079, 88458, 14886, 42115, 37381, 53447, 80416, 75451, 17441, 22787, 25968, 37997, 43457, 70409, 3144, 30291, 27680, 46416, 33566, 93834, 69479, 8313, 69016, 56653]})"
32.0,9,38,78,39.530608892440796,210,"Genotype(dna={""<class 'abc.NT_0014'>"": [0, 9891], ""<class 'abc.NT_0014_P_00000'>"": [], ""<class 'abc.NT_0003'>"": [], ""<class 'abc.NT_0003_P_00000'>"": [], ""<class 'bool'>"": [34892, 53838, 93055, 22069, 78539, 27596, 11504, 95280, 56278, 13913, 91591, 97012, 50516, 84139, 91601, 80048, 36855, 76229, 96396, 90534, 62399, 56318, 86613, 30291, 93834, 69479, 91703], ""<class 'abc.NT_0000'>"": [0, 2, 3, 0, 0, 66646, 24329, 0, 57112, 0, 0, 0, 96236, 19448, 3, 67907, 2, 0, 61061, 0, 47365, 65468, 40560, 0, 1, 35560, 2, 0, 2, 6530, 90460, 0, 0, 0, 1053, 51537, 23729, 3136, 21603, 1290, 82817, 25314, 57349, 5351, 72703, 23079, 41017, 74148, 17441, 6983, 25968, 74036, 43457, 70409, 70746], ""<class 'abc.NT_0000_P_00000'>"": [], ""<class 'int'>"": [11527, 89970, 57184, 94912, 12901, 2737, 25019, 94292, 7422, 84436, 79517, 92390, 83981, 41079, 54502, 66359, 45824, 66531, 20954, 87223, 18331, 85267, 30558, 83139, 26738, 4868, 77382, 79248, 84283, 30291, 69479, 56653, 51366, 23356, 63194, 54071, 7575, 38385], ""<class 'abc.NT_0000_P_00001'>"": [], ""<class 'abc.NT_0000_P_00002'>"": [], ""<class 'abc.NT_0000_P_00003'>"": [], ""<class 'abc.NT_0001'>"": [1, 99233, 59169, 80416, 13326, 80335, 56653], ""<class 'abc.NT_0001_P_00000'>"": [], ""<class 'abc.NT_0001_P_00001'>"": [], ""<class 'abc.NT_0001_P_00002'>"": [], ""<class 'abc.NT_0001_P_00003'>"": [], ""<class 'abc.NT_0001_P_00004'>"": [], ""<class 'abc.NT_0001_P_00005'>"": [], ""<class 'abc.NT_0001_P_00006'>"": [], ""<class 'abc.NT_0003_P_00001'>"": [], ""<class 'abc.NT_0002'>"": [0, 63043], ""<class 'abc.NT_0002_P_00000'>"": [], ""<class 'abc.NT_0002_P_00001'>"": [], ""<class 'abc.NT_0002_P_00002'>"": [], ""<class 'abc.NT_0002_P_00003'>"": [], ""<class 'abc.NT_0004'>"": [], ""<class 'abc.NT_0004_P_00000'>"": [], ""<class 'abc.NT_0014_P_00001'>"": [], ""<class 'abc.NT_0013'>"": [31174, 87753, 70326], ""<class 'abc.NT_0013_P_00000'>"": [], ""<class 'abc.NT_0011'>"": [1, 98607], ""<class 'abc.NT_0011_P_00000'>"": [], ""<class 'abc.NT_0011_P_00001'>"": [], ""<class 'abc.NT_0008'>"": [56358, 25492], ""<class 'abc.NT_0008_P_00000'>"": [], ""<class 'abc.NT_0005'>"": [65439, 70998], ""<class 'abc.NT_0005_P_00000'>"": [], ""<class 'abc.NT_0005_P_00001'>"": [], ""<class 'abc.NT_0007'>"": [63976, 27295], ""<class 'abc.NT_0007_P_00000'>"": [], ""<class 'abc.NT_0006'>"": [51447, 91312], ""<class 'abc.NT_0006_P_00000'>"": [], ""<class 'abc.NT_0006_P_00001'>"": [], ""<class 'abc.NT_0007_P_00001'>"": [], ""<class 'abc.NT_0007_P_00002'>"": [], ""<class 'abc.NT_0007_P_00003'>"": [], ""<class 'abc.NT_0008_P_00001'>"": [], ""<class 'abc.NT_0009'>"": [8, 58070, 39787], ""<class 'abc.NT_0009_P_00000'>"": [], ""<class 'abc.NT_0009_P_00001'>"": [], ""<class 'abc.NT_0009_P_00002'>"": [], ""<class 'abc.NT_0009_P_00003'>"": [], ""<class 'abc.NT_0009_P_00004'>"": [], ""<class 'abc.NT_0009_P_00005'>"": [], ""<class 'abc.NT_0009_P_00006'>"": [], ""<class 'abc.NT_0009_P_00007'>"": [], ""<class 'abc.NT_0009_P_00008'>"": [], ""<class 'abc.NT_0011_P_00002'>"": [], ""<class 'abc.NT_0010'>"": [53447, 75927], ""<class 'abc.NT_0010_P_00000'>"": [], ""<class 'abc.NT_0010_P_00001'>"": [], ""<class 'abc.NT_0010_P_00002'>"": [], ""<class 'abc.NT_0010_P_00003'>"": [], ""<class 'abc.NT_0010_P_00004'>"": [], ""<class 'abc.NT_0010_P_00005'>"": [], ""<class 'abc.NT_0011_P_00003'>"": [], ""<class 'abc.NT_0011_P_00004'>"": [], ""<class 'abc.NT_0011_P_00005'>"": [], ""<class 'abc.NT_0011_P_00006'>"": [], ""<class 'abc.NT_0011_P_00007'>"": [], ""<class 'abc.NT_0011_P_00008'>"": [], ""<class 'abc.NT_0011_P_00009'>"": [], ""<class 'abc.NT_0014_P_00002'>"": [], ""<class 'abc.NT_0014_P_00003'>"": [], ""<class 'abc.NT_0014_P_00004'>"": [], '$leftovers': [612, 51366, 29977, 7941, 62781, 93978, 48081, 63396, 57279, 63194, 37786, 54499, 54071, 7255, 805, 91855, 9788, 55863, 13874, 90931, 38385, 43619, 36227, 61359, 25033, 26828, 94952, 78514, 81573, 7035, 57599, 63649, 37284, 79243, 23816, 36097, 45176, 45221, 21659, 73410, 77378, 61609, 53485, 83091, 55364, 804, 37863, 62128, 64631, 84523, 68409, 46658, 59869, 22948, 53816, 17703, 86036, 23930, 54711, 27159, 47907, 22129, 19429, 11704, 67050, 80298, 69224, 57646, 14733, 44317, 85077, 74191, 78264, 27076, 89776, 5196, 46711, 95884, 100000, 42859, 92197, 62164, 34041, 96434, 9186, 84986, 23729, 32442, 9078, 30947, 10584, 90176, 39265, 2903, 26641, 17813, 64068, 47390, 53496, 84055, 91192, 43627, 10978, 20051, 63072, 17541, 52384, 82602, 2071, 73349, 76496, 93237, 90746, 94169, 1089, 1963, 87259, 78716, 97251, 74560, 92319, 88430, 30065, 35943, 26646, 58575, 20564, 68822, 1955, 11977, 701, 8879, 51642, 65013, 37021, 8254, 64968, 54544, 55206, 50487, 94823, 39401, 11005, 50507, 4078, 47520, 40046, 60171, 93652, 930, 40344, 61205, 60575, 32914, 87845, 18974, 88335, 23738, 9159, 67945, 35873, 79289, 92027, 47069, 50717, 19269, 86431, 12677, 1847, 82569, 10719, 49874, 57438, 74245, 9728, 35214, 60927, 50418, 3072, 33653, 84097, 10451, 10948, 43565, 35042, 52901, 60373, 71523, 99916, 21066, 31862, 7158, 61957, 29065, 73503, 77066, 90914, 2224, 23949, 58836, 36313, 52163, 15402, 95181, 97248, 72223, 64484, 31579, 7361, 13133, 8559, 5315, 12957, 97480, 15964, 47289, 18201, 64048, 38836, 23949, 65274, 81688, 15908, 97641, 68909, 88194, 58203, 54156, 17884, 17015, 98114, 85070, 44487, 35609, 43946, 13163, 68656, 46368, 64590, 40998, 4333, 23209, 48312, 91519, 45912, 95154, 82162, 65190, 2680, 41571, 50993, 530, 20715, 62325, 69130, 87411, 51896, 25041, 1061, 92007, 16083, 61009, 22448, 76926, 40530, 5740, 65551, 74307, 70243, 88860, 56449, 62236, 73737, 14864, 20769, 33438, 2720, 19958, 14224, 62871, 11924, 4195, 94579, 90772, 15850, 32394, 39534, 94217, 24432, 49736, 19142, 95031, 91556, 84878, 36003, 82744, 39005, 77560, 67854, 74174, 65238, 42610, 38442, 5045, 8394, 50169, 85223, 39318, 11999, 19698, 62218, 20982, 75579, 83921, 36322, 81232, 74890, 79155, 7974, 87957, 31618, 15302, 46288, 41529, 54402, 51898, 8904, 68466, 16655, 33307, 87657, 62302, 99805, 94712, 27432, 6792, 318, 28470, 61849, 26074, 24481, 33234, 11701, 90978, 8418, 34547, 73073, 14229, 92931, 45528, 46305, 58234, 95428, 52910, 64691, 89529, 6125, 95529, 23717, 34258, 15039, 26343, 25322, 18533, 87153, 22501, 24377, 93511, 91108, 66007, 60481, 95208, 62676, 92031, 61249, 21040, 27224, 8088, 84181, 33593, 86548, 72607, 12800, 5611, 73844, 6692, 65230, 36526, 2469, 35635, 48449, 14719, 78189, 85243, 55844, 24071, 23788, 78878, 22883, 30166, 25797, 10713, 24202, 63862, 69116, 6614, 65627, 74821, 9118, 52050, 1045, 85212, 62012, 89898, 79364, 88858, 96964, 35830, 60888, 26734, 88556, 30404, 7619, 80278, 68622, 93232, 34306, 31485, 56275, 18665, 75621, 64839, 93770, 28199, 22239, 59130, 77628, 99168, 70420, 75781, 62501, 671, 82149, 26309, 8026, 6187, 34342, 77941, 96327, 7003, 65713, 2941, 26673, 45799, 5550, 98918, 65458, 56546, 58743, 93533, 64790, 30347, 32662, 73325, 77970, 21733, 35559, 73040, 79043, 59441, 82022, 37637, 7661, 94041, 96708, 7898, 70255, 89025, 83488, 90561, 63581, 77717, 74197, 27575, 58299, 53110, 73807, 71575, 26219, 35022, 49263, 13153, 34531, 51399, 44165, 26477, 4658, 89217, 10088, 77375, 38696, 57234, 69828, 27880, 19969, 12884, 48301, 32382, 79158, 72530, 2303, 28606, 30300, 17727, 74408, 82473, 74031, 47501, 28349, 67701, 75802, 89880, 6847, 37677, 42094, 59098, 33292, 25396, 1653, 33802, 37033, 82988, 18807, 34788, 32442, 21412, 79504, 70667, 67140, 188, 92567, 14712, 41955, 83231, 16604, 44261, 9248, 17311, 28714, 91679, 32487, 26287, 45537, 96338, 4907, 91004, 40305, 38855, 30113, 31802, 90368, 29632, 22399, 27504, 74924, 64570, 3170, 73381, 73608, 82107, 55004, 28453, 81413, 83401, 86827, 3755, 19280, 39809, 58531, 69352, 77285, 75236, 65692, 7596, 96792, 61193, 32718, 15171, 87988, 30166, 54746, 77236, 17432, 95331, 38981, 88240, 38898, 32172, 79555, 11740, 12372, 21314, 35314, 93047, 42158, 12888, 45757, 12444, 53196, 24354, 10754, 11298, 51034, 29460, 54561, 63362, 63137, 80288, 88200, 90124, 34341, 79738, 29507, 1371, 45727, 33233, 20038, 80414, 21940, 30707, 90006, 24595, 36850, 16424, 43356, 57374, 16541, 37502, 37384, 44186, 1581, 55147, 81574, 36342, 34700, 77319, 28025, 42804, 70814, 97334, 63170, 45671, 92728, 50865, 61805, 79230, 95797, 79382, 69832, 39248, 70970, 62614, 68180, 36578, 66699, 90803, 28447, 48009, 97357, 19944, 60879, 16057, 92445, 75982, 37067, 41406, 92224, 10099, 38077, 10238, 68458, 6537, 63778, 57556, 62039, 11823, 13270, 39382, 5448, 99101, 892, 8806, 21031, 7912, 86405, 50251, 88331, 79170, 19276, 48689, 73426, 83963, 98871, 32530, 19826, 24930, 70628, 89666, 23784, 22342, 79694, 80437, 28733, 99765, 7735, 65443, 39629, 65691, 45234, 52942, 70165, 64742, 7593, 35389, 38346, 53370, 1486, 63745, 59201, 84112, 82078, 59842, 55744, 6361, 15079, 910, 53287, 86305, 5582, 34924, 69056, 67927, 31852, 80811, 3497, 24763, 76576, 6447, 51921, 24582, 67902, 99777, 99703, 83341, 49007, 99280, 24090, 6799, 52732, 30031, 47977, 87252, 5024, 40270, 25148, 18576, 16321, 73258, 96568, 50330, 93058, 53931, 82548, 70345, 30377, 16363, 46283, 71917, 19219, 34599, 59905, 76185, 99134, 52728, 85779, 32717, 4809, 23223, 7767, 36688, 17927, 33222, 5461, 58987, 99150, 82453, 68878, 27439, 92942, 79331, 71474, 34897, 35197, 84658, 51810, 88051, 90117, 15640, 25537, 1192, 5758, 16919, 16570, 54940, 71350, 57863, 28374, 25430, 96910, 25138, 30623, 84961, 23541, 35862, 94330, 34467, 45322, 3068, 32691, 19717, 72709, 77504, 12874, 8035, 4199, 32629, 29326, 50091, 4290, 69037, 67868, 4858, 18189, 81289, 10537, 34484, 97761, 36705, 52886, 29677, 92414, 65300, 4493, 83991, 25685, 6104, 23112, 72137, 96757, 13483, 18308, 221, 14358, 49795, 76044, 65013, 87872, 95304, 14399, 812, 64706, 60775, 65656, 55460, 64130, 33001, 14835, 17431, 45023, 79744, 46149, 17211, 1932, 89664, 35867, 75834, 45835, 33920, 51887, 56077, 57612, 3201, 66246, 43129, 72962, 59486, 41799, 36083, 78794, 55644, 16064, 47916, 43687, 87424, 99482, 17585, 78994, 36067, 56930, 68493, 83129, 64732, 86546, 74055, 94524, 52064, 83683, 31321, 53390, 89787, 97909, 96890, 42138, 43171, 63419, 72477, 642, 72325, 14142, 88837, 64298, 53853, 33912, 90976, 51351, 53580, 44520, 1115, 7377, 51291, 91564, 16199, 86922, 17805, 85895, 43694, 18547, 43604, 34423, 97118, 34445, 84791, 71375, 31055, 9941, 27422, 27295, 25492, 21731, 54058, 56103, 74702, 88389, 39787, 83292, 56321, 80058, 48446, 90534, 99020, 53183, 57349, 5351, 62399, 11726, 72703, 23079, 88458, 14886, 42115, 37381, 53447, 80416, 75451, 17441, 22787, 25968, 37997, 43457, 70409, 3144, 30291, 27680, 46416, 33566, 93834, 69479, 8313, 69016, 56653]})"
32.0,9,38,79,39.879037857055664,210,"Genotype(dna={""<class 'abc.NT_0014'>"": [0, 9891], ""<class 'abc.NT_0014_P_00000'>"": [], ""<class 'abc.NT_0003'>"": [], ""<class 'abc.NT_0003_P_00000'>"": [], ""<class 'bool'>"": [34892, 53838, 93055, 22069, 78539, 27596, 11504, 95280, 56278, 13913, 91591, 97012, 50516, 84139, 91601, 80048, 36855, 76229, 96396, 90534, 62399, 56318, 86613, 30291, 93834, 69479, 91703], ""<class 'abc.NT_0000'>"": [0, 2, 3, 0, 0, 66646, 24329, 0, 57112, 0, 0, 0, 96236, 19448, 3, 67907, 2, 0, 61061, 0, 47365, 65468, 40560, 0, 1, 35560, 2, 0, 2, 6530, 90460, 0, 0, 0, 1053, 51537, 23729, 3136, 21603, 1290, 82817, 25314, 57349, 5351, 72703, 23079, 41017, 74148, 17441, 6983, 25968, 74036, 43457, 70409, 70746], ""<class 'abc.NT_0000_P_00000'>"": [], ""<class 'int'>"": [11527, 89970, 57184, 94912, 12901, 2737, 25019, 94292, 7422, 84436, 79517, 92390, 83981, 41079, 54502, 66359, 45824, 66531, 20954, 87223, 18331, 85267, 30558, 83139, 26738, 4868, 77382, 79248, 84283, 30291, 69479, 56653, 51366, 23356, 63194, 54071, 7575, 38385], ""<class 'abc.NT_0000_P_00001'>"": [], ""<class 'abc.NT_0000_P_00002'>"": [], ""<class 'abc.NT_0000_P_00003'>"": [], ""<class 'abc.NT_0001'>"": [1, 99233, 59169, 80416, 13326, 80335, 56653], ""<class 'abc.NT_0001_P_00000'>"": [], ""<class 'abc.NT_0001_P_00001'>"": [], ""<class 'abc.NT_0001_P_00002'>"": [], ""<class 'abc.NT_0001_P_00003'>"": [], ""<class 'abc.NT_0001_P_00004'>"": [], ""<class 'abc.NT_0001_P_00005'>"": [], ""<class 'abc.NT_0001_P_00006'>"": [], ""<class 'abc.NT_0003_P_00001'>"": [], ""<class 'abc.NT_0002'>"": [0, 63043], ""<class 'abc.NT_0002_P_00000'>"": [], ""<class 'abc.NT_0002_P_00001'>"": [], ""<class 'abc.NT_0002_P_00002'>"": [], ""<class 'abc.NT_0002_P_00003'>"": [], ""<class 'abc.NT_0004'>"": [], ""<class 'abc.NT_0004_P_00000'>"": [], ""<class 'abc.NT_0014_P_00001'>"": [], ""<class 'abc.NT_0013'>"": [31174, 87753, 70326], ""<class 'abc.NT_0013_P_00000'>"": [], ""<class 'abc.NT_0011'>"": [1, 98607], ""<class 'abc.NT_0011_P_00000'>"": [], ""<class 'abc.NT_0011_P_00001'>"": [], ""<class 'abc.NT_0008'>"": [56358, 25492], ""<class 'abc.NT_0008_P_00000'>"": [], ""<class 'abc.NT_0005'>"": [65439, 70998], ""<class 'abc.NT_0005_P_00000'>"": [], ""<class 'abc.NT_0005_P_00001'>"": [], ""<class 'abc.NT_0007'>"": [63976, 27295], ""<class 'abc.NT_0007_P_00000'>"": [], ""<class 'abc.NT_0006'>"": [51447, 91312], ""<class 'abc.NT_0006_P_00000'>"": [], ""<class 'abc.NT_0006_P_00001'>"": [], ""<class 'abc.NT_0007_P_00001'>"": [], ""<class 'abc.NT_0007_P_00002'>"": [], ""<class 'abc.NT_0007_P_00003'>"": [], ""<class 'abc.NT_0008_P_00001'>"": [], ""<class 'abc.NT_0009'>"": [8, 58070, 39787], ""<class 'abc.NT_0009_P_00000'>"": [], ""<class 'abc.NT_0009_P_00001'>"": [], ""<class 'abc.NT_0009_P_00002'>"": [], ""<class 'abc.NT_0009_P_00003'>"": [], ""<class 'abc.NT_0009_P_00004'>"": [], ""<class 'abc.NT_0009_P_00005'>"": [], ""<class 'abc.NT_0009_P_00006'>"": [], ""<class 'abc.NT_0009_P_00007'>"": [], ""<class 'abc.NT_0009_P_00008'>"": [], ""<class 'abc.NT_0011_P_00002'>"": [], ""<class 'abc.NT_0010'>"": [53447, 75927], ""<class 'abc.NT_0010_P_00000'>"": [], ""<class 'abc.NT_0010_P_00001'>"": [], ""<class 'abc.NT_0010_P_00002'>"": [], ""<class 'abc.NT_0010_P_00003'>"": [], ""<class 'abc.NT_0010_P_00004'>"": [], ""<class 'abc.NT_0010_P_00005'>"": [], ""<class 'abc.NT_0011_P_00003'>"": [], ""<class 'abc.NT_0011_P_00004'>"": [], ""<class 'abc.NT_0011_P_00005'>"": [], ""<class 'abc.NT_0011_P_00006'>"": [], ""<class 'abc.NT_0011_P_00007'>"": [], ""<class 'abc.NT_0011_P_00008'>"": [], ""<class 'abc.NT_0011_P_00009'>"": [], ""<class 'abc.NT_0014_P_00002'>"": [], ""<class 'abc.NT_0014_P_00003'>"": [], ""<class 'abc.NT_0014_P_00004'>"": [], '$leftovers': [612, 51366, 29977, 7941, 62781, 93978, 48081, 63396, 57279, 63194, 37786, 54499, 54071, 7255, 805, 91855, 9788, 55863, 13874, 90931, 38385, 43619, 36227, 61359, 25033, 26828, 94952, 78514, 81573, 7035, 57599, 63649, 37284, 79243, 23816, 36097, 45176, 45221, 21659, 73410, 77378, 61609, 53485, 83091, 55364, 804, 37863, 62128, 64631, 84523, 68409, 46658, 59869, 22948, 53816, 17703, 86036, 23930, 54711, 27159, 47907, 22129, 19429, 11704, 67050, 80298, 69224, 57646, 14733, 44317, 85077, 74191, 78264, 27076, 89776, 5196, 46711, 95884, 100000, 42859, 92197, 62164, 34041, 96434, 9186, 84986, 23729, 32442, 9078, 30947, 10584, 90176, 39265, 2903, 26641, 17813, 64068, 47390, 53496, 84055, 91192, 43627, 10978, 20051, 63072, 17541, 52384, 82602, 2071, 73349, 76496, 93237, 90746, 94169, 1089, 1963, 87259, 78716, 97251, 74560, 92319, 88430, 30065, 35943, 26646, 58575, 20564, 68822, 1955, 11977, 701, 8879, 51642, 65013, 37021, 8254, 64968, 54544, 55206, 50487, 94823, 39401, 11005, 50507, 4078, 47520, 40046, 60171, 93652, 930, 40344, 61205, 60575, 32914, 87845, 18974, 88335, 23738, 9159, 67945, 35873, 79289, 92027, 47069, 50717, 19269, 86431, 12677, 1847, 82569, 10719, 49874, 57438, 74245, 9728, 35214, 60927, 50418, 3072, 33653, 84097, 10451, 10948, 43565, 35042, 52901, 60373, 71523, 99916, 21066, 31862, 7158, 61957, 29065, 73503, 77066, 90914, 2224, 23949, 58836, 36313, 52163, 15402, 95181, 97248, 72223, 64484, 31579, 7361, 13133, 8559, 5315, 12957, 97480, 15964, 47289, 18201, 64048, 38836, 23949, 65274, 81688, 15908, 97641, 68909, 88194, 58203, 54156, 17884, 17015, 98114, 85070, 44487, 35609, 43946, 13163, 68656, 46368, 64590, 40998, 4333, 23209, 48312, 91519, 45912, 95154, 82162, 65190, 2680, 41571, 50993, 530, 20715, 62325, 69130, 87411, 51896, 25041, 1061, 92007, 16083, 61009, 22448, 76926, 40530, 5740, 65551, 74307, 70243, 88860, 56449, 62236, 73737, 14864, 20769, 33438, 2720, 19958, 14224, 62871, 11924, 4195, 94579, 90772, 15850, 32394, 39534, 94217, 24432, 49736, 19142, 95031, 91556, 84878, 36003, 82744, 39005, 77560, 67854, 74174, 65238, 42610, 38442, 5045, 8394, 50169, 85223, 39318, 11999, 19698, 62218, 20982, 75579, 83921, 36322, 81232, 74890, 79155, 7974, 87957, 31618, 15302, 46288, 41529, 54402, 51898, 8904, 68466, 16655, 33307, 87657, 62302, 99805, 94712, 27432, 6792, 318, 28470, 61849, 26074, 24481, 33234, 11701, 90978, 8418, 34547, 73073, 14229, 92931, 45528, 46305, 58234, 95428, 52910, 64691, 89529, 6125, 95529, 23717, 34258, 15039, 26343, 25322, 18533, 87153, 22501, 24377, 93511, 91108, 66007, 60481, 95208, 62676, 92031, 61249, 21040, 27224, 8088, 84181, 33593, 86548, 72607, 12800, 5611, 73844, 6692, 65230, 36526, 2469, 35635, 48449, 14719, 78189, 85243, 55844, 24071, 23788, 78878, 22883, 30166, 25797, 10713, 24202, 63862, 69116, 6614, 65627, 74821, 9118, 52050, 1045, 85212, 62012, 89898, 79364, 88858, 96964, 35830, 60888, 26734, 88556, 30404, 7619, 80278, 68622, 93232, 34306, 31485, 56275, 18665, 75621, 64839, 93770, 28199, 22239, 59130, 77628, 99168, 70420, 75781, 62501, 671, 82149, 26309, 8026, 6187, 34342, 77941, 96327, 7003, 65713, 2941, 26673, 45799, 5550, 98918, 65458, 56546, 58743, 93533, 64790, 30347, 32662, 73325, 77970, 21733, 35559, 73040, 79043, 59441, 82022, 37637, 7661, 94041, 96708, 7898, 70255, 89025, 83488, 90561, 63581, 77717, 74197, 27575, 58299, 53110, 73807, 71575, 26219, 35022, 49263, 13153, 34531, 51399, 44165, 26477, 4658, 89217, 10088, 77375, 38696, 57234, 69828, 27880, 19969, 12884, 48301, 32382, 79158, 72530, 2303, 28606, 30300, 17727, 74408, 82473, 74031, 47501, 28349, 67701, 75802, 89880, 6847, 37677, 42094, 59098, 33292, 25396, 1653, 33802, 37033, 82988, 18807, 34788, 32442, 21412, 79504, 70667, 67140, 188, 92567, 14712, 41955, 83231, 16604, 44261, 9248, 17311, 28714, 91679, 32487, 26287, 45537, 96338, 4907, 91004, 40305, 38855, 30113, 31802, 90368, 29632, 22399, 27504, 74924, 64570, 3170, 73381, 73608, 82107, 55004, 28453, 81413, 83401, 86827, 3755, 19280, 39809, 58531, 69352, 77285, 75236, 65692, 7596, 96792, 61193, 32718, 15171, 87988, 30166, 54746, 77236, 17432, 95331, 38981, 88240, 38898, 32172, 79555, 11740, 12372, 21314, 35314, 93047, 42158, 12888, 45757, 12444, 53196, 24354, 10754, 11298, 51034, 29460, 54561, 63362, 63137, 80288, 88200, 90124, 34341, 79738, 29507, 1371, 45727, 33233, 20038, 80414, 21940, 30707, 90006, 24595, 36850, 16424, 43356, 57374, 16541, 37502, 37384, 44186, 1581, 55147, 81574, 36342, 34700, 77319, 28025, 42804, 70814, 97334, 63170, 45671, 92728, 50865, 61805, 79230, 95797, 79382, 69832, 39248, 70970, 62614, 68180, 36578, 66699, 90803, 28447, 48009, 97357, 19944, 60879, 16057, 92445, 75982, 37067, 41406, 92224, 10099, 38077, 10238, 68458, 6537, 63778, 57556, 62039, 11823, 13270, 39382, 5448, 99101, 892, 8806, 21031, 7912, 86405, 50251, 88331, 79170, 19276, 48689, 73426, 83963, 98871, 32530, 19826, 24930, 70628, 89666, 23784, 22342, 79694, 80437, 28733, 99765, 7735, 65443, 39629, 65691, 45234, 52942, 70165, 64742, 7593, 35389, 38346, 53370, 1486, 63745, 59201, 84112, 82078, 59842, 55744, 6361, 15079, 910, 53287, 86305, 5582, 34924, 69056, 67927, 31852, 80811, 3497, 24763, 76576, 6447, 51921, 24582, 67902, 99777, 99703, 83341, 49007, 99280, 24090, 6799, 52732, 30031, 47977, 87252, 5024, 40270, 25148, 18576, 16321, 73258, 96568, 50330, 93058, 53931, 82548, 70345, 30377, 16363, 46283, 71917, 19219, 34599, 59905, 76185, 99134, 52728, 85779, 32717, 4809, 23223, 7767, 36688, 17927, 33222, 5461, 58987, 99150, 82453, 68878, 27439, 92942, 79331, 71474, 34897, 35197, 84658, 51810, 88051, 90117, 15640, 25537, 1192, 5758, 16919, 16570, 54940, 71350, 57863, 28374, 25430, 96910, 25138, 30623, 84961, 23541, 35862, 94330, 34467, 45322, 3068, 32691, 19717, 72709, 77504, 12874, 8035, 4199, 32629, 29326, 50091, 4290, 69037, 67868, 4858, 18189, 81289, 10537, 34484, 97761, 36705, 52886, 29677, 92414, 65300, 4493, 83991, 25685, 6104, 23112, 72137, 96757, 13483, 18308, 221, 14358, 49795, 76044, 65013, 87872, 95304, 14399, 812, 64706, 60775, 65656, 55460, 64130, 33001, 14835, 17431, 45023, 79744, 46149, 17211, 1932, 89664, 35867, 75834, 45835, 33920, 51887, 56077, 57612, 3201, 66246, 43129, 72962, 59486, 41799, 36083, 78794, 55644, 16064, 47916, 43687, 87424, 99482, 17585, 78994, 36067, 56930, 68493, 83129, 64732, 86546, 74055, 94524, 52064, 83683, 31321, 53390, 89787, 97909, 96890, 42138, 43171, 63419, 72477, 642, 72325, 14142, 88837, 64298, 53853, 33912, 90976, 51351, 53580, 44520, 1115, 7377, 51291, 91564, 16199, 86922, 17805, 85895, 43694, 18547, 43604, 34423, 97118, 34445, 84791, 71375, 31055, 9941, 27422, 27295, 25492, 21731, 54058, 56103, 74702, 88389, 39787, 83292, 56321, 80058, 48446, 90534, 99020, 53183, 57349, 5351, 62399, 11726, 72703, 23079, 88458, 14886, 42115, 37381, 53447, 80416, 75451, 17441, 22787, 25968, 37997, 43457, 70409, 3144, 30291, 27680, 46416, 33566, 93834, 69479, 8313, 69016, 56653]})"
32.0,9,38,80,40.11874556541443,210,"Genotype(dna={""<class 'abc.NT_0014'>"": [0, 9891], ""<class 'abc.NT_0014_P_00000'>"": [], ""<class 'abc.NT_0003'>"": [], ""<class 'abc.NT_0003_P_00000'>"": [], ""<class 'bool'>"": [34892, 53838, 93055, 22069, 78539, 27596, 11504, 95280, 56278, 13913, 91591, 97012, 50516, 84139, 91601, 80048, 36855, 76229, 96396, 90534, 62399, 56318, 86613, 30291, 93834, 69479, 91703], ""<class 'abc.NT_0000'>"": [0, 2, 3, 0, 0, 66646, 24329, 0, 57112, 0, 0, 0, 96236, 19448, 3, 67907, 2, 0, 61061, 0, 47365, 65468, 40560, 0, 1, 35560, 2, 0, 2, 6530, 90460, 0, 0, 0, 1053, 51537, 23729, 3136, 21603, 1290, 82817, 25314, 57349, 5351, 72703, 23079, 41017, 74148, 17441, 6983, 25968, 74036, 43457, 70409, 70746], ""<class 'abc.NT_0000_P_00000'>"": [], ""<class 'int'>"": [11527, 89970, 57184, 94912, 12901, 2737, 25019, 94292, 7422, 84436, 79517, 92390, 83981, 41079, 54502, 66359, 45824, 66531, 20954, 87223, 18331, 85267, 30558, 83139, 26738, 4868, 77382, 79248, 84283, 30291, 69479, 56653, 51366, 23356, 63194, 54071, 7575, 38385], ""<class 'abc.NT_0000_P_00001'>"": [], ""<class 'abc.NT_0000_P_00002'>"": [], ""<class 'abc.NT_0000_P_00003'>"": [], ""<class 'abc.NT_0001'>"": [1, 99233, 59169, 80416, 13326, 80335, 56653], ""<class 'abc.NT_0001_P_00000'>"": [], ""<class 'abc.NT_0001_P_00001'>"": [], ""<class 'abc.NT_0001_P_00002'>"": [], ""<class 'abc.NT_0001_P_00003'>"": [], ""<class 'abc.NT_0001_P_00004'>"": [], ""<class 'abc.NT_0001_P_00005'>"": [], ""<class 'abc.NT_0001_P_00006'>"": [], ""<class 'abc.NT_0003_P_00001'>"": [], ""<class 'abc.NT_0002'>"": [0, 63043], ""<class 'abc.NT_0002_P_00000'>"": [], ""<class 'abc.NT_0002_P_00001'>"": [], ""<class 'abc.NT_0002_P_00002'>"": [], ""<class 'abc.NT_0002_P_00003'>"": [], ""<class 'abc.NT_0004'>"": [], ""<class 'abc.NT_0004_P_00000'>"": [], ""<class 'abc.NT_0014_P_00001'>"": [], ""<class 'abc.NT_0013'>"": [31174, 87753, 70326], ""<class 'abc.NT_0013_P_00000'>"": [], ""<class 'abc.NT_0011'>"": [1, 98607], ""<class 'abc.NT_0011_P_00000'>"": [], ""<class 'abc.NT_0011_P_00001'>"": [], ""<class 'abc.NT_0008'>"": [56358, 25492], ""<class 'abc.NT_0008_P_00000'>"": [], ""<class 'abc.NT_0005'>"": [65439, 70998], ""<class 'abc.NT_0005_P_00000'>"": [], ""<class 'abc.NT_0005_P_00001'>"": [], ""<class 'abc.NT_0007'>"": [63976, 27295], ""<class 'abc.NT_0007_P_00000'>"": [], ""<class 'abc.NT_0006'>"": [51447, 91312], ""<class 'abc.NT_0006_P_00000'>"": [], ""<class 'abc.NT_0006_P_00001'>"": [], ""<class 'abc.NT_0007_P_00001'>"": [], ""<class 'abc.NT_0007_P_00002'>"": [], ""<class 'abc.NT_0007_P_00003'>"": [], ""<class 'abc.NT_0008_P_00001'>"": [], ""<class 'abc.NT_0009'>"": [8, 58070, 39787], ""<class 'abc.NT_0009_P_00000'>"": [], ""<class 'abc.NT_0009_P_00001'>"": [], ""<class 'abc.NT_0009_P_00002'>"": [], ""<class 'abc.NT_0009_P_00003'>"": [], ""<class 'abc.NT_0009_P_00004'>"": [], ""<class 'abc.NT_0009_P_00005'>"": [], ""<class 'abc.NT_0009_P_00006'>"": [], ""<class 'abc.NT_0009_P_00007'>"": [], ""<class 'abc.NT_0009_P_00008'>"": [], ""<class 'abc.NT_0011_P_00002'>"": [], ""<class 'abc.NT_0010'>"": [53447, 75927], ""<class 'abc.NT_0010_P_00000'>"": [], ""<class 'abc.NT_0010_P_00001'>"": [], ""<class 'abc.NT_0010_P_00002'>"": [], ""<class 'abc.NT_0010_P_00003'>"": [], ""<class 'abc.NT_0010_P_00004'>"": [], ""<class 'abc.NT_0010_P_00005'>"": [], ""<class 'abc.NT_0011_P_00003'>"": [], ""<class 'abc.NT_0011_P_00004'>"": [], ""<class 'abc.NT_0011_P_00005'>"": [], ""<class 'abc.NT_0011_P_00006'>"": [], ""<class 'abc.NT_0011_P_00007'>"": [], ""<class 'abc.NT_0011_P_00008'>"": [], ""<class 'abc.NT_0011_P_00009'>"": [], ""<class 'abc.NT_0014_P_00002'>"": [], ""<class 'abc.NT_0014_P_00003'>"": [], ""<class 'abc.NT_0014_P_00004'>"": [], '$leftovers': [612, 51366, 29977, 7941, 62781, 93978, 48081, 63396, 57279, 63194, 37786, 54499, 54071, 7255, 805, 91855, 9788, 55863, 13874, 90931, 38385, 43619, 36227, 61359, 25033, 26828, 94952, 78514, 81573, 7035, 57599, 63649, 37284, 79243, 23816, 36097, 45176, 45221, 21659, 73410, 77378, 61609, 53485, 83091, 55364, 804, 37863, 62128, 64631, 84523, 68409, 46658, 59869, 22948, 53816, 17703, 86036, 23930, 54711, 27159, 47907, 22129, 19429, 11704, 67050, 80298, 69224, 57646, 14733, 44317, 85077, 74191, 78264, 27076, 89776, 5196, 46711, 95884, 100000, 42859, 92197, 62164, 34041, 96434, 9186, 84986, 23729, 32442, 9078, 30947, 10584, 90176, 39265, 2903, 26641, 17813, 64068, 47390, 53496, 84055, 91192, 43627, 10978, 20051, 63072, 17541, 52384, 82602, 2071, 73349, 76496, 93237, 90746, 94169, 1089, 1963, 87259, 78716, 97251, 74560, 92319, 88430, 30065, 35943, 26646, 58575, 20564, 68822, 1955, 11977, 701, 8879, 51642, 65013, 37021, 8254, 64968, 54544, 55206, 50487, 94823, 39401, 11005, 50507, 4078, 47520, 40046, 60171, 93652, 930, 40344, 61205, 60575, 32914, 87845, 18974, 88335, 23738, 9159, 67945, 35873, 79289, 92027, 47069, 50717, 19269, 86431, 12677, 1847, 82569, 10719, 49874, 57438, 74245, 9728, 35214, 60927, 50418, 3072, 33653, 84097, 10451, 10948, 43565, 35042, 52901, 60373, 71523, 99916, 21066, 31862, 7158, 61957, 29065, 73503, 77066, 90914, 2224, 23949, 58836, 36313, 52163, 15402, 95181, 97248, 72223, 64484, 31579, 7361, 13133, 8559, 5315, 12957, 97480, 15964, 47289, 18201, 64048, 38836, 23949, 65274, 81688, 15908, 97641, 68909, 88194, 58203, 54156, 17884, 17015, 98114, 85070, 44487, 35609, 43946, 13163, 68656, 46368, 64590, 40998, 4333, 23209, 48312, 91519, 45912, 95154, 82162, 65190, 2680, 41571, 50993, 530, 20715, 62325, 69130, 87411, 51896, 25041, 1061, 92007, 16083, 61009, 22448, 76926, 40530, 5740, 65551, 74307, 70243, 88860, 56449, 62236, 73737, 14864, 20769, 33438, 2720, 19958, 14224, 62871, 11924, 4195, 94579, 90772, 15850, 32394, 39534, 94217, 24432, 49736, 19142, 95031, 91556, 84878, 36003, 82744, 39005, 77560, 67854, 74174, 65238, 42610, 38442, 5045, 8394, 50169, 85223, 39318, 11999, 19698, 62218, 20982, 75579, 83921, 36322, 81232, 74890, 79155, 7974, 87957, 31618, 15302, 46288, 41529, 54402, 51898, 8904, 68466, 16655, 33307, 87657, 62302, 99805, 94712, 27432, 6792, 318, 28470, 61849, 26074, 24481, 33234, 11701, 90978, 8418, 34547, 73073, 14229, 92931, 45528, 46305, 58234, 95428, 52910, 64691, 89529, 6125, 95529, 23717, 34258, 15039, 26343, 25322, 18533, 87153, 22501, 24377, 93511, 91108, 66007, 60481, 95208, 62676, 92031, 61249, 21040, 27224, 8088, 84181, 33593, 86548, 72607, 12800, 5611, 73844, 6692, 65230, 36526, 2469, 35635, 48449, 14719, 78189, 85243, 55844, 24071, 23788, 78878, 22883, 30166, 25797, 10713, 24202, 63862, 69116, 6614, 65627, 74821, 9118, 52050, 1045, 85212, 62012, 89898, 79364, 88858, 96964, 35830, 60888, 26734, 88556, 30404, 7619, 80278, 68622, 93232, 34306, 31485, 56275, 18665, 75621, 64839, 93770, 28199, 22239, 59130, 77628, 99168, 70420, 75781, 62501, 671, 82149, 26309, 8026, 6187, 34342, 77941, 96327, 7003, 65713, 2941, 26673, 45799, 5550, 98918, 65458, 56546, 58743, 93533, 64790, 30347, 32662, 73325, 77970, 21733, 35559, 73040, 79043, 59441, 82022, 37637, 7661, 94041, 96708, 7898, 70255, 89025, 83488, 90561, 63581, 77717, 74197, 27575, 58299, 53110, 73807, 71575, 26219, 35022, 49263, 13153, 34531, 51399, 44165, 26477, 4658, 89217, 10088, 77375, 38696, 57234, 69828, 27880, 19969, 12884, 48301, 32382, 79158, 72530, 2303, 28606, 30300, 17727, 74408, 82473, 74031, 47501, 28349, 67701, 75802, 89880, 6847, 37677, 42094, 59098, 33292, 25396, 1653, 33802, 37033, 82988, 18807, 34788, 32442, 21412, 79504, 70667, 67140, 188, 92567, 14712, 41955, 83231, 16604, 44261, 9248, 17311, 28714, 91679, 32487, 26287, 45537, 96338, 4907, 91004, 40305, 38855, 30113, 31802, 90368, 29632, 22399, 27504, 74924, 64570, 3170, 73381, 73608, 82107, 55004, 28453, 81413, 83401, 86827, 3755, 19280, 39809, 58531, 69352, 77285, 75236, 65692, 7596, 96792, 61193, 32718, 15171, 87988, 30166, 54746, 77236, 17432, 95331, 38981, 88240, 38898, 32172, 79555, 11740, 12372, 21314, 35314, 93047, 42158, 12888, 45757, 12444, 53196, 24354, 10754, 11298, 51034, 29460, 54561, 63362, 63137, 80288, 88200, 90124, 34341, 79738, 29507, 1371, 45727, 33233, 20038, 80414, 21940, 30707, 90006, 24595, 36850, 16424, 43356, 57374, 16541, 37502, 37384, 44186, 1581, 55147, 81574, 36342, 34700, 77319, 28025, 42804, 70814, 97334, 63170, 45671, 92728, 50865, 61805, 79230, 95797, 79382, 69832, 39248, 70970, 62614, 68180, 36578, 66699, 90803, 28447, 48009, 97357, 19944, 60879, 16057, 92445, 75982, 37067, 41406, 92224, 10099, 38077, 10238, 68458, 6537, 63778, 57556, 62039, 11823, 13270, 39382, 5448, 99101, 892, 8806, 21031, 7912, 86405, 50251, 88331, 79170, 19276, 48689, 73426, 83963, 98871, 32530, 19826, 24930, 70628, 89666, 23784, 22342, 79694, 80437, 28733, 99765, 7735, 65443, 39629, 65691, 45234, 52942, 70165, 64742, 7593, 35389, 38346, 53370, 1486, 63745, 59201, 84112, 82078, 59842, 55744, 6361, 15079, 910, 53287, 86305, 5582, 34924, 69056, 67927, 31852, 80811, 3497, 24763, 76576, 6447, 51921, 24582, 67902, 99777, 99703, 83341, 49007, 99280, 24090, 6799, 52732, 30031, 47977, 87252, 5024, 40270, 25148, 18576, 16321, 73258, 96568, 50330, 93058, 53931, 82548, 70345, 30377, 16363, 46283, 71917, 19219, 34599, 59905, 76185, 99134, 52728, 85779, 32717, 4809, 23223, 7767, 36688, 17927, 33222, 5461, 58987, 99150, 82453, 68878, 27439, 92942, 79331, 71474, 34897, 35197, 84658, 51810, 88051, 90117, 15640, 25537, 1192, 5758, 16919, 16570, 54940, 71350, 57863, 28374, 25430, 96910, 25138, 30623, 84961, 23541, 35862, 94330, 34467, 45322, 3068, 32691, 19717, 72709, 77504, 12874, 8035, 4199, 32629, 29326, 50091, 4290, 69037, 67868, 4858, 18189, 81289, 10537, 34484, 97761, 36705, 52886, 29677, 92414, 65300, 4493, 83991, 25685, 6104, 23112, 72137, 96757, 13483, 18308, 221, 14358, 49795, 76044, 65013, 87872, 95304, 14399, 812, 64706, 60775, 65656, 55460, 64130, 33001, 14835, 17431, 45023, 79744, 46149, 17211, 1932, 89664, 35867, 75834, 45835, 33920, 51887, 56077, 57612, 3201, 66246, 43129, 72962, 59486, 41799, 36083, 78794, 55644, 16064, 47916, 43687, 87424, 99482, 17585, 78994, 36067, 56930, 68493, 83129, 64732, 86546, 74055, 94524, 52064, 83683, 31321, 53390, 89787, 97909, 96890, 42138, 43171, 63419, 72477, 642, 72325, 14142, 88837, 64298, 53853, 33912, 90976, 51351, 53580, 44520, 1115, 7377, 51291, 91564, 16199, 86922, 17805, 85895, 43694, 18547, 43604, 34423, 97118, 34445, 84791, 71375, 31055, 9941, 27422, 27295, 25492, 21731, 54058, 56103, 74702, 88389, 39787, 83292, 56321, 80058, 48446, 90534, 99020, 53183, 57349, 5351, 62399, 11726, 72703, 23079, 88458, 14886, 42115, 37381, 53447, 80416, 75451, 17441, 22787, 25968, 37997, 43457, 70409, 3144, 30291, 27680, 46416, 33566, 93834, 69479, 8313, 69016, 56653]})"
32.0,9,38,81,40.47146940231323,210,"Genotype(dna={""<class 'abc.NT_0014'>"": [0, 9891], ""<class 'abc.NT_0014_P_00000'>"": [], ""<class 'abc.NT_0003'>"": [], ""<class 'abc.NT_0003_P_00000'>"": [], ""<class 'bool'>"": [34892, 53838, 93055, 22069, 78539, 27596, 11504, 95280, 56278, 13913, 91591, 97012, 50516, 84139, 91601, 80048, 36855, 76229, 96396, 90534, 62399, 56318, 86613, 30291, 93834, 69479, 91703], ""<class 'abc.NT_0000'>"": [0, 2, 3, 0, 0, 66646, 24329, 0, 57112, 0, 0, 0, 96236, 19448, 3, 67907, 2, 0, 61061, 0, 47365, 65468, 40560, 0, 1, 35560, 2, 0, 2, 6530, 90460, 0, 0, 0, 1053, 51537, 23729, 3136, 21603, 1290, 82817, 25314, 57349, 5351, 72703, 23079, 41017, 74148, 17441, 6983, 25968, 74036, 43457, 70409, 70746], ""<class 'abc.NT_0000_P_00000'>"": [], ""<class 'int'>"": [11527, 89970, 57184, 94912, 12901, 2737, 25019, 94292, 7422, 84436, 79517, 92390, 83981, 41079, 54502, 66359, 45824, 66531, 20954, 87223, 18331, 85267, 30558, 83139, 26738, 4868, 77382, 79248, 84283, 30291, 69479, 56653, 51366, 23356, 63194, 54071, 7575, 38385], ""<class 'abc.NT_0000_P_00001'>"": [], ""<class 'abc.NT_0000_P_00002'>"": [], ""<class 'abc.NT_0000_P_00003'>"": [], ""<class 'abc.NT_0001'>"": [1, 99233, 59169, 80416, 13326, 80335, 56653], ""<class 'abc.NT_0001_P_00000'>"": [], ""<class 'abc.NT_0001_P_00001'>"": [], ""<class 'abc.NT_0001_P_00002'>"": [], ""<class 'abc.NT_0001_P_00003'>"": [], ""<class 'abc.NT_0001_P_00004'>"": [], ""<class 'abc.NT_0001_P_00005'>"": [], ""<class 'abc.NT_0001_P_00006'>"": [], ""<class 'abc.NT_0003_P_00001'>"": [], ""<class 'abc.NT_0002'>"": [0, 63043], ""<class 'abc.NT_0002_P_00000'>"": [], ""<class 'abc.NT_0002_P_00001'>"": [], ""<class 'abc.NT_0002_P_00002'>"": [], ""<class 'abc.NT_0002_P_00003'>"": [], ""<class 'abc.NT_0004'>"": [], ""<class 'abc.NT_0004_P_00000'>"": [], ""<class 'abc.NT_0014_P_00001'>"": [], ""<class 'abc.NT_0013'>"": [31174, 87753, 70326], ""<class 'abc.NT_0013_P_00000'>"": [], ""<class 'abc.NT_0011'>"": [1, 98607], ""<class 'abc.NT_0011_P_00000'>"": [], ""<class 'abc.NT_0011_P_00001'>"": [], ""<class 'abc.NT_0008'>"": [56358, 25492], ""<class 'abc.NT_0008_P_00000'>"": [], ""<class 'abc.NT_0005'>"": [65439, 70998], ""<class 'abc.NT_0005_P_00000'>"": [], ""<class 'abc.NT_0005_P_00001'>"": [], ""<class 'abc.NT_0007'>"": [63976, 27295], ""<class 'abc.NT_0007_P_00000'>"": [], ""<class 'abc.NT_0006'>"": [51447, 91312], ""<class 'abc.NT_0006_P_00000'>"": [], ""<class 'abc.NT_0006_P_00001'>"": [], ""<class 'abc.NT_0007_P_00001'>"": [], ""<class 'abc.NT_0007_P_00002'>"": [], ""<class 'abc.NT_0007_P_00003'>"": [], ""<class 'abc.NT_0008_P_00001'>"": [], ""<class 'abc.NT_0009'>"": [8, 58070, 39787], ""<class 'abc.NT_0009_P_00000'>"": [], ""<class 'abc.NT_0009_P_00001'>"": [], ""<class 'abc.NT_0009_P_00002'>"": [], ""<class 'abc.NT_0009_P_00003'>"": [], ""<class 'abc.NT_0009_P_00004'>"": [], ""<class 'abc.NT_0009_P_00005'>"": [], ""<class 'abc.NT_0009_P_00006'>"": [], ""<class 'abc.NT_0009_P_00007'>"": [], ""<class 'abc.NT_0009_P_00008'>"": [], ""<class 'abc.NT_0011_P_00002'>"": [], ""<class 'abc.NT_0010'>"": [53447, 75927], ""<class 'abc.NT_0010_P_00000'>"": [], ""<class 'abc.NT_0010_P_00001'>"": [], ""<class 'abc.NT_0010_P_00002'>"": [], ""<class 'abc.NT_0010_P_00003'>"": [], ""<class 'abc.NT_0010_P_00004'>"": [], ""<class 'abc.NT_0010_P_00005'>"": [], ""<class 'abc.NT_0011_P_00003'>"": [], ""<class 'abc.NT_0011_P_00004'>"": [], ""<class 'abc.NT_0011_P_00005'>"": [], ""<class 'abc.NT_0011_P_00006'>"": [], ""<class 'abc.NT_0011_P_00007'>"": [], ""<class 'abc.NT_0011_P_00008'>"": [], ""<class 'abc.NT_0011_P_00009'>"": [], ""<class 'abc.NT_0014_P_00002'>"": [], ""<class 'abc.NT_0014_P_00003'>"": [], ""<class 'abc.NT_0014_P_00004'>"": [], '$leftovers': [612, 51366, 29977, 7941, 62781, 93978, 48081, 63396, 57279, 63194, 37786, 54499, 54071, 7255, 805, 91855, 9788, 55863, 13874, 90931, 38385, 43619, 36227, 61359, 25033, 26828, 94952, 78514, 81573, 7035, 57599, 63649, 37284, 79243, 23816, 36097, 45176, 45221, 21659, 73410, 77378, 61609, 53485, 83091, 55364, 804, 37863, 62128, 64631, 84523, 68409, 46658, 59869, 22948, 53816, 17703, 86036, 23930, 54711, 27159, 47907, 22129, 19429, 11704, 67050, 80298, 69224, 57646, 14733, 44317, 85077, 74191, 78264, 27076, 89776, 5196, 46711, 95884, 100000, 42859, 92197, 62164, 34041, 96434, 9186, 84986, 23729, 32442, 9078, 30947, 10584, 90176, 39265, 2903, 26641, 17813, 64068, 47390, 53496, 84055, 91192, 43627, 10978, 20051, 63072, 17541, 52384, 82602, 2071, 73349, 76496, 93237, 90746, 94169, 1089, 1963, 87259, 78716, 97251, 74560, 92319, 88430, 30065, 35943, 26646, 58575, 20564, 68822, 1955, 11977, 701, 8879, 51642, 65013, 37021, 8254, 64968, 54544, 55206, 50487, 94823, 39401, 11005, 50507, 4078, 47520, 40046, 60171, 93652, 930, 40344, 61205, 60575, 32914, 87845, 18974, 88335, 23738, 9159, 67945, 35873, 79289, 92027, 47069, 50717, 19269, 86431, 12677, 1847, 82569, 10719, 49874, 57438, 74245, 9728, 35214, 60927, 50418, 3072, 33653, 84097, 10451, 10948, 43565, 35042, 52901, 60373, 71523, 99916, 21066, 31862, 7158, 61957, 29065, 73503, 77066, 90914, 2224, 23949, 58836, 36313, 52163, 15402, 95181, 97248, 72223, 64484, 31579, 7361, 13133, 8559, 5315, 12957, 97480, 15964, 47289, 18201, 64048, 38836, 23949, 65274, 81688, 15908, 97641, 68909, 88194, 58203, 54156, 17884, 17015, 98114, 85070, 44487, 35609, 43946, 13163, 68656, 46368, 64590, 40998, 4333, 23209, 48312, 91519, 45912, 95154, 82162, 65190, 2680, 41571, 50993, 530, 20715, 62325, 69130, 87411, 51896, 25041, 1061, 92007, 16083, 61009, 22448, 76926, 40530, 5740, 65551, 74307, 70243, 88860, 56449, 62236, 73737, 14864, 20769, 33438, 2720, 19958, 14224, 62871, 11924, 4195, 94579, 90772, 15850, 32394, 39534, 94217, 24432, 49736, 19142, 95031, 91556, 84878, 36003, 82744, 39005, 77560, 67854, 74174, 65238, 42610, 38442, 5045, 8394, 50169, 85223, 39318, 11999, 19698, 62218, 20982, 75579, 83921, 36322, 81232, 74890, 79155, 7974, 87957, 31618, 15302, 46288, 41529, 54402, 51898, 8904, 68466, 16655, 33307, 87657, 62302, 99805, 94712, 27432, 6792, 318, 28470, 61849, 26074, 24481, 33234, 11701, 90978, 8418, 34547, 73073, 14229, 92931, 45528, 46305, 58234, 95428, 52910, 64691, 89529, 6125, 95529, 23717, 34258, 15039, 26343, 25322, 18533, 87153, 22501, 24377, 93511, 91108, 66007, 60481, 95208, 62676, 92031, 61249, 21040, 27224, 8088, 84181, 33593, 86548, 72607, 12800, 5611, 73844, 6692, 65230, 36526, 2469, 35635, 48449, 14719, 78189, 85243, 55844, 24071, 23788, 78878, 22883, 30166, 25797, 10713, 24202, 63862, 69116, 6614, 65627, 74821, 9118, 52050, 1045, 85212, 62012, 89898, 79364, 88858, 96964, 35830, 60888, 26734, 88556, 30404, 7619, 80278, 68622, 93232, 34306, 31485, 56275, 18665, 75621, 64839, 93770, 28199, 22239, 59130, 77628, 99168, 70420, 75781, 62501, 671, 82149, 26309, 8026, 6187, 34342, 77941, 96327, 7003, 65713, 2941, 26673, 45799, 5550, 98918, 65458, 56546, 58743, 93533, 64790, 30347, 32662, 73325, 77970, 21733, 35559, 73040, 79043, 59441, 82022, 37637, 7661, 94041, 96708, 7898, 70255, 89025, 83488, 90561, 63581, 77717, 74197, 27575, 58299, 53110, 73807, 71575, 26219, 35022, 49263, 13153, 34531, 51399, 44165, 26477, 4658, 89217, 10088, 77375, 38696, 57234, 69828, 27880, 19969, 12884, 48301, 32382, 79158, 72530, 2303, 28606, 30300, 17727, 74408, 82473, 74031, 47501, 28349, 67701, 75802, 89880, 6847, 37677, 42094, 59098, 33292, 25396, 1653, 33802, 37033, 82988, 18807, 34788, 32442, 21412, 79504, 70667, 67140, 188, 92567, 14712, 41955, 83231, 16604, 44261, 9248, 17311, 28714, 91679, 32487, 26287, 45537, 96338, 4907, 91004, 40305, 38855, 30113, 31802, 90368, 29632, 22399, 27504, 74924, 64570, 3170, 73381, 73608, 82107, 55004, 28453, 81413, 83401, 86827, 3755, 19280, 39809, 58531, 69352, 77285, 75236, 65692, 7596, 96792, 61193, 32718, 15171, 87988, 30166, 54746, 77236, 17432, 95331, 38981, 88240, 38898, 32172, 79555, 11740, 12372, 21314, 35314, 93047, 42158, 12888, 45757, 12444, 53196, 24354, 10754, 11298, 51034, 29460, 54561, 63362, 63137, 80288, 88200, 90124, 34341, 79738, 29507, 1371, 45727, 33233, 20038, 80414, 21940, 30707, 90006, 24595, 36850, 16424, 43356, 57374, 16541, 37502, 37384, 44186, 1581, 55147, 81574, 36342, 34700, 77319, 28025, 42804, 70814, 97334, 63170, 45671, 92728, 50865, 61805, 79230, 95797, 79382, 69832, 39248, 70970, 62614, 68180, 36578, 66699, 90803, 28447, 48009, 97357, 19944, 60879, 16057, 92445, 75982, 37067, 41406, 92224, 10099, 38077, 10238, 68458, 6537, 63778, 57556, 62039, 11823, 13270, 39382, 5448, 99101, 892, 8806, 21031, 7912, 86405, 50251, 88331, 79170, 19276, 48689, 73426, 83963, 98871, 32530, 19826, 24930, 70628, 89666, 23784, 22342, 79694, 80437, 28733, 99765, 7735, 65443, 39629, 65691, 45234, 52942, 70165, 64742, 7593, 35389, 38346, 53370, 1486, 63745, 59201, 84112, 82078, 59842, 55744, 6361, 15079, 910, 53287, 86305, 5582, 34924, 69056, 67927, 31852, 80811, 3497, 24763, 76576, 6447, 51921, 24582, 67902, 99777, 99703, 83341, 49007, 99280, 24090, 6799, 52732, 30031, 47977, 87252, 5024, 40270, 25148, 18576, 16321, 73258, 96568, 50330, 93058, 53931, 82548, 70345, 30377, 16363, 46283, 71917, 19219, 34599, 59905, 76185, 99134, 52728, 85779, 32717, 4809, 23223, 7767, 36688, 17927, 33222, 5461, 58987, 99150, 82453, 68878, 27439, 92942, 79331, 71474, 34897, 35197, 84658, 51810, 88051, 90117, 15640, 25537, 1192, 5758, 16919, 16570, 54940, 71350, 57863, 28374, 25430, 96910, 25138, 30623, 84961, 23541, 35862, 94330, 34467, 45322, 3068, 32691, 19717, 72709, 77504, 12874, 8035, 4199, 32629, 29326, 50091, 4290, 69037, 67868, 4858, 18189, 81289, 10537, 34484, 97761, 36705, 52886, 29677, 92414, 65300, 4493, 83991, 25685, 6104, 23112, 72137, 96757, 13483, 18308, 221, 14358, 49795, 76044, 65013, 87872, 95304, 14399, 812, 64706, 60775, 65656, 55460, 64130, 33001, 14835, 17431, 45023, 79744, 46149, 17211, 1932, 89664, 35867, 75834, 45835, 33920, 51887, 56077, 57612, 3201, 66246, 43129, 72962, 59486, 41799, 36083, 78794, 55644, 16064, 47916, 43687, 87424, 99482, 17585, 78994, 36067, 56930, 68493, 83129, 64732, 86546, 74055, 94524, 52064, 83683, 31321, 53390, 89787, 97909, 96890, 42138, 43171, 63419, 72477, 642, 72325, 14142, 88837, 64298, 53853, 33912, 90976, 51351, 53580, 44520, 1115, 7377, 51291, 91564, 16199, 86922, 17805, 85895, 43694, 18547, 43604, 34423, 97118, 34445, 84791, 71375, 31055, 9941, 27422, 27295, 25492, 21731, 54058, 56103, 74702, 88389, 39787, 83292, 56321, 80058, 48446, 90534, 99020, 53183, 57349, 5351, 62399, 11726, 72703, 23079, 88458, 14886, 42115, 37381, 53447, 80416, 75451, 17441, 22787, 25968, 37997, 43457, 70409, 3144, 30291, 27680, 46416, 33566, 93834, 69479, 8313, 69016, 56653]})"
32.0,9,38,82,40.857760429382324,210,"Genotype(dna={""<class 'abc.NT_0014'>"": [0, 9891], ""<class 'abc.NT_0014_P_00000'>"": [], ""<class 'abc.NT_0003'>"": [], ""<class 'abc.NT_0003_P_00000'>"": [], ""<class 'bool'>"": [34892, 53838, 93055, 22069, 78539, 27596, 11504, 95280, 56278, 13913, 91591, 97012, 50516, 84139, 91601, 80048, 36855, 76229, 96396, 90534, 62399, 56318, 86613, 30291, 93834, 69479, 91703], ""<class 'abc.NT_0000'>"": [0, 2, 3, 0, 0, 66646, 24329, 0, 57112, 0, 0, 0, 96236, 19448, 3, 67907, 2, 0, 61061, 0, 47365, 65468, 40560, 0, 1, 35560, 2, 0, 2, 6530, 90460, 0, 0, 0, 1053, 51537, 23729, 3136, 21603, 1290, 82817, 25314, 57349, 5351, 72703, 23079, 41017, 74148, 17441, 6983, 25968, 74036, 43457, 70409, 70746], ""<class 'abc.NT_0000_P_00000'>"": [], ""<class 'int'>"": [11527, 89970, 57184, 94912, 12901, 2737, 25019, 94292, 7422, 84436, 79517, 92390, 83981, 41079, 54502, 66359, 45824, 66531, 20954, 87223, 18331, 85267, 30558, 83139, 26738, 4868, 77382, 79248, 84283, 30291, 69479, 56653, 51366, 23356, 63194, 54071, 7575, 38385], ""<class 'abc.NT_0000_P_00001'>"": [], ""<class 'abc.NT_0000_P_00002'>"": [], ""<class 'abc.NT_0000_P_00003'>"": [], ""<class 'abc.NT_0001'>"": [1, 99233, 59169, 80416, 13326, 80335, 56653], ""<class 'abc.NT_0001_P_00000'>"": [], ""<class 'abc.NT_0001_P_00001'>"": [], ""<class 'abc.NT_0001_P_00002'>"": [], ""<class 'abc.NT_0001_P_00003'>"": [], ""<class 'abc.NT_0001_P_00004'>"": [], ""<class 'abc.NT_0001_P_00005'>"": [], ""<class 'abc.NT_0001_P_00006'>"": [], ""<class 'abc.NT_0003_P_00001'>"": [], ""<class 'abc.NT_0002'>"": [0, 63043], ""<class 'abc.NT_0002_P_00000'>"": [], ""<class 'abc.NT_0002_P_00001'>"": [], ""<class 'abc.NT_0002_P_00002'>"": [], ""<class 'abc.NT_0002_P_00003'>"": [], ""<class 'abc.NT_0004'>"": [], ""<class 'abc.NT_0004_P_00000'>"": [], ""<class 'abc.NT_0014_P_00001'>"": [], ""<class 'abc.NT_0013'>"": [31174, 87753, 70326], ""<class 'abc.NT_0013_P_00000'>"": [], ""<class 'abc.NT_0011'>"": [1, 98607], ""<class 'abc.NT_0011_P_00000'>"": [], ""<class 'abc.NT_0011_P_00001'>"": [], ""<class 'abc.NT_0008'>"": [56358, 25492], ""<class 'abc.NT_0008_P_00000'>"": [], ""<class 'abc.NT_0005'>"": [65439, 70998], ""<class 'abc.NT_0005_P_00000'>"": [], ""<class 'abc.NT_0005_P_00001'>"": [], ""<class 'abc.NT_0007'>"": [63976, 27295], ""<class 'abc.NT_0007_P_00000'>"": [], ""<class 'abc.NT_0006'>"": [51447, 91312], ""<class 'abc.NT_0006_P_00000'>"": [], ""<class 'abc.NT_0006_P_00001'>"": [], ""<class 'abc.NT_0007_P_00001'>"": [], ""<class 'abc.NT_0007_P_00002'>"": [], ""<class 'abc.NT_0007_P_00003'>"": [], ""<class 'abc.NT_0008_P_00001'>"": [], ""<class 'abc.NT_0009'>"": [8, 58070, 39787], ""<class 'abc.NT_0009_P_00000'>"": [], ""<class 'abc.NT_0009_P_00001'>"": [], ""<class 'abc.NT_0009_P_00002'>"": [], ""<class 'abc.NT_0009_P_00003'>"": [], ""<class 'abc.NT_0009_P_00004'>"": [], ""<class 'abc.NT_0009_P_00005'>"": [], ""<class 'abc.NT_0009_P_00006'>"": [], ""<class 'abc.NT_0009_P_00007'>"": [], ""<class 'abc.NT_0009_P_00008'>"": [], ""<class 'abc.NT_0011_P_00002'>"": [], ""<class 'abc.NT_0010'>"": [53447, 75927], ""<class 'abc.NT_0010_P_00000'>"": [], ""<class 'abc.NT_0010_P_00001'>"": [], ""<class 'abc.NT_0010_P_00002'>"": [], ""<class 'abc.NT_0010_P_00003'>"": [], ""<class 'abc.NT_0010_P_00004'>"": [], ""<class 'abc.NT_0010_P_00005'>"": [], ""<class 'abc.NT_0011_P_00003'>"": [], ""<class 'abc.NT_0011_P_00004'>"": [], ""<class 'abc.NT_0011_P_00005'>"": [], ""<class 'abc.NT_0011_P_00006'>"": [], ""<class 'abc.NT_0011_P_00007'>"": [], ""<class 'abc.NT_0011_P_00008'>"": [], ""<class 'abc.NT_0011_P_00009'>"": [], ""<class 'abc.NT_0014_P_00002'>"": [], ""<class 'abc.NT_0014_P_00003'>"": [], ""<class 'abc.NT_0014_P_00004'>"": [], '$leftovers': [612, 51366, 29977, 7941, 62781, 93978, 48081, 63396, 57279, 63194, 37786, 54499, 54071, 7255, 805, 91855, 9788, 55863, 13874, 90931, 38385, 43619, 36227, 61359, 25033, 26828, 94952, 78514, 81573, 7035, 57599, 63649, 37284, 79243, 23816, 36097, 45176, 45221, 21659, 73410, 77378, 61609, 53485, 83091, 55364, 804, 37863, 62128, 64631, 84523, 68409, 46658, 59869, 22948, 53816, 17703, 86036, 23930, 54711, 27159, 47907, 22129, 19429, 11704, 67050, 80298, 69224, 57646, 14733, 44317, 85077, 74191, 78264, 27076, 89776, 5196, 46711, 95884, 100000, 42859, 92197, 62164, 34041, 96434, 9186, 84986, 23729, 32442, 9078, 30947, 10584, 90176, 39265, 2903, 26641, 17813, 64068, 47390, 53496, 84055, 91192, 43627, 10978, 20051, 63072, 17541, 52384, 82602, 2071, 73349, 76496, 93237, 90746, 94169, 1089, 1963, 87259, 78716, 97251, 74560, 92319, 88430, 30065, 35943, 26646, 58575, 20564, 68822, 1955, 11977, 701, 8879, 51642, 65013, 37021, 8254, 64968, 54544, 55206, 50487, 94823, 39401, 11005, 50507, 4078, 47520, 40046, 60171, 93652, 930, 40344, 61205, 60575, 32914, 87845, 18974, 88335, 23738, 9159, 67945, 35873, 79289, 92027, 47069, 50717, 19269, 86431, 12677, 1847, 82569, 10719, 49874, 57438, 74245, 9728, 35214, 60927, 50418, 3072, 33653, 84097, 10451, 10948, 43565, 35042, 52901, 60373, 71523, 99916, 21066, 31862, 7158, 61957, 29065, 73503, 77066, 90914, 2224, 23949, 58836, 36313, 52163, 15402, 95181, 97248, 72223, 64484, 31579, 7361, 13133, 8559, 5315, 12957, 97480, 15964, 47289, 18201, 64048, 38836, 23949, 65274, 81688, 15908, 97641, 68909, 88194, 58203, 54156, 17884, 17015, 98114, 85070, 44487, 35609, 43946, 13163, 68656, 46368, 64590, 40998, 4333, 23209, 48312, 91519, 45912, 95154, 82162, 65190, 2680, 41571, 50993, 530, 20715, 62325, 69130, 87411, 51896, 25041, 1061, 92007, 16083, 61009, 22448, 76926, 40530, 5740, 65551, 74307, 70243, 88860, 56449, 62236, 73737, 14864, 20769, 33438, 2720, 19958, 14224, 62871, 11924, 4195, 94579, 90772, 15850, 32394, 39534, 94217, 24432, 49736, 19142, 95031, 91556, 84878, 36003, 82744, 39005, 77560, 67854, 74174, 65238, 42610, 38442, 5045, 8394, 50169, 85223, 39318, 11999, 19698, 62218, 20982, 75579, 83921, 36322, 81232, 74890, 79155, 7974, 87957, 31618, 15302, 46288, 41529, 54402, 51898, 8904, 68466, 16655, 33307, 87657, 62302, 99805, 94712, 27432, 6792, 318, 28470, 61849, 26074, 24481, 33234, 11701, 90978, 8418, 34547, 73073, 14229, 92931, 45528, 46305, 58234, 95428, 52910, 64691, 89529, 6125, 95529, 23717, 34258, 15039, 26343, 25322, 18533, 87153, 22501, 24377, 93511, 91108, 66007, 60481, 95208, 62676, 92031, 61249, 21040, 27224, 8088, 84181, 33593, 86548, 72607, 12800, 5611, 73844, 6692, 65230, 36526, 2469, 35635, 48449, 14719, 78189, 85243, 55844, 24071, 23788, 78878, 22883, 30166, 25797, 10713, 24202, 63862, 69116, 6614, 65627, 74821, 9118, 52050, 1045, 85212, 62012, 89898, 79364, 88858, 96964, 35830, 60888, 26734, 88556, 30404, 7619, 80278, 68622, 93232, 34306, 31485, 56275, 18665, 75621, 64839, 93770, 28199, 22239, 59130, 77628, 99168, 70420, 75781, 62501, 671, 82149, 26309, 8026, 6187, 34342, 77941, 96327, 7003, 65713, 2941, 26673, 45799, 5550, 98918, 65458, 56546, 58743, 93533, 64790, 30347, 32662, 73325, 77970, 21733, 35559, 73040, 79043, 59441, 82022, 37637, 7661, 94041, 96708, 7898, 70255, 89025, 83488, 90561, 63581, 77717, 74197, 27575, 58299, 53110, 73807, 71575, 26219, 35022, 49263, 13153, 34531, 51399, 44165, 26477, 4658, 89217, 10088, 77375, 38696, 57234, 69828, 27880, 19969, 12884, 48301, 32382, 79158, 72530, 2303, 28606, 30300, 17727, 74408, 82473, 74031, 47501, 28349, 67701, 75802, 89880, 6847, 37677, 42094, 59098, 33292, 25396, 1653, 33802, 37033, 82988, 18807, 34788, 32442, 21412, 79504, 70667, 67140, 188, 92567, 14712, 41955, 83231, 16604, 44261, 9248, 17311, 28714, 91679, 32487, 26287, 45537, 96338, 4907, 91004, 40305, 38855, 30113, 31802, 90368, 29632, 22399, 27504, 74924, 64570, 3170, 73381, 73608, 82107, 55004, 28453, 81413, 83401, 86827, 3755, 19280, 39809, 58531, 69352, 77285, 75236, 65692, 7596, 96792, 61193, 32718, 15171, 87988, 30166, 54746, 77236, 17432, 95331, 38981, 88240, 38898, 32172, 79555, 11740, 12372, 21314, 35314, 93047, 42158, 12888, 45757, 12444, 53196, 24354, 10754, 11298, 51034, 29460, 54561, 63362, 63137, 80288, 88200, 90124, 34341, 79738, 29507, 1371, 45727, 33233, 20038, 80414, 21940, 30707, 90006, 24595, 36850, 16424, 43356, 57374, 16541, 37502, 37384, 44186, 1581, 55147, 81574, 36342, 34700, 77319, 28025, 42804, 70814, 97334, 63170, 45671, 92728, 50865, 61805, 79230, 95797, 79382, 69832, 39248, 70970, 62614, 68180, 36578, 66699, 90803, 28447, 48009, 97357, 19944, 60879, 16057, 92445, 75982, 37067, 41406, 92224, 10099, 38077, 10238, 68458, 6537, 63778, 57556, 62039, 11823, 13270, 39382, 5448, 99101, 892, 8806, 21031, 7912, 86405, 50251, 88331, 79170, 19276, 48689, 73426, 83963, 98871, 32530, 19826, 24930, 70628, 89666, 23784, 22342, 79694, 80437, 28733, 99765, 7735, 65443, 39629, 65691, 45234, 52942, 70165, 64742, 7593, 35389, 38346, 53370, 1486, 63745, 59201, 84112, 82078, 59842, 55744, 6361, 15079, 910, 53287, 86305, 5582, 34924, 69056, 67927, 31852, 80811, 3497, 24763, 76576, 6447, 51921, 24582, 67902, 99777, 99703, 83341, 49007, 99280, 24090, 6799, 52732, 30031, 47977, 87252, 5024, 40270, 25148, 18576, 16321, 73258, 96568, 50330, 93058, 53931, 82548, 70345, 30377, 16363, 46283, 71917, 19219, 34599, 59905, 76185, 99134, 52728, 85779, 32717, 4809, 23223, 7767, 36688, 17927, 33222, 5461, 58987, 99150, 82453, 68878, 27439, 92942, 79331, 71474, 34897, 35197, 84658, 51810, 88051, 90117, 15640, 25537, 1192, 5758, 16919, 16570, 54940, 71350, 57863, 28374, 25430, 96910, 25138, 30623, 84961, 23541, 35862, 94330, 34467, 45322, 3068, 32691, 19717, 72709, 77504, 12874, 8035, 4199, 32629, 29326, 50091, 4290, 69037, 67868, 4858, 18189, 81289, 10537, 34484, 97761, 36705, 52886, 29677, 92414, 65300, 4493, 83991, 25685, 6104, 23112, 72137, 96757, 13483, 18308, 221, 14358, 49795, 76044, 65013, 87872, 95304, 14399, 812, 64706, 60775, 65656, 55460, 64130, 33001, 14835, 17431, 45023, 79744, 46149, 17211, 1932, 89664, 35867, 75834, 45835, 33920, 51887, 56077, 57612, 3201, 66246, 43129, 72962, 59486, 41799, 36083, 78794, 55644, 16064, 47916, 43687, 87424, 99482, 17585, 78994, 36067, 56930, 68493, 83129, 64732, 86546, 74055, 94524, 52064, 83683, 31321, 53390, 89787, 97909, 96890, 42138, 43171, 63419, 72477, 642, 72325, 14142, 88837, 64298, 53853, 33912, 90976, 51351, 53580, 44520, 1115, 7377, 51291, 91564, 16199, 86922, 17805, 85895, 43694, 18547, 43604, 34423, 97118, 34445, 84791, 71375, 31055, 9941, 27422, 27295, 25492, 21731, 54058, 56103, 74702, 88389, 39787, 83292, 56321, 80058, 48446, 90534, 99020, 53183, 57349, 5351, 62399, 11726, 72703, 23079, 88458, 14886, 42115, 37381, 53447, 80416, 75451, 17441, 22787, 25968, 37997, 43457, 70409, 3144, 30291, 27680, 46416, 33566, 93834, 69479, 8313, 69016, 56653]})"
32.0,9,38,83,41.070390701293945,210,"Genotype(dna={""<class 'abc.NT_0014'>"": [0, 9891], ""<class 'abc.NT_0014_P_00000'>"": [], ""<class 'abc.NT_0003'>"": [], ""<class 'abc.NT_0003_P_00000'>"": [], ""<class 'bool'>"": [34892, 53838, 93055, 22069, 78539, 27596, 11504, 95280, 56278, 13913, 91591, 97012, 50516, 84139, 91601, 80048, 36855, 76229, 96396, 90534, 62399, 56318, 86613, 30291, 93834, 69479, 91703], ""<class 'abc.NT_0000'>"": [0, 2, 3, 0, 0, 66646, 24329, 0, 57112, 0, 0, 0, 96236, 19448, 3, 67907, 2, 0, 61061, 0, 47365, 65468, 40560, 0, 1, 35560, 2, 0, 2, 6530, 90460, 0, 0, 0, 1053, 51537, 23729, 3136, 21603, 1290, 82817, 25314, 57349, 5351, 72703, 23079, 41017, 74148, 17441, 6983, 25968, 74036, 43457, 70409, 70746], ""<class 'abc.NT_0000_P_00000'>"": [], ""<class 'int'>"": [11527, 89970, 57184, 94912, 12901, 2737, 25019, 94292, 7422, 84436, 79517, 92390, 83981, 41079, 54502, 66359, 45824, 66531, 20954, 87223, 18331, 85267, 30558, 83139, 26738, 4868, 77382, 79248, 84283, 30291, 69479, 56653, 51366, 23356, 63194, 54071, 7575, 38385], ""<class 'abc.NT_0000_P_00001'>"": [], ""<class 'abc.NT_0000_P_00002'>"": [], ""<class 'abc.NT_0000_P_00003'>"": [], ""<class 'abc.NT_0001'>"": [1, 99233, 59169, 80416, 13326, 80335, 56653], ""<class 'abc.NT_0001_P_00000'>"": [], ""<class 'abc.NT_0001_P_00001'>"": [], ""<class 'abc.NT_0001_P_00002'>"": [], ""<class 'abc.NT_0001_P_00003'>"": [], ""<class 'abc.NT_0001_P_00004'>"": [], ""<class 'abc.NT_0001_P_00005'>"": [], ""<class 'abc.NT_0001_P_00006'>"": [], ""<class 'abc.NT_0003_P_00001'>"": [], ""<class 'abc.NT_0002'>"": [0, 63043], ""<class 'abc.NT_0002_P_00000'>"": [], ""<class 'abc.NT_0002_P_00001'>"": [], ""<class 'abc.NT_0002_P_00002'>"": [], ""<class 'abc.NT_0002_P_00003'>"": [], ""<class 'abc.NT_0004'>"": [], ""<class 'abc.NT_0004_P_00000'>"": [], ""<class 'abc.NT_0014_P_00001'>"": [], ""<class 'abc.NT_0013'>"": [31174, 87753, 70326], ""<class 'abc.NT_0013_P_00000'>"": [], ""<class 'abc.NT_0011'>"": [1, 98607], ""<class 'abc.NT_0011_P_00000'>"": [], ""<class 'abc.NT_0011_P_00001'>"": [], ""<class 'abc.NT_0008'>"": [56358, 25492], ""<class 'abc.NT_0008_P_00000'>"": [], ""<class 'abc.NT_0005'>"": [65439, 70998], ""<class 'abc.NT_0005_P_00000'>"": [], ""<class 'abc.NT_0005_P_00001'>"": [], ""<class 'abc.NT_0007'>"": [63976, 27295], ""<class 'abc.NT_0007_P_00000'>"": [], ""<class 'abc.NT_0006'>"": [51447, 91312], ""<class 'abc.NT_0006_P_00000'>"": [], ""<class 'abc.NT_0006_P_00001'>"": [], ""<class 'abc.NT_0007_P_00001'>"": [], ""<class 'abc.NT_0007_P_00002'>"": [], ""<class 'abc.NT_0007_P_00003'>"": [], ""<class 'abc.NT_0008_P_00001'>"": [], ""<class 'abc.NT_0009'>"": [8, 58070, 39787], ""<class 'abc.NT_0009_P_00000'>"": [], ""<class 'abc.NT_0009_P_00001'>"": [], ""<class 'abc.NT_0009_P_00002'>"": [], ""<class 'abc.NT_0009_P_00003'>"": [], ""<class 'abc.NT_0009_P_00004'>"": [], ""<class 'abc.NT_0009_P_00005'>"": [], ""<class 'abc.NT_0009_P_00006'>"": [], ""<class 'abc.NT_0009_P_00007'>"": [], ""<class 'abc.NT_0009_P_00008'>"": [], ""<class 'abc.NT_0011_P_00002'>"": [], ""<class 'abc.NT_0010'>"": [53447, 75927], ""<class 'abc.NT_0010_P_00000'>"": [], ""<class 'abc.NT_0010_P_00001'>"": [], ""<class 'abc.NT_0010_P_00002'>"": [], ""<class 'abc.NT_0010_P_00003'>"": [], ""<class 'abc.NT_0010_P_00004'>"": [], ""<class 'abc.NT_0010_P_00005'>"": [], ""<class 'abc.NT_0011_P_00003'>"": [], ""<class 'abc.NT_0011_P_00004'>"": [], ""<class 'abc.NT_0011_P_00005'>"": [], ""<class 'abc.NT_0011_P_00006'>"": [], ""<class 'abc.NT_0011_P_00007'>"": [], ""<class 'abc.NT_0011_P_00008'>"": [], ""<class 'abc.NT_0011_P_00009'>"": [], ""<class 'abc.NT_0014_P_00002'>"": [], ""<class 'abc.NT_0014_P_00003'>"": [], ""<class 'abc.NT_0014_P_00004'>"": [], '$leftovers': [612, 51366, 29977, 7941, 62781, 93978, 48081, 63396, 57279, 63194, 37786, 54499, 54071, 7255, 805, 91855, 9788, 55863, 13874, 90931, 38385, 43619, 36227, 61359, 25033, 26828, 94952, 78514, 81573, 7035, 57599, 63649, 37284, 79243, 23816, 36097, 45176, 45221, 21659, 73410, 77378, 61609, 53485, 83091, 55364, 804, 37863, 62128, 64631, 84523, 68409, 46658, 59869, 22948, 53816, 17703, 86036, 23930, 54711, 27159, 47907, 22129, 19429, 11704, 67050, 80298, 69224, 57646, 14733, 44317, 85077, 74191, 78264, 27076, 89776, 5196, 46711, 95884, 100000, 42859, 92197, 62164, 34041, 96434, 9186, 84986, 23729, 32442, 9078, 30947, 10584, 90176, 39265, 2903, 26641, 17813, 64068, 47390, 53496, 84055, 91192, 43627, 10978, 20051, 63072, 17541, 52384, 82602, 2071, 73349, 76496, 93237, 90746, 94169, 1089, 1963, 87259, 78716, 97251, 74560, 92319, 88430, 30065, 35943, 26646, 58575, 20564, 68822, 1955, 11977, 701, 8879, 51642, 65013, 37021, 8254, 64968, 54544, 55206, 50487, 94823, 39401, 11005, 50507, 4078, 47520, 40046, 60171, 93652, 930, 40344, 61205, 60575, 32914, 87845, 18974, 88335, 23738, 9159, 67945, 35873, 79289, 92027, 47069, 50717, 19269, 86431, 12677, 1847, 82569, 10719, 49874, 57438, 74245, 9728, 35214, 60927, 50418, 3072, 33653, 84097, 10451, 10948, 43565, 35042, 52901, 60373, 71523, 99916, 21066, 31862, 7158, 61957, 29065, 73503, 77066, 90914, 2224, 23949, 58836, 36313, 52163, 15402, 95181, 97248, 72223, 64484, 31579, 7361, 13133, 8559, 5315, 12957, 97480, 15964, 47289, 18201, 64048, 38836, 23949, 65274, 81688, 15908, 97641, 68909, 88194, 58203, 54156, 17884, 17015, 98114, 85070, 44487, 35609, 43946, 13163, 68656, 46368, 64590, 40998, 4333, 23209, 48312, 91519, 45912, 95154, 82162, 65190, 2680, 41571, 50993, 530, 20715, 62325, 69130, 87411, 51896, 25041, 1061, 92007, 16083, 61009, 22448, 76926, 40530, 5740, 65551, 74307, 70243, 88860, 56449, 62236, 73737, 14864, 20769, 33438, 2720, 19958, 14224, 62871, 11924, 4195, 94579, 90772, 15850, 32394, 39534, 94217, 24432, 49736, 19142, 95031, 91556, 84878, 36003, 82744, 39005, 77560, 67854, 74174, 65238, 42610, 38442, 5045, 8394, 50169, 85223, 39318, 11999, 19698, 62218, 20982, 75579, 83921, 36322, 81232, 74890, 79155, 7974, 87957, 31618, 15302, 46288, 41529, 54402, 51898, 8904, 68466, 16655, 33307, 87657, 62302, 99805, 94712, 27432, 6792, 318, 28470, 61849, 26074, 24481, 33234, 11701, 90978, 8418, 34547, 73073, 14229, 92931, 45528, 46305, 58234, 95428, 52910, 64691, 89529, 6125, 95529, 23717, 34258, 15039, 26343, 25322, 18533, 87153, 22501, 24377, 93511, 91108, 66007, 60481, 95208, 62676, 92031, 61249, 21040, 27224, 8088, 84181, 33593, 86548, 72607, 12800, 5611, 73844, 6692, 65230, 36526, 2469, 35635, 48449, 14719, 78189, 85243, 55844, 24071, 23788, 78878, 22883, 30166, 25797, 10713, 24202, 63862, 69116, 6614, 65627, 74821, 9118, 52050, 1045, 85212, 62012, 89898, 79364, 88858, 96964, 35830, 60888, 26734, 88556, 30404, 7619, 80278, 68622, 93232, 34306, 31485, 56275, 18665, 75621, 64839, 93770, 28199, 22239, 59130, 77628, 99168, 70420, 75781, 62501, 671, 82149, 26309, 8026, 6187, 34342, 77941, 96327, 7003, 65713, 2941, 26673, 45799, 5550, 98918, 65458, 56546, 58743, 93533, 64790, 30347, 32662, 73325, 77970, 21733, 35559, 73040, 79043, 59441, 82022, 37637, 7661, 94041, 96708, 7898, 70255, 89025, 83488, 90561, 63581, 77717, 74197, 27575, 58299, 53110, 73807, 71575, 26219, 35022, 49263, 13153, 34531, 51399, 44165, 26477, 4658, 89217, 10088, 77375, 38696, 57234, 69828, 27880, 19969, 12884, 48301, 32382, 79158, 72530, 2303, 28606, 30300, 17727, 74408, 82473, 74031, 47501, 28349, 67701, 75802, 89880, 6847, 37677, 42094, 59098, 33292, 25396, 1653, 33802, 37033, 82988, 18807, 34788, 32442, 21412, 79504, 70667, 67140, 188, 92567, 14712, 41955, 83231, 16604, 44261, 9248, 17311, 28714, 91679, 32487, 26287, 45537, 96338, 4907, 91004, 40305, 38855, 30113, 31802, 90368, 29632, 22399, 27504, 74924, 64570, 3170, 73381, 73608, 82107, 55004, 28453, 81413, 83401, 86827, 3755, 19280, 39809, 58531, 69352, 77285, 75236, 65692, 7596, 96792, 61193, 32718, 15171, 87988, 30166, 54746, 77236, 17432, 95331, 38981, 88240, 38898, 32172, 79555, 11740, 12372, 21314, 35314, 93047, 42158, 12888, 45757, 12444, 53196, 24354, 10754, 11298, 51034, 29460, 54561, 63362, 63137, 80288, 88200, 90124, 34341, 79738, 29507, 1371, 45727, 33233, 20038, 80414, 21940, 30707, 90006, 24595, 36850, 16424, 43356, 57374, 16541, 37502, 37384, 44186, 1581, 55147, 81574, 36342, 34700, 77319, 28025, 42804, 70814, 97334, 63170, 45671, 92728, 50865, 61805, 79230, 95797, 79382, 69832, 39248, 70970, 62614, 68180, 36578, 66699, 90803, 28447, 48009, 97357, 19944, 60879, 16057, 92445, 75982, 37067, 41406, 92224, 10099, 38077, 10238, 68458, 6537, 63778, 57556, 62039, 11823, 13270, 39382, 5448, 99101, 892, 8806, 21031, 7912, 86405, 50251, 88331, 79170, 19276, 48689, 73426, 83963, 98871, 32530, 19826, 24930, 70628, 89666, 23784, 22342, 79694, 80437, 28733, 99765, 7735, 65443, 39629, 65691, 45234, 52942, 70165, 64742, 7593, 35389, 38346, 53370, 1486, 63745, 59201, 84112, 82078, 59842, 55744, 6361, 15079, 910, 53287, 86305, 5582, 34924, 69056, 67927, 31852, 80811, 3497, 24763, 76576, 6447, 51921, 24582, 67902, 99777, 99703, 83341, 49007, 99280, 24090, 6799, 52732, 30031, 47977, 87252, 5024, 40270, 25148, 18576, 16321, 73258, 96568, 50330, 93058, 53931, 82548, 70345, 30377, 16363, 46283, 71917, 19219, 34599, 59905, 76185, 99134, 52728, 85779, 32717, 4809, 23223, 7767, 36688, 17927, 33222, 5461, 58987, 99150, 82453, 68878, 27439, 92942, 79331, 71474, 34897, 35197, 84658, 51810, 88051, 90117, 15640, 25537, 1192, 5758, 16919, 16570, 54940, 71350, 57863, 28374, 25430, 96910, 25138, 30623, 84961, 23541, 35862, 94330, 34467, 45322, 3068, 32691, 19717, 72709, 77504, 12874, 8035, 4199, 32629, 29326, 50091, 4290, 69037, 67868, 4858, 18189, 81289, 10537, 34484, 97761, 36705, 52886, 29677, 92414, 65300, 4493, 83991, 25685, 6104, 23112, 72137, 96757, 13483, 18308, 221, 14358, 49795, 76044, 65013, 87872, 95304, 14399, 812, 64706, 60775, 65656, 55460, 64130, 33001, 14835, 17431, 45023, 79744, 46149, 17211, 1932, 89664, 35867, 75834, 45835, 33920, 51887, 56077, 57612, 3201, 66246, 43129, 72962, 59486, 41799, 36083, 78794, 55644, 16064, 47916, 43687, 87424, 99482, 17585, 78994, 36067, 56930, 68493, 83129, 64732, 86546, 74055, 94524, 52064, 83683, 31321, 53390, 89787, 97909, 96890, 42138, 43171, 63419, 72477, 642, 72325, 14142, 88837, 64298, 53853, 33912, 90976, 51351, 53580, 44520, 1115, 7377, 51291, 91564, 16199, 86922, 17805, 85895, 43694, 18547, 43604, 34423, 97118, 34445, 84791, 71375, 31055, 9941, 27422, 27295, 25492, 21731, 54058, 56103, 74702, 88389, 39787, 83292, 56321, 80058, 48446, 90534, 99020, 53183, 57349, 5351, 62399, 11726, 72703, 23079, 88458, 14886, 42115, 37381, 53447, 80416, 75451, 17441, 22787, 25968, 37997, 43457, 70409, 3144, 30291, 27680, 46416, 33566, 93834, 69479, 8313, 69016, 56653]})"
32.0,9,38,84,41.34792470932007,210,"Genotype(dna={""<class 'abc.NT_0014'>"": [0, 9891], ""<class 'abc.NT_0014_P_00000'>"": [], ""<class 'abc.NT_0003'>"": [], ""<class 'abc.NT_0003_P_00000'>"": [], ""<class 'bool'>"": [34892, 53838, 93055, 22069, 78539, 27596, 11504, 95280, 56278, 13913, 91591, 97012, 50516, 84139, 91601, 80048, 36855, 76229, 96396, 90534, 62399, 56318, 86613, 30291, 93834, 69479, 91703], ""<class 'abc.NT_0000'>"": [0, 2, 3, 0, 0, 66646, 24329, 0, 57112, 0, 0, 0, 96236, 19448, 3, 67907, 2, 0, 61061, 0, 47365, 65468, 40560, 0, 1, 35560, 2, 0, 2, 6530, 90460, 0, 0, 0, 1053, 51537, 23729, 3136, 21603, 1290, 82817, 25314, 57349, 5351, 72703, 23079, 41017, 74148, 17441, 6983, 25968, 74036, 43457, 70409, 70746], ""<class 'abc.NT_0000_P_00000'>"": [], ""<class 'int'>"": [11527, 89970, 57184, 94912, 12901, 2737, 25019, 94292, 7422, 84436, 79517, 92390, 83981, 41079, 54502, 66359, 45824, 66531, 20954, 87223, 18331, 85267, 30558, 83139, 26738, 4868, 77382, 79248, 84283, 30291, 69479, 56653, 51366, 23356, 63194, 54071, 7575, 38385], ""<class 'abc.NT_0000_P_00001'>"": [], ""<class 'abc.NT_0000_P_00002'>"": [], ""<class 'abc.NT_0000_P_00003'>"": [], ""<class 'abc.NT_0001'>"": [1, 99233, 59169, 80416, 13326, 80335, 56653], ""<class 'abc.NT_0001_P_00000'>"": [], ""<class 'abc.NT_0001_P_00001'>"": [], ""<class 'abc.NT_0001_P_00002'>"": [], ""<class 'abc.NT_0001_P_00003'>"": [], ""<class 'abc.NT_0001_P_00004'>"": [], ""<class 'abc.NT_0001_P_00005'>"": [], ""<class 'abc.NT_0001_P_00006'>"": [], ""<class 'abc.NT_0003_P_00001'>"": [], ""<class 'abc.NT_0002'>"": [0, 63043], ""<class 'abc.NT_0002_P_00000'>"": [], ""<class 'abc.NT_0002_P_00001'>"": [], ""<class 'abc.NT_0002_P_00002'>"": [], ""<class 'abc.NT_0002_P_00003'>"": [], ""<class 'abc.NT_0004'>"": [], ""<class 'abc.NT_0004_P_00000'>"": [], ""<class 'abc.NT_0014_P_00001'>"": [], ""<class 'abc.NT_0013'>"": [31174, 87753, 70326], ""<class 'abc.NT_0013_P_00000'>"": [], ""<class 'abc.NT_0011'>"": [1, 98607], ""<class 'abc.NT_0011_P_00000'>"": [], ""<class 'abc.NT_0011_P_00001'>"": [], ""<class 'abc.NT_0008'>"": [56358, 25492], ""<class 'abc.NT_0008_P_00000'>"": [], ""<class 'abc.NT_0005'>"": [65439, 70998], ""<class 'abc.NT_0005_P_00000'>"": [], ""<class 'abc.NT_0005_P_00001'>"": [], ""<class 'abc.NT_0007'>"": [63976, 27295], ""<class 'abc.NT_0007_P_00000'>"": [], ""<class 'abc.NT_0006'>"": [51447, 91312], ""<class 'abc.NT_0006_P_00000'>"": [], ""<class 'abc.NT_0006_P_00001'>"": [], ""<class 'abc.NT_0007_P_00001'>"": [], ""<class 'abc.NT_0007_P_00002'>"": [], ""<class 'abc.NT_0007_P_00003'>"": [], ""<class 'abc.NT_0008_P_00001'>"": [], ""<class 'abc.NT_0009'>"": [8, 58070, 39787], ""<class 'abc.NT_0009_P_00000'>"": [], ""<class 'abc.NT_0009_P_00001'>"": [], ""<class 'abc.NT_0009_P_00002'>"": [], ""<class 'abc.NT_0009_P_00003'>"": [], ""<class 'abc.NT_0009_P_00004'>"": [], ""<class 'abc.NT_0009_P_00005'>"": [], ""<class 'abc.NT_0009_P_00006'>"": [], ""<class 'abc.NT_0009_P_00007'>"": [], ""<class 'abc.NT_0009_P_00008'>"": [], ""<class 'abc.NT_0011_P_00002'>"": [], ""<class 'abc.NT_0010'>"": [53447, 75927], ""<class 'abc.NT_0010_P_00000'>"": [], ""<class 'abc.NT_0010_P_00001'>"": [], ""<class 'abc.NT_0010_P_00002'>"": [], ""<class 'abc.NT_0010_P_00003'>"": [], ""<class 'abc.NT_0010_P_00004'>"": [], ""<class 'abc.NT_0010_P_00005'>"": [], ""<class 'abc.NT_0011_P_00003'>"": [], ""<class 'abc.NT_0011_P_00004'>"": [], ""<class 'abc.NT_0011_P_00005'>"": [], ""<class 'abc.NT_0011_P_00006'>"": [], ""<class 'abc.NT_0011_P_00007'>"": [], ""<class 'abc.NT_0011_P_00008'>"": [], ""<class 'abc.NT_0011_P_00009'>"": [], ""<class 'abc.NT_0014_P_00002'>"": [], ""<class 'abc.NT_0014_P_00003'>"": [], ""<class 'abc.NT_0014_P_00004'>"": [], '$leftovers': [612, 51366, 29977, 7941, 62781, 93978, 48081, 63396, 57279, 63194, 37786, 54499, 54071, 7255, 805, 91855, 9788, 55863, 13874, 90931, 38385, 43619, 36227, 61359, 25033, 26828, 94952, 78514, 81573, 7035, 57599, 63649, 37284, 79243, 23816, 36097, 45176, 45221, 21659, 73410, 77378, 61609, 53485, 83091, 55364, 804, 37863, 62128, 64631, 84523, 68409, 46658, 59869, 22948, 53816, 17703, 86036, 23930, 54711, 27159, 47907, 22129, 19429, 11704, 67050, 80298, 69224, 57646, 14733, 44317, 85077, 74191, 78264, 27076, 89776, 5196, 46711, 95884, 100000, 42859, 92197, 62164, 34041, 96434, 9186, 84986, 23729, 32442, 9078, 30947, 10584, 90176, 39265, 2903, 26641, 17813, 64068, 47390, 53496, 84055, 91192, 43627, 10978, 20051, 63072, 17541, 52384, 82602, 2071, 73349, 76496, 93237, 90746, 94169, 1089, 1963, 87259, 78716, 97251, 74560, 92319, 88430, 30065, 35943, 26646, 58575, 20564, 68822, 1955, 11977, 701, 8879, 51642, 65013, 37021, 8254, 64968, 54544, 55206, 50487, 94823, 39401, 11005, 50507, 4078, 47520, 40046, 60171, 93652, 930, 40344, 61205, 60575, 32914, 87845, 18974, 88335, 23738, 9159, 67945, 35873, 79289, 92027, 47069, 50717, 19269, 86431, 12677, 1847, 82569, 10719, 49874, 57438, 74245, 9728, 35214, 60927, 50418, 3072, 33653, 84097, 10451, 10948, 43565, 35042, 52901, 60373, 71523, 99916, 21066, 31862, 7158, 61957, 29065, 73503, 77066, 90914, 2224, 23949, 58836, 36313, 52163, 15402, 95181, 97248, 72223, 64484, 31579, 7361, 13133, 8559, 5315, 12957, 97480, 15964, 47289, 18201, 64048, 38836, 23949, 65274, 81688, 15908, 97641, 68909, 88194, 58203, 54156, 17884, 17015, 98114, 85070, 44487, 35609, 43946, 13163, 68656, 46368, 64590, 40998, 4333, 23209, 48312, 91519, 45912, 95154, 82162, 65190, 2680, 41571, 50993, 530, 20715, 62325, 69130, 87411, 51896, 25041, 1061, 92007, 16083, 61009, 22448, 76926, 40530, 5740, 65551, 74307, 70243, 88860, 56449, 62236, 73737, 14864, 20769, 33438, 2720, 19958, 14224, 62871, 11924, 4195, 94579, 90772, 15850, 32394, 39534, 94217, 24432, 49736, 19142, 95031, 91556, 84878, 36003, 82744, 39005, 77560, 67854, 74174, 65238, 42610, 38442, 5045, 8394, 50169, 85223, 39318, 11999, 19698, 62218, 20982, 75579, 83921, 36322, 81232, 74890, 79155, 7974, 87957, 31618, 15302, 46288, 41529, 54402, 51898, 8904, 68466, 16655, 33307, 87657, 62302, 99805, 94712, 27432, 6792, 318, 28470, 61849, 26074, 24481, 33234, 11701, 90978, 8418, 34547, 73073, 14229, 92931, 45528, 46305, 58234, 95428, 52910, 64691, 89529, 6125, 95529, 23717, 34258, 15039, 26343, 25322, 18533, 87153, 22501, 24377, 93511, 91108, 66007, 60481, 95208, 62676, 92031, 61249, 21040, 27224, 8088, 84181, 33593, 86548, 72607, 12800, 5611, 73844, 6692, 65230, 36526, 2469, 35635, 48449, 14719, 78189, 85243, 55844, 24071, 23788, 78878, 22883, 30166, 25797, 10713, 24202, 63862, 69116, 6614, 65627, 74821, 9118, 52050, 1045, 85212, 62012, 89898, 79364, 88858, 96964, 35830, 60888, 26734, 88556, 30404, 7619, 80278, 68622, 93232, 34306, 31485, 56275, 18665, 75621, 64839, 93770, 28199, 22239, 59130, 77628, 99168, 70420, 75781, 62501, 671, 82149, 26309, 8026, 6187, 34342, 77941, 96327, 7003, 65713, 2941, 26673, 45799, 5550, 98918, 65458, 56546, 58743, 93533, 64790, 30347, 32662, 73325, 77970, 21733, 35559, 73040, 79043, 59441, 82022, 37637, 7661, 94041, 96708, 7898, 70255, 89025, 83488, 90561, 63581, 77717, 74197, 27575, 58299, 53110, 73807, 71575, 26219, 35022, 49263, 13153, 34531, 51399, 44165, 26477, 4658, 89217, 10088, 77375, 38696, 57234, 69828, 27880, 19969, 12884, 48301, 32382, 79158, 72530, 2303, 28606, 30300, 17727, 74408, 82473, 74031, 47501, 28349, 67701, 75802, 89880, 6847, 37677, 42094, 59098, 33292, 25396, 1653, 33802, 37033, 82988, 18807, 34788, 32442, 21412, 79504, 70667, 67140, 188, 92567, 14712, 41955, 83231, 16604, 44261, 9248, 17311, 28714, 91679, 32487, 26287, 45537, 96338, 4907, 91004, 40305, 38855, 30113, 31802, 90368, 29632, 22399, 27504, 74924, 64570, 3170, 73381, 73608, 82107, 55004, 28453, 81413, 83401, 86827, 3755, 19280, 39809, 58531, 69352, 77285, 75236, 65692, 7596, 96792, 61193, 32718, 15171, 87988, 30166, 54746, 77236, 17432, 95331, 38981, 88240, 38898, 32172, 79555, 11740, 12372, 21314, 35314, 93047, 42158, 12888, 45757, 12444, 53196, 24354, 10754, 11298, 51034, 29460, 54561, 63362, 63137, 80288, 88200, 90124, 34341, 79738, 29507, 1371, 45727, 33233, 20038, 80414, 21940, 30707, 90006, 24595, 36850, 16424, 43356, 57374, 16541, 37502, 37384, 44186, 1581, 55147, 81574, 36342, 34700, 77319, 28025, 42804, 70814, 97334, 63170, 45671, 92728, 50865, 61805, 79230, 95797, 79382, 69832, 39248, 70970, 62614, 68180, 36578, 66699, 90803, 28447, 48009, 97357, 19944, 60879, 16057, 92445, 75982, 37067, 41406, 92224, 10099, 38077, 10238, 68458, 6537, 63778, 57556, 62039, 11823, 13270, 39382, 5448, 99101, 892, 8806, 21031, 7912, 86405, 50251, 88331, 79170, 19276, 48689, 73426, 83963, 98871, 32530, 19826, 24930, 70628, 89666, 23784, 22342, 79694, 80437, 28733, 99765, 7735, 65443, 39629, 65691, 45234, 52942, 70165, 64742, 7593, 35389, 38346, 53370, 1486, 63745, 59201, 84112, 82078, 59842, 55744, 6361, 15079, 910, 53287, 86305, 5582, 34924, 69056, 67927, 31852, 80811, 3497, 24763, 76576, 6447, 51921, 24582, 67902, 99777, 99703, 83341, 49007, 99280, 24090, 6799, 52732, 30031, 47977, 87252, 5024, 40270, 25148, 18576, 16321, 73258, 96568, 50330, 93058, 53931, 82548, 70345, 30377, 16363, 46283, 71917, 19219, 34599, 59905, 76185, 99134, 52728, 85779, 32717, 4809, 23223, 7767, 36688, 17927, 33222, 5461, 58987, 99150, 82453, 68878, 27439, 92942, 79331, 71474, 34897, 35197, 84658, 51810, 88051, 90117, 15640, 25537, 1192, 5758, 16919, 16570, 54940, 71350, 57863, 28374, 25430, 96910, 25138, 30623, 84961, 23541, 35862, 94330, 34467, 45322, 3068, 32691, 19717, 72709, 77504, 12874, 8035, 4199, 32629, 29326, 50091, 4290, 69037, 67868, 4858, 18189, 81289, 10537, 34484, 97761, 36705, 52886, 29677, 92414, 65300, 4493, 83991, 25685, 6104, 23112, 72137, 96757, 13483, 18308, 221, 14358, 49795, 76044, 65013, 87872, 95304, 14399, 812, 64706, 60775, 65656, 55460, 64130, 33001, 14835, 17431, 45023, 79744, 46149, 17211, 1932, 89664, 35867, 75834, 45835, 33920, 51887, 56077, 57612, 3201, 66246, 43129, 72962, 59486, 41799, 36083, 78794, 55644, 16064, 47916, 43687, 87424, 99482, 17585, 78994, 36067, 56930, 68493, 83129, 64732, 86546, 74055, 94524, 52064, 83683, 31321, 53390, 89787, 97909, 96890, 42138, 43171, 63419, 72477, 642, 72325, 14142, 88837, 64298, 53853, 33912, 90976, 51351, 53580, 44520, 1115, 7377, 51291, 91564, 16199, 86922, 17805, 85895, 43694, 18547, 43604, 34423, 97118, 34445, 84791, 71375, 31055, 9941, 27422, 27295, 25492, 21731, 54058, 56103, 74702, 88389, 39787, 83292, 56321, 80058, 48446, 90534, 99020, 53183, 57349, 5351, 62399, 11726, 72703, 23079, 88458, 14886, 42115, 37381, 53447, 80416, 75451, 17441, 22787, 25968, 37997, 43457, 70409, 3144, 30291, 27680, 46416, 33566, 93834, 69479, 8313, 69016, 56653]})"
32.0,9,38,85,41.65728425979614,210,"Genotype(dna={""<class 'abc.NT_0014'>"": [0, 9891], ""<class 'abc.NT_0014_P_00000'>"": [], ""<class 'abc.NT_0003'>"": [], ""<class 'abc.NT_0003_P_00000'>"": [], ""<class 'bool'>"": [34892, 53838, 93055, 22069, 78539, 27596, 11504, 95280, 56278, 13913, 91591, 97012, 50516, 84139, 91601, 80048, 36855, 76229, 96396, 90534, 62399, 56318, 86613, 30291, 93834, 69479, 91703], ""<class 'abc.NT_0000'>"": [0, 2, 3, 0, 0, 66646, 24329, 0, 57112, 0, 0, 0, 96236, 19448, 3, 67907, 2, 0, 61061, 0, 47365, 65468, 40560, 0, 1, 35560, 2, 0, 2, 6530, 90460, 0, 0, 0, 1053, 51537, 23729, 3136, 21603, 1290, 82817, 25314, 57349, 5351, 72703, 23079, 41017, 74148, 17441, 6983, 25968, 74036, 43457, 70409, 70746], ""<class 'abc.NT_0000_P_00000'>"": [], ""<class 'int'>"": [11527, 89970, 57184, 94912, 12901, 2737, 25019, 94292, 7422, 84436, 79517, 92390, 83981, 41079, 54502, 66359, 45824, 66531, 20954, 87223, 18331, 85267, 30558, 83139, 26738, 4868, 77382, 79248, 84283, 30291, 69479, 56653, 51366, 23356, 63194, 54071, 7575, 38385], ""<class 'abc.NT_0000_P_00001'>"": [], ""<class 'abc.NT_0000_P_00002'>"": [], ""<class 'abc.NT_0000_P_00003'>"": [], ""<class 'abc.NT_0001'>"": [1, 99233, 59169, 80416, 13326, 80335, 56653], ""<class 'abc.NT_0001_P_00000'>"": [], ""<class 'abc.NT_0001_P_00001'>"": [], ""<class 'abc.NT_0001_P_00002'>"": [], ""<class 'abc.NT_0001_P_00003'>"": [], ""<class 'abc.NT_0001_P_00004'>"": [], ""<class 'abc.NT_0001_P_00005'>"": [], ""<class 'abc.NT_0001_P_00006'>"": [], ""<class 'abc.NT_0003_P_00001'>"": [], ""<class 'abc.NT_0002'>"": [0, 63043], ""<class 'abc.NT_0002_P_00000'>"": [], ""<class 'abc.NT_0002_P_00001'>"": [], ""<class 'abc.NT_0002_P_00002'>"": [], ""<class 'abc.NT_0002_P_00003'>"": [], ""<class 'abc.NT_0004'>"": [], ""<class 'abc.NT_0004_P_00000'>"": [], ""<class 'abc.NT_0014_P_00001'>"": [], ""<class 'abc.NT_0013'>"": [31174, 87753, 70326], ""<class 'abc.NT_0013_P_00000'>"": [], ""<class 'abc.NT_0011'>"": [1, 98607], ""<class 'abc.NT_0011_P_00000'>"": [], ""<class 'abc.NT_0011_P_00001'>"": [], ""<class 'abc.NT_0008'>"": [56358, 25492], ""<class 'abc.NT_0008_P_00000'>"": [], ""<class 'abc.NT_0005'>"": [65439, 70998], ""<class 'abc.NT_0005_P_00000'>"": [], ""<class 'abc.NT_0005_P_00001'>"": [], ""<class 'abc.NT_0007'>"": [63976, 27295], ""<class 'abc.NT_0007_P_00000'>"": [], ""<class 'abc.NT_0006'>"": [51447, 91312], ""<class 'abc.NT_0006_P_00000'>"": [], ""<class 'abc.NT_0006_P_00001'>"": [], ""<class 'abc.NT_0007_P_00001'>"": [], ""<class 'abc.NT_0007_P_00002'>"": [], ""<class 'abc.NT_0007_P_00003'>"": [], ""<class 'abc.NT_0008_P_00001'>"": [], ""<class 'abc.NT_0009'>"": [8, 58070, 39787], ""<class 'abc.NT_0009_P_00000'>"": [], ""<class 'abc.NT_0009_P_00001'>"": [], ""<class 'abc.NT_0009_P_00002'>"": [], ""<class 'abc.NT_0009_P_00003'>"": [], ""<class 'abc.NT_0009_P_00004'>"": [], ""<class 'abc.NT_0009_P_00005'>"": [], ""<class 'abc.NT_0009_P_00006'>"": [], ""<class 'abc.NT_0009_P_00007'>"": [], ""<class 'abc.NT_0009_P_00008'>"": [], ""<class 'abc.NT_0011_P_00002'>"": [], ""<class 'abc.NT_0010'>"": [53447, 75927], ""<class 'abc.NT_0010_P_00000'>"": [], ""<class 'abc.NT_0010_P_00001'>"": [], ""<class 'abc.NT_0010_P_00002'>"": [], ""<class 'abc.NT_0010_P_00003'>"": [], ""<class 'abc.NT_0010_P_00004'>"": [], ""<class 'abc.NT_0010_P_00005'>"": [], ""<class 'abc.NT_0011_P_00003'>"": [], ""<class 'abc.NT_0011_P_00004'>"": [], ""<class 'abc.NT_0011_P_00005'>"": [], ""<class 'abc.NT_0011_P_00006'>"": [], ""<class 'abc.NT_0011_P_00007'>"": [], ""<class 'abc.NT_0011_P_00008'>"": [], ""<class 'abc.NT_0011_P_00009'>"": [], ""<class 'abc.NT_0014_P_00002'>"": [], ""<class 'abc.NT_0014_P_00003'>"": [], ""<class 'abc.NT_0014_P_00004'>"": [], '$leftovers': [612, 51366, 29977, 7941, 62781, 93978, 48081, 63396, 57279, 63194, 37786, 54499, 54071, 7255, 805, 91855, 9788, 55863, 13874, 90931, 38385, 43619, 36227, 61359, 25033, 26828, 94952, 78514, 81573, 7035, 57599, 63649, 37284, 79243, 23816, 36097, 45176, 45221, 21659, 73410, 77378, 61609, 53485, 83091, 55364, 804, 37863, 62128, 64631, 84523, 68409, 46658, 59869, 22948, 53816, 17703, 86036, 23930, 54711, 27159, 47907, 22129, 19429, 11704, 67050, 80298, 69224, 57646, 14733, 44317, 85077, 74191, 78264, 27076, 89776, 5196, 46711, 95884, 100000, 42859, 92197, 62164, 34041, 96434, 9186, 84986, 23729, 32442, 9078, 30947, 10584, 90176, 39265, 2903, 26641, 17813, 64068, 47390, 53496, 84055, 91192, 43627, 10978, 20051, 63072, 17541, 52384, 82602, 2071, 73349, 76496, 93237, 90746, 94169, 1089, 1963, 87259, 78716, 97251, 74560, 92319, 88430, 30065, 35943, 26646, 58575, 20564, 68822, 1955, 11977, 701, 8879, 51642, 65013, 37021, 8254, 64968, 54544, 55206, 50487, 94823, 39401, 11005, 50507, 4078, 47520, 40046, 60171, 93652, 930, 40344, 61205, 60575, 32914, 87845, 18974, 88335, 23738, 9159, 67945, 35873, 79289, 92027, 47069, 50717, 19269, 86431, 12677, 1847, 82569, 10719, 49874, 57438, 74245, 9728, 35214, 60927, 50418, 3072, 33653, 84097, 10451, 10948, 43565, 35042, 52901, 60373, 71523, 99916, 21066, 31862, 7158, 61957, 29065, 73503, 77066, 90914, 2224, 23949, 58836, 36313, 52163, 15402, 95181, 97248, 72223, 64484, 31579, 7361, 13133, 8559, 5315, 12957, 97480, 15964, 47289, 18201, 64048, 38836, 23949, 65274, 81688, 15908, 97641, 68909, 88194, 58203, 54156, 17884, 17015, 98114, 85070, 44487, 35609, 43946, 13163, 68656, 46368, 64590, 40998, 4333, 23209, 48312, 91519, 45912, 95154, 82162, 65190, 2680, 41571, 50993, 530, 20715, 62325, 69130, 87411, 51896, 25041, 1061, 92007, 16083, 61009, 22448, 76926, 40530, 5740, 65551, 74307, 70243, 88860, 56449, 62236, 73737, 14864, 20769, 33438, 2720, 19958, 14224, 62871, 11924, 4195, 94579, 90772, 15850, 32394, 39534, 94217, 24432, 49736, 19142, 95031, 91556, 84878, 36003, 82744, 39005, 77560, 67854, 74174, 65238, 42610, 38442, 5045, 8394, 50169, 85223, 39318, 11999, 19698, 62218, 20982, 75579, 83921, 36322, 81232, 74890, 79155, 7974, 87957, 31618, 15302, 46288, 41529, 54402, 51898, 8904, 68466, 16655, 33307, 87657, 62302, 99805, 94712, 27432, 6792, 318, 28470, 61849, 26074, 24481, 33234, 11701, 90978, 8418, 34547, 73073, 14229, 92931, 45528, 46305, 58234, 95428, 52910, 64691, 89529, 6125, 95529, 23717, 34258, 15039, 26343, 25322, 18533, 87153, 22501, 24377, 93511, 91108, 66007, 60481, 95208, 62676, 92031, 61249, 21040, 27224, 8088, 84181, 33593, 86548, 72607, 12800, 5611, 73844, 6692, 65230, 36526, 2469, 35635, 48449, 14719, 78189, 85243, 55844, 24071, 23788, 78878, 22883, 30166, 25797, 10713, 24202, 63862, 69116, 6614, 65627, 74821, 9118, 52050, 1045, 85212, 62012, 89898, 79364, 88858, 96964, 35830, 60888, 26734, 88556, 30404, 7619, 80278, 68622, 93232, 34306, 31485, 56275, 18665, 75621, 64839, 93770, 28199, 22239, 59130, 77628, 99168, 70420, 75781, 62501, 671, 82149, 26309, 8026, 6187, 34342, 77941, 96327, 7003, 65713, 2941, 26673, 45799, 5550, 98918, 65458, 56546, 58743, 93533, 64790, 30347, 32662, 73325, 77970, 21733, 35559, 73040, 79043, 59441, 82022, 37637, 7661, 94041, 96708, 7898, 70255, 89025, 83488, 90561, 63581, 77717, 74197, 27575, 58299, 53110, 73807, 71575, 26219, 35022, 49263, 13153, 34531, 51399, 44165, 26477, 4658, 89217, 10088, 77375, 38696, 57234, 69828, 27880, 19969, 12884, 48301, 32382, 79158, 72530, 2303, 28606, 30300, 17727, 74408, 82473, 74031, 47501, 28349, 67701, 75802, 89880, 6847, 37677, 42094, 59098, 33292, 25396, 1653, 33802, 37033, 82988, 18807, 34788, 32442, 21412, 79504, 70667, 67140, 188, 92567, 14712, 41955, 83231, 16604, 44261, 9248, 17311, 28714, 91679, 32487, 26287, 45537, 96338, 4907, 91004, 40305, 38855, 30113, 31802, 90368, 29632, 22399, 27504, 74924, 64570, 3170, 73381, 73608, 82107, 55004, 28453, 81413, 83401, 86827, 3755, 19280, 39809, 58531, 69352, 77285, 75236, 65692, 7596, 96792, 61193, 32718, 15171, 87988, 30166, 54746, 77236, 17432, 95331, 38981, 88240, 38898, 32172, 79555, 11740, 12372, 21314, 35314, 93047, 42158, 12888, 45757, 12444, 53196, 24354, 10754, 11298, 51034, 29460, 54561, 63362, 63137, 80288, 88200, 90124, 34341, 79738, 29507, 1371, 45727, 33233, 20038, 80414, 21940, 30707, 90006, 24595, 36850, 16424, 43356, 57374, 16541, 37502, 37384, 44186, 1581, 55147, 81574, 36342, 34700, 77319, 28025, 42804, 70814, 97334, 63170, 45671, 92728, 50865, 61805, 79230, 95797, 79382, 69832, 39248, 70970, 62614, 68180, 36578, 66699, 90803, 28447, 48009, 97357, 19944, 60879, 16057, 92445, 75982, 37067, 41406, 92224, 10099, 38077, 10238, 68458, 6537, 63778, 57556, 62039, 11823, 13270, 39382, 5448, 99101, 892, 8806, 21031, 7912, 86405, 50251, 88331, 79170, 19276, 48689, 73426, 83963, 98871, 32530, 19826, 24930, 70628, 89666, 23784, 22342, 79694, 80437, 28733, 99765, 7735, 65443, 39629, 65691, 45234, 52942, 70165, 64742, 7593, 35389, 38346, 53370, 1486, 63745, 59201, 84112, 82078, 59842, 55744, 6361, 15079, 910, 53287, 86305, 5582, 34924, 69056, 67927, 31852, 80811, 3497, 24763, 76576, 6447, 51921, 24582, 67902, 99777, 99703, 83341, 49007, 99280, 24090, 6799, 52732, 30031, 47977, 87252, 5024, 40270, 25148, 18576, 16321, 73258, 96568, 50330, 93058, 53931, 82548, 70345, 30377, 16363, 46283, 71917, 19219, 34599, 59905, 76185, 99134, 52728, 85779, 32717, 4809, 23223, 7767, 36688, 17927, 33222, 5461, 58987, 99150, 82453, 68878, 27439, 92942, 79331, 71474, 34897, 35197, 84658, 51810, 88051, 90117, 15640, 25537, 1192, 5758, 16919, 16570, 54940, 71350, 57863, 28374, 25430, 96910, 25138, 30623, 84961, 23541, 35862, 94330, 34467, 45322, 3068, 32691, 19717, 72709, 77504, 12874, 8035, 4199, 32629, 29326, 50091, 4290, 69037, 67868, 4858, 18189, 81289, 10537, 34484, 97761, 36705, 52886, 29677, 92414, 65300, 4493, 83991, 25685, 6104, 23112, 72137, 96757, 13483, 18308, 221, 14358, 49795, 76044, 65013, 87872, 95304, 14399, 812, 64706, 60775, 65656, 55460, 64130, 33001, 14835, 17431, 45023, 79744, 46149, 17211, 1932, 89664, 35867, 75834, 45835, 33920, 51887, 56077, 57612, 3201, 66246, 43129, 72962, 59486, 41799, 36083, 78794, 55644, 16064, 47916, 43687, 87424, 99482, 17585, 78994, 36067, 56930, 68493, 83129, 64732, 86546, 74055, 94524, 52064, 83683, 31321, 53390, 89787, 97909, 96890, 42138, 43171, 63419, 72477, 642, 72325, 14142, 88837, 64298, 53853, 33912, 90976, 51351, 53580, 44520, 1115, 7377, 51291, 91564, 16199, 86922, 17805, 85895, 43694, 18547, 43604, 34423, 97118, 34445, 84791, 71375, 31055, 9941, 27422, 27295, 25492, 21731, 54058, 56103, 74702, 88389, 39787, 83292, 56321, 80058, 48446, 90534, 99020, 53183, 57349, 5351, 62399, 11726, 72703, 23079, 88458, 14886, 42115, 37381, 53447, 80416, 75451, 17441, 22787, 25968, 37997, 43457, 70409, 3144, 30291, 27680, 46416, 33566, 93834, 69479, 8313, 69016, 56653]})"
32.0,9,38,86,41.9415168762207,210,"Genotype(dna={""<class 'abc.NT_0014'>"": [0, 9891], ""<class 'abc.NT_0014_P_00000'>"": [], ""<class 'abc.NT_0003'>"": [], ""<class 'abc.NT_0003_P_00000'>"": [], ""<class 'bool'>"": [34892, 53838, 93055, 22069, 78539, 27596, 11504, 95280, 56278, 13913, 91591, 97012, 50516, 84139, 91601, 80048, 36855, 76229, 96396, 90534, 62399, 56318, 86613, 30291, 93834, 69479, 91703], ""<class 'abc.NT_0000'>"": [0, 2, 3, 0, 0, 66646, 24329, 0, 57112, 0, 0, 0, 96236, 19448, 3, 67907, 2, 0, 61061, 0, 47365, 65468, 40560, 0, 1, 35560, 2, 0, 2, 6530, 90460, 0, 0, 0, 1053, 51537, 23729, 3136, 21603, 1290, 82817, 25314, 57349, 5351, 72703, 23079, 41017, 74148, 17441, 6983, 25968, 74036, 43457, 70409, 70746], ""<class 'abc.NT_0000_P_00000'>"": [], ""<class 'int'>"": [11527, 89970, 57184, 94912, 12901, 2737, 25019, 94292, 7422, 84436, 79517, 92390, 83981, 41079, 54502, 66359, 45824, 66531, 20954, 87223, 18331, 85267, 30558, 83139, 26738, 4868, 77382, 79248, 84283, 30291, 69479, 56653, 51366, 23356, 63194, 54071, 7575, 38385], ""<class 'abc.NT_0000_P_00001'>"": [], ""<class 'abc.NT_0000_P_00002'>"": [], ""<class 'abc.NT_0000_P_00003'>"": [], ""<class 'abc.NT_0001'>"": [1, 99233, 59169, 80416, 13326, 80335, 56653], ""<class 'abc.NT_0001_P_00000'>"": [], ""<class 'abc.NT_0001_P_00001'>"": [], ""<class 'abc.NT_0001_P_00002'>"": [], ""<class 'abc.NT_0001_P_00003'>"": [], ""<class 'abc.NT_0001_P_00004'>"": [], ""<class 'abc.NT_0001_P_00005'>"": [], ""<class 'abc.NT_0001_P_00006'>"": [], ""<class 'abc.NT_0003_P_00001'>"": [], ""<class 'abc.NT_0002'>"": [0, 63043], ""<class 'abc.NT_0002_P_00000'>"": [], ""<class 'abc.NT_0002_P_00001'>"": [], ""<class 'abc.NT_0002_P_00002'>"": [], ""<class 'abc.NT_0002_P_00003'>"": [], ""<class 'abc.NT_0004'>"": [], ""<class 'abc.NT_0004_P_00000'>"": [], ""<class 'abc.NT_0014_P_00001'>"": [], ""<class 'abc.NT_0013'>"": [31174, 87753, 70326], ""<class 'abc.NT_0013_P_00000'>"": [], ""<class 'abc.NT_0011'>"": [1, 98607], ""<class 'abc.NT_0011_P_00000'>"": [], ""<class 'abc.NT_0011_P_00001'>"": [], ""<class 'abc.NT_0008'>"": [56358, 25492], ""<class 'abc.NT_0008_P_00000'>"": [], ""<class 'abc.NT_0005'>"": [65439, 70998], ""<class 'abc.NT_0005_P_00000'>"": [], ""<class 'abc.NT_0005_P_00001'>"": [], ""<class 'abc.NT_0007'>"": [63976, 27295], ""<class 'abc.NT_0007_P_00000'>"": [], ""<class 'abc.NT_0006'>"": [51447, 91312], ""<class 'abc.NT_0006_P_00000'>"": [], ""<class 'abc.NT_0006_P_00001'>"": [], ""<class 'abc.NT_0007_P_00001'>"": [], ""<class 'abc.NT_0007_P_00002'>"": [], ""<class 'abc.NT_0007_P_00003'>"": [], ""<class 'abc.NT_0008_P_00001'>"": [], ""<class 'abc.NT_0009'>"": [8, 58070, 39787], ""<class 'abc.NT_0009_P_00000'>"": [], ""<class 'abc.NT_0009_P_00001'>"": [], ""<class 'abc.NT_0009_P_00002'>"": [], ""<class 'abc.NT_0009_P_00003'>"": [], ""<class 'abc.NT_0009_P_00004'>"": [], ""<class 'abc.NT_0009_P_00005'>"": [], ""<class 'abc.NT_0009_P_00006'>"": [], ""<class 'abc.NT_0009_P_00007'>"": [], ""<class 'abc.NT_0009_P_00008'>"": [], ""<class 'abc.NT_0011_P_00002'>"": [], ""<class 'abc.NT_0010'>"": [53447, 75927], ""<class 'abc.NT_0010_P_00000'>"": [], ""<class 'abc.NT_0010_P_00001'>"": [], ""<class 'abc.NT_0010_P_00002'>"": [], ""<class 'abc.NT_0010_P_00003'>"": [], ""<class 'abc.NT_0010_P_00004'>"": [], ""<class 'abc.NT_0010_P_00005'>"": [], ""<class 'abc.NT_0011_P_00003'>"": [], ""<class 'abc.NT_0011_P_00004'>"": [], ""<class 'abc.NT_0011_P_00005'>"": [], ""<class 'abc.NT_0011_P_00006'>"": [], ""<class 'abc.NT_0011_P_00007'>"": [], ""<class 'abc.NT_0011_P_00008'>"": [], ""<class 'abc.NT_0011_P_00009'>"": [], ""<class 'abc.NT_0014_P_00002'>"": [], ""<class 'abc.NT_0014_P_00003'>"": [], ""<class 'abc.NT_0014_P_00004'>"": [], '$leftovers': [612, 51366, 29977, 7941, 62781, 93978, 48081, 63396, 57279, 63194, 37786, 54499, 54071, 7255, 805, 91855, 9788, 55863, 13874, 90931, 38385, 43619, 36227, 61359, 25033, 26828, 94952, 78514, 81573, 7035, 57599, 63649, 37284, 79243, 23816, 36097, 45176, 45221, 21659, 73410, 77378, 61609, 53485, 83091, 55364, 804, 37863, 62128, 64631, 84523, 68409, 46658, 59869, 22948, 53816, 17703, 86036, 23930, 54711, 27159, 47907, 22129, 19429, 11704, 67050, 80298, 69224, 57646, 14733, 44317, 85077, 74191, 78264, 27076, 89776, 5196, 46711, 95884, 100000, 42859, 92197, 62164, 34041, 96434, 9186, 84986, 23729, 32442, 9078, 30947, 10584, 90176, 39265, 2903, 26641, 17813, 64068, 47390, 53496, 84055, 91192, 43627, 10978, 20051, 63072, 17541, 52384, 82602, 2071, 73349, 76496, 93237, 90746, 94169, 1089, 1963, 87259, 78716, 97251, 74560, 92319, 88430, 30065, 35943, 26646, 58575, 20564, 68822, 1955, 11977, 701, 8879, 51642, 65013, 37021, 8254, 64968, 54544, 55206, 50487, 94823, 39401, 11005, 50507, 4078, 47520, 40046, 60171, 93652, 930, 40344, 61205, 60575, 32914, 87845, 18974, 88335, 23738, 9159, 67945, 35873, 79289, 92027, 47069, 50717, 19269, 86431, 12677, 1847, 82569, 10719, 49874, 57438, 74245, 9728, 35214, 60927, 50418, 3072, 33653, 84097, 10451, 10948, 43565, 35042, 52901, 60373, 71523, 99916, 21066, 31862, 7158, 61957, 29065, 73503, 77066, 90914, 2224, 23949, 58836, 36313, 52163, 15402, 95181, 97248, 72223, 64484, 31579, 7361, 13133, 8559, 5315, 12957, 97480, 15964, 47289, 18201, 64048, 38836, 23949, 65274, 81688, 15908, 97641, 68909, 88194, 58203, 54156, 17884, 17015, 98114, 85070, 44487, 35609, 43946, 13163, 68656, 46368, 64590, 40998, 4333, 23209, 48312, 91519, 45912, 95154, 82162, 65190, 2680, 41571, 50993, 530, 20715, 62325, 69130, 87411, 51896, 25041, 1061, 92007, 16083, 61009, 22448, 76926, 40530, 5740, 65551, 74307, 70243, 88860, 56449, 62236, 73737, 14864, 20769, 33438, 2720, 19958, 14224, 62871, 11924, 4195, 94579, 90772, 15850, 32394, 39534, 94217, 24432, 49736, 19142, 95031, 91556, 84878, 36003, 82744, 39005, 77560, 67854, 74174, 65238, 42610, 38442, 5045, 8394, 50169, 85223, 39318, 11999, 19698, 62218, 20982, 75579, 83921, 36322, 81232, 74890, 79155, 7974, 87957, 31618, 15302, 46288, 41529, 54402, 51898, 8904, 68466, 16655, 33307, 87657, 62302, 99805, 94712, 27432, 6792, 318, 28470, 61849, 26074, 24481, 33234, 11701, 90978, 8418, 34547, 73073, 14229, 92931, 45528, 46305, 58234, 95428, 52910, 64691, 89529, 6125, 95529, 23717, 34258, 15039, 26343, 25322, 18533, 87153, 22501, 24377, 93511, 91108, 66007, 60481, 95208, 62676, 92031, 61249, 21040, 27224, 8088, 84181, 33593, 86548, 72607, 12800, 5611, 73844, 6692, 65230, 36526, 2469, 35635, 48449, 14719, 78189, 85243, 55844, 24071, 23788, 78878, 22883, 30166, 25797, 10713, 24202, 63862, 69116, 6614, 65627, 74821, 9118, 52050, 1045, 85212, 62012, 89898, 79364, 88858, 96964, 35830, 60888, 26734, 88556, 30404, 7619, 80278, 68622, 93232, 34306, 31485, 56275, 18665, 75621, 64839, 93770, 28199, 22239, 59130, 77628, 99168, 70420, 75781, 62501, 671, 82149, 26309, 8026, 6187, 34342, 77941, 96327, 7003, 65713, 2941, 26673, 45799, 5550, 98918, 65458, 56546, 58743, 93533, 64790, 30347, 32662, 73325, 77970, 21733, 35559, 73040, 79043, 59441, 82022, 37637, 7661, 94041, 96708, 7898, 70255, 89025, 83488, 90561, 63581, 77717, 74197, 27575, 58299, 53110, 73807, 71575, 26219, 35022, 49263, 13153, 34531, 51399, 44165, 26477, 4658, 89217, 10088, 77375, 38696, 57234, 69828, 27880, 19969, 12884, 48301, 32382, 79158, 72530, 2303, 28606, 30300, 17727, 74408, 82473, 74031, 47501, 28349, 67701, 75802, 89880, 6847, 37677, 42094, 59098, 33292, 25396, 1653, 33802, 37033, 82988, 18807, 34788, 32442, 21412, 79504, 70667, 67140, 188, 92567, 14712, 41955, 83231, 16604, 44261, 9248, 17311, 28714, 91679, 32487, 26287, 45537, 96338, 4907, 91004, 40305, 38855, 30113, 31802, 90368, 29632, 22399, 27504, 74924, 64570, 3170, 73381, 73608, 82107, 55004, 28453, 81413, 83401, 86827, 3755, 19280, 39809, 58531, 69352, 77285, 75236, 65692, 7596, 96792, 61193, 32718, 15171, 87988, 30166, 54746, 77236, 17432, 95331, 38981, 88240, 38898, 32172, 79555, 11740, 12372, 21314, 35314, 93047, 42158, 12888, 45757, 12444, 53196, 24354, 10754, 11298, 51034, 29460, 54561, 63362, 63137, 80288, 88200, 90124, 34341, 79738, 29507, 1371, 45727, 33233, 20038, 80414, 21940, 30707, 90006, 24595, 36850, 16424, 43356, 57374, 16541, 37502, 37384, 44186, 1581, 55147, 81574, 36342, 34700, 77319, 28025, 42804, 70814, 97334, 63170, 45671, 92728, 50865, 61805, 79230, 95797, 79382, 69832, 39248, 70970, 62614, 68180, 36578, 66699, 90803, 28447, 48009, 97357, 19944, 60879, 16057, 92445, 75982, 37067, 41406, 92224, 10099, 38077, 10238, 68458, 6537, 63778, 57556, 62039, 11823, 13270, 39382, 5448, 99101, 892, 8806, 21031, 7912, 86405, 50251, 88331, 79170, 19276, 48689, 73426, 83963, 98871, 32530, 19826, 24930, 70628, 89666, 23784, 22342, 79694, 80437, 28733, 99765, 7735, 65443, 39629, 65691, 45234, 52942, 70165, 64742, 7593, 35389, 38346, 53370, 1486, 63745, 59201, 84112, 82078, 59842, 55744, 6361, 15079, 910, 53287, 86305, 5582, 34924, 69056, 67927, 31852, 80811, 3497, 24763, 76576, 6447, 51921, 24582, 67902, 99777, 99703, 83341, 49007, 99280, 24090, 6799, 52732, 30031, 47977, 87252, 5024, 40270, 25148, 18576, 16321, 73258, 96568, 50330, 93058, 53931, 82548, 70345, 30377, 16363, 46283, 71917, 19219, 34599, 59905, 76185, 99134, 52728, 85779, 32717, 4809, 23223, 7767, 36688, 17927, 33222, 5461, 58987, 99150, 82453, 68878, 27439, 92942, 79331, 71474, 34897, 35197, 84658, 51810, 88051, 90117, 15640, 25537, 1192, 5758, 16919, 16570, 54940, 71350, 57863, 28374, 25430, 96910, 25138, 30623, 84961, 23541, 35862, 94330, 34467, 45322, 3068, 32691, 19717, 72709, 77504, 12874, 8035, 4199, 32629, 29326, 50091, 4290, 69037, 67868, 4858, 18189, 81289, 10537, 34484, 97761, 36705, 52886, 29677, 92414, 65300, 4493, 83991, 25685, 6104, 23112, 72137, 96757, 13483, 18308, 221, 14358, 49795, 76044, 65013, 87872, 95304, 14399, 812, 64706, 60775, 65656, 55460, 64130, 33001, 14835, 17431, 45023, 79744, 46149, 17211, 1932, 89664, 35867, 75834, 45835, 33920, 51887, 56077, 57612, 3201, 66246, 43129, 72962, 59486, 41799, 36083, 78794, 55644, 16064, 47916, 43687, 87424, 99482, 17585, 78994, 36067, 56930, 68493, 83129, 64732, 86546, 74055, 94524, 52064, 83683, 31321, 53390, 89787, 97909, 96890, 42138, 43171, 63419, 72477, 642, 72325, 14142, 88837, 64298, 53853, 33912, 90976, 51351, 53580, 44520, 1115, 7377, 51291, 91564, 16199, 86922, 17805, 85895, 43694, 18547, 43604, 34423, 97118, 34445, 84791, 71375, 31055, 9941, 27422, 27295, 25492, 21731, 54058, 56103, 74702, 88389, 39787, 83292, 56321, 80058, 48446, 90534, 99020, 53183, 57349, 5351, 62399, 11726, 72703, 23079, 88458, 14886, 42115, 37381, 53447, 80416, 75451, 17441, 22787, 25968, 37997, 43457, 70409, 3144, 30291, 27680, 46416, 33566, 93834, 69479, 8313, 69016, 56653]})"
32.0,9,38,87,42.21714520454407,210,"Genotype(dna={""<class 'abc.NT_0014'>"": [0, 9891], ""<class 'abc.NT_0014_P_00000'>"": [], ""<class 'abc.NT_0003'>"": [], ""<class 'abc.NT_0003_P_00000'>"": [], ""<class 'bool'>"": [34892, 53838, 93055, 22069, 78539, 27596, 11504, 95280, 56278, 13913, 91591, 97012, 50516, 84139, 91601, 80048, 36855, 76229, 96396, 90534, 62399, 56318, 86613, 30291, 93834, 69479, 91703], ""<class 'abc.NT_0000'>"": [0, 2, 3, 0, 0, 66646, 24329, 0, 57112, 0, 0, 0, 96236, 19448, 3, 67907, 2, 0, 61061, 0, 47365, 65468, 40560, 0, 1, 35560, 2, 0, 2, 6530, 90460, 0, 0, 0, 1053, 51537, 23729, 3136, 21603, 1290, 82817, 25314, 57349, 5351, 72703, 23079, 41017, 74148, 17441, 6983, 25968, 74036, 43457, 70409, 70746], ""<class 'abc.NT_0000_P_00000'>"": [], ""<class 'int'>"": [11527, 89970, 57184, 94912, 12901, 2737, 25019, 94292, 7422, 84436, 79517, 92390, 83981, 41079, 54502, 66359, 45824, 66531, 20954, 87223, 18331, 85267, 30558, 83139, 26738, 4868, 77382, 79248, 84283, 30291, 69479, 56653, 51366, 23356, 63194, 54071, 7575, 38385], ""<class 'abc.NT_0000_P_00001'>"": [], ""<class 'abc.NT_0000_P_00002'>"": [], ""<class 'abc.NT_0000_P_00003'>"": [], ""<class 'abc.NT_0001'>"": [1, 99233, 59169, 80416, 13326, 80335, 56653], ""<class 'abc.NT_0001_P_00000'>"": [], ""<class 'abc.NT_0001_P_00001'>"": [], ""<class 'abc.NT_0001_P_00002'>"": [], ""<class 'abc.NT_0001_P_00003'>"": [], ""<class 'abc.NT_0001_P_00004'>"": [], ""<class 'abc.NT_0001_P_00005'>"": [], ""<class 'abc.NT_0001_P_00006'>"": [], ""<class 'abc.NT_0003_P_00001'>"": [], ""<class 'abc.NT_0002'>"": [0, 63043], ""<class 'abc.NT_0002_P_00000'>"": [], ""<class 'abc.NT_0002_P_00001'>"": [], ""<class 'abc.NT_0002_P_00002'>"": [], ""<class 'abc.NT_0002_P_00003'>"": [], ""<class 'abc.NT_0004'>"": [], ""<class 'abc.NT_0004_P_00000'>"": [], ""<class 'abc.NT_0014_P_00001'>"": [], ""<class 'abc.NT_0013'>"": [31174, 87753, 70326], ""<class 'abc.NT_0013_P_00000'>"": [], ""<class 'abc.NT_0011'>"": [1, 98607], ""<class 'abc.NT_0011_P_00000'>"": [], ""<class 'abc.NT_0011_P_00001'>"": [], ""<class 'abc.NT_0008'>"": [56358, 25492], ""<class 'abc.NT_0008_P_00000'>"": [], ""<class 'abc.NT_0005'>"": [65439, 70998], ""<class 'abc.NT_0005_P_00000'>"": [], ""<class 'abc.NT_0005_P_00001'>"": [], ""<class 'abc.NT_0007'>"": [63976, 27295], ""<class 'abc.NT_0007_P_00000'>"": [], ""<class 'abc.NT_0006'>"": [51447, 91312], ""<class 'abc.NT_0006_P_00000'>"": [], ""<class 'abc.NT_0006_P_00001'>"": [], ""<class 'abc.NT_0007_P_00001'>"": [], ""<class 'abc.NT_0007_P_00002'>"": [], ""<class 'abc.NT_0007_P_00003'>"": [], ""<class 'abc.NT_0008_P_00001'>"": [], ""<class 'abc.NT_0009'>"": [8, 58070, 39787], ""<class 'abc.NT_0009_P_00000'>"": [], ""<class 'abc.NT_0009_P_00001'>"": [], ""<class 'abc.NT_0009_P_00002'>"": [], ""<class 'abc.NT_0009_P_00003'>"": [], ""<class 'abc.NT_0009_P_00004'>"": [], ""<class 'abc.NT_0009_P_00005'>"": [], ""<class 'abc.NT_0009_P_00006'>"": [], ""<class 'abc.NT_0009_P_00007'>"": [], ""<class 'abc.NT_0009_P_00008'>"": [], ""<class 'abc.NT_0011_P_00002'>"": [], ""<class 'abc.NT_0010'>"": [53447, 75927], ""<class 'abc.NT_0010_P_00000'>"": [], ""<class 'abc.NT_0010_P_00001'>"": [], ""<class 'abc.NT_0010_P_00002'>"": [], ""<class 'abc.NT_0010_P_00003'>"": [], ""<class 'abc.NT_0010_P_00004'>"": [], ""<class 'abc.NT_0010_P_00005'>"": [], ""<class 'abc.NT_0011_P_00003'>"": [], ""<class 'abc.NT_0011_P_00004'>"": [], ""<class 'abc.NT_0011_P_00005'>"": [], ""<class 'abc.NT_0011_P_00006'>"": [], ""<class 'abc.NT_0011_P_00007'>"": [], ""<class 'abc.NT_0011_P_00008'>"": [], ""<class 'abc.NT_0011_P_00009'>"": [], ""<class 'abc.NT_0014_P_00002'>"": [], ""<class 'abc.NT_0014_P_00003'>"": [], ""<class 'abc.NT_0014_P_00004'>"": [], '$leftovers': [612, 51366, 29977, 7941, 62781, 93978, 48081, 63396, 57279, 63194, 37786, 54499, 54071, 7255, 805, 91855, 9788, 55863, 13874, 90931, 38385, 43619, 36227, 61359, 25033, 26828, 94952, 78514, 81573, 7035, 57599, 63649, 37284, 79243, 23816, 36097, 45176, 45221, 21659, 73410, 77378, 61609, 53485, 83091, 55364, 804, 37863, 62128, 64631, 84523, 68409, 46658, 59869, 22948, 53816, 17703, 86036, 23930, 54711, 27159, 47907, 22129, 19429, 11704, 67050, 80298, 69224, 57646, 14733, 44317, 85077, 74191, 78264, 27076, 89776, 5196, 46711, 95884, 100000, 42859, 92197, 62164, 34041, 96434, 9186, 84986, 23729, 32442, 9078, 30947, 10584, 90176, 39265, 2903, 26641, 17813, 64068, 47390, 53496, 84055, 91192, 43627, 10978, 20051, 63072, 17541, 52384, 82602, 2071, 73349, 76496, 93237, 90746, 94169, 1089, 1963, 87259, 78716, 97251, 74560, 92319, 88430, 30065, 35943, 26646, 58575, 20564, 68822, 1955, 11977, 701, 8879, 51642, 65013, 37021, 8254, 64968, 54544, 55206, 50487, 94823, 39401, 11005, 50507, 4078, 47520, 40046, 60171, 93652, 930, 40344, 61205, 60575, 32914, 87845, 18974, 88335, 23738, 9159, 67945, 35873, 79289, 92027, 47069, 50717, 19269, 86431, 12677, 1847, 82569, 10719, 49874, 57438, 74245, 9728, 35214, 60927, 50418, 3072, 33653, 84097, 10451, 10948, 43565, 35042, 52901, 60373, 71523, 99916, 21066, 31862, 7158, 61957, 29065, 73503, 77066, 90914, 2224, 23949, 58836, 36313, 52163, 15402, 95181, 97248, 72223, 64484, 31579, 7361, 13133, 8559, 5315, 12957, 97480, 15964, 47289, 18201, 64048, 38836, 23949, 65274, 81688, 15908, 97641, 68909, 88194, 58203, 54156, 17884, 17015, 98114, 85070, 44487, 35609, 43946, 13163, 68656, 46368, 64590, 40998, 4333, 23209, 48312, 91519, 45912, 95154, 82162, 65190, 2680, 41571, 50993, 530, 20715, 62325, 69130, 87411, 51896, 25041, 1061, 92007, 16083, 61009, 22448, 76926, 40530, 5740, 65551, 74307, 70243, 88860, 56449, 62236, 73737, 14864, 20769, 33438, 2720, 19958, 14224, 62871, 11924, 4195, 94579, 90772, 15850, 32394, 39534, 94217, 24432, 49736, 19142, 95031, 91556, 84878, 36003, 82744, 39005, 77560, 67854, 74174, 65238, 42610, 38442, 5045, 8394, 50169, 85223, 39318, 11999, 19698, 62218, 20982, 75579, 83921, 36322, 81232, 74890, 79155, 7974, 87957, 31618, 15302, 46288, 41529, 54402, 51898, 8904, 68466, 16655, 33307, 87657, 62302, 99805, 94712, 27432, 6792, 318, 28470, 61849, 26074, 24481, 33234, 11701, 90978, 8418, 34547, 73073, 14229, 92931, 45528, 46305, 58234, 95428, 52910, 64691, 89529, 6125, 95529, 23717, 34258, 15039, 26343, 25322, 18533, 87153, 22501, 24377, 93511, 91108, 66007, 60481, 95208, 62676, 92031, 61249, 21040, 27224, 8088, 84181, 33593, 86548, 72607, 12800, 5611, 73844, 6692, 65230, 36526, 2469, 35635, 48449, 14719, 78189, 85243, 55844, 24071, 23788, 78878, 22883, 30166, 25797, 10713, 24202, 63862, 69116, 6614, 65627, 74821, 9118, 52050, 1045, 85212, 62012, 89898, 79364, 88858, 96964, 35830, 60888, 26734, 88556, 30404, 7619, 80278, 68622, 93232, 34306, 31485, 56275, 18665, 75621, 64839, 93770, 28199, 22239, 59130, 77628, 99168, 70420, 75781, 62501, 671, 82149, 26309, 8026, 6187, 34342, 77941, 96327, 7003, 65713, 2941, 26673, 45799, 5550, 98918, 65458, 56546, 58743, 93533, 64790, 30347, 32662, 73325, 77970, 21733, 35559, 73040, 79043, 59441, 82022, 37637, 7661, 94041, 96708, 7898, 70255, 89025, 83488, 90561, 63581, 77717, 74197, 27575, 58299, 53110, 73807, 71575, 26219, 35022, 49263, 13153, 34531, 51399, 44165, 26477, 4658, 89217, 10088, 77375, 38696, 57234, 69828, 27880, 19969, 12884, 48301, 32382, 79158, 72530, 2303, 28606, 30300, 17727, 74408, 82473, 74031, 47501, 28349, 67701, 75802, 89880, 6847, 37677, 42094, 59098, 33292, 25396, 1653, 33802, 37033, 82988, 18807, 34788, 32442, 21412, 79504, 70667, 67140, 188, 92567, 14712, 41955, 83231, 16604, 44261, 9248, 17311, 28714, 91679, 32487, 26287, 45537, 96338, 4907, 91004, 40305, 38855, 30113, 31802, 90368, 29632, 22399, 27504, 74924, 64570, 3170, 73381, 73608, 82107, 55004, 28453, 81413, 83401, 86827, 3755, 19280, 39809, 58531, 69352, 77285, 75236, 65692, 7596, 96792, 61193, 32718, 15171, 87988, 30166, 54746, 77236, 17432, 95331, 38981, 88240, 38898, 32172, 79555, 11740, 12372, 21314, 35314, 93047, 42158, 12888, 45757, 12444, 53196, 24354, 10754, 11298, 51034, 29460, 54561, 63362, 63137, 80288, 88200, 90124, 34341, 79738, 29507, 1371, 45727, 33233, 20038, 80414, 21940, 30707, 90006, 24595, 36850, 16424, 43356, 57374, 16541, 37502, 37384, 44186, 1581, 55147, 81574, 36342, 34700, 77319, 28025, 42804, 70814, 97334, 63170, 45671, 92728, 50865, 61805, 79230, 95797, 79382, 69832, 39248, 70970, 62614, 68180, 36578, 66699, 90803, 28447, 48009, 97357, 19944, 60879, 16057, 92445, 75982, 37067, 41406, 92224, 10099, 38077, 10238, 68458, 6537, 63778, 57556, 62039, 11823, 13270, 39382, 5448, 99101, 892, 8806, 21031, 7912, 86405, 50251, 88331, 79170, 19276, 48689, 73426, 83963, 98871, 32530, 19826, 24930, 70628, 89666, 23784, 22342, 79694, 80437, 28733, 99765, 7735, 65443, 39629, 65691, 45234, 52942, 70165, 64742, 7593, 35389, 38346, 53370, 1486, 63745, 59201, 84112, 82078, 59842, 55744, 6361, 15079, 910, 53287, 86305, 5582, 34924, 69056, 67927, 31852, 80811, 3497, 24763, 76576, 6447, 51921, 24582, 67902, 99777, 99703, 83341, 49007, 99280, 24090, 6799, 52732, 30031, 47977, 87252, 5024, 40270, 25148, 18576, 16321, 73258, 96568, 50330, 93058, 53931, 82548, 70345, 30377, 16363, 46283, 71917, 19219, 34599, 59905, 76185, 99134, 52728, 85779, 32717, 4809, 23223, 7767, 36688, 17927, 33222, 5461, 58987, 99150, 82453, 68878, 27439, 92942, 79331, 71474, 34897, 35197, 84658, 51810, 88051, 90117, 15640, 25537, 1192, 5758, 16919, 16570, 54940, 71350, 57863, 28374, 25430, 96910, 25138, 30623, 84961, 23541, 35862, 94330, 34467, 45322, 3068, 32691, 19717, 72709, 77504, 12874, 8035, 4199, 32629, 29326, 50091, 4290, 69037, 67868, 4858, 18189, 81289, 10537, 34484, 97761, 36705, 52886, 29677, 92414, 65300, 4493, 83991, 25685, 6104, 23112, 72137, 96757, 13483, 18308, 221, 14358, 49795, 76044, 65013, 87872, 95304, 14399, 812, 64706, 60775, 65656, 55460, 64130, 33001, 14835, 17431, 45023, 79744, 46149, 17211, 1932, 89664, 35867, 75834, 45835, 33920, 51887, 56077, 57612, 3201, 66246, 43129, 72962, 59486, 41799, 36083, 78794, 55644, 16064, 47916, 43687, 87424, 99482, 17585, 78994, 36067, 56930, 68493, 83129, 64732, 86546, 74055, 94524, 52064, 83683, 31321, 53390, 89787, 97909, 96890, 42138, 43171, 63419, 72477, 642, 72325, 14142, 88837, 64298, 53853, 33912, 90976, 51351, 53580, 44520, 1115, 7377, 51291, 91564, 16199, 86922, 17805, 85895, 43694, 18547, 43604, 34423, 97118, 34445, 84791, 71375, 31055, 9941, 27422, 27295, 25492, 21731, 54058, 56103, 74702, 88389, 39787, 83292, 56321, 80058, 48446, 90534, 99020, 53183, 57349, 5351, 62399, 11726, 72703, 23079, 88458, 14886, 42115, 37381, 53447, 80416, 75451, 17441, 22787, 25968, 37997, 43457, 70409, 3144, 30291, 27680, 46416, 33566, 93834, 69479, 8313, 69016, 56653]})"
32.0,9,38,88,42.49496793746948,210,"Genotype(dna={""<class 'abc.NT_0014'>"": [0, 9891], ""<class 'abc.NT_0014_P_00000'>"": [], ""<class 'abc.NT_0003'>"": [], ""<class 'abc.NT_0003_P_00000'>"": [], ""<class 'bool'>"": [34892, 53838, 93055, 22069, 78539, 27596, 11504, 95280, 56278, 13913, 91591, 97012, 50516, 84139, 91601, 80048, 36855, 76229, 96396, 90534, 62399, 56318, 86613, 30291, 93834, 69479, 91703], ""<class 'abc.NT_0000'>"": [0, 2, 3, 0, 0, 66646, 24329, 0, 57112, 0, 0, 0, 96236, 19448, 3, 67907, 2, 0, 61061, 0, 47365, 65468, 40560, 0, 1, 35560, 2, 0, 2, 6530, 90460, 0, 0, 0, 1053, 51537, 23729, 3136, 21603, 1290, 82817, 25314, 57349, 5351, 72703, 23079, 41017, 74148, 17441, 6983, 25968, 74036, 43457, 70409, 70746], ""<class 'abc.NT_0000_P_00000'>"": [], ""<class 'int'>"": [11527, 89970, 57184, 94912, 12901, 2737, 25019, 94292, 7422, 84436, 79517, 92390, 83981, 41079, 54502, 66359, 45824, 66531, 20954, 87223, 18331, 85267, 30558, 83139, 26738, 4868, 77382, 79248, 84283, 30291, 69479, 56653, 51366, 23356, 63194, 54071, 7575, 38385], ""<class 'abc.NT_0000_P_00001'>"": [], ""<class 'abc.NT_0000_P_00002'>"": [], ""<class 'abc.NT_0000_P_00003'>"": [], ""<class 'abc.NT_0001'>"": [1, 99233, 59169, 80416, 13326, 80335, 56653], ""<class 'abc.NT_0001_P_00000'>"": [], ""<class 'abc.NT_0001_P_00001'>"": [], ""<class 'abc.NT_0001_P_00002'>"": [], ""<class 'abc.NT_0001_P_00003'>"": [], ""<class 'abc.NT_0001_P_00004'>"": [], ""<class 'abc.NT_0001_P_00005'>"": [], ""<class 'abc.NT_0001_P_00006'>"": [], ""<class 'abc.NT_0003_P_00001'>"": [], ""<class 'abc.NT_0002'>"": [0, 63043], ""<class 'abc.NT_0002_P_00000'>"": [], ""<class 'abc.NT_0002_P_00001'>"": [], ""<class 'abc.NT_0002_P_00002'>"": [], ""<class 'abc.NT_0002_P_00003'>"": [], ""<class 'abc.NT_0004'>"": [], ""<class 'abc.NT_0004_P_00000'>"": [], ""<class 'abc.NT_0014_P_00001'>"": [], ""<class 'abc.NT_0013'>"": [31174, 87753, 70326], ""<class 'abc.NT_0013_P_00000'>"": [], ""<class 'abc.NT_0011'>"": [1, 98607], ""<class 'abc.NT_0011_P_00000'>"": [], ""<class 'abc.NT_0011_P_00001'>"": [], ""<class 'abc.NT_0008'>"": [56358, 25492], ""<class 'abc.NT_0008_P_00000'>"": [], ""<class 'abc.NT_0005'>"": [65439, 70998], ""<class 'abc.NT_0005_P_00000'>"": [], ""<class 'abc.NT_0005_P_00001'>"": [], ""<class 'abc.NT_0007'>"": [63976, 27295], ""<class 'abc.NT_0007_P_00000'>"": [], ""<class 'abc.NT_0006'>"": [51447, 91312], ""<class 'abc.NT_0006_P_00000'>"": [], ""<class 'abc.NT_0006_P_00001'>"": [], ""<class 'abc.NT_0007_P_00001'>"": [], ""<class 'abc.NT_0007_P_00002'>"": [], ""<class 'abc.NT_0007_P_00003'>"": [], ""<class 'abc.NT_0008_P_00001'>"": [], ""<class 'abc.NT_0009'>"": [8, 58070, 39787], ""<class 'abc.NT_0009_P_00000'>"": [], ""<class 'abc.NT_0009_P_00001'>"": [], ""<class 'abc.NT_0009_P_00002'>"": [], ""<class 'abc.NT_0009_P_00003'>"": [], ""<class 'abc.NT_0009_P_00004'>"": [], ""<class 'abc.NT_0009_P_00005'>"": [], ""<class 'abc.NT_0009_P_00006'>"": [], ""<class 'abc.NT_0009_P_00007'>"": [], ""<class 'abc.NT_0009_P_00008'>"": [], ""<class 'abc.NT_0011_P_00002'>"": [], ""<class 'abc.NT_0010'>"": [53447, 75927], ""<class 'abc.NT_0010_P_00000'>"": [], ""<class 'abc.NT_0010_P_00001'>"": [], ""<class 'abc.NT_0010_P_00002'>"": [], ""<class 'abc.NT_0010_P_00003'>"": [], ""<class 'abc.NT_0010_P_00004'>"": [], ""<class 'abc.NT_0010_P_00005'>"": [], ""<class 'abc.NT_0011_P_00003'>"": [], ""<class 'abc.NT_0011_P_00004'>"": [], ""<class 'abc.NT_0011_P_00005'>"": [], ""<class 'abc.NT_0011_P_00006'>"": [], ""<class 'abc.NT_0011_P_00007'>"": [], ""<class 'abc.NT_0011_P_00008'>"": [], ""<class 'abc.NT_0011_P_00009'>"": [], ""<class 'abc.NT_0014_P_00002'>"": [], ""<class 'abc.NT_0014_P_00003'>"": [], ""<class 'abc.NT_0014_P_00004'>"": [], '$leftovers': [612, 51366, 29977, 7941, 62781, 93978, 48081, 63396, 57279, 63194, 37786, 54499, 54071, 7255, 805, 91855, 9788, 55863, 13874, 90931, 38385, 43619, 36227, 61359, 25033, 26828, 94952, 78514, 81573, 7035, 57599, 63649, 37284, 79243, 23816, 36097, 45176, 45221, 21659, 73410, 77378, 61609, 53485, 83091, 55364, 804, 37863, 62128, 64631, 84523, 68409, 46658, 59869, 22948, 53816, 17703, 86036, 23930, 54711, 27159, 47907, 22129, 19429, 11704, 67050, 80298, 69224, 57646, 14733, 44317, 85077, 74191, 78264, 27076, 89776, 5196, 46711, 95884, 100000, 42859, 92197, 62164, 34041, 96434, 9186, 84986, 23729, 32442, 9078, 30947, 10584, 90176, 39265, 2903, 26641, 17813, 64068, 47390, 53496, 84055, 91192, 43627, 10978, 20051, 63072, 17541, 52384, 82602, 2071, 73349, 76496, 93237, 90746, 94169, 1089, 1963, 87259, 78716, 97251, 74560, 92319, 88430, 30065, 35943, 26646, 58575, 20564, 68822, 1955, 11977, 701, 8879, 51642, 65013, 37021, 8254, 64968, 54544, 55206, 50487, 94823, 39401, 11005, 50507, 4078, 47520, 40046, 60171, 93652, 930, 40344, 61205, 60575, 32914, 87845, 18974, 88335, 23738, 9159, 67945, 35873, 79289, 92027, 47069, 50717, 19269, 86431, 12677, 1847, 82569, 10719, 49874, 57438, 74245, 9728, 35214, 60927, 50418, 3072, 33653, 84097, 10451, 10948, 43565, 35042, 52901, 60373, 71523, 99916, 21066, 31862, 7158, 61957, 29065, 73503, 77066, 90914, 2224, 23949, 58836, 36313, 52163, 15402, 95181, 97248, 72223, 64484, 31579, 7361, 13133, 8559, 5315, 12957, 97480, 15964, 47289, 18201, 64048, 38836, 23949, 65274, 81688, 15908, 97641, 68909, 88194, 58203, 54156, 17884, 17015, 98114, 85070, 44487, 35609, 43946, 13163, 68656, 46368, 64590, 40998, 4333, 23209, 48312, 91519, 45912, 95154, 82162, 65190, 2680, 41571, 50993, 530, 20715, 62325, 69130, 87411, 51896, 25041, 1061, 92007, 16083, 61009, 22448, 76926, 40530, 5740, 65551, 74307, 70243, 88860, 56449, 62236, 73737, 14864, 20769, 33438, 2720, 19958, 14224, 62871, 11924, 4195, 94579, 90772, 15850, 32394, 39534, 94217, 24432, 49736, 19142, 95031, 91556, 84878, 36003, 82744, 39005, 77560, 67854, 74174, 65238, 42610, 38442, 5045, 8394, 50169, 85223, 39318, 11999, 19698, 62218, 20982, 75579, 83921, 36322, 81232, 74890, 79155, 7974, 87957, 31618, 15302, 46288, 41529, 54402, 51898, 8904, 68466, 16655, 33307, 87657, 62302, 99805, 94712, 27432, 6792, 318, 28470, 61849, 26074, 24481, 33234, 11701, 90978, 8418, 34547, 73073, 14229, 92931, 45528, 46305, 58234, 95428, 52910, 64691, 89529, 6125, 95529, 23717, 34258, 15039, 26343, 25322, 18533, 87153, 22501, 24377, 93511, 91108, 66007, 60481, 95208, 62676, 92031, 61249, 21040, 27224, 8088, 84181, 33593, 86548, 72607, 12800, 5611, 73844, 6692, 65230, 36526, 2469, 35635, 48449, 14719, 78189, 85243, 55844, 24071, 23788, 78878, 22883, 30166, 25797, 10713, 24202, 63862, 69116, 6614, 65627, 74821, 9118, 52050, 1045, 85212, 62012, 89898, 79364, 88858, 96964, 35830, 60888, 26734, 88556, 30404, 7619, 80278, 68622, 93232, 34306, 31485, 56275, 18665, 75621, 64839, 93770, 28199, 22239, 59130, 77628, 99168, 70420, 75781, 62501, 671, 82149, 26309, 8026, 6187, 34342, 77941, 96327, 7003, 65713, 2941, 26673, 45799, 5550, 98918, 65458, 56546, 58743, 93533, 64790, 30347, 32662, 73325, 77970, 21733, 35559, 73040, 79043, 59441, 82022, 37637, 7661, 94041, 96708, 7898, 70255, 89025, 83488, 90561, 63581, 77717, 74197, 27575, 58299, 53110, 73807, 71575, 26219, 35022, 49263, 13153, 34531, 51399, 44165, 26477, 4658, 89217, 10088, 77375, 38696, 57234, 69828, 27880, 19969, 12884, 48301, 32382, 79158, 72530, 2303, 28606, 30300, 17727, 74408, 82473, 74031, 47501, 28349, 67701, 75802, 89880, 6847, 37677, 42094, 59098, 33292, 25396, 1653, 33802, 37033, 82988, 18807, 34788, 32442, 21412, 79504, 70667, 67140, 188, 92567, 14712, 41955, 83231, 16604, 44261, 9248, 17311, 28714, 91679, 32487, 26287, 45537, 96338, 4907, 91004, 40305, 38855, 30113, 31802, 90368, 29632, 22399, 27504, 74924, 64570, 3170, 73381, 73608, 82107, 55004, 28453, 81413, 83401, 86827, 3755, 19280, 39809, 58531, 69352, 77285, 75236, 65692, 7596, 96792, 61193, 32718, 15171, 87988, 30166, 54746, 77236, 17432, 95331, 38981, 88240, 38898, 32172, 79555, 11740, 12372, 21314, 35314, 93047, 42158, 12888, 45757, 12444, 53196, 24354, 10754, 11298, 51034, 29460, 54561, 63362, 63137, 80288, 88200, 90124, 34341, 79738, 29507, 1371, 45727, 33233, 20038, 80414, 21940, 30707, 90006, 24595, 36850, 16424, 43356, 57374, 16541, 37502, 37384, 44186, 1581, 55147, 81574, 36342, 34700, 77319, 28025, 42804, 70814, 97334, 63170, 45671, 92728, 50865, 61805, 79230, 95797, 79382, 69832, 39248, 70970, 62614, 68180, 36578, 66699, 90803, 28447, 48009, 97357, 19944, 60879, 16057, 92445, 75982, 37067, 41406, 92224, 10099, 38077, 10238, 68458, 6537, 63778, 57556, 62039, 11823, 13270, 39382, 5448, 99101, 892, 8806, 21031, 7912, 86405, 50251, 88331, 79170, 19276, 48689, 73426, 83963, 98871, 32530, 19826, 24930, 70628, 89666, 23784, 22342, 79694, 80437, 28733, 99765, 7735, 65443, 39629, 65691, 45234, 52942, 70165, 64742, 7593, 35389, 38346, 53370, 1486, 63745, 59201, 84112, 82078, 59842, 55744, 6361, 15079, 910, 53287, 86305, 5582, 34924, 69056, 67927, 31852, 80811, 3497, 24763, 76576, 6447, 51921, 24582, 67902, 99777, 99703, 83341, 49007, 99280, 24090, 6799, 52732, 30031, 47977, 87252, 5024, 40270, 25148, 18576, 16321, 73258, 96568, 50330, 93058, 53931, 82548, 70345, 30377, 16363, 46283, 71917, 19219, 34599, 59905, 76185, 99134, 52728, 85779, 32717, 4809, 23223, 7767, 36688, 17927, 33222, 5461, 58987, 99150, 82453, 68878, 27439, 92942, 79331, 71474, 34897, 35197, 84658, 51810, 88051, 90117, 15640, 25537, 1192, 5758, 16919, 16570, 54940, 71350, 57863, 28374, 25430, 96910, 25138, 30623, 84961, 23541, 35862, 94330, 34467, 45322, 3068, 32691, 19717, 72709, 77504, 12874, 8035, 4199, 32629, 29326, 50091, 4290, 69037, 67868, 4858, 18189, 81289, 10537, 34484, 97761, 36705, 52886, 29677, 92414, 65300, 4493, 83991, 25685, 6104, 23112, 72137, 96757, 13483, 18308, 221, 14358, 49795, 76044, 65013, 87872, 95304, 14399, 812, 64706, 60775, 65656, 55460, 64130, 33001, 14835, 17431, 45023, 79744, 46149, 17211, 1932, 89664, 35867, 75834, 45835, 33920, 51887, 56077, 57612, 3201, 66246, 43129, 72962, 59486, 41799, 36083, 78794, 55644, 16064, 47916, 43687, 87424, 99482, 17585, 78994, 36067, 56930, 68493, 83129, 64732, 86546, 74055, 94524, 52064, 83683, 31321, 53390, 89787, 97909, 96890, 42138, 43171, 63419, 72477, 642, 72325, 14142, 88837, 64298, 53853, 33912, 90976, 51351, 53580, 44520, 1115, 7377, 51291, 91564, 16199, 86922, 17805, 85895, 43694, 18547, 43604, 34423, 97118, 34445, 84791, 71375, 31055, 9941, 27422, 27295, 25492, 21731, 54058, 56103, 74702, 88389, 39787, 83292, 56321, 80058, 48446, 90534, 99020, 53183, 57349, 5351, 62399, 11726, 72703, 23079, 88458, 14886, 42115, 37381, 53447, 80416, 75451, 17441, 22787, 25968, 37997, 43457, 70409, 3144, 30291, 27680, 46416, 33566, 93834, 69479, 8313, 69016, 56653]})"
32.0,9,38,89,42.76298213005066,210,"Genotype(dna={""<class 'abc.NT_0014'>"": [0, 9891], ""<class 'abc.NT_0014_P_00000'>"": [], ""<class 'abc.NT_0003'>"": [], ""<class 'abc.NT_0003_P_00000'>"": [], ""<class 'bool'>"": [34892, 53838, 93055, 22069, 78539, 27596, 11504, 95280, 56278, 13913, 91591, 97012, 50516, 84139, 91601, 80048, 36855, 76229, 96396, 90534, 62399, 56318, 86613, 30291, 93834, 69479, 91703], ""<class 'abc.NT_0000'>"": [0, 2, 3, 0, 0, 66646, 24329, 0, 57112, 0, 0, 0, 96236, 19448, 3, 67907, 2, 0, 61061, 0, 47365, 65468, 40560, 0, 1, 35560, 2, 0, 2, 6530, 90460, 0, 0, 0, 1053, 51537, 23729, 3136, 21603, 1290, 82817, 25314, 57349, 5351, 72703, 23079, 41017, 74148, 17441, 6983, 25968, 74036, 43457, 70409, 70746], ""<class 'abc.NT_0000_P_00000'>"": [], ""<class 'int'>"": [11527, 89970, 57184, 94912, 12901, 2737, 25019, 94292, 7422, 84436, 79517, 92390, 83981, 41079, 54502, 66359, 45824, 66531, 20954, 87223, 18331, 85267, 30558, 83139, 26738, 4868, 77382, 79248, 84283, 30291, 69479, 56653, 51366, 23356, 63194, 54071, 7575, 38385], ""<class 'abc.NT_0000_P_00001'>"": [], ""<class 'abc.NT_0000_P_00002'>"": [], ""<class 'abc.NT_0000_P_00003'>"": [], ""<class 'abc.NT_0001'>"": [1, 99233, 59169, 80416, 13326, 80335, 56653], ""<class 'abc.NT_0001_P_00000'>"": [], ""<class 'abc.NT_0001_P_00001'>"": [], ""<class 'abc.NT_0001_P_00002'>"": [], ""<class 'abc.NT_0001_P_00003'>"": [], ""<class 'abc.NT_0001_P_00004'>"": [], ""<class 'abc.NT_0001_P_00005'>"": [], ""<class 'abc.NT_0001_P_00006'>"": [], ""<class 'abc.NT_0003_P_00001'>"": [], ""<class 'abc.NT_0002'>"": [0, 63043], ""<class 'abc.NT_0002_P_00000'>"": [], ""<class 'abc.NT_0002_P_00001'>"": [], ""<class 'abc.NT_0002_P_00002'>"": [], ""<class 'abc.NT_0002_P_00003'>"": [], ""<class 'abc.NT_0004'>"": [], ""<class 'abc.NT_0004_P_00000'>"": [], ""<class 'abc.NT_0014_P_00001'>"": [], ""<class 'abc.NT_0013'>"": [31174, 87753, 70326], ""<class 'abc.NT_0013_P_00000'>"": [], ""<class 'abc.NT_0011'>"": [1, 98607], ""<class 'abc.NT_0011_P_00000'>"": [], ""<class 'abc.NT_0011_P_00001'>"": [], ""<class 'abc.NT_0008'>"": [56358, 25492], ""<class 'abc.NT_0008_P_00000'>"": [], ""<class 'abc.NT_0005'>"": [65439, 70998], ""<class 'abc.NT_0005_P_00000'>"": [], ""<class 'abc.NT_0005_P_00001'>"": [], ""<class 'abc.NT_0007'>"": [63976, 27295], ""<class 'abc.NT_0007_P_00000'>"": [], ""<class 'abc.NT_0006'>"": [51447, 91312], ""<class 'abc.NT_0006_P_00000'>"": [], ""<class 'abc.NT_0006_P_00001'>"": [], ""<class 'abc.NT_0007_P_00001'>"": [], ""<class 'abc.NT_0007_P_00002'>"": [], ""<class 'abc.NT_0007_P_00003'>"": [], ""<class 'abc.NT_0008_P_00001'>"": [], ""<class 'abc.NT_0009'>"": [8, 58070, 39787], ""<class 'abc.NT_0009_P_00000'>"": [], ""<class 'abc.NT_0009_P_00001'>"": [], ""<class 'abc.NT_0009_P_00002'>"": [], ""<class 'abc.NT_0009_P_00003'>"": [], ""<class 'abc.NT_0009_P_00004'>"": [], ""<class 'abc.NT_0009_P_00005'>"": [], ""<class 'abc.NT_0009_P_00006'>"": [], ""<class 'abc.NT_0009_P_00007'>"": [], ""<class 'abc.NT_0009_P_00008'>"": [], ""<class 'abc.NT_0011_P_00002'>"": [], ""<class 'abc.NT_0010'>"": [53447, 75927], ""<class 'abc.NT_0010_P_00000'>"": [], ""<class 'abc.NT_0010_P_00001'>"": [], ""<class 'abc.NT_0010_P_00002'>"": [], ""<class 'abc.NT_0010_P_00003'>"": [], ""<class 'abc.NT_0010_P_00004'>"": [], ""<class 'abc.NT_0010_P_00005'>"": [], ""<class 'abc.NT_0011_P_00003'>"": [], ""<class 'abc.NT_0011_P_00004'>"": [], ""<class 'abc.NT_0011_P_00005'>"": [], ""<class 'abc.NT_0011_P_00006'>"": [], ""<class 'abc.NT_0011_P_00007'>"": [], ""<class 'abc.NT_0011_P_00008'>"": [], ""<class 'abc.NT_0011_P_00009'>"": [], ""<class 'abc.NT_0014_P_00002'>"": [], ""<class 'abc.NT_0014_P_00003'>"": [], ""<class 'abc.NT_0014_P_00004'>"": [], '$leftovers': [612, 51366, 29977, 7941, 62781, 93978, 48081, 63396, 57279, 63194, 37786, 54499, 54071, 7255, 805, 91855, 9788, 55863, 13874, 90931, 38385, 43619, 36227, 61359, 25033, 26828, 94952, 78514, 81573, 7035, 57599, 63649, 37284, 79243, 23816, 36097, 45176, 45221, 21659, 73410, 77378, 61609, 53485, 83091, 55364, 804, 37863, 62128, 64631, 84523, 68409, 46658, 59869, 22948, 53816, 17703, 86036, 23930, 54711, 27159, 47907, 22129, 19429, 11704, 67050, 80298, 69224, 57646, 14733, 44317, 85077, 74191, 78264, 27076, 89776, 5196, 46711, 95884, 100000, 42859, 92197, 62164, 34041, 96434, 9186, 84986, 23729, 32442, 9078, 30947, 10584, 90176, 39265, 2903, 26641, 17813, 64068, 47390, 53496, 84055, 91192, 43627, 10978, 20051, 63072, 17541, 52384, 82602, 2071, 73349, 76496, 93237, 90746, 94169, 1089, 1963, 87259, 78716, 97251, 74560, 92319, 88430, 30065, 35943, 26646, 58575, 20564, 68822, 1955, 11977, 701, 8879, 51642, 65013, 37021, 8254, 64968, 54544, 55206, 50487, 94823, 39401, 11005, 50507, 4078, 47520, 40046, 60171, 93652, 930, 40344, 61205, 60575, 32914, 87845, 18974, 88335, 23738, 9159, 67945, 35873, 79289, 92027, 47069, 50717, 19269, 86431, 12677, 1847, 82569, 10719, 49874, 57438, 74245, 9728, 35214, 60927, 50418, 3072, 33653, 84097, 10451, 10948, 43565, 35042, 52901, 60373, 71523, 99916, 21066, 31862, 7158, 61957, 29065, 73503, 77066, 90914, 2224, 23949, 58836, 36313, 52163, 15402, 95181, 97248, 72223, 64484, 31579, 7361, 13133, 8559, 5315, 12957, 97480, 15964, 47289, 18201, 64048, 38836, 23949, 65274, 81688, 15908, 97641, 68909, 88194, 58203, 54156, 17884, 17015, 98114, 85070, 44487, 35609, 43946, 13163, 68656, 46368, 64590, 40998, 4333, 23209, 48312, 91519, 45912, 95154, 82162, 65190, 2680, 41571, 50993, 530, 20715, 62325, 69130, 87411, 51896, 25041, 1061, 92007, 16083, 61009, 22448, 76926, 40530, 5740, 65551, 74307, 70243, 88860, 56449, 62236, 73737, 14864, 20769, 33438, 2720, 19958, 14224, 62871, 11924, 4195, 94579, 90772, 15850, 32394, 39534, 94217, 24432, 49736, 19142, 95031, 91556, 84878, 36003, 82744, 39005, 77560, 67854, 74174, 65238, 42610, 38442, 5045, 8394, 50169, 85223, 39318, 11999, 19698, 62218, 20982, 75579, 83921, 36322, 81232, 74890, 79155, 7974, 87957, 31618, 15302, 46288, 41529, 54402, 51898, 8904, 68466, 16655, 33307, 87657, 62302, 99805, 94712, 27432, 6792, 318, 28470, 61849, 26074, 24481, 33234, 11701, 90978, 8418, 34547, 73073, 14229, 92931, 45528, 46305, 58234, 95428, 52910, 64691, 89529, 6125, 95529, 23717, 34258, 15039, 26343, 25322, 18533, 87153, 22501, 24377, 93511, 91108, 66007, 60481, 95208, 62676, 92031, 61249, 21040, 27224, 8088, 84181, 33593, 86548, 72607, 12800, 5611, 73844, 6692, 65230, 36526, 2469, 35635, 48449, 14719, 78189, 85243, 55844, 24071, 23788, 78878, 22883, 30166, 25797, 10713, 24202, 63862, 69116, 6614, 65627, 74821, 9118, 52050, 1045, 85212, 62012, 89898, 79364, 88858, 96964, 35830, 60888, 26734, 88556, 30404, 7619, 80278, 68622, 93232, 34306, 31485, 56275, 18665, 75621, 64839, 93770, 28199, 22239, 59130, 77628, 99168, 70420, 75781, 62501, 671, 82149, 26309, 8026, 6187, 34342, 77941, 96327, 7003, 65713, 2941, 26673, 45799, 5550, 98918, 65458, 56546, 58743, 93533, 64790, 30347, 32662, 73325, 77970, 21733, 35559, 73040, 79043, 59441, 82022, 37637, 7661, 94041, 96708, 7898, 70255, 89025, 83488, 90561, 63581, 77717, 74197, 27575, 58299, 53110, 73807, 71575, 26219, 35022, 49263, 13153, 34531, 51399, 44165, 26477, 4658, 89217, 10088, 77375, 38696, 57234, 69828, 27880, 19969, 12884, 48301, 32382, 79158, 72530, 2303, 28606, 30300, 17727, 74408, 82473, 74031, 47501, 28349, 67701, 75802, 89880, 6847, 37677, 42094, 59098, 33292, 25396, 1653, 33802, 37033, 82988, 18807, 34788, 32442, 21412, 79504, 70667, 67140, 188, 92567, 14712, 41955, 83231, 16604, 44261, 9248, 17311, 28714, 91679, 32487, 26287, 45537, 96338, 4907, 91004, 40305, 38855, 30113, 31802, 90368, 29632, 22399, 27504, 74924, 64570, 3170, 73381, 73608, 82107, 55004, 28453, 81413, 83401, 86827, 3755, 19280, 39809, 58531, 69352, 77285, 75236, 65692, 7596, 96792, 61193, 32718, 15171, 87988, 30166, 54746, 77236, 17432, 95331, 38981, 88240, 38898, 32172, 79555, 11740, 12372, 21314, 35314, 93047, 42158, 12888, 45757, 12444, 53196, 24354, 10754, 11298, 51034, 29460, 54561, 63362, 63137, 80288, 88200, 90124, 34341, 79738, 29507, 1371, 45727, 33233, 20038, 80414, 21940, 30707, 90006, 24595, 36850, 16424, 43356, 57374, 16541, 37502, 37384, 44186, 1581, 55147, 81574, 36342, 34700, 77319, 28025, 42804, 70814, 97334, 63170, 45671, 92728, 50865, 61805, 79230, 95797, 79382, 69832, 39248, 70970, 62614, 68180, 36578, 66699, 90803, 28447, 48009, 97357, 19944, 60879, 16057, 92445, 75982, 37067, 41406, 92224, 10099, 38077, 10238, 68458, 6537, 63778, 57556, 62039, 11823, 13270, 39382, 5448, 99101, 892, 8806, 21031, 7912, 86405, 50251, 88331, 79170, 19276, 48689, 73426, 83963, 98871, 32530, 19826, 24930, 70628, 89666, 23784, 22342, 79694, 80437, 28733, 99765, 7735, 65443, 39629, 65691, 45234, 52942, 70165, 64742, 7593, 35389, 38346, 53370, 1486, 63745, 59201, 84112, 82078, 59842, 55744, 6361, 15079, 910, 53287, 86305, 5582, 34924, 69056, 67927, 31852, 80811, 3497, 24763, 76576, 6447, 51921, 24582, 67902, 99777, 99703, 83341, 49007, 99280, 24090, 6799, 52732, 30031, 47977, 87252, 5024, 40270, 25148, 18576, 16321, 73258, 96568, 50330, 93058, 53931, 82548, 70345, 30377, 16363, 46283, 71917, 19219, 34599, 59905, 76185, 99134, 52728, 85779, 32717, 4809, 23223, 7767, 36688, 17927, 33222, 5461, 58987, 99150, 82453, 68878, 27439, 92942, 79331, 71474, 34897, 35197, 84658, 51810, 88051, 90117, 15640, 25537, 1192, 5758, 16919, 16570, 54940, 71350, 57863, 28374, 25430, 96910, 25138, 30623, 84961, 23541, 35862, 94330, 34467, 45322, 3068, 32691, 19717, 72709, 77504, 12874, 8035, 4199, 32629, 29326, 50091, 4290, 69037, 67868, 4858, 18189, 81289, 10537, 34484, 97761, 36705, 52886, 29677, 92414, 65300, 4493, 83991, 25685, 6104, 23112, 72137, 96757, 13483, 18308, 221, 14358, 49795, 76044, 65013, 87872, 95304, 14399, 812, 64706, 60775, 65656, 55460, 64130, 33001, 14835, 17431, 45023, 79744, 46149, 17211, 1932, 89664, 35867, 75834, 45835, 33920, 51887, 56077, 57612, 3201, 66246, 43129, 72962, 59486, 41799, 36083, 78794, 55644, 16064, 47916, 43687, 87424, 99482, 17585, 78994, 36067, 56930, 68493, 83129, 64732, 86546, 74055, 94524, 52064, 83683, 31321, 53390, 89787, 97909, 96890, 42138, 43171, 63419, 72477, 642, 72325, 14142, 88837, 64298, 53853, 33912, 90976, 51351, 53580, 44520, 1115, 7377, 51291, 91564, 16199, 86922, 17805, 85895, 43694, 18547, 43604, 34423, 97118, 34445, 84791, 71375, 31055, 9941, 27422, 27295, 25492, 21731, 54058, 56103, 74702, 88389, 39787, 83292, 56321, 80058, 48446, 90534, 99020, 53183, 57349, 5351, 62399, 11726, 72703, 23079, 88458, 14886, 42115, 37381, 53447, 80416, 75451, 17441, 22787, 25968, 37997, 43457, 70409, 3144, 30291, 27680, 46416, 33566, 93834, 69479, 8313, 69016, 56653]})"
32.0,9,38,90,42.99799203872681,210,"Genotype(dna={""<class 'abc.NT_0014'>"": [0, 9891], ""<class 'abc.NT_0014_P_00000'>"": [], ""<class 'abc.NT_0003'>"": [], ""<class 'abc.NT_0003_P_00000'>"": [], ""<class 'bool'>"": [34892, 53838, 93055, 22069, 78539, 27596, 11504, 95280, 56278, 13913, 91591, 97012, 50516, 84139, 91601, 80048, 36855, 76229, 96396, 90534, 62399, 56318, 86613, 30291, 93834, 69479, 91703], ""<class 'abc.NT_0000'>"": [0, 2, 3, 0, 0, 66646, 24329, 0, 57112, 0, 0, 0, 96236, 19448, 3, 67907, 2, 0, 61061, 0, 47365, 65468, 40560, 0, 1, 35560, 2, 0, 2, 6530, 90460, 0, 0, 0, 1053, 51537, 23729, 3136, 21603, 1290, 82817, 25314, 57349, 5351, 72703, 23079, 41017, 74148, 17441, 6983, 25968, 74036, 43457, 70409, 70746], ""<class 'abc.NT_0000_P_00000'>"": [], ""<class 'int'>"": [11527, 89970, 57184, 94912, 12901, 2737, 25019, 94292, 7422, 84436, 79517, 92390, 83981, 41079, 54502, 66359, 45824, 66531, 20954, 87223, 18331, 85267, 30558, 83139, 26738, 4868, 77382, 79248, 84283, 30291, 69479, 56653, 51366, 23356, 63194, 54071, 7575, 38385], ""<class 'abc.NT_0000_P_00001'>"": [], ""<class 'abc.NT_0000_P_00002'>"": [], ""<class 'abc.NT_0000_P_00003'>"": [], ""<class 'abc.NT_0001'>"": [1, 99233, 59169, 80416, 13326, 80335, 56653], ""<class 'abc.NT_0001_P_00000'>"": [], ""<class 'abc.NT_0001_P_00001'>"": [], ""<class 'abc.NT_0001_P_00002'>"": [], ""<class 'abc.NT_0001_P_00003'>"": [], ""<class 'abc.NT_0001_P_00004'>"": [], ""<class 'abc.NT_0001_P_00005'>"": [], ""<class 'abc.NT_0001_P_00006'>"": [], ""<class 'abc.NT_0003_P_00001'>"": [], ""<class 'abc.NT_0002'>"": [0, 63043], ""<class 'abc.NT_0002_P_00000'>"": [], ""<class 'abc.NT_0002_P_00001'>"": [], ""<class 'abc.NT_0002_P_00002'>"": [], ""<class 'abc.NT_0002_P_00003'>"": [], ""<class 'abc.NT_0004'>"": [], ""<class 'abc.NT_0004_P_00000'>"": [], ""<class 'abc.NT_0014_P_00001'>"": [], ""<class 'abc.NT_0013'>"": [31174, 87753, 70326], ""<class 'abc.NT_0013_P_00000'>"": [], ""<class 'abc.NT_0011'>"": [1, 98607], ""<class 'abc.NT_0011_P_00000'>"": [], ""<class 'abc.NT_0011_P_00001'>"": [], ""<class 'abc.NT_0008'>"": [56358, 25492], ""<class 'abc.NT_0008_P_00000'>"": [], ""<class 'abc.NT_0005'>"": [65439, 70998], ""<class 'abc.NT_0005_P_00000'>"": [], ""<class 'abc.NT_0005_P_00001'>"": [], ""<class 'abc.NT_0007'>"": [63976, 27295], ""<class 'abc.NT_0007_P_00000'>"": [], ""<class 'abc.NT_0006'>"": [51447, 91312], ""<class 'abc.NT_0006_P_00000'>"": [], ""<class 'abc.NT_0006_P_00001'>"": [], ""<class 'abc.NT_0007_P_00001'>"": [], ""<class 'abc.NT_0007_P_00002'>"": [], ""<class 'abc.NT_0007_P_00003'>"": [], ""<class 'abc.NT_0008_P_00001'>"": [], ""<class 'abc.NT_0009'>"": [8, 58070, 39787], ""<class 'abc.NT_0009_P_00000'>"": [], ""<class 'abc.NT_0009_P_00001'>"": [], ""<class 'abc.NT_0009_P_00002'>"": [], ""<class 'abc.NT_0009_P_00003'>"": [], ""<class 'abc.NT_0009_P_00004'>"": [], ""<class 'abc.NT_0009_P_00005'>"": [], ""<class 'abc.NT_0009_P_00006'>"": [], ""<class 'abc.NT_0009_P_00007'>"": [], ""<class 'abc.NT_0009_P_00008'>"": [], ""<class 'abc.NT_0011_P_00002'>"": [], ""<class 'abc.NT_0010'>"": [53447, 75927], ""<class 'abc.NT_0010_P_00000'>"": [], ""<class 'abc.NT_0010_P_00001'>"": [], ""<class 'abc.NT_0010_P_00002'>"": [], ""<class 'abc.NT_0010_P_00003'>"": [], ""<class 'abc.NT_0010_P_00004'>"": [], ""<class 'abc.NT_0010_P_00005'>"": [], ""<class 'abc.NT_0011_P_00003'>"": [], ""<class 'abc.NT_0011_P_00004'>"": [], ""<class 'abc.NT_0011_P_00005'>"": [], ""<class 'abc.NT_0011_P_00006'>"": [], ""<class 'abc.NT_0011_P_00007'>"": [], ""<class 'abc.NT_0011_P_00008'>"": [], ""<class 'abc.NT_0011_P_00009'>"": [], ""<class 'abc.NT_0014_P_00002'>"": [], ""<class 'abc.NT_0014_P_00003'>"": [], ""<class 'abc.NT_0014_P_00004'>"": [], '$leftovers': [612, 51366, 29977, 7941, 62781, 93978, 48081, 63396, 57279, 63194, 37786, 54499, 54071, 7255, 805, 91855, 9788, 55863, 13874, 90931, 38385, 43619, 36227, 61359, 25033, 26828, 94952, 78514, 81573, 7035, 57599, 63649, 37284, 79243, 23816, 36097, 45176, 45221, 21659, 73410, 77378, 61609, 53485, 83091, 55364, 804, 37863, 62128, 64631, 84523, 68409, 46658, 59869, 22948, 53816, 17703, 86036, 23930, 54711, 27159, 47907, 22129, 19429, 11704, 67050, 80298, 69224, 57646, 14733, 44317, 85077, 74191, 78264, 27076, 89776, 5196, 46711, 95884, 100000, 42859, 92197, 62164, 34041, 96434, 9186, 84986, 23729, 32442, 9078, 30947, 10584, 90176, 39265, 2903, 26641, 17813, 64068, 47390, 53496, 84055, 91192, 43627, 10978, 20051, 63072, 17541, 52384, 82602, 2071, 73349, 76496, 93237, 90746, 94169, 1089, 1963, 87259, 78716, 97251, 74560, 92319, 88430, 30065, 35943, 26646, 58575, 20564, 68822, 1955, 11977, 701, 8879, 51642, 65013, 37021, 8254, 64968, 54544, 55206, 50487, 94823, 39401, 11005, 50507, 4078, 47520, 40046, 60171, 93652, 930, 40344, 61205, 60575, 32914, 87845, 18974, 88335, 23738, 9159, 67945, 35873, 79289, 92027, 47069, 50717, 19269, 86431, 12677, 1847, 82569, 10719, 49874, 57438, 74245, 9728, 35214, 60927, 50418, 3072, 33653, 84097, 10451, 10948, 43565, 35042, 52901, 60373, 71523, 99916, 21066, 31862, 7158, 61957, 29065, 73503, 77066, 90914, 2224, 23949, 58836, 36313, 52163, 15402, 95181, 97248, 72223, 64484, 31579, 7361, 13133, 8559, 5315, 12957, 97480, 15964, 47289, 18201, 64048, 38836, 23949, 65274, 81688, 15908, 97641, 68909, 88194, 58203, 54156, 17884, 17015, 98114, 85070, 44487, 35609, 43946, 13163, 68656, 46368, 64590, 40998, 4333, 23209, 48312, 91519, 45912, 95154, 82162, 65190, 2680, 41571, 50993, 530, 20715, 62325, 69130, 87411, 51896, 25041, 1061, 92007, 16083, 61009, 22448, 76926, 40530, 5740, 65551, 74307, 70243, 88860, 56449, 62236, 73737, 14864, 20769, 33438, 2720, 19958, 14224, 62871, 11924, 4195, 94579, 90772, 15850, 32394, 39534, 94217, 24432, 49736, 19142, 95031, 91556, 84878, 36003, 82744, 39005, 77560, 67854, 74174, 65238, 42610, 38442, 5045, 8394, 50169, 85223, 39318, 11999, 19698, 62218, 20982, 75579, 83921, 36322, 81232, 74890, 79155, 7974, 87957, 31618, 15302, 46288, 41529, 54402, 51898, 8904, 68466, 16655, 33307, 87657, 62302, 99805, 94712, 27432, 6792, 318, 28470, 61849, 26074, 24481, 33234, 11701, 90978, 8418, 34547, 73073, 14229, 92931, 45528, 46305, 58234, 95428, 52910, 64691, 89529, 6125, 95529, 23717, 34258, 15039, 26343, 25322, 18533, 87153, 22501, 24377, 93511, 91108, 66007, 60481, 95208, 62676, 92031, 61249, 21040, 27224, 8088, 84181, 33593, 86548, 72607, 12800, 5611, 73844, 6692, 65230, 36526, 2469, 35635, 48449, 14719, 78189, 85243, 55844, 24071, 23788, 78878, 22883, 30166, 25797, 10713, 24202, 63862, 69116, 6614, 65627, 74821, 9118, 52050, 1045, 85212, 62012, 89898, 79364, 88858, 96964, 35830, 60888, 26734, 88556, 30404, 7619, 80278, 68622, 93232, 34306, 31485, 56275, 18665, 75621, 64839, 93770, 28199, 22239, 59130, 77628, 99168, 70420, 75781, 62501, 671, 82149, 26309, 8026, 6187, 34342, 77941, 96327, 7003, 65713, 2941, 26673, 45799, 5550, 98918, 65458, 56546, 58743, 93533, 64790, 30347, 32662, 73325, 77970, 21733, 35559, 73040, 79043, 59441, 82022, 37637, 7661, 94041, 96708, 7898, 70255, 89025, 83488, 90561, 63581, 77717, 74197, 27575, 58299, 53110, 73807, 71575, 26219, 35022, 49263, 13153, 34531, 51399, 44165, 26477, 4658, 89217, 10088, 77375, 38696, 57234, 69828, 27880, 19969, 12884, 48301, 32382, 79158, 72530, 2303, 28606, 30300, 17727, 74408, 82473, 74031, 47501, 28349, 67701, 75802, 89880, 6847, 37677, 42094, 59098, 33292, 25396, 1653, 33802, 37033, 82988, 18807, 34788, 32442, 21412, 79504, 70667, 67140, 188, 92567, 14712, 41955, 83231, 16604, 44261, 9248, 17311, 28714, 91679, 32487, 26287, 45537, 96338, 4907, 91004, 40305, 38855, 30113, 31802, 90368, 29632, 22399, 27504, 74924, 64570, 3170, 73381, 73608, 82107, 55004, 28453, 81413, 83401, 86827, 3755, 19280, 39809, 58531, 69352, 77285, 75236, 65692, 7596, 96792, 61193, 32718, 15171, 87988, 30166, 54746, 77236, 17432, 95331, 38981, 88240, 38898, 32172, 79555, 11740, 12372, 21314, 35314, 93047, 42158, 12888, 45757, 12444, 53196, 24354, 10754, 11298, 51034, 29460, 54561, 63362, 63137, 80288, 88200, 90124, 34341, 79738, 29507, 1371, 45727, 33233, 20038, 80414, 21940, 30707, 90006, 24595, 36850, 16424, 43356, 57374, 16541, 37502, 37384, 44186, 1581, 55147, 81574, 36342, 34700, 77319, 28025, 42804, 70814, 97334, 63170, 45671, 92728, 50865, 61805, 79230, 95797, 79382, 69832, 39248, 70970, 62614, 68180, 36578, 66699, 90803, 28447, 48009, 97357, 19944, 60879, 16057, 92445, 75982, 37067, 41406, 92224, 10099, 38077, 10238, 68458, 6537, 63778, 57556, 62039, 11823, 13270, 39382, 5448, 99101, 892, 8806, 21031, 7912, 86405, 50251, 88331, 79170, 19276, 48689, 73426, 83963, 98871, 32530, 19826, 24930, 70628, 89666, 23784, 22342, 79694, 80437, 28733, 99765, 7735, 65443, 39629, 65691, 45234, 52942, 70165, 64742, 7593, 35389, 38346, 53370, 1486, 63745, 59201, 84112, 82078, 59842, 55744, 6361, 15079, 910, 53287, 86305, 5582, 34924, 69056, 67927, 31852, 80811, 3497, 24763, 76576, 6447, 51921, 24582, 67902, 99777, 99703, 83341, 49007, 99280, 24090, 6799, 52732, 30031, 47977, 87252, 5024, 40270, 25148, 18576, 16321, 73258, 96568, 50330, 93058, 53931, 82548, 70345, 30377, 16363, 46283, 71917, 19219, 34599, 59905, 76185, 99134, 52728, 85779, 32717, 4809, 23223, 7767, 36688, 17927, 33222, 5461, 58987, 99150, 82453, 68878, 27439, 92942, 79331, 71474, 34897, 35197, 84658, 51810, 88051, 90117, 15640, 25537, 1192, 5758, 16919, 16570, 54940, 71350, 57863, 28374, 25430, 96910, 25138, 30623, 84961, 23541, 35862, 94330, 34467, 45322, 3068, 32691, 19717, 72709, 77504, 12874, 8035, 4199, 32629, 29326, 50091, 4290, 69037, 67868, 4858, 18189, 81289, 10537, 34484, 97761, 36705, 52886, 29677, 92414, 65300, 4493, 83991, 25685, 6104, 23112, 72137, 96757, 13483, 18308, 221, 14358, 49795, 76044, 65013, 87872, 95304, 14399, 812, 64706, 60775, 65656, 55460, 64130, 33001, 14835, 17431, 45023, 79744, 46149, 17211, 1932, 89664, 35867, 75834, 45835, 33920, 51887, 56077, 57612, 3201, 66246, 43129, 72962, 59486, 41799, 36083, 78794, 55644, 16064, 47916, 43687, 87424, 99482, 17585, 78994, 36067, 56930, 68493, 83129, 64732, 86546, 74055, 94524, 52064, 83683, 31321, 53390, 89787, 97909, 96890, 42138, 43171, 63419, 72477, 642, 72325, 14142, 88837, 64298, 53853, 33912, 90976, 51351, 53580, 44520, 1115, 7377, 51291, 91564, 16199, 86922, 17805, 85895, 43694, 18547, 43604, 34423, 97118, 34445, 84791, 71375, 31055, 9941, 27422, 27295, 25492, 21731, 54058, 56103, 74702, 88389, 39787, 83292, 56321, 80058, 48446, 90534, 99020, 53183, 57349, 5351, 62399, 11726, 72703, 23079, 88458, 14886, 42115, 37381, 53447, 80416, 75451, 17441, 22787, 25968, 37997, 43457, 70409, 3144, 30291, 27680, 46416, 33566, 93834, 69479, 8313, 69016, 56653]})"
32.0,9,38,91,43.26288294792175,210,"Genotype(dna={""<class 'abc.NT_0014'>"": [0, 9891], ""<class 'abc.NT_0014_P_00000'>"": [], ""<class 'abc.NT_0003'>"": [], ""<class 'abc.NT_0003_P_00000'>"": [], ""<class 'bool'>"": [34892, 53838, 93055, 22069, 78539, 27596, 11504, 95280, 56278, 13913, 91591, 97012, 50516, 84139, 91601, 80048, 36855, 76229, 96396, 90534, 62399, 56318, 86613, 30291, 93834, 69479, 91703], ""<class 'abc.NT_0000'>"": [0, 2, 3, 0, 0, 66646, 24329, 0, 57112, 0, 0, 0, 96236, 19448, 3, 67907, 2, 0, 61061, 0, 47365, 65468, 40560, 0, 1, 35560, 2, 0, 2, 6530, 90460, 0, 0, 0, 1053, 51537, 23729, 3136, 21603, 1290, 82817, 25314, 57349, 5351, 72703, 23079, 41017, 74148, 17441, 6983, 25968, 74036, 43457, 70409, 70746], ""<class 'abc.NT_0000_P_00000'>"": [], ""<class 'int'>"": [11527, 89970, 57184, 94912, 12901, 2737, 25019, 94292, 7422, 84436, 79517, 92390, 83981, 41079, 54502, 66359, 45824, 66531, 20954, 87223, 18331, 85267, 30558, 83139, 26738, 4868, 77382, 79248, 84283, 30291, 69479, 56653, 51366, 23356, 63194, 54071, 7575, 38385], ""<class 'abc.NT_0000_P_00001'>"": [], ""<class 'abc.NT_0000_P_00002'>"": [], ""<class 'abc.NT_0000_P_00003'>"": [], ""<class 'abc.NT_0001'>"": [1, 99233, 59169, 80416, 13326, 80335, 56653], ""<class 'abc.NT_0001_P_00000'>"": [], ""<class 'abc.NT_0001_P_00001'>"": [], ""<class 'abc.NT_0001_P_00002'>"": [], ""<class 'abc.NT_0001_P_00003'>"": [], ""<class 'abc.NT_0001_P_00004'>"": [], ""<class 'abc.NT_0001_P_00005'>"": [], ""<class 'abc.NT_0001_P_00006'>"": [], ""<class 'abc.NT_0003_P_00001'>"": [], ""<class 'abc.NT_0002'>"": [0, 63043], ""<class 'abc.NT_0002_P_00000'>"": [], ""<class 'abc.NT_0002_P_00001'>"": [], ""<class 'abc.NT_0002_P_00002'>"": [], ""<class 'abc.NT_0002_P_00003'>"": [], ""<class 'abc.NT_0004'>"": [], ""<class 'abc.NT_0004_P_00000'>"": [], ""<class 'abc.NT_0014_P_00001'>"": [], ""<class 'abc.NT_0013'>"": [31174, 87753, 70326], ""<class 'abc.NT_0013_P_00000'>"": [], ""<class 'abc.NT_0011'>"": [1, 98607], ""<class 'abc.NT_0011_P_00000'>"": [], ""<class 'abc.NT_0011_P_00001'>"": [], ""<class 'abc.NT_0008'>"": [56358, 25492], ""<class 'abc.NT_0008_P_00000'>"": [], ""<class 'abc.NT_0005'>"": [65439, 70998], ""<class 'abc.NT_0005_P_00000'>"": [], ""<class 'abc.NT_0005_P_00001'>"": [], ""<class 'abc.NT_0007'>"": [63976, 27295], ""<class 'abc.NT_0007_P_00000'>"": [], ""<class 'abc.NT_0006'>"": [51447, 91312], ""<class 'abc.NT_0006_P_00000'>"": [], ""<class 'abc.NT_0006_P_00001'>"": [], ""<class 'abc.NT_0007_P_00001'>"": [], ""<class 'abc.NT_0007_P_00002'>"": [], ""<class 'abc.NT_0007_P_00003'>"": [], ""<class 'abc.NT_0008_P_00001'>"": [], ""<class 'abc.NT_0009'>"": [8, 58070, 39787], ""<class 'abc.NT_0009_P_00000'>"": [], ""<class 'abc.NT_0009_P_00001'>"": [], ""<class 'abc.NT_0009_P_00002'>"": [], ""<class 'abc.NT_0009_P_00003'>"": [], ""<class 'abc.NT_0009_P_00004'>"": [], ""<class 'abc.NT_0009_P_00005'>"": [], ""<class 'abc.NT_0009_P_00006'>"": [], ""<class 'abc.NT_0009_P_00007'>"": [], ""<class 'abc.NT_0009_P_00008'>"": [], ""<class 'abc.NT_0011_P_00002'>"": [], ""<class 'abc.NT_0010'>"": [53447, 75927], ""<class 'abc.NT_0010_P_00000'>"": [], ""<class 'abc.NT_0010_P_00001'>"": [], ""<class 'abc.NT_0010_P_00002'>"": [], ""<class 'abc.NT_0010_P_00003'>"": [], ""<class 'abc.NT_0010_P_00004'>"": [], ""<class 'abc.NT_0010_P_00005'>"": [], ""<class 'abc.NT_0011_P_00003'>"": [], ""<class 'abc.NT_0011_P_00004'>"": [], ""<class 'abc.NT_0011_P_00005'>"": [], ""<class 'abc.NT_0011_P_00006'>"": [], ""<class 'abc.NT_0011_P_00007'>"": [], ""<class 'abc.NT_0011_P_00008'>"": [], ""<class 'abc.NT_0011_P_00009'>"": [], ""<class 'abc.NT_0014_P_00002'>"": [], ""<class 'abc.NT_0014_P_00003'>"": [], ""<class 'abc.NT_0014_P_00004'>"": [], '$leftovers': [612, 51366, 29977, 7941, 62781, 93978, 48081, 63396, 57279, 63194, 37786, 54499, 54071, 7255, 805, 91855, 9788, 55863, 13874, 90931, 38385, 43619, 36227, 61359, 25033, 26828, 94952, 78514, 81573, 7035, 57599, 63649, 37284, 79243, 23816, 36097, 45176, 45221, 21659, 73410, 77378, 61609, 53485, 83091, 55364, 804, 37863, 62128, 64631, 84523, 68409, 46658, 59869, 22948, 53816, 17703, 86036, 23930, 54711, 27159, 47907, 22129, 19429, 11704, 67050, 80298, 69224, 57646, 14733, 44317, 85077, 74191, 78264, 27076, 89776, 5196, 46711, 95884, 100000, 42859, 92197, 62164, 34041, 96434, 9186, 84986, 23729, 32442, 9078, 30947, 10584, 90176, 39265, 2903, 26641, 17813, 64068, 47390, 53496, 84055, 91192, 43627, 10978, 20051, 63072, 17541, 52384, 82602, 2071, 73349, 76496, 93237, 90746, 94169, 1089, 1963, 87259, 78716, 97251, 74560, 92319, 88430, 30065, 35943, 26646, 58575, 20564, 68822, 1955, 11977, 701, 8879, 51642, 65013, 37021, 8254, 64968, 54544, 55206, 50487, 94823, 39401, 11005, 50507, 4078, 47520, 40046, 60171, 93652, 930, 40344, 61205, 60575, 32914, 87845, 18974, 88335, 23738, 9159, 67945, 35873, 79289, 92027, 47069, 50717, 19269, 86431, 12677, 1847, 82569, 10719, 49874, 57438, 74245, 9728, 35214, 60927, 50418, 3072, 33653, 84097, 10451, 10948, 43565, 35042, 52901, 60373, 71523, 99916, 21066, 31862, 7158, 61957, 29065, 73503, 77066, 90914, 2224, 23949, 58836, 36313, 52163, 15402, 95181, 97248, 72223, 64484, 31579, 7361, 13133, 8559, 5315, 12957, 97480, 15964, 47289, 18201, 64048, 38836, 23949, 65274, 81688, 15908, 97641, 68909, 88194, 58203, 54156, 17884, 17015, 98114, 85070, 44487, 35609, 43946, 13163, 68656, 46368, 64590, 40998, 4333, 23209, 48312, 91519, 45912, 95154, 82162, 65190, 2680, 41571, 50993, 530, 20715, 62325, 69130, 87411, 51896, 25041, 1061, 92007, 16083, 61009, 22448, 76926, 40530, 5740, 65551, 74307, 70243, 88860, 56449, 62236, 73737, 14864, 20769, 33438, 2720, 19958, 14224, 62871, 11924, 4195, 94579, 90772, 15850, 32394, 39534, 94217, 24432, 49736, 19142, 95031, 91556, 84878, 36003, 82744, 39005, 77560, 67854, 74174, 65238, 42610, 38442, 5045, 8394, 50169, 85223, 39318, 11999, 19698, 62218, 20982, 75579, 83921, 36322, 81232, 74890, 79155, 7974, 87957, 31618, 15302, 46288, 41529, 54402, 51898, 8904, 68466, 16655, 33307, 87657, 62302, 99805, 94712, 27432, 6792, 318, 28470, 61849, 26074, 24481, 33234, 11701, 90978, 8418, 34547, 73073, 14229, 92931, 45528, 46305, 58234, 95428, 52910, 64691, 89529, 6125, 95529, 23717, 34258, 15039, 26343, 25322, 18533, 87153, 22501, 24377, 93511, 91108, 66007, 60481, 95208, 62676, 92031, 61249, 21040, 27224, 8088, 84181, 33593, 86548, 72607, 12800, 5611, 73844, 6692, 65230, 36526, 2469, 35635, 48449, 14719, 78189, 85243, 55844, 24071, 23788, 78878, 22883, 30166, 25797, 10713, 24202, 63862, 69116, 6614, 65627, 74821, 9118, 52050, 1045, 85212, 62012, 89898, 79364, 88858, 96964, 35830, 60888, 26734, 88556, 30404, 7619, 80278, 68622, 93232, 34306, 31485, 56275, 18665, 75621, 64839, 93770, 28199, 22239, 59130, 77628, 99168, 70420, 75781, 62501, 671, 82149, 26309, 8026, 6187, 34342, 77941, 96327, 7003, 65713, 2941, 26673, 45799, 5550, 98918, 65458, 56546, 58743, 93533, 64790, 30347, 32662, 73325, 77970, 21733, 35559, 73040, 79043, 59441, 82022, 37637, 7661, 94041, 96708, 7898, 70255, 89025, 83488, 90561, 63581, 77717, 74197, 27575, 58299, 53110, 73807, 71575, 26219, 35022, 49263, 13153, 34531, 51399, 44165, 26477, 4658, 89217, 10088, 77375, 38696, 57234, 69828, 27880, 19969, 12884, 48301, 32382, 79158, 72530, 2303, 28606, 30300, 17727, 74408, 82473, 74031, 47501, 28349, 67701, 75802, 89880, 6847, 37677, 42094, 59098, 33292, 25396, 1653, 33802, 37033, 82988, 18807, 34788, 32442, 21412, 79504, 70667, 67140, 188, 92567, 14712, 41955, 83231, 16604, 44261, 9248, 17311, 28714, 91679, 32487, 26287, 45537, 96338, 4907, 91004, 40305, 38855, 30113, 31802, 90368, 29632, 22399, 27504, 74924, 64570, 3170, 73381, 73608, 82107, 55004, 28453, 81413, 83401, 86827, 3755, 19280, 39809, 58531, 69352, 77285, 75236, 65692, 7596, 96792, 61193, 32718, 15171, 87988, 30166, 54746, 77236, 17432, 95331, 38981, 88240, 38898, 32172, 79555, 11740, 12372, 21314, 35314, 93047, 42158, 12888, 45757, 12444, 53196, 24354, 10754, 11298, 51034, 29460, 54561, 63362, 63137, 80288, 88200, 90124, 34341, 79738, 29507, 1371, 45727, 33233, 20038, 80414, 21940, 30707, 90006, 24595, 36850, 16424, 43356, 57374, 16541, 37502, 37384, 44186, 1581, 55147, 81574, 36342, 34700, 77319, 28025, 42804, 70814, 97334, 63170, 45671, 92728, 50865, 61805, 79230, 95797, 79382, 69832, 39248, 70970, 62614, 68180, 36578, 66699, 90803, 28447, 48009, 97357, 19944, 60879, 16057, 92445, 75982, 37067, 41406, 92224, 10099, 38077, 10238, 68458, 6537, 63778, 57556, 62039, 11823, 13270, 39382, 5448, 99101, 892, 8806, 21031, 7912, 86405, 50251, 88331, 79170, 19276, 48689, 73426, 83963, 98871, 32530, 19826, 24930, 70628, 89666, 23784, 22342, 79694, 80437, 28733, 99765, 7735, 65443, 39629, 65691, 45234, 52942, 70165, 64742, 7593, 35389, 38346, 53370, 1486, 63745, 59201, 84112, 82078, 59842, 55744, 6361, 15079, 910, 53287, 86305, 5582, 34924, 69056, 67927, 31852, 80811, 3497, 24763, 76576, 6447, 51921, 24582, 67902, 99777, 99703, 83341, 49007, 99280, 24090, 6799, 52732, 30031, 47977, 87252, 5024, 40270, 25148, 18576, 16321, 73258, 96568, 50330, 93058, 53931, 82548, 70345, 30377, 16363, 46283, 71917, 19219, 34599, 59905, 76185, 99134, 52728, 85779, 32717, 4809, 23223, 7767, 36688, 17927, 33222, 5461, 58987, 99150, 82453, 68878, 27439, 92942, 79331, 71474, 34897, 35197, 84658, 51810, 88051, 90117, 15640, 25537, 1192, 5758, 16919, 16570, 54940, 71350, 57863, 28374, 25430, 96910, 25138, 30623, 84961, 23541, 35862, 94330, 34467, 45322, 3068, 32691, 19717, 72709, 77504, 12874, 8035, 4199, 32629, 29326, 50091, 4290, 69037, 67868, 4858, 18189, 81289, 10537, 34484, 97761, 36705, 52886, 29677, 92414, 65300, 4493, 83991, 25685, 6104, 23112, 72137, 96757, 13483, 18308, 221, 14358, 49795, 76044, 65013, 87872, 95304, 14399, 812, 64706, 60775, 65656, 55460, 64130, 33001, 14835, 17431, 45023, 79744, 46149, 17211, 1932, 89664, 35867, 75834, 45835, 33920, 51887, 56077, 57612, 3201, 66246, 43129, 72962, 59486, 41799, 36083, 78794, 55644, 16064, 47916, 43687, 87424, 99482, 17585, 78994, 36067, 56930, 68493, 83129, 64732, 86546, 74055, 94524, 52064, 83683, 31321, 53390, 89787, 97909, 96890, 42138, 43171, 63419, 72477, 642, 72325, 14142, 88837, 64298, 53853, 33912, 90976, 51351, 53580, 44520, 1115, 7377, 51291, 91564, 16199, 86922, 17805, 85895, 43694, 18547, 43604, 34423, 97118, 34445, 84791, 71375, 31055, 9941, 27422, 27295, 25492, 21731, 54058, 56103, 74702, 88389, 39787, 83292, 56321, 80058, 48446, 90534, 99020, 53183, 57349, 5351, 62399, 11726, 72703, 23079, 88458, 14886, 42115, 37381, 53447, 80416, 75451, 17441, 22787, 25968, 37997, 43457, 70409, 3144, 30291, 27680, 46416, 33566, 93834, 69479, 8313, 69016, 56653]})"
32.0,9,38,92,43.48531889915466,210,"Genotype(dna={""<class 'abc.NT_0014'>"": [0, 9891], ""<class 'abc.NT_0014_P_00000'>"": [], ""<class 'abc.NT_0003'>"": [], ""<class 'abc.NT_0003_P_00000'>"": [], ""<class 'bool'>"": [34892, 53838, 93055, 22069, 78539, 27596, 11504, 95280, 56278, 13913, 91591, 97012, 50516, 84139, 91601, 80048, 36855, 76229, 96396, 90534, 62399, 56318, 86613, 30291, 93834, 69479, 91703], ""<class 'abc.NT_0000'>"": [0, 2, 3, 0, 0, 66646, 24329, 0, 57112, 0, 0, 0, 96236, 19448, 3, 67907, 2, 0, 61061, 0, 47365, 65468, 40560, 0, 1, 35560, 2, 0, 2, 6530, 90460, 0, 0, 0, 1053, 51537, 23729, 3136, 21603, 1290, 82817, 25314, 57349, 5351, 72703, 23079, 41017, 74148, 17441, 6983, 25968, 74036, 43457, 70409, 70746], ""<class 'abc.NT_0000_P_00000'>"": [], ""<class 'int'>"": [11527, 89970, 57184, 94912, 12901, 2737, 25019, 94292, 7422, 84436, 79517, 92390, 83981, 41079, 54502, 66359, 45824, 66531, 20954, 87223, 18331, 85267, 30558, 83139, 26738, 4868, 77382, 79248, 84283, 30291, 69479, 56653, 51366, 23356, 63194, 54071, 7575, 38385], ""<class 'abc.NT_0000_P_00001'>"": [], ""<class 'abc.NT_0000_P_00002'>"": [], ""<class 'abc.NT_0000_P_00003'>"": [], ""<class 'abc.NT_0001'>"": [1, 99233, 59169, 80416, 13326, 80335, 56653], ""<class 'abc.NT_0001_P_00000'>"": [], ""<class 'abc.NT_0001_P_00001'>"": [], ""<class 'abc.NT_0001_P_00002'>"": [], ""<class 'abc.NT_0001_P_00003'>"": [], ""<class 'abc.NT_0001_P_00004'>"": [], ""<class 'abc.NT_0001_P_00005'>"": [], ""<class 'abc.NT_0001_P_00006'>"": [], ""<class 'abc.NT_0003_P_00001'>"": [], ""<class 'abc.NT_0002'>"": [0, 63043], ""<class 'abc.NT_0002_P_00000'>"": [], ""<class 'abc.NT_0002_P_00001'>"": [], ""<class 'abc.NT_0002_P_00002'>"": [], ""<class 'abc.NT_0002_P_00003'>"": [], ""<class 'abc.NT_0004'>"": [], ""<class 'abc.NT_0004_P_00000'>"": [], ""<class 'abc.NT_0014_P_00001'>"": [], ""<class 'abc.NT_0013'>"": [31174, 87753, 70326], ""<class 'abc.NT_0013_P_00000'>"": [], ""<class 'abc.NT_0011'>"": [1, 98607], ""<class 'abc.NT_0011_P_00000'>"": [], ""<class 'abc.NT_0011_P_00001'>"": [], ""<class 'abc.NT_0008'>"": [56358, 25492], ""<class 'abc.NT_0008_P_00000'>"": [], ""<class 'abc.NT_0005'>"": [65439, 70998], ""<class 'abc.NT_0005_P_00000'>"": [], ""<class 'abc.NT_0005_P_00001'>"": [], ""<class 'abc.NT_0007'>"": [63976, 27295], ""<class 'abc.NT_0007_P_00000'>"": [], ""<class 'abc.NT_0006'>"": [51447, 91312], ""<class 'abc.NT_0006_P_00000'>"": [], ""<class 'abc.NT_0006_P_00001'>"": [], ""<class 'abc.NT_0007_P_00001'>"": [], ""<class 'abc.NT_0007_P_00002'>"": [], ""<class 'abc.NT_0007_P_00003'>"": [], ""<class 'abc.NT_0008_P_00001'>"": [], ""<class 'abc.NT_0009'>"": [8, 58070, 39787], ""<class 'abc.NT_0009_P_00000'>"": [], ""<class 'abc.NT_0009_P_00001'>"": [], ""<class 'abc.NT_0009_P_00002'>"": [], ""<class 'abc.NT_0009_P_00003'>"": [], ""<class 'abc.NT_0009_P_00004'>"": [], ""<class 'abc.NT_0009_P_00005'>"": [], ""<class 'abc.NT_0009_P_00006'>"": [], ""<class 'abc.NT_0009_P_00007'>"": [], ""<class 'abc.NT_0009_P_00008'>"": [], ""<class 'abc.NT_0011_P_00002'>"": [], ""<class 'abc.NT_0010'>"": [53447, 75927], ""<class 'abc.NT_0010_P_00000'>"": [], ""<class 'abc.NT_0010_P_00001'>"": [], ""<class 'abc.NT_0010_P_00002'>"": [], ""<class 'abc.NT_0010_P_00003'>"": [], ""<class 'abc.NT_0010_P_00004'>"": [], ""<class 'abc.NT_0010_P_00005'>"": [], ""<class 'abc.NT_0011_P_00003'>"": [], ""<class 'abc.NT_0011_P_00004'>"": [], ""<class 'abc.NT_0011_P_00005'>"": [], ""<class 'abc.NT_0011_P_00006'>"": [], ""<class 'abc.NT_0011_P_00007'>"": [], ""<class 'abc.NT_0011_P_00008'>"": [], ""<class 'abc.NT_0011_P_00009'>"": [], ""<class 'abc.NT_0014_P_00002'>"": [], ""<class 'abc.NT_0014_P_00003'>"": [], ""<class 'abc.NT_0014_P_00004'>"": [], '$leftovers': [612, 51366, 29977, 7941, 62781, 93978, 48081, 63396, 57279, 63194, 37786, 54499, 54071, 7255, 805, 91855, 9788, 55863, 13874, 90931, 38385, 43619, 36227, 61359, 25033, 26828, 94952, 78514, 81573, 7035, 57599, 63649, 37284, 79243, 23816, 36097, 45176, 45221, 21659, 73410, 77378, 61609, 53485, 83091, 55364, 804, 37863, 62128, 64631, 84523, 68409, 46658, 59869, 22948, 53816, 17703, 86036, 23930, 54711, 27159, 47907, 22129, 19429, 11704, 67050, 80298, 69224, 57646, 14733, 44317, 85077, 74191, 78264, 27076, 89776, 5196, 46711, 95884, 100000, 42859, 92197, 62164, 34041, 96434, 9186, 84986, 23729, 32442, 9078, 30947, 10584, 90176, 39265, 2903, 26641, 17813, 64068, 47390, 53496, 84055, 91192, 43627, 10978, 20051, 63072, 17541, 52384, 82602, 2071, 73349, 76496, 93237, 90746, 94169, 1089, 1963, 87259, 78716, 97251, 74560, 92319, 88430, 30065, 35943, 26646, 58575, 20564, 68822, 1955, 11977, 701, 8879, 51642, 65013, 37021, 8254, 64968, 54544, 55206, 50487, 94823, 39401, 11005, 50507, 4078, 47520, 40046, 60171, 93652, 930, 40344, 61205, 60575, 32914, 87845, 18974, 88335, 23738, 9159, 67945, 35873, 79289, 92027, 47069, 50717, 19269, 86431, 12677, 1847, 82569, 10719, 49874, 57438, 74245, 9728, 35214, 60927, 50418, 3072, 33653, 84097, 10451, 10948, 43565, 35042, 52901, 60373, 71523, 99916, 21066, 31862, 7158, 61957, 29065, 73503, 77066, 90914, 2224, 23949, 58836, 36313, 52163, 15402, 95181, 97248, 72223, 64484, 31579, 7361, 13133, 8559, 5315, 12957, 97480, 15964, 47289, 18201, 64048, 38836, 23949, 65274, 81688, 15908, 97641, 68909, 88194, 58203, 54156, 17884, 17015, 98114, 85070, 44487, 35609, 43946, 13163, 68656, 46368, 64590, 40998, 4333, 23209, 48312, 91519, 45912, 95154, 82162, 65190, 2680, 41571, 50993, 530, 20715, 62325, 69130, 87411, 51896, 25041, 1061, 92007, 16083, 61009, 22448, 76926, 40530, 5740, 65551, 74307, 70243, 88860, 56449, 62236, 73737, 14864, 20769, 33438, 2720, 19958, 14224, 62871, 11924, 4195, 94579, 90772, 15850, 32394, 39534, 94217, 24432, 49736, 19142, 95031, 91556, 84878, 36003, 82744, 39005, 77560, 67854, 74174, 65238, 42610, 38442, 5045, 8394, 50169, 85223, 39318, 11999, 19698, 62218, 20982, 75579, 83921, 36322, 81232, 74890, 79155, 7974, 87957, 31618, 15302, 46288, 41529, 54402, 51898, 8904, 68466, 16655, 33307, 87657, 62302, 99805, 94712, 27432, 6792, 318, 28470, 61849, 26074, 24481, 33234, 11701, 90978, 8418, 34547, 73073, 14229, 92931, 45528, 46305, 58234, 95428, 52910, 64691, 89529, 6125, 95529, 23717, 34258, 15039, 26343, 25322, 18533, 87153, 22501, 24377, 93511, 91108, 66007, 60481, 95208, 62676, 92031, 61249, 21040, 27224, 8088, 84181, 33593, 86548, 72607, 12800, 5611, 73844, 6692, 65230, 36526, 2469, 35635, 48449, 14719, 78189, 85243, 55844, 24071, 23788, 78878, 22883, 30166, 25797, 10713, 24202, 63862, 69116, 6614, 65627, 74821, 9118, 52050, 1045, 85212, 62012, 89898, 79364, 88858, 96964, 35830, 60888, 26734, 88556, 30404, 7619, 80278, 68622, 93232, 34306, 31485, 56275, 18665, 75621, 64839, 93770, 28199, 22239, 59130, 77628, 99168, 70420, 75781, 62501, 671, 82149, 26309, 8026, 6187, 34342, 77941, 96327, 7003, 65713, 2941, 26673, 45799, 5550, 98918, 65458, 56546, 58743, 93533, 64790, 30347, 32662, 73325, 77970, 21733, 35559, 73040, 79043, 59441, 82022, 37637, 7661, 94041, 96708, 7898, 70255, 89025, 83488, 90561, 63581, 77717, 74197, 27575, 58299, 53110, 73807, 71575, 26219, 35022, 49263, 13153, 34531, 51399, 44165, 26477, 4658, 89217, 10088, 77375, 38696, 57234, 69828, 27880, 19969, 12884, 48301, 32382, 79158, 72530, 2303, 28606, 30300, 17727, 74408, 82473, 74031, 47501, 28349, 67701, 75802, 89880, 6847, 37677, 42094, 59098, 33292, 25396, 1653, 33802, 37033, 82988, 18807, 34788, 32442, 21412, 79504, 70667, 67140, 188, 92567, 14712, 41955, 83231, 16604, 44261, 9248, 17311, 28714, 91679, 32487, 26287, 45537, 96338, 4907, 91004, 40305, 38855, 30113, 31802, 90368, 29632, 22399, 27504, 74924, 64570, 3170, 73381, 73608, 82107, 55004, 28453, 81413, 83401, 86827, 3755, 19280, 39809, 58531, 69352, 77285, 75236, 65692, 7596, 96792, 61193, 32718, 15171, 87988, 30166, 54746, 77236, 17432, 95331, 38981, 88240, 38898, 32172, 79555, 11740, 12372, 21314, 35314, 93047, 42158, 12888, 45757, 12444, 53196, 24354, 10754, 11298, 51034, 29460, 54561, 63362, 63137, 80288, 88200, 90124, 34341, 79738, 29507, 1371, 45727, 33233, 20038, 80414, 21940, 30707, 90006, 24595, 36850, 16424, 43356, 57374, 16541, 37502, 37384, 44186, 1581, 55147, 81574, 36342, 34700, 77319, 28025, 42804, 70814, 97334, 63170, 45671, 92728, 50865, 61805, 79230, 95797, 79382, 69832, 39248, 70970, 62614, 68180, 36578, 66699, 90803, 28447, 48009, 97357, 19944, 60879, 16057, 92445, 75982, 37067, 41406, 92224, 10099, 38077, 10238, 68458, 6537, 63778, 57556, 62039, 11823, 13270, 39382, 5448, 99101, 892, 8806, 21031, 7912, 86405, 50251, 88331, 79170, 19276, 48689, 73426, 83963, 98871, 32530, 19826, 24930, 70628, 89666, 23784, 22342, 79694, 80437, 28733, 99765, 7735, 65443, 39629, 65691, 45234, 52942, 70165, 64742, 7593, 35389, 38346, 53370, 1486, 63745, 59201, 84112, 82078, 59842, 55744, 6361, 15079, 910, 53287, 86305, 5582, 34924, 69056, 67927, 31852, 80811, 3497, 24763, 76576, 6447, 51921, 24582, 67902, 99777, 99703, 83341, 49007, 99280, 24090, 6799, 52732, 30031, 47977, 87252, 5024, 40270, 25148, 18576, 16321, 73258, 96568, 50330, 93058, 53931, 82548, 70345, 30377, 16363, 46283, 71917, 19219, 34599, 59905, 76185, 99134, 52728, 85779, 32717, 4809, 23223, 7767, 36688, 17927, 33222, 5461, 58987, 99150, 82453, 68878, 27439, 92942, 79331, 71474, 34897, 35197, 84658, 51810, 88051, 90117, 15640, 25537, 1192, 5758, 16919, 16570, 54940, 71350, 57863, 28374, 25430, 96910, 25138, 30623, 84961, 23541, 35862, 94330, 34467, 45322, 3068, 32691, 19717, 72709, 77504, 12874, 8035, 4199, 32629, 29326, 50091, 4290, 69037, 67868, 4858, 18189, 81289, 10537, 34484, 97761, 36705, 52886, 29677, 92414, 65300, 4493, 83991, 25685, 6104, 23112, 72137, 96757, 13483, 18308, 221, 14358, 49795, 76044, 65013, 87872, 95304, 14399, 812, 64706, 60775, 65656, 55460, 64130, 33001, 14835, 17431, 45023, 79744, 46149, 17211, 1932, 89664, 35867, 75834, 45835, 33920, 51887, 56077, 57612, 3201, 66246, 43129, 72962, 59486, 41799, 36083, 78794, 55644, 16064, 47916, 43687, 87424, 99482, 17585, 78994, 36067, 56930, 68493, 83129, 64732, 86546, 74055, 94524, 52064, 83683, 31321, 53390, 89787, 97909, 96890, 42138, 43171, 63419, 72477, 642, 72325, 14142, 88837, 64298, 53853, 33912, 90976, 51351, 53580, 44520, 1115, 7377, 51291, 91564, 16199, 86922, 17805, 85895, 43694, 18547, 43604, 34423, 97118, 34445, 84791, 71375, 31055, 9941, 27422, 27295, 25492, 21731, 54058, 56103, 74702, 88389, 39787, 83292, 56321, 80058, 48446, 90534, 99020, 53183, 57349, 5351, 62399, 11726, 72703, 23079, 88458, 14886, 42115, 37381, 53447, 80416, 75451, 17441, 22787, 25968, 37997, 43457, 70409, 3144, 30291, 27680, 46416, 33566, 93834, 69479, 8313, 69016, 56653]})"
32.0,9,38,93,43.72514843940735,210,"Genotype(dna={""<class 'abc.NT_0014'>"": [0, 9891], ""<class 'abc.NT_0014_P_00000'>"": [], ""<class 'abc.NT_0003'>"": [], ""<class 'abc.NT_0003_P_00000'>"": [], ""<class 'bool'>"": [34892, 53838, 93055, 22069, 78539, 27596, 11504, 95280, 56278, 13913, 91591, 97012, 50516, 84139, 91601, 80048, 36855, 76229, 96396, 90534, 62399, 56318, 86613, 30291, 93834, 69479, 91703], ""<class 'abc.NT_0000'>"": [0, 2, 3, 0, 0, 66646, 24329, 0, 57112, 0, 0, 0, 96236, 19448, 3, 67907, 2, 0, 61061, 0, 47365, 65468, 40560, 0, 1, 35560, 2, 0, 2, 6530, 90460, 0, 0, 0, 1053, 51537, 23729, 3136, 21603, 1290, 82817, 25314, 57349, 5351, 72703, 23079, 41017, 74148, 17441, 6983, 25968, 74036, 43457, 70409, 70746], ""<class 'abc.NT_0000_P_00000'>"": [], ""<class 'int'>"": [11527, 89970, 57184, 94912, 12901, 2737, 25019, 94292, 7422, 84436, 79517, 92390, 83981, 41079, 54502, 66359, 45824, 66531, 20954, 87223, 18331, 85267, 30558, 83139, 26738, 4868, 77382, 79248, 84283, 30291, 69479, 56653, 51366, 23356, 63194, 54071, 7575, 38385], ""<class 'abc.NT_0000_P_00001'>"": [], ""<class 'abc.NT_0000_P_00002'>"": [], ""<class 'abc.NT_0000_P_00003'>"": [], ""<class 'abc.NT_0001'>"": [1, 99233, 59169, 80416, 13326, 80335, 56653], ""<class 'abc.NT_0001_P_00000'>"": [], ""<class 'abc.NT_0001_P_00001'>"": [], ""<class 'abc.NT_0001_P_00002'>"": [], ""<class 'abc.NT_0001_P_00003'>"": [], ""<class 'abc.NT_0001_P_00004'>"": [], ""<class 'abc.NT_0001_P_00005'>"": [], ""<class 'abc.NT_0001_P_00006'>"": [], ""<class 'abc.NT_0003_P_00001'>"": [], ""<class 'abc.NT_0002'>"": [0, 63043], ""<class 'abc.NT_0002_P_00000'>"": [], ""<class 'abc.NT_0002_P_00001'>"": [], ""<class 'abc.NT_0002_P_00002'>"": [], ""<class 'abc.NT_0002_P_00003'>"": [], ""<class 'abc.NT_0004'>"": [], ""<class 'abc.NT_0004_P_00000'>"": [], ""<class 'abc.NT_0014_P_00001'>"": [], ""<class 'abc.NT_0013'>"": [31174, 87753, 70326], ""<class 'abc.NT_0013_P_00000'>"": [], ""<class 'abc.NT_0011'>"": [1, 98607], ""<class 'abc.NT_0011_P_00000'>"": [], ""<class 'abc.NT_0011_P_00001'>"": [], ""<class 'abc.NT_0008'>"": [56358, 25492], ""<class 'abc.NT_0008_P_00000'>"": [], ""<class 'abc.NT_0005'>"": [65439, 70998], ""<class 'abc.NT_0005_P_00000'>"": [], ""<class 'abc.NT_0005_P_00001'>"": [], ""<class 'abc.NT_0007'>"": [63976, 27295], ""<class 'abc.NT_0007_P_00000'>"": [], ""<class 'abc.NT_0006'>"": [51447, 91312], ""<class 'abc.NT_0006_P_00000'>"": [], ""<class 'abc.NT_0006_P_00001'>"": [], ""<class 'abc.NT_0007_P_00001'>"": [], ""<class 'abc.NT_0007_P_00002'>"": [], ""<class 'abc.NT_0007_P_00003'>"": [], ""<class 'abc.NT_0008_P_00001'>"": [], ""<class 'abc.NT_0009'>"": [8, 58070, 39787], ""<class 'abc.NT_0009_P_00000'>"": [], ""<class 'abc.NT_0009_P_00001'>"": [], ""<class 'abc.NT_0009_P_00002'>"": [], ""<class 'abc.NT_0009_P_00003'>"": [], ""<class 'abc.NT_0009_P_00004'>"": [], ""<class 'abc.NT_0009_P_00005'>"": [], ""<class 'abc.NT_0009_P_00006'>"": [], ""<class 'abc.NT_0009_P_00007'>"": [], ""<class 'abc.NT_0009_P_00008'>"": [], ""<class 'abc.NT_0011_P_00002'>"": [], ""<class 'abc.NT_0010'>"": [53447, 75927], ""<class 'abc.NT_0010_P_00000'>"": [], ""<class 'abc.NT_0010_P_00001'>"": [], ""<class 'abc.NT_0010_P_00002'>"": [], ""<class 'abc.NT_0010_P_00003'>"": [], ""<class 'abc.NT_0010_P_00004'>"": [], ""<class 'abc.NT_0010_P_00005'>"": [], ""<class 'abc.NT_0011_P_00003'>"": [], ""<class 'abc.NT_0011_P_00004'>"": [], ""<class 'abc.NT_0011_P_00005'>"": [], ""<class 'abc.NT_0011_P_00006'>"": [], ""<class 'abc.NT_0011_P_00007'>"": [], ""<class 'abc.NT_0011_P_00008'>"": [], ""<class 'abc.NT_0011_P_00009'>"": [], ""<class 'abc.NT_0014_P_00002'>"": [], ""<class 'abc.NT_0014_P_00003'>"": [], ""<class 'abc.NT_0014_P_00004'>"": [], '$leftovers': [612, 51366, 29977, 7941, 62781, 93978, 48081, 63396, 57279, 63194, 37786, 54499, 54071, 7255, 805, 91855, 9788, 55863, 13874, 90931, 38385, 43619, 36227, 61359, 25033, 26828, 94952, 78514, 81573, 7035, 57599, 63649, 37284, 79243, 23816, 36097, 45176, 45221, 21659, 73410, 77378, 61609, 53485, 83091, 55364, 804, 37863, 62128, 64631, 84523, 68409, 46658, 59869, 22948, 53816, 17703, 86036, 23930, 54711, 27159, 47907, 22129, 19429, 11704, 67050, 80298, 69224, 57646, 14733, 44317, 85077, 74191, 78264, 27076, 89776, 5196, 46711, 95884, 100000, 42859, 92197, 62164, 34041, 96434, 9186, 84986, 23729, 32442, 9078, 30947, 10584, 90176, 39265, 2903, 26641, 17813, 64068, 47390, 53496, 84055, 91192, 43627, 10978, 20051, 63072, 17541, 52384, 82602, 2071, 73349, 76496, 93237, 90746, 94169, 1089, 1963, 87259, 78716, 97251, 74560, 92319, 88430, 30065, 35943, 26646, 58575, 20564, 68822, 1955, 11977, 701, 8879, 51642, 65013, 37021, 8254, 64968, 54544, 55206, 50487, 94823, 39401, 11005, 50507, 4078, 47520, 40046, 60171, 93652, 930, 40344, 61205, 60575, 32914, 87845, 18974, 88335, 23738, 9159, 67945, 35873, 79289, 92027, 47069, 50717, 19269, 86431, 12677, 1847, 82569, 10719, 49874, 57438, 74245, 9728, 35214, 60927, 50418, 3072, 33653, 84097, 10451, 10948, 43565, 35042, 52901, 60373, 71523, 99916, 21066, 31862, 7158, 61957, 29065, 73503, 77066, 90914, 2224, 23949, 58836, 36313, 52163, 15402, 95181, 97248, 72223, 64484, 31579, 7361, 13133, 8559, 5315, 12957, 97480, 15964, 47289, 18201, 64048, 38836, 23949, 65274, 81688, 15908, 97641, 68909, 88194, 58203, 54156, 17884, 17015, 98114, 85070, 44487, 35609, 43946, 13163, 68656, 46368, 64590, 40998, 4333, 23209, 48312, 91519, 45912, 95154, 82162, 65190, 2680, 41571, 50993, 530, 20715, 62325, 69130, 87411, 51896, 25041, 1061, 92007, 16083, 61009, 22448, 76926, 40530, 5740, 65551, 74307, 70243, 88860, 56449, 62236, 73737, 14864, 20769, 33438, 2720, 19958, 14224, 62871, 11924, 4195, 94579, 90772, 15850, 32394, 39534, 94217, 24432, 49736, 19142, 95031, 91556, 84878, 36003, 82744, 39005, 77560, 67854, 74174, 65238, 42610, 38442, 5045, 8394, 50169, 85223, 39318, 11999, 19698, 62218, 20982, 75579, 83921, 36322, 81232, 74890, 79155, 7974, 87957, 31618, 15302, 46288, 41529, 54402, 51898, 8904, 68466, 16655, 33307, 87657, 62302, 99805, 94712, 27432, 6792, 318, 28470, 61849, 26074, 24481, 33234, 11701, 90978, 8418, 34547, 73073, 14229, 92931, 45528, 46305, 58234, 95428, 52910, 64691, 89529, 6125, 95529, 23717, 34258, 15039, 26343, 25322, 18533, 87153, 22501, 24377, 93511, 91108, 66007, 60481, 95208, 62676, 92031, 61249, 21040, 27224, 8088, 84181, 33593, 86548, 72607, 12800, 5611, 73844, 6692, 65230, 36526, 2469, 35635, 48449, 14719, 78189, 85243, 55844, 24071, 23788, 78878, 22883, 30166, 25797, 10713, 24202, 63862, 69116, 6614, 65627, 74821, 9118, 52050, 1045, 85212, 62012, 89898, 79364, 88858, 96964, 35830, 60888, 26734, 88556, 30404, 7619, 80278, 68622, 93232, 34306, 31485, 56275, 18665, 75621, 64839, 93770, 28199, 22239, 59130, 77628, 99168, 70420, 75781, 62501, 671, 82149, 26309, 8026, 6187, 34342, 77941, 96327, 7003, 65713, 2941, 26673, 45799, 5550, 98918, 65458, 56546, 58743, 93533, 64790, 30347, 32662, 73325, 77970, 21733, 35559, 73040, 79043, 59441, 82022, 37637, 7661, 94041, 96708, 7898, 70255, 89025, 83488, 90561, 63581, 77717, 74197, 27575, 58299, 53110, 73807, 71575, 26219, 35022, 49263, 13153, 34531, 51399, 44165, 26477, 4658, 89217, 10088, 77375, 38696, 57234, 69828, 27880, 19969, 12884, 48301, 32382, 79158, 72530, 2303, 28606, 30300, 17727, 74408, 82473, 74031, 47501, 28349, 67701, 75802, 89880, 6847, 37677, 42094, 59098, 33292, 25396, 1653, 33802, 37033, 82988, 18807, 34788, 32442, 21412, 79504, 70667, 67140, 188, 92567, 14712, 41955, 83231, 16604, 44261, 9248, 17311, 28714, 91679, 32487, 26287, 45537, 96338, 4907, 91004, 40305, 38855, 30113, 31802, 90368, 29632, 22399, 27504, 74924, 64570, 3170, 73381, 73608, 82107, 55004, 28453, 81413, 83401, 86827, 3755, 19280, 39809, 58531, 69352, 77285, 75236, 65692, 7596, 96792, 61193, 32718, 15171, 87988, 30166, 54746, 77236, 17432, 95331, 38981, 88240, 38898, 32172, 79555, 11740, 12372, 21314, 35314, 93047, 42158, 12888, 45757, 12444, 53196, 24354, 10754, 11298, 51034, 29460, 54561, 63362, 63137, 80288, 88200, 90124, 34341, 79738, 29507, 1371, 45727, 33233, 20038, 80414, 21940, 30707, 90006, 24595, 36850, 16424, 43356, 57374, 16541, 37502, 37384, 44186, 1581, 55147, 81574, 36342, 34700, 77319, 28025, 42804, 70814, 97334, 63170, 45671, 92728, 50865, 61805, 79230, 95797, 79382, 69832, 39248, 70970, 62614, 68180, 36578, 66699, 90803, 28447, 48009, 97357, 19944, 60879, 16057, 92445, 75982, 37067, 41406, 92224, 10099, 38077, 10238, 68458, 6537, 63778, 57556, 62039, 11823, 13270, 39382, 5448, 99101, 892, 8806, 21031, 7912, 86405, 50251, 88331, 79170, 19276, 48689, 73426, 83963, 98871, 32530, 19826, 24930, 70628, 89666, 23784, 22342, 79694, 80437, 28733, 99765, 7735, 65443, 39629, 65691, 45234, 52942, 70165, 64742, 7593, 35389, 38346, 53370, 1486, 63745, 59201, 84112, 82078, 59842, 55744, 6361, 15079, 910, 53287, 86305, 5582, 34924, 69056, 67927, 31852, 80811, 3497, 24763, 76576, 6447, 51921, 24582, 67902, 99777, 99703, 83341, 49007, 99280, 24090, 6799, 52732, 30031, 47977, 87252, 5024, 40270, 25148, 18576, 16321, 73258, 96568, 50330, 93058, 53931, 82548, 70345, 30377, 16363, 46283, 71917, 19219, 34599, 59905, 76185, 99134, 52728, 85779, 32717, 4809, 23223, 7767, 36688, 17927, 33222, 5461, 58987, 99150, 82453, 68878, 27439, 92942, 79331, 71474, 34897, 35197, 84658, 51810, 88051, 90117, 15640, 25537, 1192, 5758, 16919, 16570, 54940, 71350, 57863, 28374, 25430, 96910, 25138, 30623, 84961, 23541, 35862, 94330, 34467, 45322, 3068, 32691, 19717, 72709, 77504, 12874, 8035, 4199, 32629, 29326, 50091, 4290, 69037, 67868, 4858, 18189, 81289, 10537, 34484, 97761, 36705, 52886, 29677, 92414, 65300, 4493, 83991, 25685, 6104, 23112, 72137, 96757, 13483, 18308, 221, 14358, 49795, 76044, 65013, 87872, 95304, 14399, 812, 64706, 60775, 65656, 55460, 64130, 33001, 14835, 17431, 45023, 79744, 46149, 17211, 1932, 89664, 35867, 75834, 45835, 33920, 51887, 56077, 57612, 3201, 66246, 43129, 72962, 59486, 41799, 36083, 78794, 55644, 16064, 47916, 43687, 87424, 99482, 17585, 78994, 36067, 56930, 68493, 83129, 64732, 86546, 74055, 94524, 52064, 83683, 31321, 53390, 89787, 97909, 96890, 42138, 43171, 63419, 72477, 642, 72325, 14142, 88837, 64298, 53853, 33912, 90976, 51351, 53580, 44520, 1115, 7377, 51291, 91564, 16199, 86922, 17805, 85895, 43694, 18547, 43604, 34423, 97118, 34445, 84791, 71375, 31055, 9941, 27422, 27295, 25492, 21731, 54058, 56103, 74702, 88389, 39787, 83292, 56321, 80058, 48446, 90534, 99020, 53183, 57349, 5351, 62399, 11726, 72703, 23079, 88458, 14886, 42115, 37381, 53447, 80416, 75451, 17441, 22787, 25968, 37997, 43457, 70409, 3144, 30291, 27680, 46416, 33566, 93834, 69479, 8313, 69016, 56653]})"
32.0,9,38,94,43.96326398849487,210,"Genotype(dna={""<class 'abc.NT_0014'>"": [0, 9891], ""<class 'abc.NT_0014_P_00000'>"": [], ""<class 'abc.NT_0003'>"": [], ""<class 'abc.NT_0003_P_00000'>"": [], ""<class 'bool'>"": [34892, 53838, 93055, 22069, 78539, 27596, 11504, 95280, 56278, 13913, 91591, 97012, 50516, 84139, 91601, 80048, 36855, 76229, 96396, 90534, 62399, 56318, 86613, 30291, 93834, 69479, 91703], ""<class 'abc.NT_0000'>"": [0, 2, 3, 0, 0, 66646, 24329, 0, 57112, 0, 0, 0, 96236, 19448, 3, 67907, 2, 0, 61061, 0, 47365, 65468, 40560, 0, 1, 35560, 2, 0, 2, 6530, 90460, 0, 0, 0, 1053, 51537, 23729, 3136, 21603, 1290, 82817, 25314, 57349, 5351, 72703, 23079, 41017, 74148, 17441, 6983, 25968, 74036, 43457, 70409, 70746], ""<class 'abc.NT_0000_P_00000'>"": [], ""<class 'int'>"": [11527, 89970, 57184, 94912, 12901, 2737, 25019, 94292, 7422, 84436, 79517, 92390, 83981, 41079, 54502, 66359, 45824, 66531, 20954, 87223, 18331, 85267, 30558, 83139, 26738, 4868, 77382, 79248, 84283, 30291, 69479, 56653, 51366, 23356, 63194, 54071, 7575, 38385], ""<class 'abc.NT_0000_P_00001'>"": [], ""<class 'abc.NT_0000_P_00002'>"": [], ""<class 'abc.NT_0000_P_00003'>"": [], ""<class 'abc.NT_0001'>"": [1, 99233, 59169, 80416, 13326, 80335, 56653], ""<class 'abc.NT_0001_P_00000'>"": [], ""<class 'abc.NT_0001_P_00001'>"": [], ""<class 'abc.NT_0001_P_00002'>"": [], ""<class 'abc.NT_0001_P_00003'>"": [], ""<class 'abc.NT_0001_P_00004'>"": [], ""<class 'abc.NT_0001_P_00005'>"": [], ""<class 'abc.NT_0001_P_00006'>"": [], ""<class 'abc.NT_0003_P_00001'>"": [], ""<class 'abc.NT_0002'>"": [0, 63043], ""<class 'abc.NT_0002_P_00000'>"": [], ""<class 'abc.NT_0002_P_00001'>"": [], ""<class 'abc.NT_0002_P_00002'>"": [], ""<class 'abc.NT_0002_P_00003'>"": [], ""<class 'abc.NT_0004'>"": [], ""<class 'abc.NT_0004_P_00000'>"": [], ""<class 'abc.NT_0014_P_00001'>"": [], ""<class 'abc.NT_0013'>"": [31174, 87753, 70326], ""<class 'abc.NT_0013_P_00000'>"": [], ""<class 'abc.NT_0011'>"": [1, 98607], ""<class 'abc.NT_0011_P_00000'>"": [], ""<class 'abc.NT_0011_P_00001'>"": [], ""<class 'abc.NT_0008'>"": [56358, 25492], ""<class 'abc.NT_0008_P_00000'>"": [], ""<class 'abc.NT_0005'>"": [65439, 70998], ""<class 'abc.NT_0005_P_00000'>"": [], ""<class 'abc.NT_0005_P_00001'>"": [], ""<class 'abc.NT_0007'>"": [63976, 27295], ""<class 'abc.NT_0007_P_00000'>"": [], ""<class 'abc.NT_0006'>"": [51447, 91312], ""<class 'abc.NT_0006_P_00000'>"": [], ""<class 'abc.NT_0006_P_00001'>"": [], ""<class 'abc.NT_0007_P_00001'>"": [], ""<class 'abc.NT_0007_P_00002'>"": [], ""<class 'abc.NT_0007_P_00003'>"": [], ""<class 'abc.NT_0008_P_00001'>"": [], ""<class 'abc.NT_0009'>"": [8, 58070, 39787], ""<class 'abc.NT_0009_P_00000'>"": [], ""<class 'abc.NT_0009_P_00001'>"": [], ""<class 'abc.NT_0009_P_00002'>"": [], ""<class 'abc.NT_0009_P_00003'>"": [], ""<class 'abc.NT_0009_P_00004'>"": [], ""<class 'abc.NT_0009_P_00005'>"": [], ""<class 'abc.NT_0009_P_00006'>"": [], ""<class 'abc.NT_0009_P_00007'>"": [], ""<class 'abc.NT_0009_P_00008'>"": [], ""<class 'abc.NT_0011_P_00002'>"": [], ""<class 'abc.NT_0010'>"": [53447, 75927], ""<class 'abc.NT_0010_P_00000'>"": [], ""<class 'abc.NT_0010_P_00001'>"": [], ""<class 'abc.NT_0010_P_00002'>"": [], ""<class 'abc.NT_0010_P_00003'>"": [], ""<class 'abc.NT_0010_P_00004'>"": [], ""<class 'abc.NT_0010_P_00005'>"": [], ""<class 'abc.NT_0011_P_00003'>"": [], ""<class 'abc.NT_0011_P_00004'>"": [], ""<class 'abc.NT_0011_P_00005'>"": [], ""<class 'abc.NT_0011_P_00006'>"": [], ""<class 'abc.NT_0011_P_00007'>"": [], ""<class 'abc.NT_0011_P_00008'>"": [], ""<class 'abc.NT_0011_P_00009'>"": [], ""<class 'abc.NT_0014_P_00002'>"": [], ""<class 'abc.NT_0014_P_00003'>"": [], ""<class 'abc.NT_0014_P_00004'>"": [], '$leftovers': [612, 51366, 29977, 7941, 62781, 93978, 48081, 63396, 57279, 63194, 37786, 54499, 54071, 7255, 805, 91855, 9788, 55863, 13874, 90931, 38385, 43619, 36227, 61359, 25033, 26828, 94952, 78514, 81573, 7035, 57599, 63649, 37284, 79243, 23816, 36097, 45176, 45221, 21659, 73410, 77378, 61609, 53485, 83091, 55364, 804, 37863, 62128, 64631, 84523, 68409, 46658, 59869, 22948, 53816, 17703, 86036, 23930, 54711, 27159, 47907, 22129, 19429, 11704, 67050, 80298, 69224, 57646, 14733, 44317, 85077, 74191, 78264, 27076, 89776, 5196, 46711, 95884, 100000, 42859, 92197, 62164, 34041, 96434, 9186, 84986, 23729, 32442, 9078, 30947, 10584, 90176, 39265, 2903, 26641, 17813, 64068, 47390, 53496, 84055, 91192, 43627, 10978, 20051, 63072, 17541, 52384, 82602, 2071, 73349, 76496, 93237, 90746, 94169, 1089, 1963, 87259, 78716, 97251, 74560, 92319, 88430, 30065, 35943, 26646, 58575, 20564, 68822, 1955, 11977, 701, 8879, 51642, 65013, 37021, 8254, 64968, 54544, 55206, 50487, 94823, 39401, 11005, 50507, 4078, 47520, 40046, 60171, 93652, 930, 40344, 61205, 60575, 32914, 87845, 18974, 88335, 23738, 9159, 67945, 35873, 79289, 92027, 47069, 50717, 19269, 86431, 12677, 1847, 82569, 10719, 49874, 57438, 74245, 9728, 35214, 60927, 50418, 3072, 33653, 84097, 10451, 10948, 43565, 35042, 52901, 60373, 71523, 99916, 21066, 31862, 7158, 61957, 29065, 73503, 77066, 90914, 2224, 23949, 58836, 36313, 52163, 15402, 95181, 97248, 72223, 64484, 31579, 7361, 13133, 8559, 5315, 12957, 97480, 15964, 47289, 18201, 64048, 38836, 23949, 65274, 81688, 15908, 97641, 68909, 88194, 58203, 54156, 17884, 17015, 98114, 85070, 44487, 35609, 43946, 13163, 68656, 46368, 64590, 40998, 4333, 23209, 48312, 91519, 45912, 95154, 82162, 65190, 2680, 41571, 50993, 530, 20715, 62325, 69130, 87411, 51896, 25041, 1061, 92007, 16083, 61009, 22448, 76926, 40530, 5740, 65551, 74307, 70243, 88860, 56449, 62236, 73737, 14864, 20769, 33438, 2720, 19958, 14224, 62871, 11924, 4195, 94579, 90772, 15850, 32394, 39534, 94217, 24432, 49736, 19142, 95031, 91556, 84878, 36003, 82744, 39005, 77560, 67854, 74174, 65238, 42610, 38442, 5045, 8394, 50169, 85223, 39318, 11999, 19698, 62218, 20982, 75579, 83921, 36322, 81232, 74890, 79155, 7974, 87957, 31618, 15302, 46288, 41529, 54402, 51898, 8904, 68466, 16655, 33307, 87657, 62302, 99805, 94712, 27432, 6792, 318, 28470, 61849, 26074, 24481, 33234, 11701, 90978, 8418, 34547, 73073, 14229, 92931, 45528, 46305, 58234, 95428, 52910, 64691, 89529, 6125, 95529, 23717, 34258, 15039, 26343, 25322, 18533, 87153, 22501, 24377, 93511, 91108, 66007, 60481, 95208, 62676, 92031, 61249, 21040, 27224, 8088, 84181, 33593, 86548, 72607, 12800, 5611, 73844, 6692, 65230, 36526, 2469, 35635, 48449, 14719, 78189, 85243, 55844, 24071, 23788, 78878, 22883, 30166, 25797, 10713, 24202, 63862, 69116, 6614, 65627, 74821, 9118, 52050, 1045, 85212, 62012, 89898, 79364, 88858, 96964, 35830, 60888, 26734, 88556, 30404, 7619, 80278, 68622, 93232, 34306, 31485, 56275, 18665, 75621, 64839, 93770, 28199, 22239, 59130, 77628, 99168, 70420, 75781, 62501, 671, 82149, 26309, 8026, 6187, 34342, 77941, 96327, 7003, 65713, 2941, 26673, 45799, 5550, 98918, 65458, 56546, 58743, 93533, 64790, 30347, 32662, 73325, 77970, 21733, 35559, 73040, 79043, 59441, 82022, 37637, 7661, 94041, 96708, 7898, 70255, 89025, 83488, 90561, 63581, 77717, 74197, 27575, 58299, 53110, 73807, 71575, 26219, 35022, 49263, 13153, 34531, 51399, 44165, 26477, 4658, 89217, 10088, 77375, 38696, 57234, 69828, 27880, 19969, 12884, 48301, 32382, 79158, 72530, 2303, 28606, 30300, 17727, 74408, 82473, 74031, 47501, 28349, 67701, 75802, 89880, 6847, 37677, 42094, 59098, 33292, 25396, 1653, 33802, 37033, 82988, 18807, 34788, 32442, 21412, 79504, 70667, 67140, 188, 92567, 14712, 41955, 83231, 16604, 44261, 9248, 17311, 28714, 91679, 32487, 26287, 45537, 96338, 4907, 91004, 40305, 38855, 30113, 31802, 90368, 29632, 22399, 27504, 74924, 64570, 3170, 73381, 73608, 82107, 55004, 28453, 81413, 83401, 86827, 3755, 19280, 39809, 58531, 69352, 77285, 75236, 65692, 7596, 96792, 61193, 32718, 15171, 87988, 30166, 54746, 77236, 17432, 95331, 38981, 88240, 38898, 32172, 79555, 11740, 12372, 21314, 35314, 93047, 42158, 12888, 45757, 12444, 53196, 24354, 10754, 11298, 51034, 29460, 54561, 63362, 63137, 80288, 88200, 90124, 34341, 79738, 29507, 1371, 45727, 33233, 20038, 80414, 21940, 30707, 90006, 24595, 36850, 16424, 43356, 57374, 16541, 37502, 37384, 44186, 1581, 55147, 81574, 36342, 34700, 77319, 28025, 42804, 70814, 97334, 63170, 45671, 92728, 50865, 61805, 79230, 95797, 79382, 69832, 39248, 70970, 62614, 68180, 36578, 66699, 90803, 28447, 48009, 97357, 19944, 60879, 16057, 92445, 75982, 37067, 41406, 92224, 10099, 38077, 10238, 68458, 6537, 63778, 57556, 62039, 11823, 13270, 39382, 5448, 99101, 892, 8806, 21031, 7912, 86405, 50251, 88331, 79170, 19276, 48689, 73426, 83963, 98871, 32530, 19826, 24930, 70628, 89666, 23784, 22342, 79694, 80437, 28733, 99765, 7735, 65443, 39629, 65691, 45234, 52942, 70165, 64742, 7593, 35389, 38346, 53370, 1486, 63745, 59201, 84112, 82078, 59842, 55744, 6361, 15079, 910, 53287, 86305, 5582, 34924, 69056, 67927, 31852, 80811, 3497, 24763, 76576, 6447, 51921, 24582, 67902, 99777, 99703, 83341, 49007, 99280, 24090, 6799, 52732, 30031, 47977, 87252, 5024, 40270, 25148, 18576, 16321, 73258, 96568, 50330, 93058, 53931, 82548, 70345, 30377, 16363, 46283, 71917, 19219, 34599, 59905, 76185, 99134, 52728, 85779, 32717, 4809, 23223, 7767, 36688, 17927, 33222, 5461, 58987, 99150, 82453, 68878, 27439, 92942, 79331, 71474, 34897, 35197, 84658, 51810, 88051, 90117, 15640, 25537, 1192, 5758, 16919, 16570, 54940, 71350, 57863, 28374, 25430, 96910, 25138, 30623, 84961, 23541, 35862, 94330, 34467, 45322, 3068, 32691, 19717, 72709, 77504, 12874, 8035, 4199, 32629, 29326, 50091, 4290, 69037, 67868, 4858, 18189, 81289, 10537, 34484, 97761, 36705, 52886, 29677, 92414, 65300, 4493, 83991, 25685, 6104, 23112, 72137, 96757, 13483, 18308, 221, 14358, 49795, 76044, 65013, 87872, 95304, 14399, 812, 64706, 60775, 65656, 55460, 64130, 33001, 14835, 17431, 45023, 79744, 46149, 17211, 1932, 89664, 35867, 75834, 45835, 33920, 51887, 56077, 57612, 3201, 66246, 43129, 72962, 59486, 41799, 36083, 78794, 55644, 16064, 47916, 43687, 87424, 99482, 17585, 78994, 36067, 56930, 68493, 83129, 64732, 86546, 74055, 94524, 52064, 83683, 31321, 53390, 89787, 97909, 96890, 42138, 43171, 63419, 72477, 642, 72325, 14142, 88837, 64298, 53853, 33912, 90976, 51351, 53580, 44520, 1115, 7377, 51291, 91564, 16199, 86922, 17805, 85895, 43694, 18547, 43604, 34423, 97118, 34445, 84791, 71375, 31055, 9941, 27422, 27295, 25492, 21731, 54058, 56103, 74702, 88389, 39787, 83292, 56321, 80058, 48446, 90534, 99020, 53183, 57349, 5351, 62399, 11726, 72703, 23079, 88458, 14886, 42115, 37381, 53447, 80416, 75451, 17441, 22787, 25968, 37997, 43457, 70409, 3144, 30291, 27680, 46416, 33566, 93834, 69479, 8313, 69016, 56653]})"
32.0,9,38,95,44.21058511734009,210,"Genotype(dna={""<class 'abc.NT_0014'>"": [0, 9891], ""<class 'abc.NT_0014_P_00000'>"": [], ""<class 'abc.NT_0003'>"": [], ""<class 'abc.NT_0003_P_00000'>"": [], ""<class 'bool'>"": [34892, 53838, 93055, 22069, 78539, 27596, 11504, 95280, 56278, 13913, 91591, 97012, 50516, 84139, 91601, 80048, 36855, 76229, 96396, 90534, 62399, 56318, 86613, 30291, 93834, 69479, 91703], ""<class 'abc.NT_0000'>"": [0, 2, 3, 0, 0, 66646, 24329, 0, 57112, 0, 0, 0, 96236, 19448, 3, 67907, 2, 0, 61061, 0, 47365, 65468, 40560, 0, 1, 35560, 2, 0, 2, 6530, 90460, 0, 0, 0, 1053, 51537, 23729, 3136, 21603, 1290, 82817, 25314, 57349, 5351, 72703, 23079, 41017, 74148, 17441, 6983, 25968, 74036, 43457, 70409, 70746], ""<class 'abc.NT_0000_P_00000'>"": [], ""<class 'int'>"": [11527, 89970, 57184, 94912, 12901, 2737, 25019, 94292, 7422, 84436, 79517, 92390, 83981, 41079, 54502, 66359, 45824, 66531, 20954, 87223, 18331, 85267, 30558, 83139, 26738, 4868, 77382, 79248, 84283, 30291, 69479, 56653, 51366, 23356, 63194, 54071, 7575, 38385], ""<class 'abc.NT_0000_P_00001'>"": [], ""<class 'abc.NT_0000_P_00002'>"": [], ""<class 'abc.NT_0000_P_00003'>"": [], ""<class 'abc.NT_0001'>"": [1, 99233, 59169, 80416, 13326, 80335, 56653], ""<class 'abc.NT_0001_P_00000'>"": [], ""<class 'abc.NT_0001_P_00001'>"": [], ""<class 'abc.NT_0001_P_00002'>"": [], ""<class 'abc.NT_0001_P_00003'>"": [], ""<class 'abc.NT_0001_P_00004'>"": [], ""<class 'abc.NT_0001_P_00005'>"": [], ""<class 'abc.NT_0001_P_00006'>"": [], ""<class 'abc.NT_0003_P_00001'>"": [], ""<class 'abc.NT_0002'>"": [0, 63043], ""<class 'abc.NT_0002_P_00000'>"": [], ""<class 'abc.NT_0002_P_00001'>"": [], ""<class 'abc.NT_0002_P_00002'>"": [], ""<class 'abc.NT_0002_P_00003'>"": [], ""<class 'abc.NT_0004'>"": [], ""<class 'abc.NT_0004_P_00000'>"": [], ""<class 'abc.NT_0014_P_00001'>"": [], ""<class 'abc.NT_0013'>"": [31174, 87753, 70326], ""<class 'abc.NT_0013_P_00000'>"": [], ""<class 'abc.NT_0011'>"": [1, 98607], ""<class 'abc.NT_0011_P_00000'>"": [], ""<class 'abc.NT_0011_P_00001'>"": [], ""<class 'abc.NT_0008'>"": [56358, 25492], ""<class 'abc.NT_0008_P_00000'>"": [], ""<class 'abc.NT_0005'>"": [65439, 70998], ""<class 'abc.NT_0005_P_00000'>"": [], ""<class 'abc.NT_0005_P_00001'>"": [], ""<class 'abc.NT_0007'>"": [63976, 27295], ""<class 'abc.NT_0007_P_00000'>"": [], ""<class 'abc.NT_0006'>"": [51447, 91312], ""<class 'abc.NT_0006_P_00000'>"": [], ""<class 'abc.NT_0006_P_00001'>"": [], ""<class 'abc.NT_0007_P_00001'>"": [], ""<class 'abc.NT_0007_P_00002'>"": [], ""<class 'abc.NT_0007_P_00003'>"": [], ""<class 'abc.NT_0008_P_00001'>"": [], ""<class 'abc.NT_0009'>"": [8, 58070, 39787], ""<class 'abc.NT_0009_P_00000'>"": [], ""<class 'abc.NT_0009_P_00001'>"": [], ""<class 'abc.NT_0009_P_00002'>"": [], ""<class 'abc.NT_0009_P_00003'>"": [], ""<class 'abc.NT_0009_P_00004'>"": [], ""<class 'abc.NT_0009_P_00005'>"": [], ""<class 'abc.NT_0009_P_00006'>"": [], ""<class 'abc.NT_0009_P_00007'>"": [], ""<class 'abc.NT_0009_P_00008'>"": [], ""<class 'abc.NT_0011_P_00002'>"": [], ""<class 'abc.NT_0010'>"": [53447, 75927], ""<class 'abc.NT_0010_P_00000'>"": [], ""<class 'abc.NT_0010_P_00001'>"": [], ""<class 'abc.NT_0010_P_00002'>"": [], ""<class 'abc.NT_0010_P_00003'>"": [], ""<class 'abc.NT_0010_P_00004'>"": [], ""<class 'abc.NT_0010_P_00005'>"": [], ""<class 'abc.NT_0011_P_00003'>"": [], ""<class 'abc.NT_0011_P_00004'>"": [], ""<class 'abc.NT_0011_P_00005'>"": [], ""<class 'abc.NT_0011_P_00006'>"": [], ""<class 'abc.NT_0011_P_00007'>"": [], ""<class 'abc.NT_0011_P_00008'>"": [], ""<class 'abc.NT_0011_P_00009'>"": [], ""<class 'abc.NT_0014_P_00002'>"": [], ""<class 'abc.NT_0014_P_00003'>"": [], ""<class 'abc.NT_0014_P_00004'>"": [], '$leftovers': [612, 51366, 29977, 7941, 62781, 93978, 48081, 63396, 57279, 63194, 37786, 54499, 54071, 7255, 805, 91855, 9788, 55863, 13874, 90931, 38385, 43619, 36227, 61359, 25033, 26828, 94952, 78514, 81573, 7035, 57599, 63649, 37284, 79243, 23816, 36097, 45176, 45221, 21659, 73410, 77378, 61609, 53485, 83091, 55364, 804, 37863, 62128, 64631, 84523, 68409, 46658, 59869, 22948, 53816, 17703, 86036, 23930, 54711, 27159, 47907, 22129, 19429, 11704, 67050, 80298, 69224, 57646, 14733, 44317, 85077, 74191, 78264, 27076, 89776, 5196, 46711, 95884, 100000, 42859, 92197, 62164, 34041, 96434, 9186, 84986, 23729, 32442, 9078, 30947, 10584, 90176, 39265, 2903, 26641, 17813, 64068, 47390, 53496, 84055, 91192, 43627, 10978, 20051, 63072, 17541, 52384, 82602, 2071, 73349, 76496, 93237, 90746, 94169, 1089, 1963, 87259, 78716, 97251, 74560, 92319, 88430, 30065, 35943, 26646, 58575, 20564, 68822, 1955, 11977, 701, 8879, 51642, 65013, 37021, 8254, 64968, 54544, 55206, 50487, 94823, 39401, 11005, 50507, 4078, 47520, 40046, 60171, 93652, 930, 40344, 61205, 60575, 32914, 87845, 18974, 88335, 23738, 9159, 67945, 35873, 79289, 92027, 47069, 50717, 19269, 86431, 12677, 1847, 82569, 10719, 49874, 57438, 74245, 9728, 35214, 60927, 50418, 3072, 33653, 84097, 10451, 10948, 43565, 35042, 52901, 60373, 71523, 99916, 21066, 31862, 7158, 61957, 29065, 73503, 77066, 90914, 2224, 23949, 58836, 36313, 52163, 15402, 95181, 97248, 72223, 64484, 31579, 7361, 13133, 8559, 5315, 12957, 97480, 15964, 47289, 18201, 64048, 38836, 23949, 65274, 81688, 15908, 97641, 68909, 88194, 58203, 54156, 17884, 17015, 98114, 85070, 44487, 35609, 43946, 13163, 68656, 46368, 64590, 40998, 4333, 23209, 48312, 91519, 45912, 95154, 82162, 65190, 2680, 41571, 50993, 530, 20715, 62325, 69130, 87411, 51896, 25041, 1061, 92007, 16083, 61009, 22448, 76926, 40530, 5740, 65551, 74307, 70243, 88860, 56449, 62236, 73737, 14864, 20769, 33438, 2720, 19958, 14224, 62871, 11924, 4195, 94579, 90772, 15850, 32394, 39534, 94217, 24432, 49736, 19142, 95031, 91556, 84878, 36003, 82744, 39005, 77560, 67854, 74174, 65238, 42610, 38442, 5045, 8394, 50169, 85223, 39318, 11999, 19698, 62218, 20982, 75579, 83921, 36322, 81232, 74890, 79155, 7974, 87957, 31618, 15302, 46288, 41529, 54402, 51898, 8904, 68466, 16655, 33307, 87657, 62302, 99805, 94712, 27432, 6792, 318, 28470, 61849, 26074, 24481, 33234, 11701, 90978, 8418, 34547, 73073, 14229, 92931, 45528, 46305, 58234, 95428, 52910, 64691, 89529, 6125, 95529, 23717, 34258, 15039, 26343, 25322, 18533, 87153, 22501, 24377, 93511, 91108, 66007, 60481, 95208, 62676, 92031, 61249, 21040, 27224, 8088, 84181, 33593, 86548, 72607, 12800, 5611, 73844, 6692, 65230, 36526, 2469, 35635, 48449, 14719, 78189, 85243, 55844, 24071, 23788, 78878, 22883, 30166, 25797, 10713, 24202, 63862, 69116, 6614, 65627, 74821, 9118, 52050, 1045, 85212, 62012, 89898, 79364, 88858, 96964, 35830, 60888, 26734, 88556, 30404, 7619, 80278, 68622, 93232, 34306, 31485, 56275, 18665, 75621, 64839, 93770, 28199, 22239, 59130, 77628, 99168, 70420, 75781, 62501, 671, 82149, 26309, 8026, 6187, 34342, 77941, 96327, 7003, 65713, 2941, 26673, 45799, 5550, 98918, 65458, 56546, 58743, 93533, 64790, 30347, 32662, 73325, 77970, 21733, 35559, 73040, 79043, 59441, 82022, 37637, 7661, 94041, 96708, 7898, 70255, 89025, 83488, 90561, 63581, 77717, 74197, 27575, 58299, 53110, 73807, 71575, 26219, 35022, 49263, 13153, 34531, 51399, 44165, 26477, 4658, 89217, 10088, 77375, 38696, 57234, 69828, 27880, 19969, 12884, 48301, 32382, 79158, 72530, 2303, 28606, 30300, 17727, 74408, 82473, 74031, 47501, 28349, 67701, 75802, 89880, 6847, 37677, 42094, 59098, 33292, 25396, 1653, 33802, 37033, 82988, 18807, 34788, 32442, 21412, 79504, 70667, 67140, 188, 92567, 14712, 41955, 83231, 16604, 44261, 9248, 17311, 28714, 91679, 32487, 26287, 45537, 96338, 4907, 91004, 40305, 38855, 30113, 31802, 90368, 29632, 22399, 27504, 74924, 64570, 3170, 73381, 73608, 82107, 55004, 28453, 81413, 83401, 86827, 3755, 19280, 39809, 58531, 69352, 77285, 75236, 65692, 7596, 96792, 61193, 32718, 15171, 87988, 30166, 54746, 77236, 17432, 95331, 38981, 88240, 38898, 32172, 79555, 11740, 12372, 21314, 35314, 93047, 42158, 12888, 45757, 12444, 53196, 24354, 10754, 11298, 51034, 29460, 54561, 63362, 63137, 80288, 88200, 90124, 34341, 79738, 29507, 1371, 45727, 33233, 20038, 80414, 21940, 30707, 90006, 24595, 36850, 16424, 43356, 57374, 16541, 37502, 37384, 44186, 1581, 55147, 81574, 36342, 34700, 77319, 28025, 42804, 70814, 97334, 63170, 45671, 92728, 50865, 61805, 79230, 95797, 79382, 69832, 39248, 70970, 62614, 68180, 36578, 66699, 90803, 28447, 48009, 97357, 19944, 60879, 16057, 92445, 75982, 37067, 41406, 92224, 10099, 38077, 10238, 68458, 6537, 63778, 57556, 62039, 11823, 13270, 39382, 5448, 99101, 892, 8806, 21031, 7912, 86405, 50251, 88331, 79170, 19276, 48689, 73426, 83963, 98871, 32530, 19826, 24930, 70628, 89666, 23784, 22342, 79694, 80437, 28733, 99765, 7735, 65443, 39629, 65691, 45234, 52942, 70165, 64742, 7593, 35389, 38346, 53370, 1486, 63745, 59201, 84112, 82078, 59842, 55744, 6361, 15079, 910, 53287, 86305, 5582, 34924, 69056, 67927, 31852, 80811, 3497, 24763, 76576, 6447, 51921, 24582, 67902, 99777, 99703, 83341, 49007, 99280, 24090, 6799, 52732, 30031, 47977, 87252, 5024, 40270, 25148, 18576, 16321, 73258, 96568, 50330, 93058, 53931, 82548, 70345, 30377, 16363, 46283, 71917, 19219, 34599, 59905, 76185, 99134, 52728, 85779, 32717, 4809, 23223, 7767, 36688, 17927, 33222, 5461, 58987, 99150, 82453, 68878, 27439, 92942, 79331, 71474, 34897, 35197, 84658, 51810, 88051, 90117, 15640, 25537, 1192, 5758, 16919, 16570, 54940, 71350, 57863, 28374, 25430, 96910, 25138, 30623, 84961, 23541, 35862, 94330, 34467, 45322, 3068, 32691, 19717, 72709, 77504, 12874, 8035, 4199, 32629, 29326, 50091, 4290, 69037, 67868, 4858, 18189, 81289, 10537, 34484, 97761, 36705, 52886, 29677, 92414, 65300, 4493, 83991, 25685, 6104, 23112, 72137, 96757, 13483, 18308, 221, 14358, 49795, 76044, 65013, 87872, 95304, 14399, 812, 64706, 60775, 65656, 55460, 64130, 33001, 14835, 17431, 45023, 79744, 46149, 17211, 1932, 89664, 35867, 75834, 45835, 33920, 51887, 56077, 57612, 3201, 66246, 43129, 72962, 59486, 41799, 36083, 78794, 55644, 16064, 47916, 43687, 87424, 99482, 17585, 78994, 36067, 56930, 68493, 83129, 64732, 86546, 74055, 94524, 52064, 83683, 31321, 53390, 89787, 97909, 96890, 42138, 43171, 63419, 72477, 642, 72325, 14142, 88837, 64298, 53853, 33912, 90976, 51351, 53580, 44520, 1115, 7377, 51291, 91564, 16199, 86922, 17805, 85895, 43694, 18547, 43604, 34423, 97118, 34445, 84791, 71375, 31055, 9941, 27422, 27295, 25492, 21731, 54058, 56103, 74702, 88389, 39787, 83292, 56321, 80058, 48446, 90534, 99020, 53183, 57349, 5351, 62399, 11726, 72703, 23079, 88458, 14886, 42115, 37381, 53447, 80416, 75451, 17441, 22787, 25968, 37997, 43457, 70409, 3144, 30291, 27680, 46416, 33566, 93834, 69479, 8313, 69016, 56653]})"
32.0,9,38,96,44.52484679222107,210,"Genotype(dna={""<class 'abc.NT_0014'>"": [0, 9891], ""<class 'abc.NT_0014_P_00000'>"": [], ""<class 'abc.NT_0003'>"": [], ""<class 'abc.NT_0003_P_00000'>"": [], ""<class 'bool'>"": [34892, 53838, 93055, 22069, 78539, 27596, 11504, 95280, 56278, 13913, 91591, 97012, 50516, 84139, 91601, 80048, 36855, 76229, 96396, 90534, 62399, 56318, 86613, 30291, 93834, 69479, 91703], ""<class 'abc.NT_0000'>"": [0, 2, 3, 0, 0, 66646, 24329, 0, 57112, 0, 0, 0, 96236, 19448, 3, 67907, 2, 0, 61061, 0, 47365, 65468, 40560, 0, 1, 35560, 2, 0, 2, 6530, 90460, 0, 0, 0, 1053, 51537, 23729, 3136, 21603, 1290, 82817, 25314, 57349, 5351, 72703, 23079, 41017, 74148, 17441, 6983, 25968, 74036, 43457, 70409, 70746], ""<class 'abc.NT_0000_P_00000'>"": [], ""<class 'int'>"": [11527, 89970, 57184, 94912, 12901, 2737, 25019, 94292, 7422, 84436, 79517, 92390, 83981, 41079, 54502, 66359, 45824, 66531, 20954, 87223, 18331, 85267, 30558, 83139, 26738, 4868, 77382, 79248, 84283, 30291, 69479, 56653, 51366, 23356, 63194, 54071, 7575, 38385], ""<class 'abc.NT_0000_P_00001'>"": [], ""<class 'abc.NT_0000_P_00002'>"": [], ""<class 'abc.NT_0000_P_00003'>"": [], ""<class 'abc.NT_0001'>"": [1, 99233, 59169, 80416, 13326, 80335, 56653], ""<class 'abc.NT_0001_P_00000'>"": [], ""<class 'abc.NT_0001_P_00001'>"": [], ""<class 'abc.NT_0001_P_00002'>"": [], ""<class 'abc.NT_0001_P_00003'>"": [], ""<class 'abc.NT_0001_P_00004'>"": [], ""<class 'abc.NT_0001_P_00005'>"": [], ""<class 'abc.NT_0001_P_00006'>"": [], ""<class 'abc.NT_0003_P_00001'>"": [], ""<class 'abc.NT_0002'>"": [0, 63043], ""<class 'abc.NT_0002_P_00000'>"": [], ""<class 'abc.NT_0002_P_00001'>"": [], ""<class 'abc.NT_0002_P_00002'>"": [], ""<class 'abc.NT_0002_P_00003'>"": [], ""<class 'abc.NT_0004'>"": [], ""<class 'abc.NT_0004_P_00000'>"": [], ""<class 'abc.NT_0014_P_00001'>"": [], ""<class 'abc.NT_0013'>"": [31174, 87753, 70326], ""<class 'abc.NT_0013_P_00000'>"": [], ""<class 'abc.NT_0011'>"": [1, 98607], ""<class 'abc.NT_0011_P_00000'>"": [], ""<class 'abc.NT_0011_P_00001'>"": [], ""<class 'abc.NT_0008'>"": [56358, 25492], ""<class 'abc.NT_0008_P_00000'>"": [], ""<class 'abc.NT_0005'>"": [65439, 70998], ""<class 'abc.NT_0005_P_00000'>"": [], ""<class 'abc.NT_0005_P_00001'>"": [], ""<class 'abc.NT_0007'>"": [63976, 27295], ""<class 'abc.NT_0007_P_00000'>"": [], ""<class 'abc.NT_0006'>"": [51447, 91312], ""<class 'abc.NT_0006_P_00000'>"": [], ""<class 'abc.NT_0006_P_00001'>"": [], ""<class 'abc.NT_0007_P_00001'>"": [], ""<class 'abc.NT_0007_P_00002'>"": [], ""<class 'abc.NT_0007_P_00003'>"": [], ""<class 'abc.NT_0008_P_00001'>"": [], ""<class 'abc.NT_0009'>"": [8, 58070, 39787], ""<class 'abc.NT_0009_P_00000'>"": [], ""<class 'abc.NT_0009_P_00001'>"": [], ""<class 'abc.NT_0009_P_00002'>"": [], ""<class 'abc.NT_0009_P_00003'>"": [], ""<class 'abc.NT_0009_P_00004'>"": [], ""<class 'abc.NT_0009_P_00005'>"": [], ""<class 'abc.NT_0009_P_00006'>"": [], ""<class 'abc.NT_0009_P_00007'>"": [], ""<class 'abc.NT_0009_P_00008'>"": [], ""<class 'abc.NT_0011_P_00002'>"": [], ""<class 'abc.NT_0010'>"": [53447, 75927], ""<class 'abc.NT_0010_P_00000'>"": [], ""<class 'abc.NT_0010_P_00001'>"": [], ""<class 'abc.NT_0010_P_00002'>"": [], ""<class 'abc.NT_0010_P_00003'>"": [], ""<class 'abc.NT_0010_P_00004'>"": [], ""<class 'abc.NT_0010_P_00005'>"": [], ""<class 'abc.NT_0011_P_00003'>"": [], ""<class 'abc.NT_0011_P_00004'>"": [], ""<class 'abc.NT_0011_P_00005'>"": [], ""<class 'abc.NT_0011_P_00006'>"": [], ""<class 'abc.NT_0011_P_00007'>"": [], ""<class 'abc.NT_0011_P_00008'>"": [], ""<class 'abc.NT_0011_P_00009'>"": [], ""<class 'abc.NT_0014_P_00002'>"": [], ""<class 'abc.NT_0014_P_00003'>"": [], ""<class 'abc.NT_0014_P_00004'>"": [], '$leftovers': [612, 51366, 29977, 7941, 62781, 93978, 48081, 63396, 57279, 63194, 37786, 54499, 54071, 7255, 805, 91855, 9788, 55863, 13874, 90931, 38385, 43619, 36227, 61359, 25033, 26828, 94952, 78514, 81573, 7035, 57599, 63649, 37284, 79243, 23816, 36097, 45176, 45221, 21659, 73410, 77378, 61609, 53485, 83091, 55364, 804, 37863, 62128, 64631, 84523, 68409, 46658, 59869, 22948, 53816, 17703, 86036, 23930, 54711, 27159, 47907, 22129, 19429, 11704, 67050, 80298, 69224, 57646, 14733, 44317, 85077, 74191, 78264, 27076, 89776, 5196, 46711, 95884, 100000, 42859, 92197, 62164, 34041, 96434, 9186, 84986, 23729, 32442, 9078, 30947, 10584, 90176, 39265, 2903, 26641, 17813, 64068, 47390, 53496, 84055, 91192, 43627, 10978, 20051, 63072, 17541, 52384, 82602, 2071, 73349, 76496, 93237, 90746, 94169, 1089, 1963, 87259, 78716, 97251, 74560, 92319, 88430, 30065, 35943, 26646, 58575, 20564, 68822, 1955, 11977, 701, 8879, 51642, 65013, 37021, 8254, 64968, 54544, 55206, 50487, 94823, 39401, 11005, 50507, 4078, 47520, 40046, 60171, 93652, 930, 40344, 61205, 60575, 32914, 87845, 18974, 88335, 23738, 9159, 67945, 35873, 79289, 92027, 47069, 50717, 19269, 86431, 12677, 1847, 82569, 10719, 49874, 57438, 74245, 9728, 35214, 60927, 50418, 3072, 33653, 84097, 10451, 10948, 43565, 35042, 52901, 60373, 71523, 99916, 21066, 31862, 7158, 61957, 29065, 73503, 77066, 90914, 2224, 23949, 58836, 36313, 52163, 15402, 95181, 97248, 72223, 64484, 31579, 7361, 13133, 8559, 5315, 12957, 97480, 15964, 47289, 18201, 64048, 38836, 23949, 65274, 81688, 15908, 97641, 68909, 88194, 58203, 54156, 17884, 17015, 98114, 85070, 44487, 35609, 43946, 13163, 68656, 46368, 64590, 40998, 4333, 23209, 48312, 91519, 45912, 95154, 82162, 65190, 2680, 41571, 50993, 530, 20715, 62325, 69130, 87411, 51896, 25041, 1061, 92007, 16083, 61009, 22448, 76926, 40530, 5740, 65551, 74307, 70243, 88860, 56449, 62236, 73737, 14864, 20769, 33438, 2720, 19958, 14224, 62871, 11924, 4195, 94579, 90772, 15850, 32394, 39534, 94217, 24432, 49736, 19142, 95031, 91556, 84878, 36003, 82744, 39005, 77560, 67854, 74174, 65238, 42610, 38442, 5045, 8394, 50169, 85223, 39318, 11999, 19698, 62218, 20982, 75579, 83921, 36322, 81232, 74890, 79155, 7974, 87957, 31618, 15302, 46288, 41529, 54402, 51898, 8904, 68466, 16655, 33307, 87657, 62302, 99805, 94712, 27432, 6792, 318, 28470, 61849, 26074, 24481, 33234, 11701, 90978, 8418, 34547, 73073, 14229, 92931, 45528, 46305, 58234, 95428, 52910, 64691, 89529, 6125, 95529, 23717, 34258, 15039, 26343, 25322, 18533, 87153, 22501, 24377, 93511, 91108, 66007, 60481, 95208, 62676, 92031, 61249, 21040, 27224, 8088, 84181, 33593, 86548, 72607, 12800, 5611, 73844, 6692, 65230, 36526, 2469, 35635, 48449, 14719, 78189, 85243, 55844, 24071, 23788, 78878, 22883, 30166, 25797, 10713, 24202, 63862, 69116, 6614, 65627, 74821, 9118, 52050, 1045, 85212, 62012, 89898, 79364, 88858, 96964, 35830, 60888, 26734, 88556, 30404, 7619, 80278, 68622, 93232, 34306, 31485, 56275, 18665, 75621, 64839, 93770, 28199, 22239, 59130, 77628, 99168, 70420, 75781, 62501, 671, 82149, 26309, 8026, 6187, 34342, 77941, 96327, 7003, 65713, 2941, 26673, 45799, 5550, 98918, 65458, 56546, 58743, 93533, 64790, 30347, 32662, 73325, 77970, 21733, 35559, 73040, 79043, 59441, 82022, 37637, 7661, 94041, 96708, 7898, 70255, 89025, 83488, 90561, 63581, 77717, 74197, 27575, 58299, 53110, 73807, 71575, 26219, 35022, 49263, 13153, 34531, 51399, 44165, 26477, 4658, 89217, 10088, 77375, 38696, 57234, 69828, 27880, 19969, 12884, 48301, 32382, 79158, 72530, 2303, 28606, 30300, 17727, 74408, 82473, 74031, 47501, 28349, 67701, 75802, 89880, 6847, 37677, 42094, 59098, 33292, 25396, 1653, 33802, 37033, 82988, 18807, 34788, 32442, 21412, 79504, 70667, 67140, 188, 92567, 14712, 41955, 83231, 16604, 44261, 9248, 17311, 28714, 91679, 32487, 26287, 45537, 96338, 4907, 91004, 40305, 38855, 30113, 31802, 90368, 29632, 22399, 27504, 74924, 64570, 3170, 73381, 73608, 82107, 55004, 28453, 81413, 83401, 86827, 3755, 19280, 39809, 58531, 69352, 77285, 75236, 65692, 7596, 96792, 61193, 32718, 15171, 87988, 30166, 54746, 77236, 17432, 95331, 38981, 88240, 38898, 32172, 79555, 11740, 12372, 21314, 35314, 93047, 42158, 12888, 45757, 12444, 53196, 24354, 10754, 11298, 51034, 29460, 54561, 63362, 63137, 80288, 88200, 90124, 34341, 79738, 29507, 1371, 45727, 33233, 20038, 80414, 21940, 30707, 90006, 24595, 36850, 16424, 43356, 57374, 16541, 37502, 37384, 44186, 1581, 55147, 81574, 36342, 34700, 77319, 28025, 42804, 70814, 97334, 63170, 45671, 92728, 50865, 61805, 79230, 95797, 79382, 69832, 39248, 70970, 62614, 68180, 36578, 66699, 90803, 28447, 48009, 97357, 19944, 60879, 16057, 92445, 75982, 37067, 41406, 92224, 10099, 38077, 10238, 68458, 6537, 63778, 57556, 62039, 11823, 13270, 39382, 5448, 99101, 892, 8806, 21031, 7912, 86405, 50251, 88331, 79170, 19276, 48689, 73426, 83963, 98871, 32530, 19826, 24930, 70628, 89666, 23784, 22342, 79694, 80437, 28733, 99765, 7735, 65443, 39629, 65691, 45234, 52942, 70165, 64742, 7593, 35389, 38346, 53370, 1486, 63745, 59201, 84112, 82078, 59842, 55744, 6361, 15079, 910, 53287, 86305, 5582, 34924, 69056, 67927, 31852, 80811, 3497, 24763, 76576, 6447, 51921, 24582, 67902, 99777, 99703, 83341, 49007, 99280, 24090, 6799, 52732, 30031, 47977, 87252, 5024, 40270, 25148, 18576, 16321, 73258, 96568, 50330, 93058, 53931, 82548, 70345, 30377, 16363, 46283, 71917, 19219, 34599, 59905, 76185, 99134, 52728, 85779, 32717, 4809, 23223, 7767, 36688, 17927, 33222, 5461, 58987, 99150, 82453, 68878, 27439, 92942, 79331, 71474, 34897, 35197, 84658, 51810, 88051, 90117, 15640, 25537, 1192, 5758, 16919, 16570, 54940, 71350, 57863, 28374, 25430, 96910, 25138, 30623, 84961, 23541, 35862, 94330, 34467, 45322, 3068, 32691, 19717, 72709, 77504, 12874, 8035, 4199, 32629, 29326, 50091, 4290, 69037, 67868, 4858, 18189, 81289, 10537, 34484, 97761, 36705, 52886, 29677, 92414, 65300, 4493, 83991, 25685, 6104, 23112, 72137, 96757, 13483, 18308, 221, 14358, 49795, 76044, 65013, 87872, 95304, 14399, 812, 64706, 60775, 65656, 55460, 64130, 33001, 14835, 17431, 45023, 79744, 46149, 17211, 1932, 89664, 35867, 75834, 45835, 33920, 51887, 56077, 57612, 3201, 66246, 43129, 72962, 59486, 41799, 36083, 78794, 55644, 16064, 47916, 43687, 87424, 99482, 17585, 78994, 36067, 56930, 68493, 83129, 64732, 86546, 74055, 94524, 52064, 83683, 31321, 53390, 89787, 97909, 96890, 42138, 43171, 63419, 72477, 642, 72325, 14142, 88837, 64298, 53853, 33912, 90976, 51351, 53580, 44520, 1115, 7377, 51291, 91564, 16199, 86922, 17805, 85895, 43694, 18547, 43604, 34423, 97118, 34445, 84791, 71375, 31055, 9941, 27422, 27295, 25492, 21731, 54058, 56103, 74702, 88389, 39787, 83292, 56321, 80058, 48446, 90534, 99020, 53183, 57349, 5351, 62399, 11726, 72703, 23079, 88458, 14886, 42115, 37381, 53447, 80416, 75451, 17441, 22787, 25968, 37997, 43457, 70409, 3144, 30291, 27680, 46416, 33566, 93834, 69479, 8313, 69016, 56653]})"
32.0,9,38,97,44.8487389087677,210,"Genotype(dna={""<class 'abc.NT_0014'>"": [0, 9891], ""<class 'abc.NT_0014_P_00000'>"": [], ""<class 'abc.NT_0003'>"": [], ""<class 'abc.NT_0003_P_00000'>"": [], ""<class 'bool'>"": [34892, 53838, 93055, 22069, 78539, 27596, 11504, 95280, 56278, 13913, 91591, 97012, 50516, 84139, 91601, 80048, 36855, 76229, 96396, 90534, 62399, 56318, 86613, 30291, 93834, 69479, 91703], ""<class 'abc.NT_0000'>"": [0, 2, 3, 0, 0, 66646, 24329, 0, 57112, 0, 0, 0, 96236, 19448, 3, 67907, 2, 0, 61061, 0, 47365, 65468, 40560, 0, 1, 35560, 2, 0, 2, 6530, 90460, 0, 0, 0, 1053, 51537, 23729, 3136, 21603, 1290, 82817, 25314, 57349, 5351, 72703, 23079, 41017, 74148, 17441, 6983, 25968, 74036, 43457, 70409, 70746], ""<class 'abc.NT_0000_P_00000'>"": [], ""<class 'int'>"": [11527, 89970, 57184, 94912, 12901, 2737, 25019, 94292, 7422, 84436, 79517, 92390, 83981, 41079, 54502, 66359, 45824, 66531, 20954, 87223, 18331, 85267, 30558, 83139, 26738, 4868, 77382, 79248, 84283, 30291, 69479, 56653, 51366, 23356, 63194, 54071, 7575, 38385], ""<class 'abc.NT_0000_P_00001'>"": [], ""<class 'abc.NT_0000_P_00002'>"": [], ""<class 'abc.NT_0000_P_00003'>"": [], ""<class 'abc.NT_0001'>"": [1, 99233, 59169, 80416, 13326, 80335, 56653], ""<class 'abc.NT_0001_P_00000'>"": [], ""<class 'abc.NT_0001_P_00001'>"": [], ""<class 'abc.NT_0001_P_00002'>"": [], ""<class 'abc.NT_0001_P_00003'>"": [], ""<class 'abc.NT_0001_P_00004'>"": [], ""<class 'abc.NT_0001_P_00005'>"": [], ""<class 'abc.NT_0001_P_00006'>"": [], ""<class 'abc.NT_0003_P_00001'>"": [], ""<class 'abc.NT_0002'>"": [0, 63043], ""<class 'abc.NT_0002_P_00000'>"": [], ""<class 'abc.NT_0002_P_00001'>"": [], ""<class 'abc.NT_0002_P_00002'>"": [], ""<class 'abc.NT_0002_P_00003'>"": [], ""<class 'abc.NT_0004'>"": [], ""<class 'abc.NT_0004_P_00000'>"": [], ""<class 'abc.NT_0014_P_00001'>"": [], ""<class 'abc.NT_0013'>"": [31174, 87753, 70326], ""<class 'abc.NT_0013_P_00000'>"": [], ""<class 'abc.NT_0011'>"": [1, 98607], ""<class 'abc.NT_0011_P_00000'>"": [], ""<class 'abc.NT_0011_P_00001'>"": [], ""<class 'abc.NT_0008'>"": [56358, 25492], ""<class 'abc.NT_0008_P_00000'>"": [], ""<class 'abc.NT_0005'>"": [65439, 70998], ""<class 'abc.NT_0005_P_00000'>"": [], ""<class 'abc.NT_0005_P_00001'>"": [], ""<class 'abc.NT_0007'>"": [63976, 27295], ""<class 'abc.NT_0007_P_00000'>"": [], ""<class 'abc.NT_0006'>"": [51447, 91312], ""<class 'abc.NT_0006_P_00000'>"": [], ""<class 'abc.NT_0006_P_00001'>"": [], ""<class 'abc.NT_0007_P_00001'>"": [], ""<class 'abc.NT_0007_P_00002'>"": [], ""<class 'abc.NT_0007_P_00003'>"": [], ""<class 'abc.NT_0008_P_00001'>"": [], ""<class 'abc.NT_0009'>"": [8, 58070, 39787], ""<class 'abc.NT_0009_P_00000'>"": [], ""<class 'abc.NT_0009_P_00001'>"": [], ""<class 'abc.NT_0009_P_00002'>"": [], ""<class 'abc.NT_0009_P_00003'>"": [], ""<class 'abc.NT_0009_P_00004'>"": [], ""<class 'abc.NT_0009_P_00005'>"": [], ""<class 'abc.NT_0009_P_00006'>"": [], ""<class 'abc.NT_0009_P_00007'>"": [], ""<class 'abc.NT_0009_P_00008'>"": [], ""<class 'abc.NT_0011_P_00002'>"": [], ""<class 'abc.NT_0010'>"": [53447, 75927], ""<class 'abc.NT_0010_P_00000'>"": [], ""<class 'abc.NT_0010_P_00001'>"": [], ""<class 'abc.NT_0010_P_00002'>"": [], ""<class 'abc.NT_0010_P_00003'>"": [], ""<class 'abc.NT_0010_P_00004'>"": [], ""<class 'abc.NT_0010_P_00005'>"": [], ""<class 'abc.NT_0011_P_00003'>"": [], ""<class 'abc.NT_0011_P_00004'>"": [], ""<class 'abc.NT_0011_P_00005'>"": [], ""<class 'abc.NT_0011_P_00006'>"": [], ""<class 'abc.NT_0011_P_00007'>"": [], ""<class 'abc.NT_0011_P_00008'>"": [], ""<class 'abc.NT_0011_P_00009'>"": [], ""<class 'abc.NT_0014_P_00002'>"": [], ""<class 'abc.NT_0014_P_00003'>"": [], ""<class 'abc.NT_0014_P_00004'>"": [], '$leftovers': [612, 51366, 29977, 7941, 62781, 93978, 48081, 63396, 57279, 63194, 37786, 54499, 54071, 7255, 805, 91855, 9788, 55863, 13874, 90931, 38385, 43619, 36227, 61359, 25033, 26828, 94952, 78514, 81573, 7035, 57599, 63649, 37284, 79243, 23816, 36097, 45176, 45221, 21659, 73410, 77378, 61609, 53485, 83091, 55364, 804, 37863, 62128, 64631, 84523, 68409, 46658, 59869, 22948, 53816, 17703, 86036, 23930, 54711, 27159, 47907, 22129, 19429, 11704, 67050, 80298, 69224, 57646, 14733, 44317, 85077, 74191, 78264, 27076, 89776, 5196, 46711, 95884, 100000, 42859, 92197, 62164, 34041, 96434, 9186, 84986, 23729, 32442, 9078, 30947, 10584, 90176, 39265, 2903, 26641, 17813, 64068, 47390, 53496, 84055, 91192, 43627, 10978, 20051, 63072, 17541, 52384, 82602, 2071, 73349, 76496, 93237, 90746, 94169, 1089, 1963, 87259, 78716, 97251, 74560, 92319, 88430, 30065, 35943, 26646, 58575, 20564, 68822, 1955, 11977, 701, 8879, 51642, 65013, 37021, 8254, 64968, 54544, 55206, 50487, 94823, 39401, 11005, 50507, 4078, 47520, 40046, 60171, 93652, 930, 40344, 61205, 60575, 32914, 87845, 18974, 88335, 23738, 9159, 67945, 35873, 79289, 92027, 47069, 50717, 19269, 86431, 12677, 1847, 82569, 10719, 49874, 57438, 74245, 9728, 35214, 60927, 50418, 3072, 33653, 84097, 10451, 10948, 43565, 35042, 52901, 60373, 71523, 99916, 21066, 31862, 7158, 61957, 29065, 73503, 77066, 90914, 2224, 23949, 58836, 36313, 52163, 15402, 95181, 97248, 72223, 64484, 31579, 7361, 13133, 8559, 5315, 12957, 97480, 15964, 47289, 18201, 64048, 38836, 23949, 65274, 81688, 15908, 97641, 68909, 88194, 58203, 54156, 17884, 17015, 98114, 85070, 44487, 35609, 43946, 13163, 68656, 46368, 64590, 40998, 4333, 23209, 48312, 91519, 45912, 95154, 82162, 65190, 2680, 41571, 50993, 530, 20715, 62325, 69130, 87411, 51896, 25041, 1061, 92007, 16083, 61009, 22448, 76926, 40530, 5740, 65551, 74307, 70243, 88860, 56449, 62236, 73737, 14864, 20769, 33438, 2720, 19958, 14224, 62871, 11924, 4195, 94579, 90772, 15850, 32394, 39534, 94217, 24432, 49736, 19142, 95031, 91556, 84878, 36003, 82744, 39005, 77560, 67854, 74174, 65238, 42610, 38442, 5045, 8394, 50169, 85223, 39318, 11999, 19698, 62218, 20982, 75579, 83921, 36322, 81232, 74890, 79155, 7974, 87957, 31618, 15302, 46288, 41529, 54402, 51898, 8904, 68466, 16655, 33307, 87657, 62302, 99805, 94712, 27432, 6792, 318, 28470, 61849, 26074, 24481, 33234, 11701, 90978, 8418, 34547, 73073, 14229, 92931, 45528, 46305, 58234, 95428, 52910, 64691, 89529, 6125, 95529, 23717, 34258, 15039, 26343, 25322, 18533, 87153, 22501, 24377, 93511, 91108, 66007, 60481, 95208, 62676, 92031, 61249, 21040, 27224, 8088, 84181, 33593, 86548, 72607, 12800, 5611, 73844, 6692, 65230, 36526, 2469, 35635, 48449, 14719, 78189, 85243, 55844, 24071, 23788, 78878, 22883, 30166, 25797, 10713, 24202, 63862, 69116, 6614, 65627, 74821, 9118, 52050, 1045, 85212, 62012, 89898, 79364, 88858, 96964, 35830, 60888, 26734, 88556, 30404, 7619, 80278, 68622, 93232, 34306, 31485, 56275, 18665, 75621, 64839, 93770, 28199, 22239, 59130, 77628, 99168, 70420, 75781, 62501, 671, 82149, 26309, 8026, 6187, 34342, 77941, 96327, 7003, 65713, 2941, 26673, 45799, 5550, 98918, 65458, 56546, 58743, 93533, 64790, 30347, 32662, 73325, 77970, 21733, 35559, 73040, 79043, 59441, 82022, 37637, 7661, 94041, 96708, 7898, 70255, 89025, 83488, 90561, 63581, 77717, 74197, 27575, 58299, 53110, 73807, 71575, 26219, 35022, 49263, 13153, 34531, 51399, 44165, 26477, 4658, 89217, 10088, 77375, 38696, 57234, 69828, 27880, 19969, 12884, 48301, 32382, 79158, 72530, 2303, 28606, 30300, 17727, 74408, 82473, 74031, 47501, 28349, 67701, 75802, 89880, 6847, 37677, 42094, 59098, 33292, 25396, 1653, 33802, 37033, 82988, 18807, 34788, 32442, 21412, 79504, 70667, 67140, 188, 92567, 14712, 41955, 83231, 16604, 44261, 9248, 17311, 28714, 91679, 32487, 26287, 45537, 96338, 4907, 91004, 40305, 38855, 30113, 31802, 90368, 29632, 22399, 27504, 74924, 64570, 3170, 73381, 73608, 82107, 55004, 28453, 81413, 83401, 86827, 3755, 19280, 39809, 58531, 69352, 77285, 75236, 65692, 7596, 96792, 61193, 32718, 15171, 87988, 30166, 54746, 77236, 17432, 95331, 38981, 88240, 38898, 32172, 79555, 11740, 12372, 21314, 35314, 93047, 42158, 12888, 45757, 12444, 53196, 24354, 10754, 11298, 51034, 29460, 54561, 63362, 63137, 80288, 88200, 90124, 34341, 79738, 29507, 1371, 45727, 33233, 20038, 80414, 21940, 30707, 90006, 24595, 36850, 16424, 43356, 57374, 16541, 37502, 37384, 44186, 1581, 55147, 81574, 36342, 34700, 77319, 28025, 42804, 70814, 97334, 63170, 45671, 92728, 50865, 61805, 79230, 95797, 79382, 69832, 39248, 70970, 62614, 68180, 36578, 66699, 90803, 28447, 48009, 97357, 19944, 60879, 16057, 92445, 75982, 37067, 41406, 92224, 10099, 38077, 10238, 68458, 6537, 63778, 57556, 62039, 11823, 13270, 39382, 5448, 99101, 892, 8806, 21031, 7912, 86405, 50251, 88331, 79170, 19276, 48689, 73426, 83963, 98871, 32530, 19826, 24930, 70628, 89666, 23784, 22342, 79694, 80437, 28733, 99765, 7735, 65443, 39629, 65691, 45234, 52942, 70165, 64742, 7593, 35389, 38346, 53370, 1486, 63745, 59201, 84112, 82078, 59842, 55744, 6361, 15079, 910, 53287, 86305, 5582, 34924, 69056, 67927, 31852, 80811, 3497, 24763, 76576, 6447, 51921, 24582, 67902, 99777, 99703, 83341, 49007, 99280, 24090, 6799, 52732, 30031, 47977, 87252, 5024, 40270, 25148, 18576, 16321, 73258, 96568, 50330, 93058, 53931, 82548, 70345, 30377, 16363, 46283, 71917, 19219, 34599, 59905, 76185, 99134, 52728, 85779, 32717, 4809, 23223, 7767, 36688, 17927, 33222, 5461, 58987, 99150, 82453, 68878, 27439, 92942, 79331, 71474, 34897, 35197, 84658, 51810, 88051, 90117, 15640, 25537, 1192, 5758, 16919, 16570, 54940, 71350, 57863, 28374, 25430, 96910, 25138, 30623, 84961, 23541, 35862, 94330, 34467, 45322, 3068, 32691, 19717, 72709, 77504, 12874, 8035, 4199, 32629, 29326, 50091, 4290, 69037, 67868, 4858, 18189, 81289, 10537, 34484, 97761, 36705, 52886, 29677, 92414, 65300, 4493, 83991, 25685, 6104, 23112, 72137, 96757, 13483, 18308, 221, 14358, 49795, 76044, 65013, 87872, 95304, 14399, 812, 64706, 60775, 65656, 55460, 64130, 33001, 14835, 17431, 45023, 79744, 46149, 17211, 1932, 89664, 35867, 75834, 45835, 33920, 51887, 56077, 57612, 3201, 66246, 43129, 72962, 59486, 41799, 36083, 78794, 55644, 16064, 47916, 43687, 87424, 99482, 17585, 78994, 36067, 56930, 68493, 83129, 64732, 86546, 74055, 94524, 52064, 83683, 31321, 53390, 89787, 97909, 96890, 42138, 43171, 63419, 72477, 642, 72325, 14142, 88837, 64298, 53853, 33912, 90976, 51351, 53580, 44520, 1115, 7377, 51291, 91564, 16199, 86922, 17805, 85895, 43694, 18547, 43604, 34423, 97118, 34445, 84791, 71375, 31055, 9941, 27422, 27295, 25492, 21731, 54058, 56103, 74702, 88389, 39787, 83292, 56321, 80058, 48446, 90534, 99020, 53183, 57349, 5351, 62399, 11726, 72703, 23079, 88458, 14886, 42115, 37381, 53447, 80416, 75451, 17441, 22787, 25968, 37997, 43457, 70409, 3144, 30291, 27680, 46416, 33566, 93834, 69479, 8313, 69016, 56653]})"
32.0,9,38,98,45.289613246917725,210,"Genotype(dna={""<class 'abc.NT_0014'>"": [0, 9891], ""<class 'abc.NT_0014_P_00000'>"": [], ""<class 'abc.NT_0003'>"": [], ""<class 'abc.NT_0003_P_00000'>"": [], ""<class 'bool'>"": [34892, 53838, 93055, 22069, 78539, 27596, 11504, 95280, 56278, 13913, 91591, 97012, 50516, 84139, 91601, 80048, 36855, 76229, 96396, 90534, 62399, 56318, 86613, 30291, 93834, 69479, 91703], ""<class 'abc.NT_0000'>"": [0, 2, 3, 0, 0, 66646, 24329, 0, 57112, 0, 0, 0, 96236, 19448, 3, 67907, 2, 0, 61061, 0, 47365, 65468, 40560, 0, 1, 35560, 2, 0, 2, 6530, 90460, 0, 0, 0, 1053, 51537, 23729, 3136, 21603, 1290, 82817, 25314, 57349, 5351, 72703, 23079, 41017, 74148, 17441, 6983, 25968, 74036, 43457, 70409, 70746], ""<class 'abc.NT_0000_P_00000'>"": [], ""<class 'int'>"": [11527, 89970, 57184, 94912, 12901, 2737, 25019, 94292, 7422, 84436, 79517, 92390, 83981, 41079, 54502, 66359, 45824, 66531, 20954, 87223, 18331, 85267, 30558, 83139, 26738, 4868, 77382, 79248, 84283, 30291, 69479, 56653, 51366, 23356, 63194, 54071, 7575, 38385], ""<class 'abc.NT_0000_P_00001'>"": [], ""<class 'abc.NT_0000_P_00002'>"": [], ""<class 'abc.NT_0000_P_00003'>"": [], ""<class 'abc.NT_0001'>"": [1, 99233, 59169, 80416, 13326, 80335, 56653], ""<class 'abc.NT_0001_P_00000'>"": [], ""<class 'abc.NT_0001_P_00001'>"": [], ""<class 'abc.NT_0001_P_00002'>"": [], ""<class 'abc.NT_0001_P_00003'>"": [], ""<class 'abc.NT_0001_P_00004'>"": [], ""<class 'abc.NT_0001_P_00005'>"": [], ""<class 'abc.NT_0001_P_00006'>"": [], ""<class 'abc.NT_0003_P_00001'>"": [], ""<class 'abc.NT_0002'>"": [0, 63043], ""<class 'abc.NT_0002_P_00000'>"": [], ""<class 'abc.NT_0002_P_00001'>"": [], ""<class 'abc.NT_0002_P_00002'>"": [], ""<class 'abc.NT_0002_P_00003'>"": [], ""<class 'abc.NT_0004'>"": [], ""<class 'abc.NT_0004_P_00000'>"": [], ""<class 'abc.NT_0014_P_00001'>"": [], ""<class 'abc.NT_0013'>"": [31174, 87753, 70326], ""<class 'abc.NT_0013_P_00000'>"": [], ""<class 'abc.NT_0011'>"": [1, 98607], ""<class 'abc.NT_0011_P_00000'>"": [], ""<class 'abc.NT_0011_P_00001'>"": [], ""<class 'abc.NT_0008'>"": [56358, 25492], ""<class 'abc.NT_0008_P_00000'>"": [], ""<class 'abc.NT_0005'>"": [65439, 70998], ""<class 'abc.NT_0005_P_00000'>"": [], ""<class 'abc.NT_0005_P_00001'>"": [], ""<class 'abc.NT_0007'>"": [63976, 27295], ""<class 'abc.NT_0007_P_00000'>"": [], ""<class 'abc.NT_0006'>"": [51447, 91312], ""<class 'abc.NT_0006_P_00000'>"": [], ""<class 'abc.NT_0006_P_00001'>"": [], ""<class 'abc.NT_0007_P_00001'>"": [], ""<class 'abc.NT_0007_P_00002'>"": [], ""<class 'abc.NT_0007_P_00003'>"": [], ""<class 'abc.NT_0008_P_00001'>"": [], ""<class 'abc.NT_0009'>"": [8, 58070, 39787], ""<class 'abc.NT_0009_P_00000'>"": [], ""<class 'abc.NT_0009_P_00001'>"": [], ""<class 'abc.NT_0009_P_00002'>"": [], ""<class 'abc.NT_0009_P_00003'>"": [], ""<class 'abc.NT_0009_P_00004'>"": [], ""<class 'abc.NT_0009_P_00005'>"": [], ""<class 'abc.NT_0009_P_00006'>"": [], ""<class 'abc.NT_0009_P_00007'>"": [], ""<class 'abc.NT_0009_P_00008'>"": [], ""<class 'abc.NT_0011_P_00002'>"": [], ""<class 'abc.NT_0010'>"": [53447, 75927], ""<class 'abc.NT_0010_P_00000'>"": [], ""<class 'abc.NT_0010_P_00001'>"": [], ""<class 'abc.NT_0010_P_00002'>"": [], ""<class 'abc.NT_0010_P_00003'>"": [], ""<class 'abc.NT_0010_P_00004'>"": [], ""<class 'abc.NT_0010_P_00005'>"": [], ""<class 'abc.NT_0011_P_00003'>"": [], ""<class 'abc.NT_0011_P_00004'>"": [], ""<class 'abc.NT_0011_P_00005'>"": [], ""<class 'abc.NT_0011_P_00006'>"": [], ""<class 'abc.NT_0011_P_00007'>"": [], ""<class 'abc.NT_0011_P_00008'>"": [], ""<class 'abc.NT_0011_P_00009'>"": [], ""<class 'abc.NT_0014_P_00002'>"": [], ""<class 'abc.NT_0014_P_00003'>"": [], ""<class 'abc.NT_0014_P_00004'>"": [], '$leftovers': [612, 51366, 29977, 7941, 62781, 93978, 48081, 63396, 57279, 63194, 37786, 54499, 54071, 7255, 805, 91855, 9788, 55863, 13874, 90931, 38385, 43619, 36227, 61359, 25033, 26828, 94952, 78514, 81573, 7035, 57599, 63649, 37284, 79243, 23816, 36097, 45176, 45221, 21659, 73410, 77378, 61609, 53485, 83091, 55364, 804, 37863, 62128, 64631, 84523, 68409, 46658, 59869, 22948, 53816, 17703, 86036, 23930, 54711, 27159, 47907, 22129, 19429, 11704, 67050, 80298, 69224, 57646, 14733, 44317, 85077, 74191, 78264, 27076, 89776, 5196, 46711, 95884, 100000, 42859, 92197, 62164, 34041, 96434, 9186, 84986, 23729, 32442, 9078, 30947, 10584, 90176, 39265, 2903, 26641, 17813, 64068, 47390, 53496, 84055, 91192, 43627, 10978, 20051, 63072, 17541, 52384, 82602, 2071, 73349, 76496, 93237, 90746, 94169, 1089, 1963, 87259, 78716, 97251, 74560, 92319, 88430, 30065, 35943, 26646, 58575, 20564, 68822, 1955, 11977, 701, 8879, 51642, 65013, 37021, 8254, 64968, 54544, 55206, 50487, 94823, 39401, 11005, 50507, 4078, 47520, 40046, 60171, 93652, 930, 40344, 61205, 60575, 32914, 87845, 18974, 88335, 23738, 9159, 67945, 35873, 79289, 92027, 47069, 50717, 19269, 86431, 12677, 1847, 82569, 10719, 49874, 57438, 74245, 9728, 35214, 60927, 50418, 3072, 33653, 84097, 10451, 10948, 43565, 35042, 52901, 60373, 71523, 99916, 21066, 31862, 7158, 61957, 29065, 73503, 77066, 90914, 2224, 23949, 58836, 36313, 52163, 15402, 95181, 97248, 72223, 64484, 31579, 7361, 13133, 8559, 5315, 12957, 97480, 15964, 47289, 18201, 64048, 38836, 23949, 65274, 81688, 15908, 97641, 68909, 88194, 58203, 54156, 17884, 17015, 98114, 85070, 44487, 35609, 43946, 13163, 68656, 46368, 64590, 40998, 4333, 23209, 48312, 91519, 45912, 95154, 82162, 65190, 2680, 41571, 50993, 530, 20715, 62325, 69130, 87411, 51896, 25041, 1061, 92007, 16083, 61009, 22448, 76926, 40530, 5740, 65551, 74307, 70243, 88860, 56449, 62236, 73737, 14864, 20769, 33438, 2720, 19958, 14224, 62871, 11924, 4195, 94579, 90772, 15850, 32394, 39534, 94217, 24432, 49736, 19142, 95031, 91556, 84878, 36003, 82744, 39005, 77560, 67854, 74174, 65238, 42610, 38442, 5045, 8394, 50169, 85223, 39318, 11999, 19698, 62218, 20982, 75579, 83921, 36322, 81232, 74890, 79155, 7974, 87957, 31618, 15302, 46288, 41529, 54402, 51898, 8904, 68466, 16655, 33307, 87657, 62302, 99805, 94712, 27432, 6792, 318, 28470, 61849, 26074, 24481, 33234, 11701, 90978, 8418, 34547, 73073, 14229, 92931, 45528, 46305, 58234, 95428, 52910, 64691, 89529, 6125, 95529, 23717, 34258, 15039, 26343, 25322, 18533, 87153, 22501, 24377, 93511, 91108, 66007, 60481, 95208, 62676, 92031, 61249, 21040, 27224, 8088, 84181, 33593, 86548, 72607, 12800, 5611, 73844, 6692, 65230, 36526, 2469, 35635, 48449, 14719, 78189, 85243, 55844, 24071, 23788, 78878, 22883, 30166, 25797, 10713, 24202, 63862, 69116, 6614, 65627, 74821, 9118, 52050, 1045, 85212, 62012, 89898, 79364, 88858, 96964, 35830, 60888, 26734, 88556, 30404, 7619, 80278, 68622, 93232, 34306, 31485, 56275, 18665, 75621, 64839, 93770, 28199, 22239, 59130, 77628, 99168, 70420, 75781, 62501, 671, 82149, 26309, 8026, 6187, 34342, 77941, 96327, 7003, 65713, 2941, 26673, 45799, 5550, 98918, 65458, 56546, 58743, 93533, 64790, 30347, 32662, 73325, 77970, 21733, 35559, 73040, 79043, 59441, 82022, 37637, 7661, 94041, 96708, 7898, 70255, 89025, 83488, 90561, 63581, 77717, 74197, 27575, 58299, 53110, 73807, 71575, 26219, 35022, 49263, 13153, 34531, 51399, 44165, 26477, 4658, 89217, 10088, 77375, 38696, 57234, 69828, 27880, 19969, 12884, 48301, 32382, 79158, 72530, 2303, 28606, 30300, 17727, 74408, 82473, 74031, 47501, 28349, 67701, 75802, 89880, 6847, 37677, 42094, 59098, 33292, 25396, 1653, 33802, 37033, 82988, 18807, 34788, 32442, 21412, 79504, 70667, 67140, 188, 92567, 14712, 41955, 83231, 16604, 44261, 9248, 17311, 28714, 91679, 32487, 26287, 45537, 96338, 4907, 91004, 40305, 38855, 30113, 31802, 90368, 29632, 22399, 27504, 74924, 64570, 3170, 73381, 73608, 82107, 55004, 28453, 81413, 83401, 86827, 3755, 19280, 39809, 58531, 69352, 77285, 75236, 65692, 7596, 96792, 61193, 32718, 15171, 87988, 30166, 54746, 77236, 17432, 95331, 38981, 88240, 38898, 32172, 79555, 11740, 12372, 21314, 35314, 93047, 42158, 12888, 45757, 12444, 53196, 24354, 10754, 11298, 51034, 29460, 54561, 63362, 63137, 80288, 88200, 90124, 34341, 79738, 29507, 1371, 45727, 33233, 20038, 80414, 21940, 30707, 90006, 24595, 36850, 16424, 43356, 57374, 16541, 37502, 37384, 44186, 1581, 55147, 81574, 36342, 34700, 77319, 28025, 42804, 70814, 97334, 63170, 45671, 92728, 50865, 61805, 79230, 95797, 79382, 69832, 39248, 70970, 62614, 68180, 36578, 66699, 90803, 28447, 48009, 97357, 19944, 60879, 16057, 92445, 75982, 37067, 41406, 92224, 10099, 38077, 10238, 68458, 6537, 63778, 57556, 62039, 11823, 13270, 39382, 5448, 99101, 892, 8806, 21031, 7912, 86405, 50251, 88331, 79170, 19276, 48689, 73426, 83963, 98871, 32530, 19826, 24930, 70628, 89666, 23784, 22342, 79694, 80437, 28733, 99765, 7735, 65443, 39629, 65691, 45234, 52942, 70165, 64742, 7593, 35389, 38346, 53370, 1486, 63745, 59201, 84112, 82078, 59842, 55744, 6361, 15079, 910, 53287, 86305, 5582, 34924, 69056, 67927, 31852, 80811, 3497, 24763, 76576, 6447, 51921, 24582, 67902, 99777, 99703, 83341, 49007, 99280, 24090, 6799, 52732, 30031, 47977, 87252, 5024, 40270, 25148, 18576, 16321, 73258, 96568, 50330, 93058, 53931, 82548, 70345, 30377, 16363, 46283, 71917, 19219, 34599, 59905, 76185, 99134, 52728, 85779, 32717, 4809, 23223, 7767, 36688, 17927, 33222, 5461, 58987, 99150, 82453, 68878, 27439, 92942, 79331, 71474, 34897, 35197, 84658, 51810, 88051, 90117, 15640, 25537, 1192, 5758, 16919, 16570, 54940, 71350, 57863, 28374, 25430, 96910, 25138, 30623, 84961, 23541, 35862, 94330, 34467, 45322, 3068, 32691, 19717, 72709, 77504, 12874, 8035, 4199, 32629, 29326, 50091, 4290, 69037, 67868, 4858, 18189, 81289, 10537, 34484, 97761, 36705, 52886, 29677, 92414, 65300, 4493, 83991, 25685, 6104, 23112, 72137, 96757, 13483, 18308, 221, 14358, 49795, 76044, 65013, 87872, 95304, 14399, 812, 64706, 60775, 65656, 55460, 64130, 33001, 14835, 17431, 45023, 79744, 46149, 17211, 1932, 89664, 35867, 75834, 45835, 33920, 51887, 56077, 57612, 3201, 66246, 43129, 72962, 59486, 41799, 36083, 78794, 55644, 16064, 47916, 43687, 87424, 99482, 17585, 78994, 36067, 56930, 68493, 83129, 64732, 86546, 74055, 94524, 52064, 83683, 31321, 53390, 89787, 97909, 96890, 42138, 43171, 63419, 72477, 642, 72325, 14142, 88837, 64298, 53853, 33912, 90976, 51351, 53580, 44520, 1115, 7377, 51291, 91564, 16199, 86922, 17805, 85895, 43694, 18547, 43604, 34423, 97118, 34445, 84791, 71375, 31055, 9941, 27422, 27295, 25492, 21731, 54058, 56103, 74702, 88389, 39787, 83292, 56321, 80058, 48446, 90534, 99020, 53183, 57349, 5351, 62399, 11726, 72703, 23079, 88458, 14886, 42115, 37381, 53447, 80416, 75451, 17441, 22787, 25968, 37997, 43457, 70409, 3144, 30291, 27680, 46416, 33566, 93834, 69479, 8313, 69016, 56653]})"
32.0,9,38,99,45.56616187095642,210,"Genotype(dna={""<class 'abc.NT_0014'>"": [0, 9891], ""<class 'abc.NT_0014_P_00000'>"": [], ""<class 'abc.NT_0003'>"": [], ""<class 'abc.NT_0003_P_00000'>"": [], ""<class 'bool'>"": [34892, 53838, 93055, 22069, 78539, 27596, 11504, 95280, 56278, 13913, 91591, 97012, 50516, 84139, 91601, 80048, 36855, 76229, 96396, 90534, 62399, 56318, 86613, 30291, 93834, 69479, 91703], ""<class 'abc.NT_0000'>"": [0, 2, 3, 0, 0, 66646, 24329, 0, 57112, 0, 0, 0, 96236, 19448, 3, 67907, 2, 0, 61061, 0, 47365, 65468, 40560, 0, 1, 35560, 2, 0, 2, 6530, 90460, 0, 0, 0, 1053, 51537, 23729, 3136, 21603, 1290, 82817, 25314, 57349, 5351, 72703, 23079, 41017, 74148, 17441, 6983, 25968, 74036, 43457, 70409, 70746], ""<class 'abc.NT_0000_P_00000'>"": [], ""<class 'int'>"": [11527, 89970, 57184, 94912, 12901, 2737, 25019, 94292, 7422, 84436, 79517, 92390, 83981, 41079, 54502, 66359, 45824, 66531, 20954, 87223, 18331, 85267, 30558, 83139, 26738, 4868, 77382, 79248, 84283, 30291, 69479, 56653, 51366, 23356, 63194, 54071, 7575, 38385], ""<class 'abc.NT_0000_P_00001'>"": [], ""<class 'abc.NT_0000_P_00002'>"": [], ""<class 'abc.NT_0000_P_00003'>"": [], ""<class 'abc.NT_0001'>"": [1, 99233, 59169, 80416, 13326, 80335, 56653], ""<class 'abc.NT_0001_P_00000'>"": [], ""<class 'abc.NT_0001_P_00001'>"": [], ""<class 'abc.NT_0001_P_00002'>"": [], ""<class 'abc.NT_0001_P_00003'>"": [], ""<class 'abc.NT_0001_P_00004'>"": [], ""<class 'abc.NT_0001_P_00005'>"": [], ""<class 'abc.NT_0001_P_00006'>"": [], ""<class 'abc.NT_0003_P_00001'>"": [], ""<class 'abc.NT_0002'>"": [0, 63043], ""<class 'abc.NT_0002_P_00000'>"": [], ""<class 'abc.NT_0002_P_00001'>"": [], ""<class 'abc.NT_0002_P_00002'>"": [], ""<class 'abc.NT_0002_P_00003'>"": [], ""<class 'abc.NT_0004'>"": [], ""<class 'abc.NT_0004_P_00000'>"": [], ""<class 'abc.NT_0014_P_00001'>"": [], ""<class 'abc.NT_0013'>"": [31174, 87753, 70326], ""<class 'abc.NT_0013_P_00000'>"": [], ""<class 'abc.NT_0011'>"": [1, 98607], ""<class 'abc.NT_0011_P_00000'>"": [], ""<class 'abc.NT_0011_P_00001'>"": [], ""<class 'abc.NT_0008'>"": [56358, 25492], ""<class 'abc.NT_0008_P_00000'>"": [], ""<class 'abc.NT_0005'>"": [65439, 70998], ""<class 'abc.NT_0005_P_00000'>"": [], ""<class 'abc.NT_0005_P_00001'>"": [], ""<class 'abc.NT_0007'>"": [63976, 27295], ""<class 'abc.NT_0007_P_00000'>"": [], ""<class 'abc.NT_0006'>"": [51447, 91312], ""<class 'abc.NT_0006_P_00000'>"": [], ""<class 'abc.NT_0006_P_00001'>"": [], ""<class 'abc.NT_0007_P_00001'>"": [], ""<class 'abc.NT_0007_P_00002'>"": [], ""<class 'abc.NT_0007_P_00003'>"": [], ""<class 'abc.NT_0008_P_00001'>"": [], ""<class 'abc.NT_0009'>"": [8, 58070, 39787], ""<class 'abc.NT_0009_P_00000'>"": [], ""<class 'abc.NT_0009_P_00001'>"": [], ""<class 'abc.NT_0009_P_00002'>"": [], ""<class 'abc.NT_0009_P_00003'>"": [], ""<class 'abc.NT_0009_P_00004'>"": [], ""<class 'abc.NT_0009_P_00005'>"": [], ""<class 'abc.NT_0009_P_00006'>"": [], ""<class 'abc.NT_0009_P_00007'>"": [], ""<class 'abc.NT_0009_P_00008'>"": [], ""<class 'abc.NT_0011_P_00002'>"": [], ""<class 'abc.NT_0010'>"": [53447, 75927], ""<class 'abc.NT_0010_P_00000'>"": [], ""<class 'abc.NT_0010_P_00001'>"": [], ""<class 'abc.NT_0010_P_00002'>"": [], ""<class 'abc.NT_0010_P_00003'>"": [], ""<class 'abc.NT_0010_P_00004'>"": [], ""<class 'abc.NT_0010_P_00005'>"": [], ""<class 'abc.NT_0011_P_00003'>"": [], ""<class 'abc.NT_0011_P_00004'>"": [], ""<class 'abc.NT_0011_P_00005'>"": [], ""<class 'abc.NT_0011_P_00006'>"": [], ""<class 'abc.NT_0011_P_00007'>"": [], ""<class 'abc.NT_0011_P_00008'>"": [], ""<class 'abc.NT_0011_P_00009'>"": [], ""<class 'abc.NT_0014_P_00002'>"": [], ""<class 'abc.NT_0014_P_00003'>"": [], ""<class 'abc.NT_0014_P_00004'>"": [], '$leftovers': [612, 51366, 29977, 7941, 62781, 93978, 48081, 63396, 57279, 63194, 37786, 54499, 54071, 7255, 805, 91855, 9788, 55863, 13874, 90931, 38385, 43619, 36227, 61359, 25033, 26828, 94952, 78514, 81573, 7035, 57599, 63649, 37284, 79243, 23816, 36097, 45176, 45221, 21659, 73410, 77378, 61609, 53485, 83091, 55364, 804, 37863, 62128, 64631, 84523, 68409, 46658, 59869, 22948, 53816, 17703, 86036, 23930, 54711, 27159, 47907, 22129, 19429, 11704, 67050, 80298, 69224, 57646, 14733, 44317, 85077, 74191, 78264, 27076, 89776, 5196, 46711, 95884, 100000, 42859, 92197, 62164, 34041, 96434, 9186, 84986, 23729, 32442, 9078, 30947, 10584, 90176, 39265, 2903, 26641, 17813, 64068, 47390, 53496, 84055, 91192, 43627, 10978, 20051, 63072, 17541, 52384, 82602, 2071, 73349, 76496, 93237, 90746, 94169, 1089, 1963, 87259, 78716, 97251, 74560, 92319, 88430, 30065, 35943, 26646, 58575, 20564, 68822, 1955, 11977, 701, 8879, 51642, 65013, 37021, 8254, 64968, 54544, 55206, 50487, 94823, 39401, 11005, 50507, 4078, 47520, 40046, 60171, 93652, 930, 40344, 61205, 60575, 32914, 87845, 18974, 88335, 23738, 9159, 67945, 35873, 79289, 92027, 47069, 50717, 19269, 86431, 12677, 1847, 82569, 10719, 49874, 57438, 74245, 9728, 35214, 60927, 50418, 3072, 33653, 84097, 10451, 10948, 43565, 35042, 52901, 60373, 71523, 99916, 21066, 31862, 7158, 61957, 29065, 73503, 77066, 90914, 2224, 23949, 58836, 36313, 52163, 15402, 95181, 97248, 72223, 64484, 31579, 7361, 13133, 8559, 5315, 12957, 97480, 15964, 47289, 18201, 64048, 38836, 23949, 65274, 81688, 15908, 97641, 68909, 88194, 58203, 54156, 17884, 17015, 98114, 85070, 44487, 35609, 43946, 13163, 68656, 46368, 64590, 40998, 4333, 23209, 48312, 91519, 45912, 95154, 82162, 65190, 2680, 41571, 50993, 530, 20715, 62325, 69130, 87411, 51896, 25041, 1061, 92007, 16083, 61009, 22448, 76926, 40530, 5740, 65551, 74307, 70243, 88860, 56449, 62236, 73737, 14864, 20769, 33438, 2720, 19958, 14224, 62871, 11924, 4195, 94579, 90772, 15850, 32394, 39534, 94217, 24432, 49736, 19142, 95031, 91556, 84878, 36003, 82744, 39005, 77560, 67854, 74174, 65238, 42610, 38442, 5045, 8394, 50169, 85223, 39318, 11999, 19698, 62218, 20982, 75579, 83921, 36322, 81232, 74890, 79155, 7974, 87957, 31618, 15302, 46288, 41529, 54402, 51898, 8904, 68466, 16655, 33307, 87657, 62302, 99805, 94712, 27432, 6792, 318, 28470, 61849, 26074, 24481, 33234, 11701, 90978, 8418, 34547, 73073, 14229, 92931, 45528, 46305, 58234, 95428, 52910, 64691, 89529, 6125, 95529, 23717, 34258, 15039, 26343, 25322, 18533, 87153, 22501, 24377, 93511, 91108, 66007, 60481, 95208, 62676, 92031, 61249, 21040, 27224, 8088, 84181, 33593, 86548, 72607, 12800, 5611, 73844, 6692, 65230, 36526, 2469, 35635, 48449, 14719, 78189, 85243, 55844, 24071, 23788, 78878, 22883, 30166, 25797, 10713, 24202, 63862, 69116, 6614, 65627, 74821, 9118, 52050, 1045, 85212, 62012, 89898, 79364, 88858, 96964, 35830, 60888, 26734, 88556, 30404, 7619, 80278, 68622, 93232, 34306, 31485, 56275, 18665, 75621, 64839, 93770, 28199, 22239, 59130, 77628, 99168, 70420, 75781, 62501, 671, 82149, 26309, 8026, 6187, 34342, 77941, 96327, 7003, 65713, 2941, 26673, 45799, 5550, 98918, 65458, 56546, 58743, 93533, 64790, 30347, 32662, 73325, 77970, 21733, 35559, 73040, 79043, 59441, 82022, 37637, 7661, 94041, 96708, 7898, 70255, 89025, 83488, 90561, 63581, 77717, 74197, 27575, 58299, 53110, 73807, 71575, 26219, 35022, 49263, 13153, 34531, 51399, 44165, 26477, 4658, 89217, 10088, 77375, 38696, 57234, 69828, 27880, 19969, 12884, 48301, 32382, 79158, 72530, 2303, 28606, 30300, 17727, 74408, 82473, 74031, 47501, 28349, 67701, 75802, 89880, 6847, 37677, 42094, 59098, 33292, 25396, 1653, 33802, 37033, 82988, 18807, 34788, 32442, 21412, 79504, 70667, 67140, 188, 92567, 14712, 41955, 83231, 16604, 44261, 9248, 17311, 28714, 91679, 32487, 26287, 45537, 96338, 4907, 91004, 40305, 38855, 30113, 31802, 90368, 29632, 22399, 27504, 74924, 64570, 3170, 73381, 73608, 82107, 55004, 28453, 81413, 83401, 86827, 3755, 19280, 39809, 58531, 69352, 77285, 75236, 65692, 7596, 96792, 61193, 32718, 15171, 87988, 30166, 54746, 77236, 17432, 95331, 38981, 88240, 38898, 32172, 79555, 11740, 12372, 21314, 35314, 93047, 42158, 12888, 45757, 12444, 53196, 24354, 10754, 11298, 51034, 29460, 54561, 63362, 63137, 80288, 88200, 90124, 34341, 79738, 29507, 1371, 45727, 33233, 20038, 80414, 21940, 30707, 90006, 24595, 36850, 16424, 43356, 57374, 16541, 37502, 37384, 44186, 1581, 55147, 81574, 36342, 34700, 77319, 28025, 42804, 70814, 97334, 63170, 45671, 92728, 50865, 61805, 79230, 95797, 79382, 69832, 39248, 70970, 62614, 68180, 36578, 66699, 90803, 28447, 48009, 97357, 19944, 60879, 16057, 92445, 75982, 37067, 41406, 92224, 10099, 38077, 10238, 68458, 6537, 63778, 57556, 62039, 11823, 13270, 39382, 5448, 99101, 892, 8806, 21031, 7912, 86405, 50251, 88331, 79170, 19276, 48689, 73426, 83963, 98871, 32530, 19826, 24930, 70628, 89666, 23784, 22342, 79694, 80437, 28733, 99765, 7735, 65443, 39629, 65691, 45234, 52942, 70165, 64742, 7593, 35389, 38346, 53370, 1486, 63745, 59201, 84112, 82078, 59842, 55744, 6361, 15079, 910, 53287, 86305, 5582, 34924, 69056, 67927, 31852, 80811, 3497, 24763, 76576, 6447, 51921, 24582, 67902, 99777, 99703, 83341, 49007, 99280, 24090, 6799, 52732, 30031, 47977, 87252, 5024, 40270, 25148, 18576, 16321, 73258, 96568, 50330, 93058, 53931, 82548, 70345, 30377, 16363, 46283, 71917, 19219, 34599, 59905, 76185, 99134, 52728, 85779, 32717, 4809, 23223, 7767, 36688, 17927, 33222, 5461, 58987, 99150, 82453, 68878, 27439, 92942, 79331, 71474, 34897, 35197, 84658, 51810, 88051, 90117, 15640, 25537, 1192, 5758, 16919, 16570, 54940, 71350, 57863, 28374, 25430, 96910, 25138, 30623, 84961, 23541, 35862, 94330, 34467, 45322, 3068, 32691, 19717, 72709, 77504, 12874, 8035, 4199, 32629, 29326, 50091, 4290, 69037, 67868, 4858, 18189, 81289, 10537, 34484, 97761, 36705, 52886, 29677, 92414, 65300, 4493, 83991, 25685, 6104, 23112, 72137, 96757, 13483, 18308, 221, 14358, 49795, 76044, 65013, 87872, 95304, 14399, 812, 64706, 60775, 65656, 55460, 64130, 33001, 14835, 17431, 45023, 79744, 46149, 17211, 1932, 89664, 35867, 75834, 45835, 33920, 51887, 56077, 57612, 3201, 66246, 43129, 72962, 59486, 41799, 36083, 78794, 55644, 16064, 47916, 43687, 87424, 99482, 17585, 78994, 36067, 56930, 68493, 83129, 64732, 86546, 74055, 94524, 52064, 83683, 31321, 53390, 89787, 97909, 96890, 42138, 43171, 63419, 72477, 642, 72325, 14142, 88837, 64298, 53853, 33912, 90976, 51351, 53580, 44520, 1115, 7377, 51291, 91564, 16199, 86922, 17805, 85895, 43694, 18547, 43604, 34423, 97118, 34445, 84791, 71375, 31055, 9941, 27422, 27295, 25492, 21731, 54058, 56103, 74702, 88389, 39787, 83292, 56321, 80058, 48446, 90534, 99020, 53183, 57349, 5351, 62399, 11726, 72703, 23079, 88458, 14886, 42115, 37381, 53447, 80416, 75451, 17441, 22787, 25968, 37997, 43457, 70409, 3144, 30291, 27680, 46416, 33566, 93834, 69479, 8313, 69016, 56653]})"
32.0,9,38,100,45.88188195228577,210,"Genotype(dna={""<class 'abc.NT_0014'>"": [0, 9891], ""<class 'abc.NT_0014_P_00000'>"": [], ""<class 'abc.NT_0003'>"": [], ""<class 'abc.NT_0003_P_00000'>"": [], ""<class 'bool'>"": [34892, 53838, 93055, 22069, 78539, 27596, 11504, 95280, 56278, 13913, 91591, 97012, 50516, 84139, 91601, 80048, 36855, 76229, 96396, 90534, 62399, 56318, 86613, 30291, 93834, 69479, 91703], ""<class 'abc.NT_0000'>"": [0, 2, 3, 0, 0, 66646, 24329, 0, 57112, 0, 0, 0, 96236, 19448, 3, 67907, 2, 0, 61061, 0, 47365, 65468, 40560, 0, 1, 35560, 2, 0, 2, 6530, 90460, 0, 0, 0, 1053, 51537, 23729, 3136, 21603, 1290, 82817, 25314, 57349, 5351, 72703, 23079, 41017, 74148, 17441, 6983, 25968, 74036, 43457, 70409, 70746], ""<class 'abc.NT_0000_P_00000'>"": [], ""<class 'int'>"": [11527, 89970, 57184, 94912, 12901, 2737, 25019, 94292, 7422, 84436, 79517, 92390, 83981, 41079, 54502, 66359, 45824, 66531, 20954, 87223, 18331, 85267, 30558, 83139, 26738, 4868, 77382, 79248, 84283, 30291, 69479, 56653, 51366, 23356, 63194, 54071, 7575, 38385], ""<class 'abc.NT_0000_P_00001'>"": [], ""<class 'abc.NT_0000_P_00002'>"": [], ""<class 'abc.NT_0000_P_00003'>"": [], ""<class 'abc.NT_0001'>"": [1, 99233, 59169, 80416, 13326, 80335, 56653], ""<class 'abc.NT_0001_P_00000'>"": [], ""<class 'abc.NT_0001_P_00001'>"": [], ""<class 'abc.NT_0001_P_00002'>"": [], ""<class 'abc.NT_0001_P_00003'>"": [], ""<class 'abc.NT_0001_P_00004'>"": [], ""<class 'abc.NT_0001_P_00005'>"": [], ""<class 'abc.NT_0001_P_00006'>"": [], ""<class 'abc.NT_0003_P_00001'>"": [], ""<class 'abc.NT_0002'>"": [0, 63043], ""<class 'abc.NT_0002_P_00000'>"": [], ""<class 'abc.NT_0002_P_00001'>"": [], ""<class 'abc.NT_0002_P_00002'>"": [], ""<class 'abc.NT_0002_P_00003'>"": [], ""<class 'abc.NT_0004'>"": [], ""<class 'abc.NT_0004_P_00000'>"": [], ""<class 'abc.NT_0014_P_00001'>"": [], ""<class 'abc.NT_0013'>"": [31174, 87753, 70326], ""<class 'abc.NT_0013_P_00000'>"": [], ""<class 'abc.NT_0011'>"": [1, 98607], ""<class 'abc.NT_0011_P_00000'>"": [], ""<class 'abc.NT_0011_P_00001'>"": [], ""<class 'abc.NT_0008'>"": [56358, 25492], ""<class 'abc.NT_0008_P_00000'>"": [], ""<class 'abc.NT_0005'>"": [65439, 70998], ""<class 'abc.NT_0005_P_00000'>"": [], ""<class 'abc.NT_0005_P_00001'>"": [], ""<class 'abc.NT_0007'>"": [63976, 27295], ""<class 'abc.NT_0007_P_00000'>"": [], ""<class 'abc.NT_0006'>"": [51447, 91312], ""<class 'abc.NT_0006_P_00000'>"": [], ""<class 'abc.NT_0006_P_00001'>"": [], ""<class 'abc.NT_0007_P_00001'>"": [], ""<class 'abc.NT_0007_P_00002'>"": [], ""<class 'abc.NT_0007_P_00003'>"": [], ""<class 'abc.NT_0008_P_00001'>"": [], ""<class 'abc.NT_0009'>"": [8, 58070, 39787], ""<class 'abc.NT_0009_P_00000'>"": [], ""<class 'abc.NT_0009_P_00001'>"": [], ""<class 'abc.NT_0009_P_00002'>"": [], ""<class 'abc.NT_0009_P_00003'>"": [], ""<class 'abc.NT_0009_P_00004'>"": [], ""<class 'abc.NT_0009_P_00005'>"": [], ""<class 'abc.NT_0009_P_00006'>"": [], ""<class 'abc.NT_0009_P_00007'>"": [], ""<class 'abc.NT_0009_P_00008'>"": [], ""<class 'abc.NT_0011_P_00002'>"": [], ""<class 'abc.NT_0010'>"": [53447, 75927], ""<class 'abc.NT_0010_P_00000'>"": [], ""<class 'abc.NT_0010_P_00001'>"": [], ""<class 'abc.NT_0010_P_00002'>"": [], ""<class 'abc.NT_0010_P_00003'>"": [], ""<class 'abc.NT_0010_P_00004'>"": [], ""<class 'abc.NT_0010_P_00005'>"": [], ""<class 'abc.NT_0011_P_00003'>"": [], ""<class 'abc.NT_0011_P_00004'>"": [], ""<class 'abc.NT_0011_P_00005'>"": [], ""<class 'abc.NT_0011_P_00006'>"": [], ""<class 'abc.NT_0011_P_00007'>"": [], ""<class 'abc.NT_0011_P_00008'>"": [], ""<class 'abc.NT_0011_P_00009'>"": [], ""<class 'abc.NT_0014_P_00002'>"": [], ""<class 'abc.NT_0014_P_00003'>"": [], ""<class 'abc.NT_0014_P_00004'>"": [], '$leftovers': [612, 51366, 29977, 7941, 62781, 93978, 48081, 63396, 57279, 63194, 37786, 54499, 54071, 7255, 805, 91855, 9788, 55863, 13874, 90931, 38385, 43619, 36227, 61359, 25033, 26828, 94952, 78514, 81573, 7035, 57599, 63649, 37284, 79243, 23816, 36097, 45176, 45221, 21659, 73410, 77378, 61609, 53485, 83091, 55364, 804, 37863, 62128, 64631, 84523, 68409, 46658, 59869, 22948, 53816, 17703, 86036, 23930, 54711, 27159, 47907, 22129, 19429, 11704, 67050, 80298, 69224, 57646, 14733, 44317, 85077, 74191, 78264, 27076, 89776, 5196, 46711, 95884, 100000, 42859, 92197, 62164, 34041, 96434, 9186, 84986, 23729, 32442, 9078, 30947, 10584, 90176, 39265, 2903, 26641, 17813, 64068, 47390, 53496, 84055, 91192, 43627, 10978, 20051, 63072, 17541, 52384, 82602, 2071, 73349, 76496, 93237, 90746, 94169, 1089, 1963, 87259, 78716, 97251, 74560, 92319, 88430, 30065, 35943, 26646, 58575, 20564, 68822, 1955, 11977, 701, 8879, 51642, 65013, 37021, 8254, 64968, 54544, 55206, 50487, 94823, 39401, 11005, 50507, 4078, 47520, 40046, 60171, 93652, 930, 40344, 61205, 60575, 32914, 87845, 18974, 88335, 23738, 9159, 67945, 35873, 79289, 92027, 47069, 50717, 19269, 86431, 12677, 1847, 82569, 10719, 49874, 57438, 74245, 9728, 35214, 60927, 50418, 3072, 33653, 84097, 10451, 10948, 43565, 35042, 52901, 60373, 71523, 99916, 21066, 31862, 7158, 61957, 29065, 73503, 77066, 90914, 2224, 23949, 58836, 36313, 52163, 15402, 95181, 97248, 72223, 64484, 31579, 7361, 13133, 8559, 5315, 12957, 97480, 15964, 47289, 18201, 64048, 38836, 23949, 65274, 81688, 15908, 97641, 68909, 88194, 58203, 54156, 17884, 17015, 98114, 85070, 44487, 35609, 43946, 13163, 68656, 46368, 64590, 40998, 4333, 23209, 48312, 91519, 45912, 95154, 82162, 65190, 2680, 41571, 50993, 530, 20715, 62325, 69130, 87411, 51896, 25041, 1061, 92007, 16083, 61009, 22448, 76926, 40530, 5740, 65551, 74307, 70243, 88860, 56449, 62236, 73737, 14864, 20769, 33438, 2720, 19958, 14224, 62871, 11924, 4195, 94579, 90772, 15850, 32394, 39534, 94217, 24432, 49736, 19142, 95031, 91556, 84878, 36003, 82744, 39005, 77560, 67854, 74174, 65238, 42610, 38442, 5045, 8394, 50169, 85223, 39318, 11999, 19698, 62218, 20982, 75579, 83921, 36322, 81232, 74890, 79155, 7974, 87957, 31618, 15302, 46288, 41529, 54402, 51898, 8904, 68466, 16655, 33307, 87657, 62302, 99805, 94712, 27432, 6792, 318, 28470, 61849, 26074, 24481, 33234, 11701, 90978, 8418, 34547, 73073, 14229, 92931, 45528, 46305, 58234, 95428, 52910, 64691, 89529, 6125, 95529, 23717, 34258, 15039, 26343, 25322, 18533, 87153, 22501, 24377, 93511, 91108, 66007, 60481, 95208, 62676, 92031, 61249, 21040, 27224, 8088, 84181, 33593, 86548, 72607, 12800, 5611, 73844, 6692, 65230, 36526, 2469, 35635, 48449, 14719, 78189, 85243, 55844, 24071, 23788, 78878, 22883, 30166, 25797, 10713, 24202, 63862, 69116, 6614, 65627, 74821, 9118, 52050, 1045, 85212, 62012, 89898, 79364, 88858, 96964, 35830, 60888, 26734, 88556, 30404, 7619, 80278, 68622, 93232, 34306, 31485, 56275, 18665, 75621, 64839, 93770, 28199, 22239, 59130, 77628, 99168, 70420, 75781, 62501, 671, 82149, 26309, 8026, 6187, 34342, 77941, 96327, 7003, 65713, 2941, 26673, 45799, 5550, 98918, 65458, 56546, 58743, 93533, 64790, 30347, 32662, 73325, 77970, 21733, 35559, 73040, 79043, 59441, 82022, 37637, 7661, 94041, 96708, 7898, 70255, 89025, 83488, 90561, 63581, 77717, 74197, 27575, 58299, 53110, 73807, 71575, 26219, 35022, 49263, 13153, 34531, 51399, 44165, 26477, 4658, 89217, 10088, 77375, 38696, 57234, 69828, 27880, 19969, 12884, 48301, 32382, 79158, 72530, 2303, 28606, 30300, 17727, 74408, 82473, 74031, 47501, 28349, 67701, 75802, 89880, 6847, 37677, 42094, 59098, 33292, 25396, 1653, 33802, 37033, 82988, 18807, 34788, 32442, 21412, 79504, 70667, 67140, 188, 92567, 14712, 41955, 83231, 16604, 44261, 9248, 17311, 28714, 91679, 32487, 26287, 45537, 96338, 4907, 91004, 40305, 38855, 30113, 31802, 90368, 29632, 22399, 27504, 74924, 64570, 3170, 73381, 73608, 82107, 55004, 28453, 81413, 83401, 86827, 3755, 19280, 39809, 58531, 69352, 77285, 75236, 65692, 7596, 96792, 61193, 32718, 15171, 87988, 30166, 54746, 77236, 17432, 95331, 38981, 88240, 38898, 32172, 79555, 11740, 12372, 21314, 35314, 93047, 42158, 12888, 45757, 12444, 53196, 24354, 10754, 11298, 51034, 29460, 54561, 63362, 63137, 80288, 88200, 90124, 34341, 79738, 29507, 1371, 45727, 33233, 20038, 80414, 21940, 30707, 90006, 24595, 36850, 16424, 43356, 57374, 16541, 37502, 37384, 44186, 1581, 55147, 81574, 36342, 34700, 77319, 28025, 42804, 70814, 97334, 63170, 45671, 92728, 50865, 61805, 79230, 95797, 79382, 69832, 39248, 70970, 62614, 68180, 36578, 66699, 90803, 28447, 48009, 97357, 19944, 60879, 16057, 92445, 75982, 37067, 41406, 92224, 10099, 38077, 10238, 68458, 6537, 63778, 57556, 62039, 11823, 13270, 39382, 5448, 99101, 892, 8806, 21031, 7912, 86405, 50251, 88331, 79170, 19276, 48689, 73426, 83963, 98871, 32530, 19826, 24930, 70628, 89666, 23784, 22342, 79694, 80437, 28733, 99765, 7735, 65443, 39629, 65691, 45234, 52942, 70165, 64742, 7593, 35389, 38346, 53370, 1486, 63745, 59201, 84112, 82078, 59842, 55744, 6361, 15079, 910, 53287, 86305, 5582, 34924, 69056, 67927, 31852, 80811, 3497, 24763, 76576, 6447, 51921, 24582, 67902, 99777, 99703, 83341, 49007, 99280, 24090, 6799, 52732, 30031, 47977, 87252, 5024, 40270, 25148, 18576, 16321, 73258, 96568, 50330, 93058, 53931, 82548, 70345, 30377, 16363, 46283, 71917, 19219, 34599, 59905, 76185, 99134, 52728, 85779, 32717, 4809, 23223, 7767, 36688, 17927, 33222, 5461, 58987, 99150, 82453, 68878, 27439, 92942, 79331, 71474, 34897, 35197, 84658, 51810, 88051, 90117, 15640, 25537, 1192, 5758, 16919, 16570, 54940, 71350, 57863, 28374, 25430, 96910, 25138, 30623, 84961, 23541, 35862, 94330, 34467, 45322, 3068, 32691, 19717, 72709, 77504, 12874, 8035, 4199, 32629, 29326, 50091, 4290, 69037, 67868, 4858, 18189, 81289, 10537, 34484, 97761, 36705, 52886, 29677, 92414, 65300, 4493, 83991, 25685, 6104, 23112, 72137, 96757, 13483, 18308, 221, 14358, 49795, 76044, 65013, 87872, 95304, 14399, 812, 64706, 60775, 65656, 55460, 64130, 33001, 14835, 17431, 45023, 79744, 46149, 17211, 1932, 89664, 35867, 75834, 45835, 33920, 51887, 56077, 57612, 3201, 66246, 43129, 72962, 59486, 41799, 36083, 78794, 55644, 16064, 47916, 43687, 87424, 99482, 17585, 78994, 36067, 56930, 68493, 83129, 64732, 86546, 74055, 94524, 52064, 83683, 31321, 53390, 89787, 97909, 96890, 42138, 43171, 63419, 72477, 642, 72325, 14142, 88837, 64298, 53853, 33912, 90976, 51351, 53580, 44520, 1115, 7377, 51291, 91564, 16199, 86922, 17805, 85895, 43694, 18547, 43604, 34423, 97118, 34445, 84791, 71375, 31055, 9941, 27422, 27295, 25492, 21731, 54058, 56103, 74702, 88389, 39787, 83292, 56321, 80058, 48446, 90534, 99020, 53183, 57349, 5351, 62399, 11726, 72703, 23079, 88458, 14886, 42115, 37381, 53447, 80416, 75451, 17441, 22787, 25968, 37997, 43457, 70409, 3144, 30291, 27680, 46416, 33566, 93834, 69479, 8313, 69016, 56653]})"
