Fitness,Depth,Nodes,Generations,time_since_the_start_of_the_evolution,seed,genotype_as_str
690.0,14,96,1,0.5044238567352295,30050,"NT_0019_P_00000(__a=NT_0000_P_00000(__a=NT_0000_P_00000(__a=NT_0000_P_00000(__a=NT_0000_P_00001(__a=25, __b=44, __c=96), __b=NT_0000_P_00000(__a=NT_0000_P_00001(__a=53, __b=66, __c=40), __b=NT_0000_P_00001(__a=70, __b=94, __c=82), __c=72, __d=69), __c=32, __d=40), __b=NT_0000_P_00001(__a=87, __b=38, __c=50), __c=45, __d=3), __b=NT_0000_P_00000(__a=NT_0000_P_00000(__a=NT_0000_P_00000(__a=NT_0000_P_00001(__a=68, __b=61, __c=30), __b=NT_0000_P_00001(__a=95, __b=2, __c=10), __c=58, __d=51), __b=NT_0000_P_00001(__a=17, __b=56, __c=56), __c=9, __d=93), __b=NT_0000_P_00000(__a=NT_0000_P_00000(__a=NT_0000_P_00000(__a=NT_0000_P_00000(__a=NT_0000_P_00000(__a=NT_0000_P_00000(__a=NT_0000_P_00000(__a=NT_0000_P_00001(__a=7, __b=49, __c=5), __b=NT_0000_P_00001(__a=18, __b=94, __c=67), __c=57, __d=35), __b=NT_0000_P_00001(__a=49, __b=27, __c=11), __c=62, __d=13), __b=NT_0000_P_00000(__a=NT_0000_P_00001(__a=54, __b=96, __c=23), __b=NT_0000_P_00000(__a=NT_0000_P_00001(__a=20, __b=65, __c=66), __b=NT_0000_P_00001(__a=19, __b=36, __c=46), __c=67, __d=63), __c=59, __d=27), __c=92, __d=94), __b=NT_0000_P_00000(__a=NT_0000_P_00000(__a=NT_0000_P_00000(__a=NT_0000_P_00001(__a=83, __b=67, __c=99), __b=NT_0000_P_00001(__a=73, __b=40, __c=82), __c=47, __d=80), __b=NT_0000_P_00000(__a=NT_0000_P_00001(__a=25, __b=12, __c=56), __b=NT_0000_P_00001(__a=79, __b=27, __c=74), __c=92, __d=17), __c=55, __d=8), __b=NT_0000_P_00001(__a=95, __b=8, __c=58), __c=72, __d=60), __c=99, __d=62), __b=NT_0000_P_00000(__a=NT_0000_P_00000(__a=NT_0000_P_00001(__a=38, __b=52, __c=86), __b=NT_0000_P_00000(__a=NT_0000_P_00000(__a=NT_0000_P_00000(__a=NT_0000_P_00000(__a=NT_0000_P_00001(__a=86, __b=34, __c=20), __b=NT_0000_P_00000(__a=NT_0000_P_00001(__a=99, __b=67, __c=47), __b=NT_0000_P_00001(__a=7, __b=22, __c=61), __c=4, __d=52), __c=30, __d=51), __b=NT_0000_P_00001(__a=53, __b=24, __c=83), __c=59, __d=24), __b=NT_0000_P_00000(__a=NT_0000_P_00000(__a=NT_0000_P_00000(__a=NT_0000_P_00001(__a=5, __b=7, __c=72), __b=NT_0000_P_00001(__a=27, __b=46, __c=44), __c=17, __d=38), __b=NT_0000_P_00001(__a=22, __b=17, __c=12), __c=85, __d=89), __b=NT_0000_P_00000(__a=NT_0000_P_00001(__a=45, __b=32, __c=27), __b=NT_0000_P_00001(__a=78, __b=29, __c=77), __c=51, __d=25), __c=56, __d=4), __c=61, __d=10), __b=NT_0000_P_00001(__a=58, __b=65, __c=94), __c=66, __d=74), __c=10, __d=25), __b=NT_0000_P_00000(__a=NT_0000_P_00000(__a=NT_0000_P_00001(__a=0, __b=98, __c=52), __b=NT_0000_P_00000(__a=NT_0000_P_00001(__a=15, __b=21, __c=49), __b=NT_0000_P_00000(__a=NT_0000_P_00000(__a=NT_0000_P_00001(__a=47, __b=51, __c=19), __b=NT_0000_P_00000(__a=NT_0000_P_00001(__a=18, __b=85, __c=40), __b=NT_0000_P_00001(__a=4, __b=70, __c=51), __c=96, __d=97), __c=63, __d=100), __b=NT_0000_P_00000(__a=NT_0000_P_00001(__a=64, __b=86, __c=34), __b=NT_0000_P_00001(__a=20, __b=51, __c=77), __c=48, __d=33), __c=35, __d=38), __c=65, __d=62), __c=78, __d=67), __b=NT_0000_P_00001(__a=62, __b=15, __c=89), __c=69, __d=47), __c=35, __d=51), __c=10, __d=48), __b=NT_0000_P_00000(__a=NT_0000_P_00001(__a=9, __b=5, __c=32), __b=NT_0000_P_00000(__a=NT_0000_P_00000(__a=NT_0000_P_00001(__a=21, __b=48, __c=6), __b=NT_0000_P_00000(__a=NT_0000_P_00000(__a=NT_0000_P_00000(__a=NT_0000_P_00000(__a=NT_0000_P_00000(__a=NT_0000_P_00001(__a=48, __b=44, __c=77), __b=NT_0000_P_00001(__a=72, __b=21, __c=96), __c=51, __d=49), __b=NT_0000_P_00000(__a=NT_0000_P_00001(__a=34, __b=36, __c=16), __b=NT_0000_P_00001(__a=34, __b=79, __c=12), __c=53, __d=49), __c=2, __d=0), __b=NT_0000_P_00001(__a=74, __b=79, __c=52), __c=94, __d=38), __b=NT_0000_P_00001(__a=62, __b=64, __c=81), __c=96, __d=25), __b=NT_0000_P_00001(__a=59, __b=56, __c=19), __c=35, __d=44), __c=68, __d=86), __b=NT_0000_P_00001(__a=42, __b=53, __c=83), __c=32, __d=9), __c=33, __d=76), __c=47, __d=82), __b=NT_0000_P_00001(__a=52, __b=78, __c=55), __c=45, __d=93), __c=81, __d=56), __c=71, __d=33))"
581.0,14,92,2,0.7681856155395508,30050,"NT_0019_P_00000(__a=NT_0000_P_00000(__a=NT_0000_P_00000(__a=NT_0000_P_00000(__a=NT_0000_P_00001(__a=25, __b=44, __c=96), __b=NT_0000_P_00000(__a=NT_0000_P_00001(__a=53, __b=66, __c=40), __b=NT_0000_P_00001(__a=70, __b=94, __c=82), __c=72, __d=69), __c=32, __d=40), __b=NT_0000_P_00001(__a=87, __b=38, __c=50), __c=45, __d=3), __b=NT_0000_P_00000(__a=NT_0000_P_00000(__a=NT_0000_P_00000(__a=NT_0000_P_00001(__a=68, __b=61, __c=30), __b=NT_0000_P_00001(__a=95, __b=2, __c=10), __c=58, __d=51), __b=NT_0000_P_00001(__a=17, __b=56, __c=56), __c=9, __d=93), __b=NT_0000_P_00000(__a=NT_0000_P_00000(__a=NT_0000_P_00000(__a=NT_0000_P_00000(__a=NT_0000_P_00000(__a=NT_0000_P_00000(__a=NT_0000_P_00000(__a=NT_0000_P_00001(__a=7, __b=49, __c=5), __b=NT_0000_P_00001(__a=18, __b=94, __c=67), __c=57, __d=35), __b=NT_0000_P_00001(__a=49, __b=27, __c=11), __c=62, __d=13), __b=NT_0000_P_00000(__a=NT_0000_P_00001(__a=54, __b=96, __c=23), __b=NT_0000_P_00000(__a=NT_0000_P_00001(__a=20, __b=65, __c=66), __b=NT_0000_P_00001(__a=19, __b=36, __c=46), __c=67, __d=63), __c=59, __d=27), __c=92, __d=94), __b=NT_0000_P_00000(__a=NT_0000_P_00000(__a=NT_0000_P_00000(__a=NT_0000_P_00001(__a=83, __b=67, __c=99), __b=NT_0000_P_00001(__a=73, __b=40, __c=82), __c=47, __d=80), __b=NT_0000_P_00000(__a=NT_0000_P_00001(__a=25, __b=12, __c=56), __b=NT_0000_P_00001(__a=79, __b=27, __c=74), __c=92, __d=17), __c=55, __d=8), __b=NT_0000_P_00001(__a=95, __b=8, __c=58), __c=72, __d=60), __c=99, __d=62), __b=NT_0000_P_00000(__a=NT_0000_P_00000(__a=NT_0000_P_00001(__a=38, __b=52, __c=86), __b=NT_0000_P_00000(__a=NT_0000_P_00000(__a=NT_0000_P_00000(__a=NT_0000_P_00000(__a=NT_0000_P_00001(__a=86, __b=34, __c=20), __b=NT_0000_P_00000(__a=NT_0000_P_00001(__a=99, __b=67, __c=47), __b=NT_0000_P_00001(__a=7, __b=22, __c=61), __c=4, __d=52), __c=30, __d=51), __b=NT_0000_P_00001(__a=53, __b=24, __c=83), __c=59, __d=24), __b=NT_0000_P_00000(__a=NT_0000_P_00000(__a=NT_0000_P_00000(__a=NT_0000_P_00001(__a=5, __b=7, __c=72), __b=NT_0000_P_00001(__a=27, __b=46, __c=44), __c=17, __d=38), __b=NT_0000_P_00001(__a=22, __b=17, __c=12), __c=85, __d=89), __b=NT_0000_P_00000(__a=NT_0000_P_00001(__a=45, __b=32, __c=27), __b=NT_0000_P_00001(__a=78, __b=29, __c=77), __c=51, __d=25), __c=56, __d=4), __c=61, __d=10), __b=NT_0000_P_00001(__a=58, __b=65, __c=94), __c=66, __d=74), __c=10, __d=25), __b=NT_0000_P_00000(__a=NT_0000_P_00000(__a=NT_0000_P_00001(__a=0, __b=98, __c=52), __b=NT_0000_P_00000(__a=NT_0000_P_00000(__a=NT_0000_P_00001(__a=78, __b=67, __c=51), __b=NT_0000_P_00001(__a=5, __b=16, __c=15), __c=94, __d=5), __b=NT_0000_P_00000(__a=NT_0000_P_00001(__a=34, __b=64, __c=42), __b=NT_0000_P_00001(__a=83, __b=37, __c=98), __c=26, __d=95), __c=15, __d=2), __c=78, __d=67), __b=NT_0000_P_00001(__a=62, __b=15, __c=89), __c=69, __d=47), __c=35, __d=51), __c=10, __d=48), __b=NT_0000_P_00000(__a=NT_0000_P_00001(__a=9, __b=5, __c=32), __b=NT_0000_P_00000(__a=NT_0000_P_00000(__a=NT_0000_P_00001(__a=21, __b=48, __c=6), __b=NT_0000_P_00000(__a=NT_0000_P_00000(__a=NT_0000_P_00000(__a=NT_0000_P_00000(__a=NT_0000_P_00000(__a=NT_0000_P_00001(__a=48, __b=44, __c=77), __b=NT_0000_P_00001(__a=72, __b=21, __c=96), __c=51, __d=49), __b=NT_0000_P_00000(__a=NT_0000_P_00001(__a=34, __b=36, __c=16), __b=NT_0000_P_00001(__a=34, __b=79, __c=12), __c=53, __d=49), __c=2, __d=0), __b=NT_0000_P_00001(__a=74, __b=79, __c=52), __c=94, __d=38), __b=NT_0000_P_00001(__a=62, __b=64, __c=81), __c=96, __d=25), __b=NT_0000_P_00001(__a=59, __b=56, __c=19), __c=35, __d=44), __c=68, __d=86), __b=NT_0000_P_00001(__a=42, __b=53, __c=83), __c=32, __d=9), __c=33, __d=76), __c=47, __d=82), __b=NT_0000_P_00001(__a=52, __b=78, __c=55), __c=45, __d=93), __c=81, __d=56), __c=71, __d=33))"
485.0,14,92,3,1.105212688446045,30050,"NT_0019_P_00000(__a=NT_0000_P_00000(__a=NT_0000_P_00000(__a=NT_0000_P_00000(__a=NT_0000_P_00001(__a=25, __b=44, __c=96), __b=NT_0000_P_00000(__a=NT_0000_P_00001(__a=53, __b=66, __c=40), __b=NT_0000_P_00001(__a=70, __b=94, __c=82), __c=72, __d=69), __c=32, __d=40), __b=NT_0000_P_00001(__a=87, __b=38, __c=50), __c=45, __d=3), __b=NT_0000_P_00000(__a=NT_0000_P_00000(__a=NT_0000_P_00000(__a=NT_0000_P_00001(__a=68, __b=61, __c=30), __b=NT_0000_P_00001(__a=95, __b=2, __c=10), __c=58, __d=51), __b=NT_0000_P_00001(__a=17, __b=56, __c=56), __c=9, __d=93), __b=NT_0000_P_00000(__a=NT_0000_P_00000(__a=NT_0000_P_00000(__a=NT_0000_P_00000(__a=NT_0000_P_00000(__a=NT_0000_P_00000(__a=NT_0000_P_00001(__a=91, __b=62, __c=62), __b=NT_0000_P_00000(__a=NT_0000_P_00000(__a=NT_0000_P_00000(__a=NT_0000_P_00000(__a=NT_0000_P_00001(__a=50, __b=56, __c=25), __b=NT_0000_P_00001(__a=14, __b=67, __c=83), __c=47, __d=3), __b=NT_0000_P_00001(__a=72, __b=64, __c=26), __c=9, __d=20), __b=NT_0000_P_00000(__a=NT_0000_P_00001(__a=5, __b=82, __c=21), __b=NT_0000_P_00001(__a=83, __b=21, __c=83), __c=66, __d=11), __c=97, __d=69), __b=NT_0000_P_00001(__a=28, __b=85, __c=47), __c=65, __d=2), __c=33, __d=1), __b=NT_0000_P_00001(__a=3, __b=9, __c=32), __c=93, __d=3), __b=NT_0000_P_00000(__a=NT_0000_P_00000(__a=NT_0000_P_00000(__a=NT_0000_P_00001(__a=46, __b=62, __c=5), __b=NT_0000_P_00001(__a=92, __b=100, __c=19), __c=90, __d=23), __b=NT_0000_P_00001(__a=50, __b=69, __c=11), __c=66, __d=90), __b=NT_0000_P_00001(__a=35, __b=29, __c=78), __c=11, __d=22), __c=66, __d=39), __b=NT_0000_P_00000(__a=NT_0000_P_00000(__a=NT_0000_P_00001(__a=38, __b=52, __c=86), __b=NT_0000_P_00000(__a=NT_0000_P_00000(__a=NT_0000_P_00000(__a=NT_0000_P_00000(__a=NT_0000_P_00001(__a=86, __b=34, __c=20), __b=NT_0000_P_00000(__a=NT_0000_P_00001(__a=99, __b=67, __c=47), __b=NT_0000_P_00001(__a=7, __b=22, __c=61), __c=4, __d=52), __c=30, __d=51), __b=NT_0000_P_00001(__a=53, __b=24, __c=83), __c=59, __d=24), __b=NT_0000_P_00000(__a=NT_0000_P_00000(__a=NT_0000_P_00000(__a=NT_0000_P_00001(__a=5, __b=7, __c=72), __b=NT_0000_P_00001(__a=27, __b=46, __c=44), __c=17, __d=38), __b=NT_0000_P_00001(__a=22, __b=17, __c=12), __c=85, __d=89), __b=NT_0000_P_00000(__a=NT_0000_P_00001(__a=45, __b=32, __c=27), __b=NT_0000_P_00001(__a=78, __b=29, __c=77), __c=51, __d=25), __c=56, __d=4), __c=61, __d=10), __b=NT_0000_P_00001(__a=58, __b=65, __c=94), __c=66, __d=74), __c=10, __d=25), __b=NT_0000_P_00000(__a=NT_0000_P_00000(__a=NT_0000_P_00001(__a=0, __b=98, __c=52), __b=NT_0000_P_00000(__a=NT_0000_P_00001(__a=15, __b=21, __c=49), __b=NT_0000_P_00000(__a=NT_0000_P_00000(__a=NT_0000_P_00001(__a=47, __b=51, __c=19), __b=NT_0000_P_00000(__a=NT_0000_P_00001(__a=16, __b=19, __c=62), __b=NT_0000_P_00001(__a=4, __b=70, __c=51), __c=96, __d=97), __c=63, __d=100), __b=NT_0000_P_00000(__a=NT_0000_P_00001(__a=64, __b=86, __c=34), __b=NT_0000_P_00001(__a=20, __b=51, __c=77), __c=48, __d=33), __c=35, __d=38), __c=65, __d=62), __c=78, __d=67), __b=NT_0000_P_00001(__a=62, __b=15, __c=89), __c=69, __d=47), __c=35, __d=51), __c=10, __d=48), __b=NT_0000_P_00000(__a=NT_0000_P_00001(__a=9, __b=5, __c=32), __b=NT_0000_P_00000(__a=NT_0000_P_00000(__a=NT_0000_P_00001(__a=21, __b=48, __c=6), __b=NT_0000_P_00000(__a=NT_0000_P_00000(__a=NT_0000_P_00000(__a=NT_0000_P_00001(__a=14, __b=4, __c=6), __b=NT_0000_P_00001(__a=74, __b=79, __c=52), __c=94, __d=38), __b=NT_0000_P_00001(__a=62, __b=64, __c=81), __c=96, __d=25), __b=NT_0000_P_00001(__a=59, __b=56, __c=19), __c=35, __d=44), __c=68, __d=86), __b=NT_0000_P_00001(__a=42, __b=53, __c=83), __c=32, __d=9), __c=33, __d=76), __c=47, __d=82), __b=NT_0000_P_00001(__a=52, __b=78, __c=55), __c=45, __d=93), __c=81, __d=56), __c=71, __d=33))"
485.0,14,92,4,1.2994792461395264,30050,"NT_0019_P_00000(__a=NT_0000_P_00000(__a=NT_0000_P_00000(__a=NT_0000_P_00000(__a=NT_0000_P_00001(__a=25, __b=44, __c=96), __b=NT_0000_P_00000(__a=NT_0000_P_00001(__a=53, __b=66, __c=40), __b=NT_0000_P_00001(__a=70, __b=94, __c=82), __c=72, __d=69), __c=32, __d=40), __b=NT_0000_P_00001(__a=87, __b=38, __c=50), __c=45, __d=3), __b=NT_0000_P_00000(__a=NT_0000_P_00000(__a=NT_0000_P_00000(__a=NT_0000_P_00001(__a=68, __b=61, __c=30), __b=NT_0000_P_00001(__a=95, __b=2, __c=10), __c=58, __d=51), __b=NT_0000_P_00001(__a=17, __b=56, __c=56), __c=9, __d=93), __b=NT_0000_P_00000(__a=NT_0000_P_00000(__a=NT_0000_P_00000(__a=NT_0000_P_00000(__a=NT_0000_P_00000(__a=NT_0000_P_00000(__a=NT_0000_P_00001(__a=91, __b=62, __c=62), __b=NT_0000_P_00000(__a=NT_0000_P_00000(__a=NT_0000_P_00000(__a=NT_0000_P_00000(__a=NT_0000_P_00001(__a=50, __b=56, __c=25), __b=NT_0000_P_00001(__a=14, __b=67, __c=83), __c=47, __d=3), __b=NT_0000_P_00001(__a=72, __b=64, __c=26), __c=9, __d=20), __b=NT_0000_P_00000(__a=NT_0000_P_00001(__a=5, __b=82, __c=21), __b=NT_0000_P_00001(__a=83, __b=21, __c=83), __c=66, __d=11), __c=97, __d=69), __b=NT_0000_P_00001(__a=28, __b=85, __c=47), __c=65, __d=2), __c=33, __d=1), __b=NT_0000_P_00001(__a=3, __b=9, __c=32), __c=93, __d=3), __b=NT_0000_P_00000(__a=NT_0000_P_00000(__a=NT_0000_P_00000(__a=NT_0000_P_00001(__a=46, __b=62, __c=5), __b=NT_0000_P_00001(__a=92, __b=100, __c=19), __c=90, __d=23), __b=NT_0000_P_00001(__a=50, __b=69, __c=11), __c=66, __d=90), __b=NT_0000_P_00001(__a=35, __b=29, __c=78), __c=11, __d=22), __c=66, __d=39), __b=NT_0000_P_00000(__a=NT_0000_P_00000(__a=NT_0000_P_00001(__a=38, __b=52, __c=86), __b=NT_0000_P_00000(__a=NT_0000_P_00000(__a=NT_0000_P_00000(__a=NT_0000_P_00000(__a=NT_0000_P_00001(__a=86, __b=34, __c=20), __b=NT_0000_P_00000(__a=NT_0000_P_00001(__a=99, __b=67, __c=47), __b=NT_0000_P_00001(__a=7, __b=22, __c=61), __c=4, __d=52), __c=30, __d=51), __b=NT_0000_P_00001(__a=53, __b=24, __c=83), __c=59, __d=24), __b=NT_0000_P_00000(__a=NT_0000_P_00000(__a=NT_0000_P_00000(__a=NT_0000_P_00001(__a=5, __b=7, __c=72), __b=NT_0000_P_00001(__a=27, __b=46, __c=44), __c=17, __d=38), __b=NT_0000_P_00001(__a=22, __b=17, __c=12), __c=85, __d=89), __b=NT_0000_P_00000(__a=NT_0000_P_00001(__a=45, __b=32, __c=27), __b=NT_0000_P_00001(__a=78, __b=29, __c=77), __c=51, __d=25), __c=56, __d=4), __c=61, __d=10), __b=NT_0000_P_00001(__a=58, __b=65, __c=94), __c=66, __d=74), __c=10, __d=25), __b=NT_0000_P_00000(__a=NT_0000_P_00000(__a=NT_0000_P_00001(__a=0, __b=98, __c=52), __b=NT_0000_P_00000(__a=NT_0000_P_00001(__a=15, __b=21, __c=49), __b=NT_0000_P_00000(__a=NT_0000_P_00000(__a=NT_0000_P_00001(__a=47, __b=51, __c=19), __b=NT_0000_P_00000(__a=NT_0000_P_00001(__a=16, __b=19, __c=62), __b=NT_0000_P_00001(__a=4, __b=70, __c=51), __c=96, __d=97), __c=63, __d=100), __b=NT_0000_P_00000(__a=NT_0000_P_00001(__a=64, __b=86, __c=34), __b=NT_0000_P_00001(__a=20, __b=51, __c=77), __c=48, __d=33), __c=35, __d=38), __c=65, __d=62), __c=78, __d=67), __b=NT_0000_P_00001(__a=62, __b=15, __c=89), __c=69, __d=47), __c=35, __d=51), __c=10, __d=48), __b=NT_0000_P_00000(__a=NT_0000_P_00001(__a=9, __b=5, __c=32), __b=NT_0000_P_00000(__a=NT_0000_P_00000(__a=NT_0000_P_00001(__a=21, __b=48, __c=6), __b=NT_0000_P_00000(__a=NT_0000_P_00000(__a=NT_0000_P_00000(__a=NT_0000_P_00001(__a=14, __b=4, __c=6), __b=NT_0000_P_00001(__a=74, __b=79, __c=52), __c=94, __d=38), __b=NT_0000_P_00001(__a=62, __b=64, __c=81), __c=96, __d=25), __b=NT_0000_P_00001(__a=59, __b=56, __c=19), __c=35, __d=44), __c=68, __d=86), __b=NT_0000_P_00001(__a=42, __b=53, __c=83), __c=32, __d=9), __c=33, __d=76), __c=47, __d=82), __b=NT_0000_P_00001(__a=52, __b=78, __c=55), __c=45, __d=93), __c=81, __d=56), __c=71, __d=33))"
433.0,14,92,5,1.5430326461791992,30050,"NT_0019_P_00000(__a=NT_0000_P_00000(__a=NT_0000_P_00000(__a=NT_0000_P_00000(__a=NT_0000_P_00000(__a=NT_0000_P_00000(__a=NT_0000_P_00001(__a=32, __b=96, __c=40), __b=NT_0000_P_00000(__a=NT_0000_P_00001(__a=58, __b=65, __c=94), __b=NT_0000_P_00000(__a=NT_0000_P_00000(__a=NT_0000_P_00001(__a=37, __b=81, __c=62), __b=NT_0000_P_00000(__a=NT_0000_P_00001(__a=73, __b=78, __c=60), __b=NT_0000_P_00001(__a=1, __b=73, __c=57), __c=9, __d=12), __c=27, __d=43), __b=NT_0000_P_00000(__a=NT_0000_P_00000(__a=NT_0000_P_00001(__a=9, __b=8, __c=7), __b=NT_0000_P_00001(__a=4, __b=52, __c=58), __c=95, __d=93), __b=NT_0000_P_00001(__a=35, __b=58, __c=47), __c=29, __d=75), __c=93, __d=61), __c=54, __d=95), __c=83, __d=5), __b=NT_0000_P_00000(__a=NT_0000_P_00001(__a=10, __b=57, __c=67), __b=NT_0000_P_00001(__a=78, __b=35, __c=0), __c=99, __d=77), __c=68, __d=78), __b=NT_0000_P_00000(__a=NT_0000_P_00001(__a=29, __b=52, __c=78), __b=NT_0000_P_00000(__a=NT_0000_P_00001(__a=18, __b=41, __c=31), __b=NT_0000_P_00000(__a=NT_0000_P_00001(__a=49, __b=61, __c=21), __b=NT_0000_P_00000(__a=NT_0000_P_00000(__a=NT_0000_P_00000(__a=NT_0000_P_00001(__a=83, __b=89, __c=39), __b=NT_0000_P_00000(__a=NT_0000_P_00000(__a=NT_0000_P_00001(__a=97, __b=41, __c=55), __b=NT_0000_P_00001(__a=28, __b=49, __c=80), __c=12, __d=30), __b=NT_0000_P_00000(__a=NT_0000_P_00000(__a=NT_0000_P_00001(__a=14, __b=25, __c=33), __b=NT_0000_P_00001(__a=6, __b=5, __c=3), __c=11, __d=41), __b=NT_0000_P_00001(__a=48, __b=39, __c=4), __c=5, __d=94), __c=25, __d=12), __c=73, __d=74), __b=NT_0000_P_00001(__a=52, __b=40, __c=57), __c=68, __d=66), __b=NT_0000_P_00001(__a=62, __b=99, __c=39), __c=60, __d=33), __c=2, __d=86), __c=83, __d=73), __c=8, __d=22), __c=92, __d=19), __b=NT_0000_P_00001(__a=100, __b=81, __c=15), __c=8, __d=51), __b=NT_0000_P_00000(__a=NT_0000_P_00000(__a=NT_0000_P_00000(__a=NT_0000_P_00001(__a=2, __b=20, __c=26), __b=NT_0000_P_00001(__a=93, __b=31, __c=72), __c=45, __d=63), __b=NT_0000_P_00000(__a=NT_0000_P_00000(__a=NT_0000_P_00001(__a=68, __b=4, __c=59), __b=NT_0000_P_00001(__a=75, __b=11, __c=100), __c=40, __d=95), __b=NT_0000_P_00001(__a=94, __b=76, __c=9), __c=41, __d=67), __c=77, __d=86), __b=NT_0000_P_00000(__a=NT_0000_P_00000(__a=NT_0000_P_00001(__a=72, __b=73, __c=58), __b=NT_0000_P_00000(__a=NT_0000_P_00000(__a=NT_0000_P_00001(__a=14, __b=17, __c=54), __b=NT_0000_P_00000(__a=NT_0000_P_00001(__a=95, __b=77, __c=23), __b=NT_0000_P_00000(__a=NT_0000_P_00001(__a=6, __b=94, __c=53), __b=NT_0000_P_00001(__a=80, __b=24, __c=32), __c=31, __d=15), __c=84, __d=13), __c=34, __d=82), __b=NT_0000_P_00000(__a=NT_0000_P_00000(__a=NT_0000_P_00000(__a=NT_0000_P_00000(__a=NT_0000_P_00000(__a=NT_0000_P_00001(__a=52, __b=40, __c=57), __b=NT_0000_P_00001(__a=76, __b=8, __c=52), __c=71, __d=86), __b=NT_0000_P_00001(__a=17, __b=57, __c=39), __c=86, __d=40), __b=NT_0000_P_00001(__a=56, __b=55, __c=100), __c=76, __d=64), __b=NT_0000_P_00000(__a=NT_0000_P_00000(__a=NT_0000_P_00000(__a=NT_0000_P_00001(__a=43, __b=54, __c=9), __b=NT_0000_P_00001(__a=95, __b=66, __c=51), __c=19, __d=83), __b=NT_0000_P_00001(__a=1, __b=93, __c=37), __c=4, __d=38), __b=NT_0000_P_00000(__a=NT_0000_P_00001(__a=35, __b=40, __c=44), __b=NT_0000_P_00000(__a=NT_0000_P_00000(__a=NT_0000_P_00001(__a=21, __b=48, __c=6), __b=NT_0000_P_00001(__a=74, __b=57, __c=94), __c=88, __d=36), __b=NT_0000_P_00001(__a=6, __b=24, __c=62), __c=73, __d=14), __c=42, __d=27), __c=25, __d=72), __c=24, __d=75), __b=NT_0000_P_00000(__a=NT_0000_P_00001(__a=79, __b=31, __c=78), __b=NT_0000_P_00001(__a=58, __b=5, __c=18), __c=54, __d=56), __c=92, __d=87), __c=60, __d=50), __c=11, __d=77), __b=NT_0000_P_00001(__a=50, __b=35, __c=84), __c=50, __d=68), __c=33, __d=39), __c=9, __d=1))"
433.0,14,92,6,1.756124496459961,30050,"NT_0019_P_00000(__a=NT_0000_P_00000(__a=NT_0000_P_00000(__a=NT_0000_P_00000(__a=NT_0000_P_00000(__a=NT_0000_P_00000(__a=NT_0000_P_00001(__a=32, __b=96, __c=40), __b=NT_0000_P_00000(__a=NT_0000_P_00001(__a=58, __b=65, __c=94), __b=NT_0000_P_00000(__a=NT_0000_P_00000(__a=NT_0000_P_00001(__a=37, __b=81, __c=62), __b=NT_0000_P_00000(__a=NT_0000_P_00001(__a=73, __b=78, __c=60), __b=NT_0000_P_00001(__a=1, __b=73, __c=57), __c=9, __d=12), __c=27, __d=43), __b=NT_0000_P_00000(__a=NT_0000_P_00000(__a=NT_0000_P_00001(__a=9, __b=8, __c=7), __b=NT_0000_P_00001(__a=4, __b=52, __c=58), __c=95, __d=93), __b=NT_0000_P_00001(__a=35, __b=58, __c=47), __c=29, __d=75), __c=93, __d=61), __c=54, __d=95), __c=83, __d=5), __b=NT_0000_P_00000(__a=NT_0000_P_00001(__a=10, __b=57, __c=67), __b=NT_0000_P_00001(__a=78, __b=35, __c=0), __c=99, __d=77), __c=68, __d=78), __b=NT_0000_P_00000(__a=NT_0000_P_00001(__a=29, __b=52, __c=78), __b=NT_0000_P_00000(__a=NT_0000_P_00001(__a=18, __b=41, __c=31), __b=NT_0000_P_00000(__a=NT_0000_P_00001(__a=49, __b=61, __c=21), __b=NT_0000_P_00000(__a=NT_0000_P_00000(__a=NT_0000_P_00000(__a=NT_0000_P_00001(__a=83, __b=89, __c=39), __b=NT_0000_P_00000(__a=NT_0000_P_00000(__a=NT_0000_P_00001(__a=97, __b=41, __c=55), __b=NT_0000_P_00001(__a=28, __b=49, __c=80), __c=12, __d=30), __b=NT_0000_P_00000(__a=NT_0000_P_00000(__a=NT_0000_P_00001(__a=14, __b=25, __c=33), __b=NT_0000_P_00001(__a=6, __b=5, __c=3), __c=11, __d=41), __b=NT_0000_P_00001(__a=48, __b=39, __c=4), __c=5, __d=94), __c=25, __d=12), __c=73, __d=74), __b=NT_0000_P_00001(__a=52, __b=40, __c=57), __c=68, __d=66), __b=NT_0000_P_00001(__a=62, __b=99, __c=39), __c=60, __d=33), __c=2, __d=86), __c=83, __d=73), __c=8, __d=22), __c=92, __d=19), __b=NT_0000_P_00001(__a=100, __b=81, __c=15), __c=8, __d=51), __b=NT_0000_P_00000(__a=NT_0000_P_00000(__a=NT_0000_P_00000(__a=NT_0000_P_00001(__a=2, __b=20, __c=26), __b=NT_0000_P_00001(__a=93, __b=31, __c=72), __c=45, __d=63), __b=NT_0000_P_00000(__a=NT_0000_P_00000(__a=NT_0000_P_00001(__a=68, __b=4, __c=59), __b=NT_0000_P_00001(__a=75, __b=11, __c=100), __c=40, __d=95), __b=NT_0000_P_00001(__a=94, __b=76, __c=9), __c=41, __d=67), __c=77, __d=86), __b=NT_0000_P_00000(__a=NT_0000_P_00000(__a=NT_0000_P_00001(__a=72, __b=73, __c=58), __b=NT_0000_P_00000(__a=NT_0000_P_00000(__a=NT_0000_P_00001(__a=14, __b=17, __c=54), __b=NT_0000_P_00000(__a=NT_0000_P_00001(__a=95, __b=77, __c=23), __b=NT_0000_P_00000(__a=NT_0000_P_00001(__a=6, __b=94, __c=53), __b=NT_0000_P_00001(__a=80, __b=24, __c=32), __c=31, __d=15), __c=84, __d=13), __c=34, __d=82), __b=NT_0000_P_00000(__a=NT_0000_P_00000(__a=NT_0000_P_00000(__a=NT_0000_P_00000(__a=NT_0000_P_00000(__a=NT_0000_P_00001(__a=52, __b=40, __c=57), __b=NT_0000_P_00001(__a=76, __b=8, __c=52), __c=71, __d=86), __b=NT_0000_P_00001(__a=17, __b=57, __c=39), __c=86, __d=40), __b=NT_0000_P_00001(__a=56, __b=55, __c=100), __c=76, __d=64), __b=NT_0000_P_00000(__a=NT_0000_P_00000(__a=NT_0000_P_00000(__a=NT_0000_P_00001(__a=43, __b=54, __c=9), __b=NT_0000_P_00001(__a=95, __b=66, __c=51), __c=19, __d=83), __b=NT_0000_P_00001(__a=1, __b=93, __c=37), __c=4, __d=38), __b=NT_0000_P_00000(__a=NT_0000_P_00001(__a=35, __b=40, __c=44), __b=NT_0000_P_00000(__a=NT_0000_P_00000(__a=NT_0000_P_00001(__a=21, __b=48, __c=6), __b=NT_0000_P_00001(__a=74, __b=57, __c=94), __c=88, __d=36), __b=NT_0000_P_00001(__a=6, __b=24, __c=62), __c=73, __d=14), __c=42, __d=27), __c=25, __d=72), __c=24, __d=75), __b=NT_0000_P_00000(__a=NT_0000_P_00001(__a=79, __b=31, __c=78), __b=NT_0000_P_00001(__a=58, __b=5, __c=18), __c=54, __d=56), __c=92, __d=87), __c=60, __d=50), __c=11, __d=77), __b=NT_0000_P_00001(__a=50, __b=35, __c=84), __c=50, __d=68), __c=33, __d=39), __c=9, __d=1))"
430.0,14,92,7,1.9268977642059326,30050,"NT_0019_P_00000(__a=NT_0000_P_00000(__a=NT_0000_P_00000(__a=NT_0000_P_00000(__a=NT_0000_P_00000(__a=NT_0000_P_00000(__a=NT_0000_P_00001(__a=32, __b=96, __c=40), __b=NT_0000_P_00000(__a=NT_0000_P_00001(__a=58, __b=65, __c=94), __b=NT_0000_P_00000(__a=NT_0000_P_00000(__a=NT_0000_P_00001(__a=37, __b=81, __c=62), __b=NT_0000_P_00000(__a=NT_0000_P_00001(__a=73, __b=78, __c=60), __b=NT_0000_P_00001(__a=1, __b=73, __c=57), __c=9, __d=12), __c=27, __d=43), __b=NT_0000_P_00000(__a=NT_0000_P_00000(__a=NT_0000_P_00001(__a=9, __b=8, __c=7), __b=NT_0000_P_00001(__a=4, __b=52, __c=58), __c=95, __d=93), __b=NT_0000_P_00001(__a=35, __b=58, __c=47), __c=29, __d=75), __c=93, __d=61), __c=54, __d=95), __c=83, __d=5), __b=NT_0000_P_00000(__a=NT_0000_P_00001(__a=10, __b=57, __c=67), __b=NT_0000_P_00001(__a=78, __b=35, __c=0), __c=99, __d=77), __c=68, __d=78), __b=NT_0000_P_00000(__a=NT_0000_P_00001(__a=29, __b=52, __c=78), __b=NT_0000_P_00000(__a=NT_0000_P_00001(__a=18, __b=41, __c=31), __b=NT_0000_P_00000(__a=NT_0000_P_00001(__a=49, __b=61, __c=21), __b=NT_0000_P_00000(__a=NT_0000_P_00000(__a=NT_0000_P_00000(__a=NT_0000_P_00001(__a=83, __b=89, __c=39), __b=NT_0000_P_00000(__a=NT_0000_P_00000(__a=NT_0000_P_00001(__a=97, __b=41, __c=55), __b=NT_0000_P_00001(__a=28, __b=49, __c=80), __c=12, __d=30), __b=NT_0000_P_00000(__a=NT_0000_P_00000(__a=NT_0000_P_00001(__a=14, __b=25, __c=33), __b=NT_0000_P_00001(__a=6, __b=5, __c=3), __c=11, __d=41), __b=NT_0000_P_00001(__a=48, __b=39, __c=4), __c=5, __d=94), __c=25, __d=12), __c=73, __d=74), __b=NT_0000_P_00001(__a=52, __b=40, __c=57), __c=68, __d=66), __b=NT_0000_P_00001(__a=62, __b=99, __c=39), __c=60, __d=33), __c=2, __d=86), __c=83, __d=73), __c=8, __d=22), __c=92, __d=19), __b=NT_0000_P_00001(__a=100, __b=81, __c=15), __c=8, __d=51), __b=NT_0000_P_00000(__a=NT_0000_P_00000(__a=NT_0000_P_00000(__a=NT_0000_P_00000(__a=NT_0000_P_00001(__a=72, __b=86, __c=94), __b=NT_0000_P_00001(__a=85, __b=9, __c=49), __c=30, __d=75), __b=NT_0000_P_00001(__a=93, __b=31, __c=72), __c=45, __d=63), __b=NT_0000_P_00000(__a=NT_0000_P_00000(__a=NT_0000_P_00001(__a=68, __b=4, __c=59), __b=NT_0000_P_00001(__a=75, __b=11, __c=100), __c=40, __d=95), __b=NT_0000_P_00001(__a=94, __b=76, __c=9), __c=41, __d=67), __c=77, __d=86), __b=NT_0000_P_00000(__a=NT_0000_P_00000(__a=NT_0000_P_00001(__a=72, __b=73, __c=58), __b=NT_0000_P_00000(__a=NT_0000_P_00000(__a=NT_0000_P_00001(__a=14, __b=17, __c=54), __b=NT_0000_P_00000(__a=NT_0000_P_00001(__a=95, __b=77, __c=23), __b=NT_0000_P_00001(__a=78, __b=29, __c=77), __c=84, __d=13), __c=34, __d=82), __b=NT_0000_P_00000(__a=NT_0000_P_00000(__a=NT_0000_P_00000(__a=NT_0000_P_00000(__a=NT_0000_P_00000(__a=NT_0000_P_00001(__a=52, __b=40, __c=57), __b=NT_0000_P_00001(__a=76, __b=8, __c=52), __c=71, __d=86), __b=NT_0000_P_00001(__a=17, __b=57, __c=39), __c=86, __d=40), __b=NT_0000_P_00001(__a=56, __b=55, __c=100), __c=76, __d=64), __b=NT_0000_P_00000(__a=NT_0000_P_00000(__a=NT_0000_P_00000(__a=NT_0000_P_00001(__a=43, __b=54, __c=9), __b=NT_0000_P_00001(__a=95, __b=66, __c=51), __c=19, __d=83), __b=NT_0000_P_00001(__a=1, __b=93, __c=37), __c=4, __d=38), __b=NT_0000_P_00000(__a=NT_0000_P_00001(__a=35, __b=40, __c=44), __b=NT_0000_P_00000(__a=NT_0000_P_00000(__a=NT_0000_P_00001(__a=21, __b=48, __c=6), __b=NT_0000_P_00001(__a=74, __b=57, __c=94), __c=88, __d=36), __b=NT_0000_P_00001(__a=6, __b=24, __c=62), __c=73, __d=14), __c=42, __d=27), __c=25, __d=72), __c=24, __d=75), __b=NT_0000_P_00000(__a=NT_0000_P_00001(__a=79, __b=31, __c=78), __b=NT_0000_P_00001(__a=58, __b=5, __c=18), __c=54, __d=56), __c=92, __d=87), __c=60, __d=50), __c=11, __d=77), __b=NT_0000_P_00001(__a=50, __b=35, __c=84), __c=50, __d=68), __c=33, __d=39), __c=9, __d=1))"
430.0,14,92,8,2.0537326335906982,30050,"NT_0019_P_00000(__a=NT_0000_P_00000(__a=NT_0000_P_00000(__a=NT_0000_P_00000(__a=NT_0000_P_00000(__a=NT_0000_P_00000(__a=NT_0000_P_00001(__a=32, __b=96, __c=40), __b=NT_0000_P_00000(__a=NT_0000_P_00001(__a=58, __b=65, __c=94), __b=NT_0000_P_00000(__a=NT_0000_P_00000(__a=NT_0000_P_00001(__a=37, __b=81, __c=62), __b=NT_0000_P_00000(__a=NT_0000_P_00001(__a=73, __b=78, __c=60), __b=NT_0000_P_00001(__a=1, __b=73, __c=57), __c=9, __d=12), __c=27, __d=43), __b=NT_0000_P_00000(__a=NT_0000_P_00000(__a=NT_0000_P_00001(__a=9, __b=8, __c=7), __b=NT_0000_P_00001(__a=4, __b=52, __c=58), __c=95, __d=93), __b=NT_0000_P_00001(__a=35, __b=58, __c=47), __c=29, __d=75), __c=93, __d=61), __c=54, __d=95), __c=83, __d=5), __b=NT_0000_P_00000(__a=NT_0000_P_00001(__a=10, __b=57, __c=67), __b=NT_0000_P_00001(__a=78, __b=35, __c=0), __c=99, __d=77), __c=68, __d=78), __b=NT_0000_P_00000(__a=NT_0000_P_00001(__a=29, __b=52, __c=78), __b=NT_0000_P_00000(__a=NT_0000_P_00001(__a=18, __b=41, __c=31), __b=NT_0000_P_00000(__a=NT_0000_P_00001(__a=49, __b=61, __c=21), __b=NT_0000_P_00000(__a=NT_0000_P_00000(__a=NT_0000_P_00000(__a=NT_0000_P_00001(__a=83, __b=89, __c=39), __b=NT_0000_P_00000(__a=NT_0000_P_00000(__a=NT_0000_P_00001(__a=97, __b=41, __c=55), __b=NT_0000_P_00001(__a=28, __b=49, __c=80), __c=12, __d=30), __b=NT_0000_P_00000(__a=NT_0000_P_00000(__a=NT_0000_P_00001(__a=14, __b=25, __c=33), __b=NT_0000_P_00001(__a=6, __b=5, __c=3), __c=11, __d=41), __b=NT_0000_P_00001(__a=48, __b=39, __c=4), __c=5, __d=94), __c=25, __d=12), __c=73, __d=74), __b=NT_0000_P_00001(__a=52, __b=40, __c=57), __c=68, __d=66), __b=NT_0000_P_00001(__a=62, __b=99, __c=39), __c=60, __d=33), __c=2, __d=86), __c=83, __d=73), __c=8, __d=22), __c=92, __d=19), __b=NT_0000_P_00001(__a=100, __b=81, __c=15), __c=8, __d=51), __b=NT_0000_P_00000(__a=NT_0000_P_00000(__a=NT_0000_P_00000(__a=NT_0000_P_00000(__a=NT_0000_P_00001(__a=72, __b=86, __c=94), __b=NT_0000_P_00001(__a=85, __b=9, __c=49), __c=30, __d=75), __b=NT_0000_P_00001(__a=93, __b=31, __c=72), __c=45, __d=63), __b=NT_0000_P_00000(__a=NT_0000_P_00000(__a=NT_0000_P_00001(__a=68, __b=4, __c=59), __b=NT_0000_P_00001(__a=75, __b=11, __c=100), __c=40, __d=95), __b=NT_0000_P_00001(__a=94, __b=76, __c=9), __c=41, __d=67), __c=77, __d=86), __b=NT_0000_P_00000(__a=NT_0000_P_00000(__a=NT_0000_P_00001(__a=72, __b=73, __c=58), __b=NT_0000_P_00000(__a=NT_0000_P_00000(__a=NT_0000_P_00001(__a=14, __b=17, __c=54), __b=NT_0000_P_00000(__a=NT_0000_P_00001(__a=95, __b=77, __c=23), __b=NT_0000_P_00001(__a=78, __b=29, __c=77), __c=84, __d=13), __c=34, __d=82), __b=NT_0000_P_00000(__a=NT_0000_P_00000(__a=NT_0000_P_00000(__a=NT_0000_P_00000(__a=NT_0000_P_00000(__a=NT_0000_P_00001(__a=52, __b=40, __c=57), __b=NT_0000_P_00001(__a=76, __b=8, __c=52), __c=71, __d=86), __b=NT_0000_P_00001(__a=17, __b=57, __c=39), __c=86, __d=40), __b=NT_0000_P_00001(__a=56, __b=55, __c=100), __c=76, __d=64), __b=NT_0000_P_00000(__a=NT_0000_P_00000(__a=NT_0000_P_00000(__a=NT_0000_P_00001(__a=43, __b=54, __c=9), __b=NT_0000_P_00001(__a=95, __b=66, __c=51), __c=19, __d=83), __b=NT_0000_P_00001(__a=1, __b=93, __c=37), __c=4, __d=38), __b=NT_0000_P_00000(__a=NT_0000_P_00001(__a=35, __b=40, __c=44), __b=NT_0000_P_00000(__a=NT_0000_P_00000(__a=NT_0000_P_00001(__a=21, __b=48, __c=6), __b=NT_0000_P_00001(__a=74, __b=57, __c=94), __c=88, __d=36), __b=NT_0000_P_00001(__a=6, __b=24, __c=62), __c=73, __d=14), __c=42, __d=27), __c=25, __d=72), __c=24, __d=75), __b=NT_0000_P_00000(__a=NT_0000_P_00001(__a=79, __b=31, __c=78), __b=NT_0000_P_00001(__a=58, __b=5, __c=18), __c=54, __d=56), __c=92, __d=87), __c=60, __d=50), __c=11, __d=77), __b=NT_0000_P_00001(__a=50, __b=35, __c=84), __c=50, __d=68), __c=33, __d=39), __c=9, __d=1))"
430.0,14,92,9,2.1509623527526855,30050,"NT_0019_P_00000(__a=NT_0000_P_00000(__a=NT_0000_P_00000(__a=NT_0000_P_00000(__a=NT_0000_P_00000(__a=NT_0000_P_00000(__a=NT_0000_P_00001(__a=32, __b=96, __c=40), __b=NT_0000_P_00000(__a=NT_0000_P_00001(__a=58, __b=65, __c=94), __b=NT_0000_P_00000(__a=NT_0000_P_00000(__a=NT_0000_P_00001(__a=37, __b=81, __c=62), __b=NT_0000_P_00000(__a=NT_0000_P_00001(__a=73, __b=78, __c=60), __b=NT_0000_P_00001(__a=1, __b=73, __c=57), __c=9, __d=12), __c=27, __d=43), __b=NT_0000_P_00000(__a=NT_0000_P_00000(__a=NT_0000_P_00001(__a=9, __b=8, __c=7), __b=NT_0000_P_00001(__a=4, __b=52, __c=58), __c=95, __d=93), __b=NT_0000_P_00001(__a=35, __b=58, __c=47), __c=29, __d=75), __c=93, __d=61), __c=54, __d=95), __c=83, __d=5), __b=NT_0000_P_00000(__a=NT_0000_P_00001(__a=10, __b=57, __c=67), __b=NT_0000_P_00001(__a=78, __b=35, __c=0), __c=99, __d=77), __c=68, __d=78), __b=NT_0000_P_00000(__a=NT_0000_P_00001(__a=29, __b=52, __c=78), __b=NT_0000_P_00000(__a=NT_0000_P_00001(__a=18, __b=41, __c=31), __b=NT_0000_P_00000(__a=NT_0000_P_00001(__a=49, __b=61, __c=21), __b=NT_0000_P_00000(__a=NT_0000_P_00000(__a=NT_0000_P_00000(__a=NT_0000_P_00001(__a=83, __b=89, __c=39), __b=NT_0000_P_00000(__a=NT_0000_P_00000(__a=NT_0000_P_00001(__a=97, __b=41, __c=55), __b=NT_0000_P_00001(__a=28, __b=49, __c=80), __c=12, __d=30), __b=NT_0000_P_00000(__a=NT_0000_P_00000(__a=NT_0000_P_00001(__a=14, __b=25, __c=33), __b=NT_0000_P_00001(__a=6, __b=5, __c=3), __c=11, __d=41), __b=NT_0000_P_00001(__a=48, __b=39, __c=4), __c=5, __d=94), __c=25, __d=12), __c=73, __d=74), __b=NT_0000_P_00001(__a=52, __b=40, __c=57), __c=68, __d=66), __b=NT_0000_P_00001(__a=62, __b=99, __c=39), __c=60, __d=33), __c=2, __d=86), __c=83, __d=73), __c=8, __d=22), __c=92, __d=19), __b=NT_0000_P_00001(__a=100, __b=81, __c=15), __c=8, __d=51), __b=NT_0000_P_00000(__a=NT_0000_P_00000(__a=NT_0000_P_00000(__a=NT_0000_P_00000(__a=NT_0000_P_00001(__a=72, __b=86, __c=94), __b=NT_0000_P_00001(__a=85, __b=9, __c=49), __c=30, __d=75), __b=NT_0000_P_00001(__a=93, __b=31, __c=72), __c=45, __d=63), __b=NT_0000_P_00000(__a=NT_0000_P_00000(__a=NT_0000_P_00001(__a=68, __b=4, __c=59), __b=NT_0000_P_00001(__a=75, __b=11, __c=100), __c=40, __d=95), __b=NT_0000_P_00001(__a=94, __b=76, __c=9), __c=41, __d=67), __c=77, __d=86), __b=NT_0000_P_00000(__a=NT_0000_P_00000(__a=NT_0000_P_00001(__a=72, __b=73, __c=58), __b=NT_0000_P_00000(__a=NT_0000_P_00000(__a=NT_0000_P_00001(__a=14, __b=17, __c=54), __b=NT_0000_P_00000(__a=NT_0000_P_00001(__a=95, __b=77, __c=23), __b=NT_0000_P_00001(__a=78, __b=29, __c=77), __c=84, __d=13), __c=34, __d=82), __b=NT_0000_P_00000(__a=NT_0000_P_00000(__a=NT_0000_P_00000(__a=NT_0000_P_00000(__a=NT_0000_P_00000(__a=NT_0000_P_00001(__a=52, __b=40, __c=57), __b=NT_0000_P_00001(__a=76, __b=8, __c=52), __c=71, __d=86), __b=NT_0000_P_00001(__a=17, __b=57, __c=39), __c=86, __d=40), __b=NT_0000_P_00001(__a=56, __b=55, __c=100), __c=76, __d=64), __b=NT_0000_P_00000(__a=NT_0000_P_00000(__a=NT_0000_P_00000(__a=NT_0000_P_00001(__a=43, __b=54, __c=9), __b=NT_0000_P_00001(__a=95, __b=66, __c=51), __c=19, __d=83), __b=NT_0000_P_00001(__a=1, __b=93, __c=37), __c=4, __d=38), __b=NT_0000_P_00000(__a=NT_0000_P_00001(__a=35, __b=40, __c=44), __b=NT_0000_P_00000(__a=NT_0000_P_00000(__a=NT_0000_P_00001(__a=21, __b=48, __c=6), __b=NT_0000_P_00001(__a=74, __b=57, __c=94), __c=88, __d=36), __b=NT_0000_P_00001(__a=6, __b=24, __c=62), __c=73, __d=14), __c=42, __d=27), __c=25, __d=72), __c=24, __d=75), __b=NT_0000_P_00000(__a=NT_0000_P_00001(__a=79, __b=31, __c=78), __b=NT_0000_P_00001(__a=58, __b=5, __c=18), __c=54, __d=56), __c=92, __d=87), __c=60, __d=50), __c=11, __d=77), __b=NT_0000_P_00001(__a=50, __b=35, __c=84), __c=50, __d=68), __c=33, __d=39), __c=9, __d=1))"
430.0,14,92,10,2.3151443004608154,30050,"NT_0019_P_00000(__a=NT_0000_P_00000(__a=NT_0000_P_00000(__a=NT_0000_P_00000(__a=NT_0000_P_00000(__a=NT_0000_P_00000(__a=NT_0000_P_00001(__a=32, __b=96, __c=40), __b=NT_0000_P_00000(__a=NT_0000_P_00001(__a=58, __b=65, __c=94), __b=NT_0000_P_00000(__a=NT_0000_P_00000(__a=NT_0000_P_00001(__a=37, __b=81, __c=62), __b=NT_0000_P_00000(__a=NT_0000_P_00001(__a=73, __b=78, __c=60), __b=NT_0000_P_00001(__a=1, __b=73, __c=57), __c=9, __d=12), __c=27, __d=43), __b=NT_0000_P_00000(__a=NT_0000_P_00000(__a=NT_0000_P_00001(__a=9, __b=8, __c=7), __b=NT_0000_P_00001(__a=4, __b=52, __c=58), __c=95, __d=93), __b=NT_0000_P_00001(__a=35, __b=58, __c=47), __c=29, __d=75), __c=93, __d=61), __c=54, __d=95), __c=83, __d=5), __b=NT_0000_P_00000(__a=NT_0000_P_00001(__a=10, __b=57, __c=67), __b=NT_0000_P_00001(__a=78, __b=35, __c=0), __c=99, __d=77), __c=68, __d=78), __b=NT_0000_P_00000(__a=NT_0000_P_00001(__a=29, __b=52, __c=78), __b=NT_0000_P_00000(__a=NT_0000_P_00001(__a=18, __b=41, __c=31), __b=NT_0000_P_00000(__a=NT_0000_P_00001(__a=49, __b=61, __c=21), __b=NT_0000_P_00000(__a=NT_0000_P_00000(__a=NT_0000_P_00000(__a=NT_0000_P_00001(__a=83, __b=89, __c=39), __b=NT_0000_P_00000(__a=NT_0000_P_00000(__a=NT_0000_P_00001(__a=97, __b=41, __c=55), __b=NT_0000_P_00001(__a=28, __b=49, __c=80), __c=12, __d=30), __b=NT_0000_P_00000(__a=NT_0000_P_00000(__a=NT_0000_P_00001(__a=14, __b=25, __c=33), __b=NT_0000_P_00001(__a=6, __b=5, __c=3), __c=11, __d=41), __b=NT_0000_P_00001(__a=48, __b=39, __c=4), __c=5, __d=94), __c=25, __d=12), __c=73, __d=74), __b=NT_0000_P_00001(__a=52, __b=40, __c=57), __c=68, __d=66), __b=NT_0000_P_00001(__a=62, __b=99, __c=39), __c=60, __d=33), __c=2, __d=86), __c=83, __d=73), __c=8, __d=22), __c=92, __d=19), __b=NT_0000_P_00001(__a=100, __b=81, __c=15), __c=8, __d=51), __b=NT_0000_P_00000(__a=NT_0000_P_00000(__a=NT_0000_P_00000(__a=NT_0000_P_00000(__a=NT_0000_P_00001(__a=72, __b=86, __c=94), __b=NT_0000_P_00001(__a=85, __b=9, __c=49), __c=30, __d=75), __b=NT_0000_P_00001(__a=93, __b=31, __c=72), __c=45, __d=63), __b=NT_0000_P_00000(__a=NT_0000_P_00000(__a=NT_0000_P_00001(__a=68, __b=4, __c=59), __b=NT_0000_P_00001(__a=75, __b=11, __c=100), __c=40, __d=95), __b=NT_0000_P_00001(__a=94, __b=76, __c=9), __c=41, __d=67), __c=77, __d=86), __b=NT_0000_P_00000(__a=NT_0000_P_00000(__a=NT_0000_P_00001(__a=72, __b=73, __c=58), __b=NT_0000_P_00000(__a=NT_0000_P_00000(__a=NT_0000_P_00001(__a=14, __b=17, __c=54), __b=NT_0000_P_00000(__a=NT_0000_P_00001(__a=95, __b=77, __c=23), __b=NT_0000_P_00001(__a=78, __b=29, __c=77), __c=84, __d=13), __c=34, __d=82), __b=NT_0000_P_00000(__a=NT_0000_P_00000(__a=NT_0000_P_00000(__a=NT_0000_P_00000(__a=NT_0000_P_00000(__a=NT_0000_P_00001(__a=52, __b=40, __c=57), __b=NT_0000_P_00001(__a=76, __b=8, __c=52), __c=71, __d=86), __b=NT_0000_P_00001(__a=17, __b=57, __c=39), __c=86, __d=40), __b=NT_0000_P_00001(__a=56, __b=55, __c=100), __c=76, __d=64), __b=NT_0000_P_00000(__a=NT_0000_P_00000(__a=NT_0000_P_00000(__a=NT_0000_P_00001(__a=43, __b=54, __c=9), __b=NT_0000_P_00001(__a=95, __b=66, __c=51), __c=19, __d=83), __b=NT_0000_P_00001(__a=1, __b=93, __c=37), __c=4, __d=38), __b=NT_0000_P_00000(__a=NT_0000_P_00001(__a=35, __b=40, __c=44), __b=NT_0000_P_00000(__a=NT_0000_P_00000(__a=NT_0000_P_00001(__a=21, __b=48, __c=6), __b=NT_0000_P_00001(__a=74, __b=57, __c=94), __c=88, __d=36), __b=NT_0000_P_00001(__a=6, __b=24, __c=62), __c=73, __d=14), __c=42, __d=27), __c=25, __d=72), __c=24, __d=75), __b=NT_0000_P_00000(__a=NT_0000_P_00001(__a=79, __b=31, __c=78), __b=NT_0000_P_00001(__a=58, __b=5, __c=18), __c=54, __d=56), __c=92, __d=87), __c=60, __d=50), __c=11, __d=77), __b=NT_0000_P_00001(__a=50, __b=35, __c=84), __c=50, __d=68), __c=33, __d=39), __c=9, __d=1))"
430.0,14,92,11,2.5424742698669434,30050,"NT_0019_P_00000(__a=NT_0000_P_00000(__a=NT_0000_P_00000(__a=NT_0000_P_00000(__a=NT_0000_P_00000(__a=NT_0000_P_00000(__a=NT_0000_P_00001(__a=32, __b=96, __c=40), __b=NT_0000_P_00000(__a=NT_0000_P_00001(__a=58, __b=65, __c=94), __b=NT_0000_P_00000(__a=NT_0000_P_00000(__a=NT_0000_P_00001(__a=37, __b=81, __c=62), __b=NT_0000_P_00000(__a=NT_0000_P_00001(__a=73, __b=78, __c=60), __b=NT_0000_P_00001(__a=1, __b=73, __c=57), __c=9, __d=12), __c=27, __d=43), __b=NT_0000_P_00000(__a=NT_0000_P_00000(__a=NT_0000_P_00001(__a=9, __b=8, __c=7), __b=NT_0000_P_00001(__a=4, __b=52, __c=58), __c=95, __d=93), __b=NT_0000_P_00001(__a=35, __b=58, __c=47), __c=29, __d=75), __c=93, __d=61), __c=54, __d=95), __c=83, __d=5), __b=NT_0000_P_00000(__a=NT_0000_P_00001(__a=10, __b=57, __c=67), __b=NT_0000_P_00001(__a=78, __b=35, __c=0), __c=99, __d=77), __c=68, __d=78), __b=NT_0000_P_00000(__a=NT_0000_P_00001(__a=29, __b=52, __c=78), __b=NT_0000_P_00000(__a=NT_0000_P_00001(__a=18, __b=41, __c=31), __b=NT_0000_P_00000(__a=NT_0000_P_00001(__a=49, __b=61, __c=21), __b=NT_0000_P_00000(__a=NT_0000_P_00000(__a=NT_0000_P_00000(__a=NT_0000_P_00001(__a=83, __b=89, __c=39), __b=NT_0000_P_00000(__a=NT_0000_P_00000(__a=NT_0000_P_00001(__a=97, __b=41, __c=55), __b=NT_0000_P_00001(__a=28, __b=49, __c=80), __c=12, __d=30), __b=NT_0000_P_00000(__a=NT_0000_P_00000(__a=NT_0000_P_00001(__a=14, __b=25, __c=33), __b=NT_0000_P_00001(__a=6, __b=5, __c=3), __c=11, __d=41), __b=NT_0000_P_00001(__a=48, __b=39, __c=4), __c=5, __d=94), __c=25, __d=12), __c=73, __d=74), __b=NT_0000_P_00001(__a=52, __b=40, __c=57), __c=68, __d=66), __b=NT_0000_P_00001(__a=62, __b=99, __c=39), __c=60, __d=33), __c=2, __d=86), __c=83, __d=73), __c=8, __d=22), __c=92, __d=19), __b=NT_0000_P_00001(__a=100, __b=81, __c=15), __c=8, __d=51), __b=NT_0000_P_00000(__a=NT_0000_P_00000(__a=NT_0000_P_00000(__a=NT_0000_P_00000(__a=NT_0000_P_00001(__a=72, __b=86, __c=94), __b=NT_0000_P_00001(__a=85, __b=9, __c=49), __c=30, __d=75), __b=NT_0000_P_00001(__a=93, __b=31, __c=72), __c=45, __d=63), __b=NT_0000_P_00000(__a=NT_0000_P_00000(__a=NT_0000_P_00001(__a=68, __b=4, __c=59), __b=NT_0000_P_00001(__a=75, __b=11, __c=100), __c=40, __d=95), __b=NT_0000_P_00001(__a=94, __b=76, __c=9), __c=41, __d=67), __c=77, __d=86), __b=NT_0000_P_00000(__a=NT_0000_P_00000(__a=NT_0000_P_00001(__a=72, __b=73, __c=58), __b=NT_0000_P_00000(__a=NT_0000_P_00000(__a=NT_0000_P_00001(__a=14, __b=17, __c=54), __b=NT_0000_P_00000(__a=NT_0000_P_00001(__a=95, __b=77, __c=23), __b=NT_0000_P_00001(__a=78, __b=29, __c=77), __c=84, __d=13), __c=34, __d=82), __b=NT_0000_P_00000(__a=NT_0000_P_00000(__a=NT_0000_P_00000(__a=NT_0000_P_00000(__a=NT_0000_P_00000(__a=NT_0000_P_00001(__a=52, __b=40, __c=57), __b=NT_0000_P_00001(__a=76, __b=8, __c=52), __c=71, __d=86), __b=NT_0000_P_00001(__a=17, __b=57, __c=39), __c=86, __d=40), __b=NT_0000_P_00001(__a=56, __b=55, __c=100), __c=76, __d=64), __b=NT_0000_P_00000(__a=NT_0000_P_00000(__a=NT_0000_P_00000(__a=NT_0000_P_00001(__a=43, __b=54, __c=9), __b=NT_0000_P_00001(__a=95, __b=66, __c=51), __c=19, __d=83), __b=NT_0000_P_00001(__a=1, __b=93, __c=37), __c=4, __d=38), __b=NT_0000_P_00000(__a=NT_0000_P_00001(__a=35, __b=40, __c=44), __b=NT_0000_P_00000(__a=NT_0000_P_00000(__a=NT_0000_P_00001(__a=21, __b=48, __c=6), __b=NT_0000_P_00001(__a=74, __b=57, __c=94), __c=88, __d=36), __b=NT_0000_P_00001(__a=6, __b=24, __c=62), __c=73, __d=14), __c=42, __d=27), __c=25, __d=72), __c=24, __d=75), __b=NT_0000_P_00000(__a=NT_0000_P_00001(__a=79, __b=31, __c=78), __b=NT_0000_P_00001(__a=58, __b=5, __c=18), __c=54, __d=56), __c=92, __d=87), __c=60, __d=50), __c=11, __d=77), __b=NT_0000_P_00001(__a=50, __b=35, __c=84), __c=50, __d=68), __c=33, __d=39), __c=9, __d=1))"
430.0,14,92,12,2.7976584434509277,30050,"NT_0019_P_00000(__a=NT_0000_P_00000(__a=NT_0000_P_00000(__a=NT_0000_P_00000(__a=NT_0000_P_00000(__a=NT_0000_P_00000(__a=NT_0000_P_00001(__a=32, __b=96, __c=40), __b=NT_0000_P_00000(__a=NT_0000_P_00001(__a=58, __b=65, __c=94), __b=NT_0000_P_00000(__a=NT_0000_P_00000(__a=NT_0000_P_00001(__a=37, __b=81, __c=62), __b=NT_0000_P_00000(__a=NT_0000_P_00001(__a=73, __b=78, __c=60), __b=NT_0000_P_00001(__a=1, __b=73, __c=57), __c=9, __d=12), __c=27, __d=43), __b=NT_0000_P_00000(__a=NT_0000_P_00000(__a=NT_0000_P_00001(__a=9, __b=8, __c=7), __b=NT_0000_P_00001(__a=4, __b=52, __c=58), __c=95, __d=93), __b=NT_0000_P_00001(__a=35, __b=58, __c=47), __c=29, __d=75), __c=93, __d=61), __c=54, __d=95), __c=83, __d=5), __b=NT_0000_P_00000(__a=NT_0000_P_00001(__a=10, __b=57, __c=67), __b=NT_0000_P_00001(__a=78, __b=35, __c=0), __c=99, __d=77), __c=68, __d=78), __b=NT_0000_P_00000(__a=NT_0000_P_00001(__a=29, __b=52, __c=78), __b=NT_0000_P_00000(__a=NT_0000_P_00001(__a=18, __b=41, __c=31), __b=NT_0000_P_00000(__a=NT_0000_P_00001(__a=49, __b=61, __c=21), __b=NT_0000_P_00000(__a=NT_0000_P_00000(__a=NT_0000_P_00000(__a=NT_0000_P_00001(__a=83, __b=89, __c=39), __b=NT_0000_P_00000(__a=NT_0000_P_00000(__a=NT_0000_P_00001(__a=97, __b=41, __c=55), __b=NT_0000_P_00001(__a=28, __b=49, __c=80), __c=12, __d=30), __b=NT_0000_P_00000(__a=NT_0000_P_00000(__a=NT_0000_P_00001(__a=14, __b=25, __c=33), __b=NT_0000_P_00001(__a=6, __b=5, __c=3), __c=11, __d=41), __b=NT_0000_P_00001(__a=48, __b=39, __c=4), __c=5, __d=94), __c=25, __d=12), __c=73, __d=74), __b=NT_0000_P_00001(__a=52, __b=40, __c=57), __c=68, __d=66), __b=NT_0000_P_00001(__a=62, __b=99, __c=39), __c=60, __d=33), __c=2, __d=86), __c=83, __d=73), __c=8, __d=22), __c=92, __d=19), __b=NT_0000_P_00001(__a=100, __b=81, __c=15), __c=8, __d=51), __b=NT_0000_P_00000(__a=NT_0000_P_00000(__a=NT_0000_P_00000(__a=NT_0000_P_00000(__a=NT_0000_P_00001(__a=72, __b=86, __c=94), __b=NT_0000_P_00001(__a=85, __b=9, __c=49), __c=30, __d=75), __b=NT_0000_P_00001(__a=93, __b=31, __c=72), __c=45, __d=63), __b=NT_0000_P_00000(__a=NT_0000_P_00000(__a=NT_0000_P_00001(__a=68, __b=4, __c=59), __b=NT_0000_P_00001(__a=75, __b=11, __c=100), __c=40, __d=95), __b=NT_0000_P_00001(__a=94, __b=76, __c=9), __c=41, __d=67), __c=77, __d=86), __b=NT_0000_P_00000(__a=NT_0000_P_00000(__a=NT_0000_P_00001(__a=72, __b=73, __c=58), __b=NT_0000_P_00000(__a=NT_0000_P_00000(__a=NT_0000_P_00001(__a=14, __b=17, __c=54), __b=NT_0000_P_00000(__a=NT_0000_P_00001(__a=95, __b=77, __c=23), __b=NT_0000_P_00001(__a=78, __b=29, __c=77), __c=84, __d=13), __c=34, __d=82), __b=NT_0000_P_00000(__a=NT_0000_P_00000(__a=NT_0000_P_00000(__a=NT_0000_P_00000(__a=NT_0000_P_00000(__a=NT_0000_P_00001(__a=52, __b=40, __c=57), __b=NT_0000_P_00001(__a=76, __b=8, __c=52), __c=71, __d=86), __b=NT_0000_P_00001(__a=17, __b=57, __c=39), __c=86, __d=40), __b=NT_0000_P_00001(__a=56, __b=55, __c=100), __c=76, __d=64), __b=NT_0000_P_00000(__a=NT_0000_P_00000(__a=NT_0000_P_00000(__a=NT_0000_P_00001(__a=43, __b=54, __c=9), __b=NT_0000_P_00001(__a=95, __b=66, __c=51), __c=19, __d=83), __b=NT_0000_P_00001(__a=1, __b=93, __c=37), __c=4, __d=38), __b=NT_0000_P_00000(__a=NT_0000_P_00001(__a=35, __b=40, __c=44), __b=NT_0000_P_00000(__a=NT_0000_P_00000(__a=NT_0000_P_00001(__a=21, __b=48, __c=6), __b=NT_0000_P_00001(__a=74, __b=57, __c=94), __c=88, __d=36), __b=NT_0000_P_00001(__a=6, __b=24, __c=62), __c=73, __d=14), __c=42, __d=27), __c=25, __d=72), __c=24, __d=75), __b=NT_0000_P_00000(__a=NT_0000_P_00001(__a=79, __b=31, __c=78), __b=NT_0000_P_00001(__a=58, __b=5, __c=18), __c=54, __d=56), __c=92, __d=87), __c=60, __d=50), __c=11, __d=77), __b=NT_0000_P_00001(__a=50, __b=35, __c=84), __c=50, __d=68), __c=33, __d=39), __c=9, __d=1))"
430.0,14,92,13,2.958991765975952,30050,"NT_0019_P_00000(__a=NT_0000_P_00000(__a=NT_0000_P_00000(__a=NT_0000_P_00000(__a=NT_0000_P_00000(__a=NT_0000_P_00000(__a=NT_0000_P_00001(__a=32, __b=96, __c=40), __b=NT_0000_P_00000(__a=NT_0000_P_00001(__a=58, __b=65, __c=94), __b=NT_0000_P_00000(__a=NT_0000_P_00000(__a=NT_0000_P_00001(__a=37, __b=81, __c=62), __b=NT_0000_P_00000(__a=NT_0000_P_00001(__a=73, __b=78, __c=60), __b=NT_0000_P_00001(__a=1, __b=73, __c=57), __c=9, __d=12), __c=27, __d=43), __b=NT_0000_P_00000(__a=NT_0000_P_00000(__a=NT_0000_P_00001(__a=9, __b=8, __c=7), __b=NT_0000_P_00001(__a=4, __b=52, __c=58), __c=95, __d=93), __b=NT_0000_P_00001(__a=35, __b=58, __c=47), __c=29, __d=75), __c=93, __d=61), __c=54, __d=95), __c=83, __d=5), __b=NT_0000_P_00000(__a=NT_0000_P_00001(__a=10, __b=57, __c=67), __b=NT_0000_P_00001(__a=78, __b=35, __c=0), __c=99, __d=77), __c=68, __d=78), __b=NT_0000_P_00000(__a=NT_0000_P_00001(__a=29, __b=52, __c=78), __b=NT_0000_P_00000(__a=NT_0000_P_00001(__a=18, __b=41, __c=31), __b=NT_0000_P_00000(__a=NT_0000_P_00001(__a=49, __b=61, __c=21), __b=NT_0000_P_00000(__a=NT_0000_P_00000(__a=NT_0000_P_00000(__a=NT_0000_P_00001(__a=83, __b=89, __c=39), __b=NT_0000_P_00000(__a=NT_0000_P_00000(__a=NT_0000_P_00001(__a=97, __b=41, __c=55), __b=NT_0000_P_00001(__a=28, __b=49, __c=80), __c=12, __d=30), __b=NT_0000_P_00000(__a=NT_0000_P_00000(__a=NT_0000_P_00001(__a=14, __b=25, __c=33), __b=NT_0000_P_00001(__a=6, __b=5, __c=3), __c=11, __d=41), __b=NT_0000_P_00001(__a=48, __b=39, __c=4), __c=5, __d=94), __c=25, __d=12), __c=73, __d=74), __b=NT_0000_P_00001(__a=52, __b=40, __c=57), __c=68, __d=66), __b=NT_0000_P_00001(__a=62, __b=99, __c=39), __c=60, __d=33), __c=2, __d=86), __c=83, __d=73), __c=8, __d=22), __c=92, __d=19), __b=NT_0000_P_00001(__a=100, __b=81, __c=15), __c=8, __d=51), __b=NT_0000_P_00000(__a=NT_0000_P_00000(__a=NT_0000_P_00000(__a=NT_0000_P_00000(__a=NT_0000_P_00001(__a=72, __b=86, __c=94), __b=NT_0000_P_00001(__a=85, __b=9, __c=49), __c=30, __d=75), __b=NT_0000_P_00001(__a=93, __b=31, __c=72), __c=45, __d=63), __b=NT_0000_P_00000(__a=NT_0000_P_00000(__a=NT_0000_P_00001(__a=68, __b=4, __c=59), __b=NT_0000_P_00001(__a=75, __b=11, __c=100), __c=40, __d=95), __b=NT_0000_P_00001(__a=94, __b=76, __c=9), __c=41, __d=67), __c=77, __d=86), __b=NT_0000_P_00000(__a=NT_0000_P_00000(__a=NT_0000_P_00001(__a=72, __b=73, __c=58), __b=NT_0000_P_00000(__a=NT_0000_P_00000(__a=NT_0000_P_00001(__a=14, __b=17, __c=54), __b=NT_0000_P_00000(__a=NT_0000_P_00001(__a=95, __b=77, __c=23), __b=NT_0000_P_00001(__a=78, __b=29, __c=77), __c=84, __d=13), __c=34, __d=82), __b=NT_0000_P_00000(__a=NT_0000_P_00000(__a=NT_0000_P_00000(__a=NT_0000_P_00000(__a=NT_0000_P_00000(__a=NT_0000_P_00001(__a=52, __b=40, __c=57), __b=NT_0000_P_00001(__a=76, __b=8, __c=52), __c=71, __d=86), __b=NT_0000_P_00001(__a=17, __b=57, __c=39), __c=86, __d=40), __b=NT_0000_P_00001(__a=56, __b=55, __c=100), __c=76, __d=64), __b=NT_0000_P_00000(__a=NT_0000_P_00000(__a=NT_0000_P_00000(__a=NT_0000_P_00001(__a=43, __b=54, __c=9), __b=NT_0000_P_00001(__a=95, __b=66, __c=51), __c=19, __d=83), __b=NT_0000_P_00001(__a=1, __b=93, __c=37), __c=4, __d=38), __b=NT_0000_P_00000(__a=NT_0000_P_00001(__a=35, __b=40, __c=44), __b=NT_0000_P_00000(__a=NT_0000_P_00000(__a=NT_0000_P_00001(__a=21, __b=48, __c=6), __b=NT_0000_P_00001(__a=74, __b=57, __c=94), __c=88, __d=36), __b=NT_0000_P_00001(__a=6, __b=24, __c=62), __c=73, __d=14), __c=42, __d=27), __c=25, __d=72), __c=24, __d=75), __b=NT_0000_P_00000(__a=NT_0000_P_00001(__a=79, __b=31, __c=78), __b=NT_0000_P_00001(__a=58, __b=5, __c=18), __c=54, __d=56), __c=92, __d=87), __c=60, __d=50), __c=11, __d=77), __b=NT_0000_P_00001(__a=50, __b=35, __c=84), __c=50, __d=68), __c=33, __d=39), __c=9, __d=1))"
430.0,14,92,14,3.154865264892578,30050,"NT_0019_P_00000(__a=NT_0000_P_00000(__a=NT_0000_P_00000(__a=NT_0000_P_00000(__a=NT_0000_P_00000(__a=NT_0000_P_00000(__a=NT_0000_P_00001(__a=32, __b=96, __c=40), __b=NT_0000_P_00000(__a=NT_0000_P_00001(__a=58, __b=65, __c=94), __b=NT_0000_P_00000(__a=NT_0000_P_00000(__a=NT_0000_P_00001(__a=37, __b=81, __c=62), __b=NT_0000_P_00000(__a=NT_0000_P_00001(__a=73, __b=78, __c=60), __b=NT_0000_P_00001(__a=1, __b=73, __c=57), __c=9, __d=12), __c=27, __d=43), __b=NT_0000_P_00000(__a=NT_0000_P_00000(__a=NT_0000_P_00001(__a=9, __b=8, __c=7), __b=NT_0000_P_00001(__a=4, __b=52, __c=58), __c=95, __d=93), __b=NT_0000_P_00001(__a=35, __b=58, __c=47), __c=29, __d=75), __c=93, __d=61), __c=54, __d=95), __c=83, __d=5), __b=NT_0000_P_00000(__a=NT_0000_P_00001(__a=10, __b=57, __c=67), __b=NT_0000_P_00001(__a=78, __b=35, __c=0), __c=99, __d=77), __c=68, __d=78), __b=NT_0000_P_00000(__a=NT_0000_P_00001(__a=29, __b=52, __c=78), __b=NT_0000_P_00000(__a=NT_0000_P_00001(__a=18, __b=41, __c=31), __b=NT_0000_P_00000(__a=NT_0000_P_00001(__a=49, __b=61, __c=21), __b=NT_0000_P_00000(__a=NT_0000_P_00000(__a=NT_0000_P_00000(__a=NT_0000_P_00001(__a=83, __b=89, __c=39), __b=NT_0000_P_00000(__a=NT_0000_P_00000(__a=NT_0000_P_00001(__a=97, __b=41, __c=55), __b=NT_0000_P_00001(__a=28, __b=49, __c=80), __c=12, __d=30), __b=NT_0000_P_00000(__a=NT_0000_P_00000(__a=NT_0000_P_00001(__a=14, __b=25, __c=33), __b=NT_0000_P_00001(__a=6, __b=5, __c=3), __c=11, __d=41), __b=NT_0000_P_00001(__a=48, __b=39, __c=4), __c=5, __d=94), __c=25, __d=12), __c=73, __d=74), __b=NT_0000_P_00001(__a=52, __b=40, __c=57), __c=68, __d=66), __b=NT_0000_P_00001(__a=62, __b=99, __c=39), __c=60, __d=33), __c=2, __d=86), __c=83, __d=73), __c=8, __d=22), __c=92, __d=19), __b=NT_0000_P_00001(__a=100, __b=81, __c=15), __c=8, __d=51), __b=NT_0000_P_00000(__a=NT_0000_P_00000(__a=NT_0000_P_00000(__a=NT_0000_P_00000(__a=NT_0000_P_00001(__a=72, __b=86, __c=94), __b=NT_0000_P_00001(__a=85, __b=9, __c=49), __c=30, __d=75), __b=NT_0000_P_00001(__a=93, __b=31, __c=72), __c=45, __d=63), __b=NT_0000_P_00000(__a=NT_0000_P_00000(__a=NT_0000_P_00001(__a=68, __b=4, __c=59), __b=NT_0000_P_00001(__a=75, __b=11, __c=100), __c=40, __d=95), __b=NT_0000_P_00001(__a=94, __b=76, __c=9), __c=41, __d=67), __c=77, __d=86), __b=NT_0000_P_00000(__a=NT_0000_P_00000(__a=NT_0000_P_00001(__a=72, __b=73, __c=58), __b=NT_0000_P_00000(__a=NT_0000_P_00000(__a=NT_0000_P_00001(__a=14, __b=17, __c=54), __b=NT_0000_P_00000(__a=NT_0000_P_00001(__a=95, __b=77, __c=23), __b=NT_0000_P_00001(__a=78, __b=29, __c=77), __c=84, __d=13), __c=34, __d=82), __b=NT_0000_P_00000(__a=NT_0000_P_00000(__a=NT_0000_P_00000(__a=NT_0000_P_00000(__a=NT_0000_P_00000(__a=NT_0000_P_00001(__a=52, __b=40, __c=57), __b=NT_0000_P_00001(__a=76, __b=8, __c=52), __c=71, __d=86), __b=NT_0000_P_00001(__a=17, __b=57, __c=39), __c=86, __d=40), __b=NT_0000_P_00001(__a=56, __b=55, __c=100), __c=76, __d=64), __b=NT_0000_P_00000(__a=NT_0000_P_00000(__a=NT_0000_P_00000(__a=NT_0000_P_00001(__a=43, __b=54, __c=9), __b=NT_0000_P_00001(__a=95, __b=66, __c=51), __c=19, __d=83), __b=NT_0000_P_00001(__a=1, __b=93, __c=37), __c=4, __d=38), __b=NT_0000_P_00000(__a=NT_0000_P_00001(__a=35, __b=40, __c=44), __b=NT_0000_P_00000(__a=NT_0000_P_00000(__a=NT_0000_P_00001(__a=21, __b=48, __c=6), __b=NT_0000_P_00001(__a=74, __b=57, __c=94), __c=88, __d=36), __b=NT_0000_P_00001(__a=6, __b=24, __c=62), __c=73, __d=14), __c=42, __d=27), __c=25, __d=72), __c=24, __d=75), __b=NT_0000_P_00000(__a=NT_0000_P_00001(__a=79, __b=31, __c=78), __b=NT_0000_P_00001(__a=58, __b=5, __c=18), __c=54, __d=56), __c=92, __d=87), __c=60, __d=50), __c=11, __d=77), __b=NT_0000_P_00001(__a=50, __b=35, __c=84), __c=50, __d=68), __c=33, __d=39), __c=9, __d=1))"
427.0,14,92,15,3.43778920173645,30050,"NT_0019_P_00000(__a=NT_0000_P_00000(__a=NT_0000_P_00000(__a=NT_0000_P_00000(__a=NT_0000_P_00000(__a=NT_0000_P_00000(__a=NT_0000_P_00001(__a=32, __b=96, __c=40), __b=NT_0000_P_00000(__a=NT_0000_P_00001(__a=58, __b=65, __c=94), __b=NT_0000_P_00000(__a=NT_0000_P_00000(__a=NT_0000_P_00001(__a=37, __b=81, __c=62), __b=NT_0000_P_00000(__a=NT_0000_P_00001(__a=73, __b=78, __c=60), __b=NT_0000_P_00001(__a=1, __b=73, __c=57), __c=9, __d=12), __c=27, __d=43), __b=NT_0000_P_00000(__a=NT_0000_P_00000(__a=NT_0000_P_00001(__a=9, __b=8, __c=7), __b=NT_0000_P_00001(__a=4, __b=52, __c=58), __c=95, __d=93), __b=NT_0000_P_00001(__a=35, __b=58, __c=47), __c=29, __d=75), __c=93, __d=61), __c=54, __d=95), __c=83, __d=5), __b=NT_0000_P_00000(__a=NT_0000_P_00001(__a=10, __b=57, __c=67), __b=NT_0000_P_00001(__a=78, __b=35, __c=0), __c=99, __d=77), __c=68, __d=78), __b=NT_0000_P_00000(__a=NT_0000_P_00001(__a=29, __b=52, __c=78), __b=NT_0000_P_00000(__a=NT_0000_P_00001(__a=18, __b=41, __c=31), __b=NT_0000_P_00000(__a=NT_0000_P_00001(__a=66, __b=12, __c=66), __b=NT_0000_P_00000(__a=NT_0000_P_00000(__a=NT_0000_P_00000(__a=NT_0000_P_00001(__a=83, __b=89, __c=39), __b=NT_0000_P_00000(__a=NT_0000_P_00000(__a=NT_0000_P_00001(__a=97, __b=41, __c=55), __b=NT_0000_P_00001(__a=28, __b=49, __c=80), __c=12, __d=30), __b=NT_0000_P_00000(__a=NT_0000_P_00000(__a=NT_0000_P_00001(__a=14, __b=25, __c=33), __b=NT_0000_P_00001(__a=6, __b=5, __c=3), __c=11, __d=41), __b=NT_0000_P_00001(__a=48, __b=39, __c=4), __c=5, __d=94), __c=25, __d=12), __c=73, __d=74), __b=NT_0000_P_00001(__a=52, __b=40, __c=57), __c=68, __d=66), __b=NT_0000_P_00001(__a=62, __b=99, __c=39), __c=60, __d=33), __c=2, __d=86), __c=83, __d=73), __c=8, __d=22), __c=92, __d=19), __b=NT_0000_P_00001(__a=100, __b=81, __c=15), __c=8, __d=51), __b=NT_0000_P_00000(__a=NT_0000_P_00000(__a=NT_0000_P_00000(__a=NT_0000_P_00001(__a=43, __b=54, __c=9), __b=NT_0000_P_00001(__a=95, __b=66, __c=51), __c=19, __d=83), __b=NT_0000_P_00000(__a=NT_0000_P_00000(__a=NT_0000_P_00001(__a=68, __b=4, __c=59), __b=NT_0000_P_00001(__a=75, __b=11, __c=100), __c=40, __d=95), __b=NT_0000_P_00001(__a=94, __b=76, __c=9), __c=41, __d=67), __c=77, __d=86), __b=NT_0000_P_00000(__a=NT_0000_P_00000(__a=NT_0000_P_00001(__a=75, __b=11, __c=100), __b=NT_0000_P_00000(__a=NT_0000_P_00000(__a=NT_0000_P_00001(__a=14, __b=17, __c=54), __b=NT_0000_P_00000(__a=NT_0000_P_00001(__a=74, __b=57, __c=94), __b=NT_0000_P_00000(__a=NT_0000_P_00001(__a=58, __b=5, __c=18), __b=NT_0000_P_00001(__a=80, __b=24, __c=32), __c=31, __d=15), __c=84, __d=13), __c=34, __d=82), __b=NT_0000_P_00000(__a=NT_0000_P_00000(__a=NT_0000_P_00000(__a=NT_0000_P_00000(__a=NT_0000_P_00000(__a=NT_0000_P_00001(__a=52, __b=40, __c=57), __b=NT_0000_P_00001(__a=76, __b=8, __c=52), __c=71, __d=86), __b=NT_0000_P_00001(__a=17, __b=57, __c=39), __c=86, __d=40), __b=NT_0000_P_00001(__a=56, __b=55, __c=100), __c=76, __d=64), __b=NT_0000_P_00000(__a=NT_0000_P_00000(__a=NT_0000_P_00000(__a=NT_0000_P_00001(__a=43, __b=54, __c=9), __b=NT_0000_P_00001(__a=95, __b=66, __c=51), __c=19, __d=83), __b=NT_0000_P_00001(__a=1, __b=93, __c=37), __c=4, __d=38), __b=NT_0000_P_00000(__a=NT_0000_P_00001(__a=35, __b=40, __c=44), __b=NT_0000_P_00000(__a=NT_0000_P_00000(__a=NT_0000_P_00001(__a=21, __b=48, __c=6), __b=NT_0000_P_00001(__a=74, __b=57, __c=94), __c=88, __d=36), __b=NT_0000_P_00001(__a=6, __b=24, __c=62), __c=73, __d=14), __c=42, __d=27), __c=25, __d=72), __c=24, __d=75), __b=NT_0000_P_00000(__a=NT_0000_P_00001(__a=79, __b=31, __c=78), __b=NT_0000_P_00001(__a=58, __b=5, __c=18), __c=54, __d=56), __c=92, __d=87), __c=60, __d=50), __c=11, __d=77), __b=NT_0000_P_00001(__a=50, __b=35, __c=84), __c=50, __d=68), __c=33, __d=39), __c=9, __d=1))"
427.0,14,92,16,3.5969960689544678,30050,"NT_0019_P_00000(__a=NT_0000_P_00000(__a=NT_0000_P_00000(__a=NT_0000_P_00000(__a=NT_0000_P_00000(__a=NT_0000_P_00000(__a=NT_0000_P_00001(__a=32, __b=96, __c=40), __b=NT_0000_P_00000(__a=NT_0000_P_00001(__a=58, __b=65, __c=94), __b=NT_0000_P_00000(__a=NT_0000_P_00000(__a=NT_0000_P_00001(__a=37, __b=81, __c=62), __b=NT_0000_P_00000(__a=NT_0000_P_00001(__a=73, __b=78, __c=60), __b=NT_0000_P_00001(__a=1, __b=73, __c=57), __c=9, __d=12), __c=27, __d=43), __b=NT_0000_P_00000(__a=NT_0000_P_00000(__a=NT_0000_P_00001(__a=9, __b=8, __c=7), __b=NT_0000_P_00001(__a=4, __b=52, __c=58), __c=95, __d=93), __b=NT_0000_P_00001(__a=35, __b=58, __c=47), __c=29, __d=75), __c=93, __d=61), __c=54, __d=95), __c=83, __d=5), __b=NT_0000_P_00000(__a=NT_0000_P_00001(__a=10, __b=57, __c=67), __b=NT_0000_P_00001(__a=78, __b=35, __c=0), __c=99, __d=77), __c=68, __d=78), __b=NT_0000_P_00000(__a=NT_0000_P_00001(__a=29, __b=52, __c=78), __b=NT_0000_P_00000(__a=NT_0000_P_00001(__a=18, __b=41, __c=31), __b=NT_0000_P_00000(__a=NT_0000_P_00001(__a=66, __b=12, __c=66), __b=NT_0000_P_00000(__a=NT_0000_P_00000(__a=NT_0000_P_00000(__a=NT_0000_P_00001(__a=83, __b=89, __c=39), __b=NT_0000_P_00000(__a=NT_0000_P_00000(__a=NT_0000_P_00001(__a=97, __b=41, __c=55), __b=NT_0000_P_00001(__a=28, __b=49, __c=80), __c=12, __d=30), __b=NT_0000_P_00000(__a=NT_0000_P_00000(__a=NT_0000_P_00001(__a=14, __b=25, __c=33), __b=NT_0000_P_00001(__a=6, __b=5, __c=3), __c=11, __d=41), __b=NT_0000_P_00001(__a=48, __b=39, __c=4), __c=5, __d=94), __c=25, __d=12), __c=73, __d=74), __b=NT_0000_P_00001(__a=52, __b=40, __c=57), __c=68, __d=66), __b=NT_0000_P_00001(__a=62, __b=99, __c=39), __c=60, __d=33), __c=2, __d=86), __c=83, __d=73), __c=8, __d=22), __c=92, __d=19), __b=NT_0000_P_00001(__a=100, __b=81, __c=15), __c=8, __d=51), __b=NT_0000_P_00000(__a=NT_0000_P_00000(__a=NT_0000_P_00000(__a=NT_0000_P_00001(__a=43, __b=54, __c=9), __b=NT_0000_P_00001(__a=95, __b=66, __c=51), __c=19, __d=83), __b=NT_0000_P_00000(__a=NT_0000_P_00000(__a=NT_0000_P_00001(__a=68, __b=4, __c=59), __b=NT_0000_P_00001(__a=75, __b=11, __c=100), __c=40, __d=95), __b=NT_0000_P_00001(__a=94, __b=76, __c=9), __c=41, __d=67), __c=77, __d=86), __b=NT_0000_P_00000(__a=NT_0000_P_00000(__a=NT_0000_P_00001(__a=75, __b=11, __c=100), __b=NT_0000_P_00000(__a=NT_0000_P_00000(__a=NT_0000_P_00001(__a=14, __b=17, __c=54), __b=NT_0000_P_00000(__a=NT_0000_P_00001(__a=74, __b=57, __c=94), __b=NT_0000_P_00000(__a=NT_0000_P_00001(__a=58, __b=5, __c=18), __b=NT_0000_P_00001(__a=80, __b=24, __c=32), __c=31, __d=15), __c=84, __d=13), __c=34, __d=82), __b=NT_0000_P_00000(__a=NT_0000_P_00000(__a=NT_0000_P_00000(__a=NT_0000_P_00000(__a=NT_0000_P_00000(__a=NT_0000_P_00001(__a=52, __b=40, __c=57), __b=NT_0000_P_00001(__a=76, __b=8, __c=52), __c=71, __d=86), __b=NT_0000_P_00001(__a=17, __b=57, __c=39), __c=86, __d=40), __b=NT_0000_P_00001(__a=56, __b=55, __c=100), __c=76, __d=64), __b=NT_0000_P_00000(__a=NT_0000_P_00000(__a=NT_0000_P_00000(__a=NT_0000_P_00001(__a=43, __b=54, __c=9), __b=NT_0000_P_00001(__a=95, __b=66, __c=51), __c=19, __d=83), __b=NT_0000_P_00001(__a=1, __b=93, __c=37), __c=4, __d=38), __b=NT_0000_P_00000(__a=NT_0000_P_00001(__a=35, __b=40, __c=44), __b=NT_0000_P_00000(__a=NT_0000_P_00000(__a=NT_0000_P_00001(__a=21, __b=48, __c=6), __b=NT_0000_P_00001(__a=74, __b=57, __c=94), __c=88, __d=36), __b=NT_0000_P_00001(__a=6, __b=24, __c=62), __c=73, __d=14), __c=42, __d=27), __c=25, __d=72), __c=24, __d=75), __b=NT_0000_P_00000(__a=NT_0000_P_00001(__a=79, __b=31, __c=78), __b=NT_0000_P_00001(__a=58, __b=5, __c=18), __c=54, __d=56), __c=92, __d=87), __c=60, __d=50), __c=11, __d=77), __b=NT_0000_P_00001(__a=50, __b=35, __c=84), __c=50, __d=68), __c=33, __d=39), __c=9, __d=1))"
427.0,14,92,17,3.740889072418213,30050,"NT_0019_P_00000(__a=NT_0000_P_00000(__a=NT_0000_P_00000(__a=NT_0000_P_00000(__a=NT_0000_P_00000(__a=NT_0000_P_00000(__a=NT_0000_P_00001(__a=32, __b=96, __c=40), __b=NT_0000_P_00000(__a=NT_0000_P_00001(__a=58, __b=65, __c=94), __b=NT_0000_P_00000(__a=NT_0000_P_00000(__a=NT_0000_P_00001(__a=37, __b=81, __c=62), __b=NT_0000_P_00000(__a=NT_0000_P_00001(__a=73, __b=78, __c=60), __b=NT_0000_P_00001(__a=1, __b=73, __c=57), __c=9, __d=12), __c=27, __d=43), __b=NT_0000_P_00000(__a=NT_0000_P_00000(__a=NT_0000_P_00001(__a=9, __b=8, __c=7), __b=NT_0000_P_00001(__a=4, __b=52, __c=58), __c=95, __d=93), __b=NT_0000_P_00001(__a=35, __b=58, __c=47), __c=29, __d=75), __c=93, __d=61), __c=54, __d=95), __c=83, __d=5), __b=NT_0000_P_00000(__a=NT_0000_P_00001(__a=10, __b=57, __c=67), __b=NT_0000_P_00001(__a=78, __b=35, __c=0), __c=99, __d=77), __c=68, __d=78), __b=NT_0000_P_00000(__a=NT_0000_P_00001(__a=29, __b=52, __c=78), __b=NT_0000_P_00000(__a=NT_0000_P_00001(__a=18, __b=41, __c=31), __b=NT_0000_P_00000(__a=NT_0000_P_00001(__a=66, __b=12, __c=66), __b=NT_0000_P_00000(__a=NT_0000_P_00000(__a=NT_0000_P_00000(__a=NT_0000_P_00001(__a=83, __b=89, __c=39), __b=NT_0000_P_00000(__a=NT_0000_P_00000(__a=NT_0000_P_00001(__a=97, __b=41, __c=55), __b=NT_0000_P_00001(__a=28, __b=49, __c=80), __c=12, __d=30), __b=NT_0000_P_00000(__a=NT_0000_P_00000(__a=NT_0000_P_00001(__a=14, __b=25, __c=33), __b=NT_0000_P_00001(__a=6, __b=5, __c=3), __c=11, __d=41), __b=NT_0000_P_00001(__a=48, __b=39, __c=4), __c=5, __d=94), __c=25, __d=12), __c=73, __d=74), __b=NT_0000_P_00001(__a=52, __b=40, __c=57), __c=68, __d=66), __b=NT_0000_P_00001(__a=62, __b=99, __c=39), __c=60, __d=33), __c=2, __d=86), __c=83, __d=73), __c=8, __d=22), __c=92, __d=19), __b=NT_0000_P_00001(__a=100, __b=81, __c=15), __c=8, __d=51), __b=NT_0000_P_00000(__a=NT_0000_P_00000(__a=NT_0000_P_00000(__a=NT_0000_P_00001(__a=43, __b=54, __c=9), __b=NT_0000_P_00001(__a=95, __b=66, __c=51), __c=19, __d=83), __b=NT_0000_P_00000(__a=NT_0000_P_00000(__a=NT_0000_P_00001(__a=68, __b=4, __c=59), __b=NT_0000_P_00001(__a=75, __b=11, __c=100), __c=40, __d=95), __b=NT_0000_P_00001(__a=94, __b=76, __c=9), __c=41, __d=67), __c=77, __d=86), __b=NT_0000_P_00000(__a=NT_0000_P_00000(__a=NT_0000_P_00001(__a=75, __b=11, __c=100), __b=NT_0000_P_00000(__a=NT_0000_P_00000(__a=NT_0000_P_00001(__a=14, __b=17, __c=54), __b=NT_0000_P_00000(__a=NT_0000_P_00001(__a=74, __b=57, __c=94), __b=NT_0000_P_00000(__a=NT_0000_P_00001(__a=58, __b=5, __c=18), __b=NT_0000_P_00001(__a=80, __b=24, __c=32), __c=31, __d=15), __c=84, __d=13), __c=34, __d=82), __b=NT_0000_P_00000(__a=NT_0000_P_00000(__a=NT_0000_P_00000(__a=NT_0000_P_00000(__a=NT_0000_P_00000(__a=NT_0000_P_00001(__a=52, __b=40, __c=57), __b=NT_0000_P_00001(__a=76, __b=8, __c=52), __c=71, __d=86), __b=NT_0000_P_00001(__a=17, __b=57, __c=39), __c=86, __d=40), __b=NT_0000_P_00001(__a=56, __b=55, __c=100), __c=76, __d=64), __b=NT_0000_P_00000(__a=NT_0000_P_00000(__a=NT_0000_P_00000(__a=NT_0000_P_00001(__a=43, __b=54, __c=9), __b=NT_0000_P_00001(__a=95, __b=66, __c=51), __c=19, __d=83), __b=NT_0000_P_00001(__a=1, __b=93, __c=37), __c=4, __d=38), __b=NT_0000_P_00000(__a=NT_0000_P_00001(__a=35, __b=40, __c=44), __b=NT_0000_P_00000(__a=NT_0000_P_00000(__a=NT_0000_P_00001(__a=21, __b=48, __c=6), __b=NT_0000_P_00001(__a=74, __b=57, __c=94), __c=88, __d=36), __b=NT_0000_P_00001(__a=6, __b=24, __c=62), __c=73, __d=14), __c=42, __d=27), __c=25, __d=72), __c=24, __d=75), __b=NT_0000_P_00000(__a=NT_0000_P_00001(__a=79, __b=31, __c=78), __b=NT_0000_P_00001(__a=58, __b=5, __c=18), __c=54, __d=56), __c=92, __d=87), __c=60, __d=50), __c=11, __d=77), __b=NT_0000_P_00001(__a=50, __b=35, __c=84), __c=50, __d=68), __c=33, __d=39), __c=9, __d=1))"
427.0,14,92,18,3.9794604778289795,30050,"NT_0019_P_00000(__a=NT_0000_P_00000(__a=NT_0000_P_00000(__a=NT_0000_P_00000(__a=NT_0000_P_00000(__a=NT_0000_P_00000(__a=NT_0000_P_00001(__a=32, __b=96, __c=40), __b=NT_0000_P_00000(__a=NT_0000_P_00001(__a=58, __b=65, __c=94), __b=NT_0000_P_00000(__a=NT_0000_P_00000(__a=NT_0000_P_00001(__a=37, __b=81, __c=62), __b=NT_0000_P_00000(__a=NT_0000_P_00001(__a=73, __b=78, __c=60), __b=NT_0000_P_00001(__a=1, __b=73, __c=57), __c=9, __d=12), __c=27, __d=43), __b=NT_0000_P_00000(__a=NT_0000_P_00000(__a=NT_0000_P_00001(__a=9, __b=8, __c=7), __b=NT_0000_P_00001(__a=4, __b=52, __c=58), __c=95, __d=93), __b=NT_0000_P_00001(__a=35, __b=58, __c=47), __c=29, __d=75), __c=93, __d=61), __c=54, __d=95), __c=83, __d=5), __b=NT_0000_P_00000(__a=NT_0000_P_00001(__a=10, __b=57, __c=67), __b=NT_0000_P_00001(__a=78, __b=35, __c=0), __c=99, __d=77), __c=68, __d=78), __b=NT_0000_P_00000(__a=NT_0000_P_00001(__a=29, __b=52, __c=78), __b=NT_0000_P_00000(__a=NT_0000_P_00001(__a=18, __b=41, __c=31), __b=NT_0000_P_00000(__a=NT_0000_P_00001(__a=66, __b=12, __c=66), __b=NT_0000_P_00000(__a=NT_0000_P_00000(__a=NT_0000_P_00000(__a=NT_0000_P_00001(__a=83, __b=89, __c=39), __b=NT_0000_P_00000(__a=NT_0000_P_00000(__a=NT_0000_P_00001(__a=97, __b=41, __c=55), __b=NT_0000_P_00001(__a=28, __b=49, __c=80), __c=12, __d=30), __b=NT_0000_P_00000(__a=NT_0000_P_00000(__a=NT_0000_P_00001(__a=14, __b=25, __c=33), __b=NT_0000_P_00001(__a=6, __b=5, __c=3), __c=11, __d=41), __b=NT_0000_P_00001(__a=48, __b=39, __c=4), __c=5, __d=94), __c=25, __d=12), __c=73, __d=74), __b=NT_0000_P_00001(__a=52, __b=40, __c=57), __c=68, __d=66), __b=NT_0000_P_00001(__a=62, __b=99, __c=39), __c=60, __d=33), __c=2, __d=86), __c=83, __d=73), __c=8, __d=22), __c=92, __d=19), __b=NT_0000_P_00001(__a=100, __b=81, __c=15), __c=8, __d=51), __b=NT_0000_P_00000(__a=NT_0000_P_00000(__a=NT_0000_P_00000(__a=NT_0000_P_00001(__a=43, __b=54, __c=9), __b=NT_0000_P_00001(__a=95, __b=66, __c=51), __c=19, __d=83), __b=NT_0000_P_00000(__a=NT_0000_P_00000(__a=NT_0000_P_00001(__a=68, __b=4, __c=59), __b=NT_0000_P_00001(__a=75, __b=11, __c=100), __c=40, __d=95), __b=NT_0000_P_00001(__a=94, __b=76, __c=9), __c=41, __d=67), __c=77, __d=86), __b=NT_0000_P_00000(__a=NT_0000_P_00000(__a=NT_0000_P_00001(__a=75, __b=11, __c=100), __b=NT_0000_P_00000(__a=NT_0000_P_00000(__a=NT_0000_P_00001(__a=14, __b=17, __c=54), __b=NT_0000_P_00000(__a=NT_0000_P_00001(__a=74, __b=57, __c=94), __b=NT_0000_P_00000(__a=NT_0000_P_00001(__a=58, __b=5, __c=18), __b=NT_0000_P_00001(__a=80, __b=24, __c=32), __c=31, __d=15), __c=84, __d=13), __c=34, __d=82), __b=NT_0000_P_00000(__a=NT_0000_P_00000(__a=NT_0000_P_00000(__a=NT_0000_P_00000(__a=NT_0000_P_00000(__a=NT_0000_P_00001(__a=52, __b=40, __c=57), __b=NT_0000_P_00001(__a=76, __b=8, __c=52), __c=71, __d=86), __b=NT_0000_P_00001(__a=17, __b=57, __c=39), __c=86, __d=40), __b=NT_0000_P_00001(__a=56, __b=55, __c=100), __c=76, __d=64), __b=NT_0000_P_00000(__a=NT_0000_P_00000(__a=NT_0000_P_00000(__a=NT_0000_P_00001(__a=43, __b=54, __c=9), __b=NT_0000_P_00001(__a=95, __b=66, __c=51), __c=19, __d=83), __b=NT_0000_P_00001(__a=1, __b=93, __c=37), __c=4, __d=38), __b=NT_0000_P_00000(__a=NT_0000_P_00001(__a=35, __b=40, __c=44), __b=NT_0000_P_00000(__a=NT_0000_P_00000(__a=NT_0000_P_00001(__a=21, __b=48, __c=6), __b=NT_0000_P_00001(__a=74, __b=57, __c=94), __c=88, __d=36), __b=NT_0000_P_00001(__a=6, __b=24, __c=62), __c=73, __d=14), __c=42, __d=27), __c=25, __d=72), __c=24, __d=75), __b=NT_0000_P_00000(__a=NT_0000_P_00001(__a=79, __b=31, __c=78), __b=NT_0000_P_00001(__a=58, __b=5, __c=18), __c=54, __d=56), __c=92, __d=87), __c=60, __d=50), __c=11, __d=77), __b=NT_0000_P_00001(__a=50, __b=35, __c=84), __c=50, __d=68), __c=33, __d=39), __c=9, __d=1))"
424.0,14,92,19,4.097531318664551,30050,"NT_0019_P_00000(__a=NT_0000_P_00000(__a=NT_0000_P_00000(__a=NT_0000_P_00000(__a=NT_0000_P_00000(__a=NT_0000_P_00000(__a=NT_0000_P_00001(__a=32, __b=96, __c=40), __b=NT_0000_P_00000(__a=NT_0000_P_00001(__a=58, __b=65, __c=94), __b=NT_0000_P_00000(__a=NT_0000_P_00000(__a=NT_0000_P_00001(__a=37, __b=81, __c=62), __b=NT_0000_P_00000(__a=NT_0000_P_00001(__a=73, __b=78, __c=60), __b=NT_0000_P_00001(__a=1, __b=73, __c=57), __c=9, __d=12), __c=27, __d=43), __b=NT_0000_P_00000(__a=NT_0000_P_00000(__a=NT_0000_P_00001(__a=9, __b=8, __c=7), __b=NT_0000_P_00001(__a=4, __b=52, __c=58), __c=95, __d=93), __b=NT_0000_P_00001(__a=35, __b=58, __c=47), __c=29, __d=75), __c=93, __d=61), __c=54, __d=95), __c=83, __d=5), __b=NT_0000_P_00000(__a=NT_0000_P_00001(__a=10, __b=57, __c=67), __b=NT_0000_P_00001(__a=78, __b=35, __c=0), __c=99, __d=77), __c=68, __d=78), __b=NT_0000_P_00000(__a=NT_0000_P_00001(__a=29, __b=52, __c=78), __b=NT_0000_P_00000(__a=NT_0000_P_00001(__a=18, __b=41, __c=31), __b=NT_0000_P_00000(__a=NT_0000_P_00001(__a=66, __b=12, __c=66), __b=NT_0000_P_00000(__a=NT_0000_P_00000(__a=NT_0000_P_00000(__a=NT_0000_P_00001(__a=83, __b=89, __c=39), __b=NT_0000_P_00000(__a=NT_0000_P_00000(__a=NT_0000_P_00001(__a=97, __b=41, __c=55), __b=NT_0000_P_00001(__a=28, __b=49, __c=80), __c=12, __d=30), __b=NT_0000_P_00000(__a=NT_0000_P_00000(__a=NT_0000_P_00001(__a=14, __b=25, __c=33), __b=NT_0000_P_00001(__a=6, __b=5, __c=3), __c=11, __d=41), __b=NT_0000_P_00001(__a=48, __b=39, __c=4), __c=5, __d=94), __c=25, __d=12), __c=73, __d=74), __b=NT_0000_P_00001(__a=52, __b=40, __c=57), __c=68, __d=66), __b=NT_0000_P_00001(__a=62, __b=99, __c=39), __c=60, __d=33), __c=2, __d=86), __c=83, __d=73), __c=8, __d=22), __c=92, __d=19), __b=NT_0000_P_00001(__a=100, __b=81, __c=15), __c=8, __d=51), __b=NT_0000_P_00000(__a=NT_0000_P_00000(__a=NT_0000_P_00000(__a=NT_0000_P_00001(__a=43, __b=54, __c=9), __b=NT_0000_P_00001(__a=95, __b=66, __c=51), __c=19, __d=83), __b=NT_0000_P_00000(__a=NT_0000_P_00000(__a=NT_0000_P_00001(__a=68, __b=4, __c=59), __b=NT_0000_P_00001(__a=75, __b=11, __c=100), __c=40, __d=95), __b=NT_0000_P_00001(__a=94, __b=76, __c=9), __c=41, __d=67), __c=77, __d=86), __b=NT_0000_P_00000(__a=NT_0000_P_00000(__a=NT_0000_P_00001(__a=75, __b=11, __c=100), __b=NT_0000_P_00000(__a=NT_0000_P_00000(__a=NT_0000_P_00001(__a=14, __b=17, __c=54), __b=NT_0000_P_00000(__a=NT_0000_P_00001(__a=74, __b=57, __c=94), __b=NT_0000_P_00000(__a=NT_0000_P_00001(__a=58, __b=5, __c=18), __b=NT_0000_P_00001(__a=80, __b=24, __c=32), __c=31, __d=15), __c=84, __d=13), __c=34, __d=82), __b=NT_0000_P_00000(__a=NT_0000_P_00000(__a=NT_0000_P_00000(__a=NT_0000_P_00000(__a=NT_0000_P_00000(__a=NT_0000_P_00001(__a=52, __b=40, __c=57), __b=NT_0000_P_00001(__a=76, __b=8, __c=52), __c=71, __d=86), __b=NT_0000_P_00001(__a=17, __b=57, __c=39), __c=86, __d=40), __b=NT_0000_P_00001(__a=56, __b=55, __c=100), __c=76, __d=64), __b=NT_0000_P_00000(__a=NT_0000_P_00000(__a=NT_0000_P_00000(__a=NT_0000_P_00001(__a=59, __b=56, __c=92), __b=NT_0000_P_00001(__a=83, __b=8, __c=55), __c=87, __d=47), __b=NT_0000_P_00001(__a=1, __b=93, __c=37), __c=4, __d=38), __b=NT_0000_P_00000(__a=NT_0000_P_00001(__a=35, __b=40, __c=44), __b=NT_0000_P_00000(__a=NT_0000_P_00000(__a=NT_0000_P_00001(__a=21, __b=48, __c=6), __b=NT_0000_P_00001(__a=74, __b=57, __c=94), __c=88, __d=36), __b=NT_0000_P_00001(__a=6, __b=24, __c=62), __c=73, __d=14), __c=42, __d=27), __c=25, __d=72), __c=24, __d=75), __b=NT_0000_P_00000(__a=NT_0000_P_00001(__a=79, __b=31, __c=78), __b=NT_0000_P_00001(__a=58, __b=5, __c=18), __c=54, __d=56), __c=92, __d=87), __c=60, __d=50), __c=11, __d=77), __b=NT_0000_P_00001(__a=50, __b=35, __c=84), __c=50, __d=68), __c=33, __d=39), __c=9, __d=1))"
424.0,14,92,20,4.29871678352356,30050,"NT_0019_P_00000(__a=NT_0000_P_00000(__a=NT_0000_P_00000(__a=NT_0000_P_00000(__a=NT_0000_P_00000(__a=NT_0000_P_00000(__a=NT_0000_P_00001(__a=32, __b=96, __c=40), __b=NT_0000_P_00000(__a=NT_0000_P_00001(__a=58, __b=65, __c=94), __b=NT_0000_P_00000(__a=NT_0000_P_00000(__a=NT_0000_P_00001(__a=37, __b=81, __c=62), __b=NT_0000_P_00000(__a=NT_0000_P_00001(__a=73, __b=78, __c=60), __b=NT_0000_P_00001(__a=1, __b=73, __c=57), __c=9, __d=12), __c=27, __d=43), __b=NT_0000_P_00000(__a=NT_0000_P_00000(__a=NT_0000_P_00001(__a=9, __b=8, __c=7), __b=NT_0000_P_00001(__a=4, __b=52, __c=58), __c=95, __d=93), __b=NT_0000_P_00001(__a=35, __b=58, __c=47), __c=29, __d=75), __c=93, __d=61), __c=54, __d=95), __c=83, __d=5), __b=NT_0000_P_00000(__a=NT_0000_P_00001(__a=10, __b=57, __c=67), __b=NT_0000_P_00001(__a=78, __b=35, __c=0), __c=99, __d=77), __c=68, __d=78), __b=NT_0000_P_00000(__a=NT_0000_P_00001(__a=29, __b=52, __c=78), __b=NT_0000_P_00000(__a=NT_0000_P_00001(__a=18, __b=41, __c=31), __b=NT_0000_P_00000(__a=NT_0000_P_00001(__a=66, __b=12, __c=66), __b=NT_0000_P_00000(__a=NT_0000_P_00000(__a=NT_0000_P_00000(__a=NT_0000_P_00001(__a=83, __b=89, __c=39), __b=NT_0000_P_00000(__a=NT_0000_P_00000(__a=NT_0000_P_00001(__a=97, __b=41, __c=55), __b=NT_0000_P_00001(__a=28, __b=49, __c=80), __c=12, __d=30), __b=NT_0000_P_00000(__a=NT_0000_P_00000(__a=NT_0000_P_00001(__a=14, __b=25, __c=33), __b=NT_0000_P_00001(__a=6, __b=5, __c=3), __c=11, __d=41), __b=NT_0000_P_00001(__a=48, __b=39, __c=4), __c=5, __d=94), __c=25, __d=12), __c=73, __d=74), __b=NT_0000_P_00001(__a=52, __b=40, __c=57), __c=68, __d=66), __b=NT_0000_P_00001(__a=62, __b=99, __c=39), __c=60, __d=33), __c=2, __d=86), __c=83, __d=73), __c=8, __d=22), __c=92, __d=19), __b=NT_0000_P_00001(__a=100, __b=81, __c=15), __c=8, __d=51), __b=NT_0000_P_00000(__a=NT_0000_P_00000(__a=NT_0000_P_00000(__a=NT_0000_P_00001(__a=43, __b=54, __c=9), __b=NT_0000_P_00001(__a=95, __b=66, __c=51), __c=19, __d=83), __b=NT_0000_P_00000(__a=NT_0000_P_00000(__a=NT_0000_P_00001(__a=68, __b=4, __c=59), __b=NT_0000_P_00001(__a=75, __b=11, __c=100), __c=40, __d=95), __b=NT_0000_P_00001(__a=94, __b=76, __c=9), __c=41, __d=67), __c=77, __d=86), __b=NT_0000_P_00000(__a=NT_0000_P_00000(__a=NT_0000_P_00001(__a=75, __b=11, __c=100), __b=NT_0000_P_00000(__a=NT_0000_P_00000(__a=NT_0000_P_00001(__a=14, __b=17, __c=54), __b=NT_0000_P_00000(__a=NT_0000_P_00001(__a=74, __b=57, __c=94), __b=NT_0000_P_00000(__a=NT_0000_P_00001(__a=58, __b=5, __c=18), __b=NT_0000_P_00001(__a=80, __b=24, __c=32), __c=31, __d=15), __c=84, __d=13), __c=34, __d=82), __b=NT_0000_P_00000(__a=NT_0000_P_00000(__a=NT_0000_P_00000(__a=NT_0000_P_00000(__a=NT_0000_P_00000(__a=NT_0000_P_00001(__a=52, __b=40, __c=57), __b=NT_0000_P_00001(__a=76, __b=8, __c=52), __c=71, __d=86), __b=NT_0000_P_00001(__a=17, __b=57, __c=39), __c=86, __d=40), __b=NT_0000_P_00001(__a=56, __b=55, __c=100), __c=76, __d=64), __b=NT_0000_P_00000(__a=NT_0000_P_00000(__a=NT_0000_P_00000(__a=NT_0000_P_00001(__a=59, __b=56, __c=92), __b=NT_0000_P_00001(__a=83, __b=8, __c=55), __c=87, __d=47), __b=NT_0000_P_00001(__a=1, __b=93, __c=37), __c=4, __d=38), __b=NT_0000_P_00000(__a=NT_0000_P_00001(__a=35, __b=40, __c=44), __b=NT_0000_P_00000(__a=NT_0000_P_00000(__a=NT_0000_P_00001(__a=21, __b=48, __c=6), __b=NT_0000_P_00001(__a=74, __b=57, __c=94), __c=88, __d=36), __b=NT_0000_P_00001(__a=6, __b=24, __c=62), __c=73, __d=14), __c=42, __d=27), __c=25, __d=72), __c=24, __d=75), __b=NT_0000_P_00000(__a=NT_0000_P_00001(__a=79, __b=31, __c=78), __b=NT_0000_P_00001(__a=58, __b=5, __c=18), __c=54, __d=56), __c=92, __d=87), __c=60, __d=50), __c=11, __d=77), __b=NT_0000_P_00001(__a=50, __b=35, __c=84), __c=50, __d=68), __c=33, __d=39), __c=9, __d=1))"
424.0,14,92,21,4.449658155441284,30050,"NT_0019_P_00000(__a=NT_0000_P_00000(__a=NT_0000_P_00000(__a=NT_0000_P_00000(__a=NT_0000_P_00000(__a=NT_0000_P_00000(__a=NT_0000_P_00001(__a=32, __b=96, __c=40), __b=NT_0000_P_00000(__a=NT_0000_P_00001(__a=58, __b=65, __c=94), __b=NT_0000_P_00000(__a=NT_0000_P_00000(__a=NT_0000_P_00001(__a=37, __b=81, __c=62), __b=NT_0000_P_00000(__a=NT_0000_P_00001(__a=73, __b=78, __c=60), __b=NT_0000_P_00001(__a=1, __b=73, __c=57), __c=9, __d=12), __c=27, __d=43), __b=NT_0000_P_00000(__a=NT_0000_P_00000(__a=NT_0000_P_00001(__a=9, __b=8, __c=7), __b=NT_0000_P_00001(__a=4, __b=52, __c=58), __c=95, __d=93), __b=NT_0000_P_00001(__a=35, __b=58, __c=47), __c=29, __d=75), __c=93, __d=61), __c=54, __d=95), __c=83, __d=5), __b=NT_0000_P_00000(__a=NT_0000_P_00001(__a=10, __b=57, __c=67), __b=NT_0000_P_00001(__a=78, __b=35, __c=0), __c=99, __d=77), __c=68, __d=78), __b=NT_0000_P_00000(__a=NT_0000_P_00001(__a=29, __b=52, __c=78), __b=NT_0000_P_00000(__a=NT_0000_P_00001(__a=18, __b=41, __c=31), __b=NT_0000_P_00000(__a=NT_0000_P_00001(__a=66, __b=12, __c=66), __b=NT_0000_P_00000(__a=NT_0000_P_00000(__a=NT_0000_P_00000(__a=NT_0000_P_00001(__a=83, __b=89, __c=39), __b=NT_0000_P_00000(__a=NT_0000_P_00000(__a=NT_0000_P_00001(__a=97, __b=41, __c=55), __b=NT_0000_P_00001(__a=28, __b=49, __c=80), __c=12, __d=30), __b=NT_0000_P_00000(__a=NT_0000_P_00000(__a=NT_0000_P_00001(__a=14, __b=25, __c=33), __b=NT_0000_P_00001(__a=6, __b=5, __c=3), __c=11, __d=41), __b=NT_0000_P_00001(__a=48, __b=39, __c=4), __c=5, __d=94), __c=25, __d=12), __c=73, __d=74), __b=NT_0000_P_00001(__a=52, __b=40, __c=57), __c=68, __d=66), __b=NT_0000_P_00001(__a=62, __b=99, __c=39), __c=60, __d=33), __c=2, __d=86), __c=83, __d=73), __c=8, __d=22), __c=92, __d=19), __b=NT_0000_P_00001(__a=100, __b=81, __c=15), __c=8, __d=51), __b=NT_0000_P_00000(__a=NT_0000_P_00000(__a=NT_0000_P_00000(__a=NT_0000_P_00001(__a=43, __b=54, __c=9), __b=NT_0000_P_00001(__a=95, __b=66, __c=51), __c=19, __d=83), __b=NT_0000_P_00000(__a=NT_0000_P_00000(__a=NT_0000_P_00001(__a=68, __b=4, __c=59), __b=NT_0000_P_00001(__a=75, __b=11, __c=100), __c=40, __d=95), __b=NT_0000_P_00001(__a=94, __b=76, __c=9), __c=41, __d=67), __c=77, __d=86), __b=NT_0000_P_00000(__a=NT_0000_P_00000(__a=NT_0000_P_00001(__a=75, __b=11, __c=100), __b=NT_0000_P_00000(__a=NT_0000_P_00000(__a=NT_0000_P_00001(__a=14, __b=17, __c=54), __b=NT_0000_P_00000(__a=NT_0000_P_00001(__a=74, __b=57, __c=94), __b=NT_0000_P_00000(__a=NT_0000_P_00001(__a=58, __b=5, __c=18), __b=NT_0000_P_00001(__a=80, __b=24, __c=32), __c=31, __d=15), __c=84, __d=13), __c=34, __d=82), __b=NT_0000_P_00000(__a=NT_0000_P_00000(__a=NT_0000_P_00000(__a=NT_0000_P_00000(__a=NT_0000_P_00000(__a=NT_0000_P_00001(__a=52, __b=40, __c=57), __b=NT_0000_P_00001(__a=76, __b=8, __c=52), __c=71, __d=86), __b=NT_0000_P_00001(__a=17, __b=57, __c=39), __c=86, __d=40), __b=NT_0000_P_00001(__a=56, __b=55, __c=100), __c=76, __d=64), __b=NT_0000_P_00000(__a=NT_0000_P_00000(__a=NT_0000_P_00000(__a=NT_0000_P_00001(__a=59, __b=56, __c=92), __b=NT_0000_P_00001(__a=83, __b=8, __c=55), __c=87, __d=47), __b=NT_0000_P_00001(__a=1, __b=93, __c=37), __c=4, __d=38), __b=NT_0000_P_00000(__a=NT_0000_P_00001(__a=35, __b=40, __c=44), __b=NT_0000_P_00000(__a=NT_0000_P_00000(__a=NT_0000_P_00001(__a=21, __b=48, __c=6), __b=NT_0000_P_00001(__a=74, __b=57, __c=94), __c=88, __d=36), __b=NT_0000_P_00001(__a=6, __b=24, __c=62), __c=73, __d=14), __c=42, __d=27), __c=25, __d=72), __c=24, __d=75), __b=NT_0000_P_00000(__a=NT_0000_P_00001(__a=79, __b=31, __c=78), __b=NT_0000_P_00001(__a=58, __b=5, __c=18), __c=54, __d=56), __c=92, __d=87), __c=60, __d=50), __c=11, __d=77), __b=NT_0000_P_00001(__a=50, __b=35, __c=84), __c=50, __d=68), __c=33, __d=39), __c=9, __d=1))"
424.0,14,92,22,4.559159994125366,30050,"NT_0019_P_00000(__a=NT_0000_P_00000(__a=NT_0000_P_00000(__a=NT_0000_P_00000(__a=NT_0000_P_00000(__a=NT_0000_P_00000(__a=NT_0000_P_00001(__a=32, __b=96, __c=40), __b=NT_0000_P_00000(__a=NT_0000_P_00001(__a=58, __b=65, __c=94), __b=NT_0000_P_00000(__a=NT_0000_P_00000(__a=NT_0000_P_00001(__a=37, __b=81, __c=62), __b=NT_0000_P_00000(__a=NT_0000_P_00001(__a=73, __b=78, __c=60), __b=NT_0000_P_00001(__a=1, __b=73, __c=57), __c=9, __d=12), __c=27, __d=43), __b=NT_0000_P_00000(__a=NT_0000_P_00000(__a=NT_0000_P_00001(__a=9, __b=8, __c=7), __b=NT_0000_P_00001(__a=4, __b=52, __c=58), __c=95, __d=93), __b=NT_0000_P_00001(__a=35, __b=58, __c=47), __c=29, __d=75), __c=93, __d=61), __c=54, __d=95), __c=83, __d=5), __b=NT_0000_P_00000(__a=NT_0000_P_00001(__a=10, __b=57, __c=67), __b=NT_0000_P_00001(__a=78, __b=35, __c=0), __c=99, __d=77), __c=68, __d=78), __b=NT_0000_P_00000(__a=NT_0000_P_00001(__a=29, __b=52, __c=78), __b=NT_0000_P_00000(__a=NT_0000_P_00001(__a=18, __b=41, __c=31), __b=NT_0000_P_00000(__a=NT_0000_P_00001(__a=66, __b=12, __c=66), __b=NT_0000_P_00000(__a=NT_0000_P_00000(__a=NT_0000_P_00000(__a=NT_0000_P_00001(__a=83, __b=89, __c=39), __b=NT_0000_P_00000(__a=NT_0000_P_00000(__a=NT_0000_P_00001(__a=97, __b=41, __c=55), __b=NT_0000_P_00001(__a=28, __b=49, __c=80), __c=12, __d=30), __b=NT_0000_P_00000(__a=NT_0000_P_00000(__a=NT_0000_P_00001(__a=14, __b=25, __c=33), __b=NT_0000_P_00001(__a=6, __b=5, __c=3), __c=11, __d=41), __b=NT_0000_P_00001(__a=48, __b=39, __c=4), __c=5, __d=94), __c=25, __d=12), __c=73, __d=74), __b=NT_0000_P_00001(__a=52, __b=40, __c=57), __c=68, __d=66), __b=NT_0000_P_00001(__a=62, __b=99, __c=39), __c=60, __d=33), __c=2, __d=86), __c=83, __d=73), __c=8, __d=22), __c=92, __d=19), __b=NT_0000_P_00001(__a=100, __b=81, __c=15), __c=8, __d=51), __b=NT_0000_P_00000(__a=NT_0000_P_00000(__a=NT_0000_P_00000(__a=NT_0000_P_00001(__a=43, __b=54, __c=9), __b=NT_0000_P_00001(__a=95, __b=66, __c=51), __c=19, __d=83), __b=NT_0000_P_00000(__a=NT_0000_P_00000(__a=NT_0000_P_00001(__a=68, __b=4, __c=59), __b=NT_0000_P_00001(__a=75, __b=11, __c=100), __c=40, __d=95), __b=NT_0000_P_00001(__a=94, __b=76, __c=9), __c=41, __d=67), __c=77, __d=86), __b=NT_0000_P_00000(__a=NT_0000_P_00000(__a=NT_0000_P_00001(__a=75, __b=11, __c=100), __b=NT_0000_P_00000(__a=NT_0000_P_00000(__a=NT_0000_P_00001(__a=14, __b=17, __c=54), __b=NT_0000_P_00000(__a=NT_0000_P_00001(__a=74, __b=57, __c=94), __b=NT_0000_P_00000(__a=NT_0000_P_00001(__a=58, __b=5, __c=18), __b=NT_0000_P_00001(__a=80, __b=24, __c=32), __c=31, __d=15), __c=84, __d=13), __c=34, __d=82), __b=NT_0000_P_00000(__a=NT_0000_P_00000(__a=NT_0000_P_00000(__a=NT_0000_P_00000(__a=NT_0000_P_00000(__a=NT_0000_P_00001(__a=52, __b=40, __c=57), __b=NT_0000_P_00001(__a=76, __b=8, __c=52), __c=71, __d=86), __b=NT_0000_P_00001(__a=17, __b=57, __c=39), __c=86, __d=40), __b=NT_0000_P_00001(__a=56, __b=55, __c=100), __c=76, __d=64), __b=NT_0000_P_00000(__a=NT_0000_P_00000(__a=NT_0000_P_00000(__a=NT_0000_P_00001(__a=59, __b=56, __c=92), __b=NT_0000_P_00001(__a=83, __b=8, __c=55), __c=87, __d=47), __b=NT_0000_P_00001(__a=1, __b=93, __c=37), __c=4, __d=38), __b=NT_0000_P_00000(__a=NT_0000_P_00001(__a=35, __b=40, __c=44), __b=NT_0000_P_00000(__a=NT_0000_P_00000(__a=NT_0000_P_00001(__a=21, __b=48, __c=6), __b=NT_0000_P_00001(__a=74, __b=57, __c=94), __c=88, __d=36), __b=NT_0000_P_00001(__a=6, __b=24, __c=62), __c=73, __d=14), __c=42, __d=27), __c=25, __d=72), __c=24, __d=75), __b=NT_0000_P_00000(__a=NT_0000_P_00001(__a=79, __b=31, __c=78), __b=NT_0000_P_00001(__a=58, __b=5, __c=18), __c=54, __d=56), __c=92, __d=87), __c=60, __d=50), __c=11, __d=77), __b=NT_0000_P_00001(__a=50, __b=35, __c=84), __c=50, __d=68), __c=33, __d=39), __c=9, __d=1))"
424.0,14,92,23,4.6736838817596436,30050,"NT_0019_P_00000(__a=NT_0000_P_00000(__a=NT_0000_P_00000(__a=NT_0000_P_00000(__a=NT_0000_P_00000(__a=NT_0000_P_00000(__a=NT_0000_P_00001(__a=32, __b=96, __c=40), __b=NT_0000_P_00000(__a=NT_0000_P_00001(__a=58, __b=65, __c=94), __b=NT_0000_P_00000(__a=NT_0000_P_00000(__a=NT_0000_P_00001(__a=37, __b=81, __c=62), __b=NT_0000_P_00000(__a=NT_0000_P_00001(__a=73, __b=78, __c=60), __b=NT_0000_P_00001(__a=1, __b=73, __c=57), __c=9, __d=12), __c=27, __d=43), __b=NT_0000_P_00000(__a=NT_0000_P_00000(__a=NT_0000_P_00001(__a=9, __b=8, __c=7), __b=NT_0000_P_00001(__a=4, __b=52, __c=58), __c=95, __d=93), __b=NT_0000_P_00001(__a=35, __b=58, __c=47), __c=29, __d=75), __c=93, __d=61), __c=54, __d=95), __c=83, __d=5), __b=NT_0000_P_00000(__a=NT_0000_P_00001(__a=10, __b=57, __c=67), __b=NT_0000_P_00001(__a=78, __b=35, __c=0), __c=99, __d=77), __c=68, __d=78), __b=NT_0000_P_00000(__a=NT_0000_P_00001(__a=29, __b=52, __c=78), __b=NT_0000_P_00000(__a=NT_0000_P_00001(__a=18, __b=41, __c=31), __b=NT_0000_P_00000(__a=NT_0000_P_00001(__a=66, __b=12, __c=66), __b=NT_0000_P_00000(__a=NT_0000_P_00000(__a=NT_0000_P_00000(__a=NT_0000_P_00001(__a=83, __b=89, __c=39), __b=NT_0000_P_00000(__a=NT_0000_P_00000(__a=NT_0000_P_00001(__a=97, __b=41, __c=55), __b=NT_0000_P_00001(__a=28, __b=49, __c=80), __c=12, __d=30), __b=NT_0000_P_00000(__a=NT_0000_P_00000(__a=NT_0000_P_00001(__a=14, __b=25, __c=33), __b=NT_0000_P_00001(__a=6, __b=5, __c=3), __c=11, __d=41), __b=NT_0000_P_00001(__a=48, __b=39, __c=4), __c=5, __d=94), __c=25, __d=12), __c=73, __d=74), __b=NT_0000_P_00001(__a=52, __b=40, __c=57), __c=68, __d=66), __b=NT_0000_P_00001(__a=62, __b=99, __c=39), __c=60, __d=33), __c=2, __d=86), __c=83, __d=73), __c=8, __d=22), __c=92, __d=19), __b=NT_0000_P_00001(__a=100, __b=81, __c=15), __c=8, __d=51), __b=NT_0000_P_00000(__a=NT_0000_P_00000(__a=NT_0000_P_00000(__a=NT_0000_P_00001(__a=43, __b=54, __c=9), __b=NT_0000_P_00001(__a=95, __b=66, __c=51), __c=19, __d=83), __b=NT_0000_P_00000(__a=NT_0000_P_00000(__a=NT_0000_P_00001(__a=68, __b=4, __c=59), __b=NT_0000_P_00001(__a=75, __b=11, __c=100), __c=40, __d=95), __b=NT_0000_P_00001(__a=94, __b=76, __c=9), __c=41, __d=67), __c=77, __d=86), __b=NT_0000_P_00000(__a=NT_0000_P_00000(__a=NT_0000_P_00001(__a=75, __b=11, __c=100), __b=NT_0000_P_00000(__a=NT_0000_P_00000(__a=NT_0000_P_00001(__a=14, __b=17, __c=54), __b=NT_0000_P_00000(__a=NT_0000_P_00001(__a=74, __b=57, __c=94), __b=NT_0000_P_00000(__a=NT_0000_P_00001(__a=58, __b=5, __c=18), __b=NT_0000_P_00001(__a=80, __b=24, __c=32), __c=31, __d=15), __c=84, __d=13), __c=34, __d=82), __b=NT_0000_P_00000(__a=NT_0000_P_00000(__a=NT_0000_P_00000(__a=NT_0000_P_00000(__a=NT_0000_P_00000(__a=NT_0000_P_00001(__a=52, __b=40, __c=57), __b=NT_0000_P_00001(__a=76, __b=8, __c=52), __c=71, __d=86), __b=NT_0000_P_00001(__a=17, __b=57, __c=39), __c=86, __d=40), __b=NT_0000_P_00001(__a=56, __b=55, __c=100), __c=76, __d=64), __b=NT_0000_P_00000(__a=NT_0000_P_00000(__a=NT_0000_P_00000(__a=NT_0000_P_00001(__a=59, __b=56, __c=92), __b=NT_0000_P_00001(__a=83, __b=8, __c=55), __c=87, __d=47), __b=NT_0000_P_00001(__a=1, __b=93, __c=37), __c=4, __d=38), __b=NT_0000_P_00000(__a=NT_0000_P_00001(__a=35, __b=40, __c=44), __b=NT_0000_P_00000(__a=NT_0000_P_00000(__a=NT_0000_P_00001(__a=21, __b=48, __c=6), __b=NT_0000_P_00001(__a=74, __b=57, __c=94), __c=88, __d=36), __b=NT_0000_P_00001(__a=6, __b=24, __c=62), __c=73, __d=14), __c=42, __d=27), __c=25, __d=72), __c=24, __d=75), __b=NT_0000_P_00000(__a=NT_0000_P_00001(__a=79, __b=31, __c=78), __b=NT_0000_P_00001(__a=58, __b=5, __c=18), __c=54, __d=56), __c=92, __d=87), __c=60, __d=50), __c=11, __d=77), __b=NT_0000_P_00001(__a=50, __b=35, __c=84), __c=50, __d=68), __c=33, __d=39), __c=9, __d=1))"
424.0,14,92,24,4.811727523803711,30050,"NT_0019_P_00000(__a=NT_0000_P_00000(__a=NT_0000_P_00000(__a=NT_0000_P_00000(__a=NT_0000_P_00000(__a=NT_0000_P_00000(__a=NT_0000_P_00001(__a=32, __b=96, __c=40), __b=NT_0000_P_00000(__a=NT_0000_P_00001(__a=58, __b=65, __c=94), __b=NT_0000_P_00000(__a=NT_0000_P_00000(__a=NT_0000_P_00001(__a=37, __b=81, __c=62), __b=NT_0000_P_00000(__a=NT_0000_P_00001(__a=73, __b=78, __c=60), __b=NT_0000_P_00001(__a=1, __b=73, __c=57), __c=9, __d=12), __c=27, __d=43), __b=NT_0000_P_00000(__a=NT_0000_P_00000(__a=NT_0000_P_00001(__a=9, __b=8, __c=7), __b=NT_0000_P_00001(__a=4, __b=52, __c=58), __c=95, __d=93), __b=NT_0000_P_00001(__a=35, __b=58, __c=47), __c=29, __d=75), __c=93, __d=61), __c=54, __d=95), __c=83, __d=5), __b=NT_0000_P_00000(__a=NT_0000_P_00001(__a=10, __b=57, __c=67), __b=NT_0000_P_00001(__a=78, __b=35, __c=0), __c=99, __d=77), __c=68, __d=78), __b=NT_0000_P_00000(__a=NT_0000_P_00001(__a=29, __b=52, __c=78), __b=NT_0000_P_00000(__a=NT_0000_P_00001(__a=18, __b=41, __c=31), __b=NT_0000_P_00000(__a=NT_0000_P_00001(__a=66, __b=12, __c=66), __b=NT_0000_P_00000(__a=NT_0000_P_00000(__a=NT_0000_P_00000(__a=NT_0000_P_00001(__a=83, __b=89, __c=39), __b=NT_0000_P_00000(__a=NT_0000_P_00000(__a=NT_0000_P_00001(__a=97, __b=41, __c=55), __b=NT_0000_P_00001(__a=28, __b=49, __c=80), __c=12, __d=30), __b=NT_0000_P_00000(__a=NT_0000_P_00000(__a=NT_0000_P_00001(__a=14, __b=25, __c=33), __b=NT_0000_P_00001(__a=6, __b=5, __c=3), __c=11, __d=41), __b=NT_0000_P_00001(__a=48, __b=39, __c=4), __c=5, __d=94), __c=25, __d=12), __c=73, __d=74), __b=NT_0000_P_00001(__a=52, __b=40, __c=57), __c=68, __d=66), __b=NT_0000_P_00001(__a=62, __b=99, __c=39), __c=60, __d=33), __c=2, __d=86), __c=83, __d=73), __c=8, __d=22), __c=92, __d=19), __b=NT_0000_P_00001(__a=100, __b=81, __c=15), __c=8, __d=51), __b=NT_0000_P_00000(__a=NT_0000_P_00000(__a=NT_0000_P_00000(__a=NT_0000_P_00001(__a=43, __b=54, __c=9), __b=NT_0000_P_00001(__a=95, __b=66, __c=51), __c=19, __d=83), __b=NT_0000_P_00000(__a=NT_0000_P_00000(__a=NT_0000_P_00001(__a=68, __b=4, __c=59), __b=NT_0000_P_00001(__a=75, __b=11, __c=100), __c=40, __d=95), __b=NT_0000_P_00001(__a=94, __b=76, __c=9), __c=41, __d=67), __c=77, __d=86), __b=NT_0000_P_00000(__a=NT_0000_P_00000(__a=NT_0000_P_00001(__a=75, __b=11, __c=100), __b=NT_0000_P_00000(__a=NT_0000_P_00000(__a=NT_0000_P_00001(__a=14, __b=17, __c=54), __b=NT_0000_P_00000(__a=NT_0000_P_00001(__a=74, __b=57, __c=94), __b=NT_0000_P_00000(__a=NT_0000_P_00001(__a=58, __b=5, __c=18), __b=NT_0000_P_00001(__a=80, __b=24, __c=32), __c=31, __d=15), __c=84, __d=13), __c=34, __d=82), __b=NT_0000_P_00000(__a=NT_0000_P_00000(__a=NT_0000_P_00000(__a=NT_0000_P_00000(__a=NT_0000_P_00000(__a=NT_0000_P_00001(__a=52, __b=40, __c=57), __b=NT_0000_P_00001(__a=76, __b=8, __c=52), __c=71, __d=86), __b=NT_0000_P_00001(__a=17, __b=57, __c=39), __c=86, __d=40), __b=NT_0000_P_00001(__a=56, __b=55, __c=100), __c=76, __d=64), __b=NT_0000_P_00000(__a=NT_0000_P_00000(__a=NT_0000_P_00000(__a=NT_0000_P_00001(__a=59, __b=56, __c=92), __b=NT_0000_P_00001(__a=83, __b=8, __c=55), __c=87, __d=47), __b=NT_0000_P_00001(__a=1, __b=93, __c=37), __c=4, __d=38), __b=NT_0000_P_00000(__a=NT_0000_P_00001(__a=35, __b=40, __c=44), __b=NT_0000_P_00000(__a=NT_0000_P_00000(__a=NT_0000_P_00001(__a=21, __b=48, __c=6), __b=NT_0000_P_00001(__a=74, __b=57, __c=94), __c=88, __d=36), __b=NT_0000_P_00001(__a=6, __b=24, __c=62), __c=73, __d=14), __c=42, __d=27), __c=25, __d=72), __c=24, __d=75), __b=NT_0000_P_00000(__a=NT_0000_P_00001(__a=79, __b=31, __c=78), __b=NT_0000_P_00001(__a=58, __b=5, __c=18), __c=54, __d=56), __c=92, __d=87), __c=60, __d=50), __c=11, __d=77), __b=NT_0000_P_00001(__a=50, __b=35, __c=84), __c=50, __d=68), __c=33, __d=39), __c=9, __d=1))"
424.0,14,92,25,4.921216249465942,30050,"NT_0019_P_00000(__a=NT_0000_P_00000(__a=NT_0000_P_00000(__a=NT_0000_P_00000(__a=NT_0000_P_00000(__a=NT_0000_P_00000(__a=NT_0000_P_00001(__a=32, __b=96, __c=40), __b=NT_0000_P_00000(__a=NT_0000_P_00001(__a=58, __b=65, __c=94), __b=NT_0000_P_00000(__a=NT_0000_P_00000(__a=NT_0000_P_00001(__a=37, __b=81, __c=62), __b=NT_0000_P_00000(__a=NT_0000_P_00001(__a=73, __b=78, __c=60), __b=NT_0000_P_00001(__a=1, __b=73, __c=57), __c=9, __d=12), __c=27, __d=43), __b=NT_0000_P_00000(__a=NT_0000_P_00000(__a=NT_0000_P_00001(__a=9, __b=8, __c=7), __b=NT_0000_P_00001(__a=4, __b=52, __c=58), __c=95, __d=93), __b=NT_0000_P_00001(__a=35, __b=58, __c=47), __c=29, __d=75), __c=93, __d=61), __c=54, __d=95), __c=83, __d=5), __b=NT_0000_P_00000(__a=NT_0000_P_00001(__a=10, __b=57, __c=67), __b=NT_0000_P_00001(__a=78, __b=35, __c=0), __c=99, __d=77), __c=68, __d=78), __b=NT_0000_P_00000(__a=NT_0000_P_00001(__a=29, __b=52, __c=78), __b=NT_0000_P_00000(__a=NT_0000_P_00001(__a=18, __b=41, __c=31), __b=NT_0000_P_00000(__a=NT_0000_P_00001(__a=66, __b=12, __c=66), __b=NT_0000_P_00000(__a=NT_0000_P_00000(__a=NT_0000_P_00000(__a=NT_0000_P_00001(__a=83, __b=89, __c=39), __b=NT_0000_P_00000(__a=NT_0000_P_00000(__a=NT_0000_P_00001(__a=97, __b=41, __c=55), __b=NT_0000_P_00001(__a=28, __b=49, __c=80), __c=12, __d=30), __b=NT_0000_P_00000(__a=NT_0000_P_00000(__a=NT_0000_P_00001(__a=14, __b=25, __c=33), __b=NT_0000_P_00001(__a=6, __b=5, __c=3), __c=11, __d=41), __b=NT_0000_P_00001(__a=48, __b=39, __c=4), __c=5, __d=94), __c=25, __d=12), __c=73, __d=74), __b=NT_0000_P_00001(__a=52, __b=40, __c=57), __c=68, __d=66), __b=NT_0000_P_00001(__a=62, __b=99, __c=39), __c=60, __d=33), __c=2, __d=86), __c=83, __d=73), __c=8, __d=22), __c=92, __d=19), __b=NT_0000_P_00001(__a=100, __b=81, __c=15), __c=8, __d=51), __b=NT_0000_P_00000(__a=NT_0000_P_00000(__a=NT_0000_P_00000(__a=NT_0000_P_00001(__a=43, __b=54, __c=9), __b=NT_0000_P_00001(__a=95, __b=66, __c=51), __c=19, __d=83), __b=NT_0000_P_00000(__a=NT_0000_P_00000(__a=NT_0000_P_00001(__a=68, __b=4, __c=59), __b=NT_0000_P_00001(__a=75, __b=11, __c=100), __c=40, __d=95), __b=NT_0000_P_00001(__a=94, __b=76, __c=9), __c=41, __d=67), __c=77, __d=86), __b=NT_0000_P_00000(__a=NT_0000_P_00000(__a=NT_0000_P_00001(__a=75, __b=11, __c=100), __b=NT_0000_P_00000(__a=NT_0000_P_00000(__a=NT_0000_P_00001(__a=14, __b=17, __c=54), __b=NT_0000_P_00000(__a=NT_0000_P_00001(__a=74, __b=57, __c=94), __b=NT_0000_P_00000(__a=NT_0000_P_00001(__a=58, __b=5, __c=18), __b=NT_0000_P_00001(__a=80, __b=24, __c=32), __c=31, __d=15), __c=84, __d=13), __c=34, __d=82), __b=NT_0000_P_00000(__a=NT_0000_P_00000(__a=NT_0000_P_00000(__a=NT_0000_P_00000(__a=NT_0000_P_00000(__a=NT_0000_P_00001(__a=52, __b=40, __c=57), __b=NT_0000_P_00001(__a=76, __b=8, __c=52), __c=71, __d=86), __b=NT_0000_P_00001(__a=17, __b=57, __c=39), __c=86, __d=40), __b=NT_0000_P_00001(__a=56, __b=55, __c=100), __c=76, __d=64), __b=NT_0000_P_00000(__a=NT_0000_P_00000(__a=NT_0000_P_00000(__a=NT_0000_P_00001(__a=59, __b=56, __c=92), __b=NT_0000_P_00001(__a=83, __b=8, __c=55), __c=87, __d=47), __b=NT_0000_P_00001(__a=1, __b=93, __c=37), __c=4, __d=38), __b=NT_0000_P_00000(__a=NT_0000_P_00001(__a=35, __b=40, __c=44), __b=NT_0000_P_00000(__a=NT_0000_P_00000(__a=NT_0000_P_00001(__a=21, __b=48, __c=6), __b=NT_0000_P_00001(__a=74, __b=57, __c=94), __c=88, __d=36), __b=NT_0000_P_00001(__a=6, __b=24, __c=62), __c=73, __d=14), __c=42, __d=27), __c=25, __d=72), __c=24, __d=75), __b=NT_0000_P_00000(__a=NT_0000_P_00001(__a=79, __b=31, __c=78), __b=NT_0000_P_00001(__a=58, __b=5, __c=18), __c=54, __d=56), __c=92, __d=87), __c=60, __d=50), __c=11, __d=77), __b=NT_0000_P_00001(__a=50, __b=35, __c=84), __c=50, __d=68), __c=33, __d=39), __c=9, __d=1))"
423.0,14,92,26,5.043909072875977,30050,"NT_0019_P_00000(__a=NT_0000_P_00000(__a=NT_0000_P_00000(__a=NT_0000_P_00000(__a=NT_0000_P_00000(__a=NT_0000_P_00000(__a=NT_0000_P_00001(__a=32, __b=96, __c=40), __b=NT_0000_P_00000(__a=NT_0000_P_00001(__a=58, __b=65, __c=94), __b=NT_0000_P_00000(__a=NT_0000_P_00000(__a=NT_0000_P_00001(__a=37, __b=81, __c=62), __b=NT_0000_P_00000(__a=NT_0000_P_00001(__a=73, __b=78, __c=60), __b=NT_0000_P_00001(__a=1, __b=73, __c=57), __c=9, __d=12), __c=27, __d=43), __b=NT_0000_P_00000(__a=NT_0000_P_00000(__a=NT_0000_P_00001(__a=9, __b=8, __c=7), __b=NT_0000_P_00001(__a=4, __b=52, __c=58), __c=95, __d=93), __b=NT_0000_P_00001(__a=35, __b=58, __c=47), __c=29, __d=75), __c=93, __d=61), __c=54, __d=95), __c=83, __d=5), __b=NT_0000_P_00000(__a=NT_0000_P_00001(__a=10, __b=57, __c=67), __b=NT_0000_P_00001(__a=78, __b=35, __c=0), __c=99, __d=77), __c=68, __d=78), __b=NT_0000_P_00000(__a=NT_0000_P_00001(__a=89, __b=55, __c=12), __b=NT_0000_P_00000(__a=NT_0000_P_00001(__a=18, __b=41, __c=31), __b=NT_0000_P_00000(__a=NT_0000_P_00001(__a=66, __b=12, __c=66), __b=NT_0000_P_00000(__a=NT_0000_P_00000(__a=NT_0000_P_00000(__a=NT_0000_P_00001(__a=83, __b=89, __c=39), __b=NT_0000_P_00000(__a=NT_0000_P_00000(__a=NT_0000_P_00001(__a=97, __b=41, __c=55), __b=NT_0000_P_00001(__a=28, __b=49, __c=80), __c=12, __d=30), __b=NT_0000_P_00000(__a=NT_0000_P_00000(__a=NT_0000_P_00001(__a=35, __b=58, __c=47), __b=NT_0000_P_00001(__a=6, __b=5, __c=3), __c=11, __d=41), __b=NT_0000_P_00001(__a=48, __b=39, __c=4), __c=5, __d=94), __c=25, __d=12), __c=73, __d=74), __b=NT_0000_P_00001(__a=52, __b=40, __c=57), __c=68, __d=66), __b=NT_0000_P_00001(__a=62, __b=99, __c=39), __c=60, __d=33), __c=2, __d=86), __c=83, __d=73), __c=8, __d=22), __c=92, __d=19), __b=NT_0000_P_00001(__a=100, __b=81, __c=15), __c=8, __d=51), __b=NT_0000_P_00000(__a=NT_0000_P_00000(__a=NT_0000_P_00000(__a=NT_0000_P_00001(__a=43, __b=54, __c=9), __b=NT_0000_P_00001(__a=95, __b=66, __c=51), __c=19, __d=83), __b=NT_0000_P_00000(__a=NT_0000_P_00000(__a=NT_0000_P_00001(__a=68, __b=4, __c=59), __b=NT_0000_P_00001(__a=75, __b=11, __c=100), __c=40, __d=95), __b=NT_0000_P_00001(__a=94, __b=76, __c=9), __c=41, __d=67), __c=77, __d=86), __b=NT_0000_P_00000(__a=NT_0000_P_00000(__a=NT_0000_P_00001(__a=75, __b=11, __c=100), __b=NT_0000_P_00000(__a=NT_0000_P_00000(__a=NT_0000_P_00001(__a=14, __b=17, __c=54), __b=NT_0000_P_00000(__a=NT_0000_P_00001(__a=74, __b=57, __c=94), __b=NT_0000_P_00000(__a=NT_0000_P_00001(__a=58, __b=5, __c=18), __b=NT_0000_P_00001(__a=80, __b=24, __c=32), __c=31, __d=15), __c=84, __d=13), __c=34, __d=82), __b=NT_0000_P_00000(__a=NT_0000_P_00000(__a=NT_0000_P_00000(__a=NT_0000_P_00000(__a=NT_0000_P_00000(__a=NT_0000_P_00001(__a=52, __b=40, __c=57), __b=NT_0000_P_00001(__a=76, __b=8, __c=52), __c=71, __d=86), __b=NT_0000_P_00001(__a=17, __b=57, __c=39), __c=86, __d=40), __b=NT_0000_P_00001(__a=56, __b=55, __c=100), __c=76, __d=64), __b=NT_0000_P_00000(__a=NT_0000_P_00000(__a=NT_0000_P_00000(__a=NT_0000_P_00001(__a=59, __b=56, __c=92), __b=NT_0000_P_00001(__a=83, __b=8, __c=55), __c=87, __d=47), __b=NT_0000_P_00001(__a=1, __b=93, __c=37), __c=4, __d=38), __b=NT_0000_P_00000(__a=NT_0000_P_00001(__a=61, __b=74, __c=93), __b=NT_0000_P_00000(__a=NT_0000_P_00000(__a=NT_0000_P_00001(__a=21, __b=48, __c=6), __b=NT_0000_P_00001(__a=74, __b=57, __c=94), __c=88, __d=36), __b=NT_0000_P_00001(__a=6, __b=24, __c=62), __c=73, __d=14), __c=42, __d=27), __c=25, __d=72), __c=24, __d=75), __b=NT_0000_P_00000(__a=NT_0000_P_00001(__a=79, __b=31, __c=78), __b=NT_0000_P_00001(__a=58, __b=5, __c=18), __c=54, __d=56), __c=92, __d=87), __c=60, __d=50), __c=11, __d=77), __b=NT_0000_P_00001(__a=50, __b=35, __c=84), __c=50, __d=68), __c=33, __d=39), __c=9, __d=1))"
423.0,14,92,27,5.155159950256348,30050,"NT_0019_P_00000(__a=NT_0000_P_00000(__a=NT_0000_P_00000(__a=NT_0000_P_00000(__a=NT_0000_P_00000(__a=NT_0000_P_00000(__a=NT_0000_P_00001(__a=32, __b=96, __c=40), __b=NT_0000_P_00000(__a=NT_0000_P_00001(__a=58, __b=65, __c=94), __b=NT_0000_P_00000(__a=NT_0000_P_00000(__a=NT_0000_P_00001(__a=37, __b=81, __c=62), __b=NT_0000_P_00000(__a=NT_0000_P_00001(__a=73, __b=78, __c=60), __b=NT_0000_P_00001(__a=1, __b=73, __c=57), __c=9, __d=12), __c=27, __d=43), __b=NT_0000_P_00000(__a=NT_0000_P_00000(__a=NT_0000_P_00001(__a=9, __b=8, __c=7), __b=NT_0000_P_00001(__a=4, __b=52, __c=58), __c=95, __d=93), __b=NT_0000_P_00001(__a=35, __b=58, __c=47), __c=29, __d=75), __c=93, __d=61), __c=54, __d=95), __c=83, __d=5), __b=NT_0000_P_00000(__a=NT_0000_P_00001(__a=10, __b=57, __c=67), __b=NT_0000_P_00001(__a=78, __b=35, __c=0), __c=99, __d=77), __c=68, __d=78), __b=NT_0000_P_00000(__a=NT_0000_P_00001(__a=89, __b=55, __c=12), __b=NT_0000_P_00000(__a=NT_0000_P_00001(__a=18, __b=41, __c=31), __b=NT_0000_P_00000(__a=NT_0000_P_00001(__a=66, __b=12, __c=66), __b=NT_0000_P_00000(__a=NT_0000_P_00000(__a=NT_0000_P_00000(__a=NT_0000_P_00001(__a=83, __b=89, __c=39), __b=NT_0000_P_00000(__a=NT_0000_P_00000(__a=NT_0000_P_00001(__a=97, __b=41, __c=55), __b=NT_0000_P_00001(__a=28, __b=49, __c=80), __c=12, __d=30), __b=NT_0000_P_00000(__a=NT_0000_P_00000(__a=NT_0000_P_00001(__a=35, __b=58, __c=47), __b=NT_0000_P_00001(__a=6, __b=5, __c=3), __c=11, __d=41), __b=NT_0000_P_00001(__a=48, __b=39, __c=4), __c=5, __d=94), __c=25, __d=12), __c=73, __d=74), __b=NT_0000_P_00001(__a=52, __b=40, __c=57), __c=68, __d=66), __b=NT_0000_P_00001(__a=62, __b=99, __c=39), __c=60, __d=33), __c=2, __d=86), __c=83, __d=73), __c=8, __d=22), __c=92, __d=19), __b=NT_0000_P_00001(__a=100, __b=81, __c=15), __c=8, __d=51), __b=NT_0000_P_00000(__a=NT_0000_P_00000(__a=NT_0000_P_00000(__a=NT_0000_P_00001(__a=43, __b=54, __c=9), __b=NT_0000_P_00001(__a=95, __b=66, __c=51), __c=19, __d=83), __b=NT_0000_P_00000(__a=NT_0000_P_00000(__a=NT_0000_P_00001(__a=68, __b=4, __c=59), __b=NT_0000_P_00001(__a=75, __b=11, __c=100), __c=40, __d=95), __b=NT_0000_P_00001(__a=94, __b=76, __c=9), __c=41, __d=67), __c=77, __d=86), __b=NT_0000_P_00000(__a=NT_0000_P_00000(__a=NT_0000_P_00001(__a=75, __b=11, __c=100), __b=NT_0000_P_00000(__a=NT_0000_P_00000(__a=NT_0000_P_00001(__a=14, __b=17, __c=54), __b=NT_0000_P_00000(__a=NT_0000_P_00001(__a=74, __b=57, __c=94), __b=NT_0000_P_00000(__a=NT_0000_P_00001(__a=58, __b=5, __c=18), __b=NT_0000_P_00001(__a=80, __b=24, __c=32), __c=31, __d=15), __c=84, __d=13), __c=34, __d=82), __b=NT_0000_P_00000(__a=NT_0000_P_00000(__a=NT_0000_P_00000(__a=NT_0000_P_00000(__a=NT_0000_P_00000(__a=NT_0000_P_00001(__a=52, __b=40, __c=57), __b=NT_0000_P_00001(__a=76, __b=8, __c=52), __c=71, __d=86), __b=NT_0000_P_00001(__a=17, __b=57, __c=39), __c=86, __d=40), __b=NT_0000_P_00001(__a=56, __b=55, __c=100), __c=76, __d=64), __b=NT_0000_P_00000(__a=NT_0000_P_00000(__a=NT_0000_P_00000(__a=NT_0000_P_00001(__a=59, __b=56, __c=92), __b=NT_0000_P_00001(__a=83, __b=8, __c=55), __c=87, __d=47), __b=NT_0000_P_00001(__a=1, __b=93, __c=37), __c=4, __d=38), __b=NT_0000_P_00000(__a=NT_0000_P_00001(__a=61, __b=74, __c=93), __b=NT_0000_P_00000(__a=NT_0000_P_00000(__a=NT_0000_P_00001(__a=21, __b=48, __c=6), __b=NT_0000_P_00001(__a=74, __b=57, __c=94), __c=88, __d=36), __b=NT_0000_P_00001(__a=6, __b=24, __c=62), __c=73, __d=14), __c=42, __d=27), __c=25, __d=72), __c=24, __d=75), __b=NT_0000_P_00000(__a=NT_0000_P_00001(__a=79, __b=31, __c=78), __b=NT_0000_P_00001(__a=58, __b=5, __c=18), __c=54, __d=56), __c=92, __d=87), __c=60, __d=50), __c=11, __d=77), __b=NT_0000_P_00001(__a=50, __b=35, __c=84), __c=50, __d=68), __c=33, __d=39), __c=9, __d=1))"
423.0,14,92,28,5.256881237030029,30050,"NT_0019_P_00000(__a=NT_0000_P_00000(__a=NT_0000_P_00000(__a=NT_0000_P_00000(__a=NT_0000_P_00000(__a=NT_0000_P_00000(__a=NT_0000_P_00001(__a=32, __b=96, __c=40), __b=NT_0000_P_00000(__a=NT_0000_P_00001(__a=58, __b=65, __c=94), __b=NT_0000_P_00000(__a=NT_0000_P_00000(__a=NT_0000_P_00001(__a=37, __b=81, __c=62), __b=NT_0000_P_00000(__a=NT_0000_P_00001(__a=73, __b=78, __c=60), __b=NT_0000_P_00001(__a=1, __b=73, __c=57), __c=9, __d=12), __c=27, __d=43), __b=NT_0000_P_00000(__a=NT_0000_P_00000(__a=NT_0000_P_00001(__a=9, __b=8, __c=7), __b=NT_0000_P_00001(__a=4, __b=52, __c=58), __c=95, __d=93), __b=NT_0000_P_00001(__a=35, __b=58, __c=47), __c=29, __d=75), __c=93, __d=61), __c=54, __d=95), __c=83, __d=5), __b=NT_0000_P_00000(__a=NT_0000_P_00001(__a=10, __b=57, __c=67), __b=NT_0000_P_00001(__a=78, __b=35, __c=0), __c=99, __d=77), __c=68, __d=78), __b=NT_0000_P_00000(__a=NT_0000_P_00001(__a=89, __b=55, __c=12), __b=NT_0000_P_00000(__a=NT_0000_P_00001(__a=18, __b=41, __c=31), __b=NT_0000_P_00000(__a=NT_0000_P_00001(__a=66, __b=12, __c=66), __b=NT_0000_P_00000(__a=NT_0000_P_00000(__a=NT_0000_P_00000(__a=NT_0000_P_00001(__a=83, __b=89, __c=39), __b=NT_0000_P_00000(__a=NT_0000_P_00000(__a=NT_0000_P_00001(__a=97, __b=41, __c=55), __b=NT_0000_P_00001(__a=28, __b=49, __c=80), __c=12, __d=30), __b=NT_0000_P_00000(__a=NT_0000_P_00000(__a=NT_0000_P_00001(__a=35, __b=58, __c=47), __b=NT_0000_P_00001(__a=6, __b=5, __c=3), __c=11, __d=41), __b=NT_0000_P_00001(__a=48, __b=39, __c=4), __c=5, __d=94), __c=25, __d=12), __c=73, __d=74), __b=NT_0000_P_00001(__a=52, __b=40, __c=57), __c=68, __d=66), __b=NT_0000_P_00001(__a=62, __b=99, __c=39), __c=60, __d=33), __c=2, __d=86), __c=83, __d=73), __c=8, __d=22), __c=92, __d=19), __b=NT_0000_P_00001(__a=100, __b=81, __c=15), __c=8, __d=51), __b=NT_0000_P_00000(__a=NT_0000_P_00000(__a=NT_0000_P_00000(__a=NT_0000_P_00001(__a=43, __b=54, __c=9), __b=NT_0000_P_00001(__a=95, __b=66, __c=51), __c=19, __d=83), __b=NT_0000_P_00000(__a=NT_0000_P_00000(__a=NT_0000_P_00001(__a=68, __b=4, __c=59), __b=NT_0000_P_00001(__a=75, __b=11, __c=100), __c=40, __d=95), __b=NT_0000_P_00001(__a=94, __b=76, __c=9), __c=41, __d=67), __c=77, __d=86), __b=NT_0000_P_00000(__a=NT_0000_P_00000(__a=NT_0000_P_00001(__a=75, __b=11, __c=100), __b=NT_0000_P_00000(__a=NT_0000_P_00000(__a=NT_0000_P_00001(__a=14, __b=17, __c=54), __b=NT_0000_P_00000(__a=NT_0000_P_00001(__a=74, __b=57, __c=94), __b=NT_0000_P_00000(__a=NT_0000_P_00001(__a=58, __b=5, __c=18), __b=NT_0000_P_00001(__a=80, __b=24, __c=32), __c=31, __d=15), __c=84, __d=13), __c=34, __d=82), __b=NT_0000_P_00000(__a=NT_0000_P_00000(__a=NT_0000_P_00000(__a=NT_0000_P_00000(__a=NT_0000_P_00000(__a=NT_0000_P_00001(__a=52, __b=40, __c=57), __b=NT_0000_P_00001(__a=76, __b=8, __c=52), __c=71, __d=86), __b=NT_0000_P_00001(__a=17, __b=57, __c=39), __c=86, __d=40), __b=NT_0000_P_00001(__a=56, __b=55, __c=100), __c=76, __d=64), __b=NT_0000_P_00000(__a=NT_0000_P_00000(__a=NT_0000_P_00000(__a=NT_0000_P_00001(__a=59, __b=56, __c=92), __b=NT_0000_P_00001(__a=83, __b=8, __c=55), __c=87, __d=47), __b=NT_0000_P_00001(__a=1, __b=93, __c=37), __c=4, __d=38), __b=NT_0000_P_00000(__a=NT_0000_P_00001(__a=61, __b=74, __c=93), __b=NT_0000_P_00000(__a=NT_0000_P_00000(__a=NT_0000_P_00001(__a=21, __b=48, __c=6), __b=NT_0000_P_00001(__a=74, __b=57, __c=94), __c=88, __d=36), __b=NT_0000_P_00001(__a=6, __b=24, __c=62), __c=73, __d=14), __c=42, __d=27), __c=25, __d=72), __c=24, __d=75), __b=NT_0000_P_00000(__a=NT_0000_P_00001(__a=79, __b=31, __c=78), __b=NT_0000_P_00001(__a=58, __b=5, __c=18), __c=54, __d=56), __c=92, __d=87), __c=60, __d=50), __c=11, __d=77), __b=NT_0000_P_00001(__a=50, __b=35, __c=84), __c=50, __d=68), __c=33, __d=39), __c=9, __d=1))"
423.0,14,92,29,5.400104999542236,30050,"NT_0019_P_00000(__a=NT_0000_P_00000(__a=NT_0000_P_00000(__a=NT_0000_P_00000(__a=NT_0000_P_00000(__a=NT_0000_P_00000(__a=NT_0000_P_00001(__a=32, __b=96, __c=40), __b=NT_0000_P_00000(__a=NT_0000_P_00001(__a=58, __b=65, __c=94), __b=NT_0000_P_00000(__a=NT_0000_P_00000(__a=NT_0000_P_00001(__a=37, __b=81, __c=62), __b=NT_0000_P_00000(__a=NT_0000_P_00001(__a=73, __b=78, __c=60), __b=NT_0000_P_00001(__a=1, __b=73, __c=57), __c=9, __d=12), __c=27, __d=43), __b=NT_0000_P_00000(__a=NT_0000_P_00000(__a=NT_0000_P_00001(__a=9, __b=8, __c=7), __b=NT_0000_P_00001(__a=4, __b=52, __c=58), __c=95, __d=93), __b=NT_0000_P_00001(__a=35, __b=58, __c=47), __c=29, __d=75), __c=93, __d=61), __c=54, __d=95), __c=83, __d=5), __b=NT_0000_P_00000(__a=NT_0000_P_00001(__a=10, __b=57, __c=67), __b=NT_0000_P_00001(__a=78, __b=35, __c=0), __c=99, __d=77), __c=68, __d=78), __b=NT_0000_P_00000(__a=NT_0000_P_00001(__a=89, __b=55, __c=12), __b=NT_0000_P_00000(__a=NT_0000_P_00001(__a=18, __b=41, __c=31), __b=NT_0000_P_00000(__a=NT_0000_P_00001(__a=66, __b=12, __c=66), __b=NT_0000_P_00000(__a=NT_0000_P_00000(__a=NT_0000_P_00000(__a=NT_0000_P_00001(__a=83, __b=89, __c=39), __b=NT_0000_P_00000(__a=NT_0000_P_00000(__a=NT_0000_P_00001(__a=97, __b=41, __c=55), __b=NT_0000_P_00001(__a=28, __b=49, __c=80), __c=12, __d=30), __b=NT_0000_P_00000(__a=NT_0000_P_00000(__a=NT_0000_P_00001(__a=35, __b=58, __c=47), __b=NT_0000_P_00001(__a=6, __b=5, __c=3), __c=11, __d=41), __b=NT_0000_P_00001(__a=48, __b=39, __c=4), __c=5, __d=94), __c=25, __d=12), __c=73, __d=74), __b=NT_0000_P_00001(__a=52, __b=40, __c=57), __c=68, __d=66), __b=NT_0000_P_00001(__a=62, __b=99, __c=39), __c=60, __d=33), __c=2, __d=86), __c=83, __d=73), __c=8, __d=22), __c=92, __d=19), __b=NT_0000_P_00001(__a=100, __b=81, __c=15), __c=8, __d=51), __b=NT_0000_P_00000(__a=NT_0000_P_00000(__a=NT_0000_P_00000(__a=NT_0000_P_00001(__a=43, __b=54, __c=9), __b=NT_0000_P_00001(__a=95, __b=66, __c=51), __c=19, __d=83), __b=NT_0000_P_00000(__a=NT_0000_P_00000(__a=NT_0000_P_00001(__a=68, __b=4, __c=59), __b=NT_0000_P_00001(__a=75, __b=11, __c=100), __c=40, __d=95), __b=NT_0000_P_00001(__a=94, __b=76, __c=9), __c=41, __d=67), __c=77, __d=86), __b=NT_0000_P_00000(__a=NT_0000_P_00000(__a=NT_0000_P_00001(__a=75, __b=11, __c=100), __b=NT_0000_P_00000(__a=NT_0000_P_00000(__a=NT_0000_P_00001(__a=14, __b=17, __c=54), __b=NT_0000_P_00000(__a=NT_0000_P_00001(__a=74, __b=57, __c=94), __b=NT_0000_P_00000(__a=NT_0000_P_00001(__a=58, __b=5, __c=18), __b=NT_0000_P_00001(__a=80, __b=24, __c=32), __c=31, __d=15), __c=84, __d=13), __c=34, __d=82), __b=NT_0000_P_00000(__a=NT_0000_P_00000(__a=NT_0000_P_00000(__a=NT_0000_P_00000(__a=NT_0000_P_00000(__a=NT_0000_P_00001(__a=52, __b=40, __c=57), __b=NT_0000_P_00001(__a=76, __b=8, __c=52), __c=71, __d=86), __b=NT_0000_P_00001(__a=17, __b=57, __c=39), __c=86, __d=40), __b=NT_0000_P_00001(__a=56, __b=55, __c=100), __c=76, __d=64), __b=NT_0000_P_00000(__a=NT_0000_P_00000(__a=NT_0000_P_00000(__a=NT_0000_P_00001(__a=59, __b=56, __c=92), __b=NT_0000_P_00001(__a=83, __b=8, __c=55), __c=87, __d=47), __b=NT_0000_P_00001(__a=1, __b=93, __c=37), __c=4, __d=38), __b=NT_0000_P_00000(__a=NT_0000_P_00001(__a=61, __b=74, __c=93), __b=NT_0000_P_00000(__a=NT_0000_P_00000(__a=NT_0000_P_00001(__a=21, __b=48, __c=6), __b=NT_0000_P_00001(__a=74, __b=57, __c=94), __c=88, __d=36), __b=NT_0000_P_00001(__a=6, __b=24, __c=62), __c=73, __d=14), __c=42, __d=27), __c=25, __d=72), __c=24, __d=75), __b=NT_0000_P_00000(__a=NT_0000_P_00001(__a=79, __b=31, __c=78), __b=NT_0000_P_00001(__a=58, __b=5, __c=18), __c=54, __d=56), __c=92, __d=87), __c=60, __d=50), __c=11, __d=77), __b=NT_0000_P_00001(__a=50, __b=35, __c=84), __c=50, __d=68), __c=33, __d=39), __c=9, __d=1))"
423.0,14,92,30,5.519257545471191,30050,"NT_0019_P_00000(__a=NT_0000_P_00000(__a=NT_0000_P_00000(__a=NT_0000_P_00000(__a=NT_0000_P_00000(__a=NT_0000_P_00000(__a=NT_0000_P_00001(__a=32, __b=96, __c=40), __b=NT_0000_P_00000(__a=NT_0000_P_00001(__a=58, __b=65, __c=94), __b=NT_0000_P_00000(__a=NT_0000_P_00000(__a=NT_0000_P_00001(__a=37, __b=81, __c=62), __b=NT_0000_P_00000(__a=NT_0000_P_00001(__a=73, __b=78, __c=60), __b=NT_0000_P_00001(__a=1, __b=73, __c=57), __c=9, __d=12), __c=27, __d=43), __b=NT_0000_P_00000(__a=NT_0000_P_00000(__a=NT_0000_P_00001(__a=9, __b=8, __c=7), __b=NT_0000_P_00001(__a=4, __b=52, __c=58), __c=95, __d=93), __b=NT_0000_P_00001(__a=35, __b=58, __c=47), __c=29, __d=75), __c=93, __d=61), __c=54, __d=95), __c=83, __d=5), __b=NT_0000_P_00000(__a=NT_0000_P_00001(__a=10, __b=57, __c=67), __b=NT_0000_P_00001(__a=78, __b=35, __c=0), __c=99, __d=77), __c=68, __d=78), __b=NT_0000_P_00000(__a=NT_0000_P_00001(__a=89, __b=55, __c=12), __b=NT_0000_P_00000(__a=NT_0000_P_00001(__a=18, __b=41, __c=31), __b=NT_0000_P_00000(__a=NT_0000_P_00001(__a=66, __b=12, __c=66), __b=NT_0000_P_00000(__a=NT_0000_P_00000(__a=NT_0000_P_00000(__a=NT_0000_P_00001(__a=83, __b=89, __c=39), __b=NT_0000_P_00000(__a=NT_0000_P_00000(__a=NT_0000_P_00001(__a=97, __b=41, __c=55), __b=NT_0000_P_00001(__a=28, __b=49, __c=80), __c=12, __d=30), __b=NT_0000_P_00000(__a=NT_0000_P_00000(__a=NT_0000_P_00001(__a=35, __b=58, __c=47), __b=NT_0000_P_00001(__a=6, __b=5, __c=3), __c=11, __d=41), __b=NT_0000_P_00001(__a=48, __b=39, __c=4), __c=5, __d=94), __c=25, __d=12), __c=73, __d=74), __b=NT_0000_P_00001(__a=52, __b=40, __c=57), __c=68, __d=66), __b=NT_0000_P_00001(__a=62, __b=99, __c=39), __c=60, __d=33), __c=2, __d=86), __c=83, __d=73), __c=8, __d=22), __c=92, __d=19), __b=NT_0000_P_00001(__a=100, __b=81, __c=15), __c=8, __d=51), __b=NT_0000_P_00000(__a=NT_0000_P_00000(__a=NT_0000_P_00000(__a=NT_0000_P_00001(__a=43, __b=54, __c=9), __b=NT_0000_P_00001(__a=95, __b=66, __c=51), __c=19, __d=83), __b=NT_0000_P_00000(__a=NT_0000_P_00000(__a=NT_0000_P_00001(__a=68, __b=4, __c=59), __b=NT_0000_P_00001(__a=75, __b=11, __c=100), __c=40, __d=95), __b=NT_0000_P_00001(__a=94, __b=76, __c=9), __c=41, __d=67), __c=77, __d=86), __b=NT_0000_P_00000(__a=NT_0000_P_00000(__a=NT_0000_P_00001(__a=75, __b=11, __c=100), __b=NT_0000_P_00000(__a=NT_0000_P_00000(__a=NT_0000_P_00001(__a=14, __b=17, __c=54), __b=NT_0000_P_00000(__a=NT_0000_P_00001(__a=74, __b=57, __c=94), __b=NT_0000_P_00000(__a=NT_0000_P_00001(__a=58, __b=5, __c=18), __b=NT_0000_P_00001(__a=80, __b=24, __c=32), __c=31, __d=15), __c=84, __d=13), __c=34, __d=82), __b=NT_0000_P_00000(__a=NT_0000_P_00000(__a=NT_0000_P_00000(__a=NT_0000_P_00000(__a=NT_0000_P_00000(__a=NT_0000_P_00001(__a=52, __b=40, __c=57), __b=NT_0000_P_00001(__a=76, __b=8, __c=52), __c=71, __d=86), __b=NT_0000_P_00001(__a=17, __b=57, __c=39), __c=86, __d=40), __b=NT_0000_P_00001(__a=56, __b=55, __c=100), __c=76, __d=64), __b=NT_0000_P_00000(__a=NT_0000_P_00000(__a=NT_0000_P_00000(__a=NT_0000_P_00001(__a=59, __b=56, __c=92), __b=NT_0000_P_00001(__a=83, __b=8, __c=55), __c=87, __d=47), __b=NT_0000_P_00001(__a=1, __b=93, __c=37), __c=4, __d=38), __b=NT_0000_P_00000(__a=NT_0000_P_00001(__a=61, __b=74, __c=93), __b=NT_0000_P_00000(__a=NT_0000_P_00000(__a=NT_0000_P_00001(__a=21, __b=48, __c=6), __b=NT_0000_P_00001(__a=74, __b=57, __c=94), __c=88, __d=36), __b=NT_0000_P_00001(__a=6, __b=24, __c=62), __c=73, __d=14), __c=42, __d=27), __c=25, __d=72), __c=24, __d=75), __b=NT_0000_P_00000(__a=NT_0000_P_00001(__a=79, __b=31, __c=78), __b=NT_0000_P_00001(__a=58, __b=5, __c=18), __c=54, __d=56), __c=92, __d=87), __c=60, __d=50), __c=11, __d=77), __b=NT_0000_P_00001(__a=50, __b=35, __c=84), __c=50, __d=68), __c=33, __d=39), __c=9, __d=1))"
422.0,14,92,31,5.646369934082031,30050,"NT_0019_P_00000(__a=NT_0000_P_00000(__a=NT_0000_P_00000(__a=NT_0000_P_00000(__a=NT_0000_P_00000(__a=NT_0000_P_00000(__a=NT_0000_P_00001(__a=32, __b=96, __c=40), __b=NT_0000_P_00000(__a=NT_0000_P_00001(__a=58, __b=65, __c=94), __b=NT_0000_P_00000(__a=NT_0000_P_00000(__a=NT_0000_P_00001(__a=37, __b=81, __c=62), __b=NT_0000_P_00000(__a=NT_0000_P_00001(__a=73, __b=78, __c=60), __b=NT_0000_P_00001(__a=1, __b=73, __c=57), __c=9, __d=12), __c=27, __d=43), __b=NT_0000_P_00000(__a=NT_0000_P_00000(__a=NT_0000_P_00001(__a=9, __b=8, __c=7), __b=NT_0000_P_00001(__a=4, __b=52, __c=58), __c=95, __d=93), __b=NT_0000_P_00001(__a=35, __b=58, __c=47), __c=29, __d=75), __c=93, __d=61), __c=54, __d=95), __c=83, __d=5), __b=NT_0000_P_00000(__a=NT_0000_P_00001(__a=10, __b=57, __c=67), __b=NT_0000_P_00001(__a=78, __b=35, __c=0), __c=99, __d=77), __c=68, __d=78), __b=NT_0000_P_00000(__a=NT_0000_P_00001(__a=89, __b=55, __c=12), __b=NT_0000_P_00000(__a=NT_0000_P_00001(__a=18, __b=41, __c=31), __b=NT_0000_P_00000(__a=NT_0000_P_00001(__a=66, __b=12, __c=66), __b=NT_0000_P_00000(__a=NT_0000_P_00000(__a=NT_0000_P_00000(__a=NT_0000_P_00001(__a=83, __b=89, __c=39), __b=NT_0000_P_00000(__a=NT_0000_P_00000(__a=NT_0000_P_00001(__a=97, __b=41, __c=55), __b=NT_0000_P_00001(__a=28, __b=49, __c=80), __c=12, __d=30), __b=NT_0000_P_00000(__a=NT_0000_P_00000(__a=NT_0000_P_00001(__a=35, __b=58, __c=47), __b=NT_0000_P_00001(__a=6, __b=5, __c=3), __c=11, __d=41), __b=NT_0000_P_00001(__a=48, __b=39, __c=4), __c=5, __d=94), __c=25, __d=12), __c=73, __d=74), __b=NT_0000_P_00001(__a=52, __b=40, __c=57), __c=68, __d=66), __b=NT_0000_P_00001(__a=62, __b=99, __c=39), __c=60, __d=33), __c=2, __d=86), __c=83, __d=73), __c=8, __d=22), __c=92, __d=19), __b=NT_0000_P_00001(__a=100, __b=81, __c=15), __c=8, __d=51), __b=NT_0000_P_00000(__a=NT_0000_P_00000(__a=NT_0000_P_00000(__a=NT_0000_P_00001(__a=82, __b=26, __c=83), __b=NT_0000_P_00001(__a=79, __b=0, __c=95), __c=24, __d=30), __b=NT_0000_P_00000(__a=NT_0000_P_00000(__a=NT_0000_P_00001(__a=68, __b=4, __c=59), __b=NT_0000_P_00001(__a=75, __b=11, __c=100), __c=40, __d=95), __b=NT_0000_P_00001(__a=94, __b=76, __c=9), __c=41, __d=67), __c=77, __d=86), __b=NT_0000_P_00000(__a=NT_0000_P_00000(__a=NT_0000_P_00001(__a=75, __b=11, __c=100), __b=NT_0000_P_00000(__a=NT_0000_P_00000(__a=NT_0000_P_00001(__a=14, __b=17, __c=54), __b=NT_0000_P_00000(__a=NT_0000_P_00001(__a=95, __b=66, __c=51), __b=NT_0000_P_00000(__a=NT_0000_P_00001(__a=58, __b=5, __c=18), __b=NT_0000_P_00001(__a=80, __b=24, __c=32), __c=31, __d=15), __c=84, __d=13), __c=34, __d=82), __b=NT_0000_P_00000(__a=NT_0000_P_00000(__a=NT_0000_P_00000(__a=NT_0000_P_00000(__a=NT_0000_P_00000(__a=NT_0000_P_00001(__a=79, __b=31, __c=78), __b=NT_0000_P_00001(__a=58, __b=5, __c=18), __c=54, __d=56), __b=NT_0000_P_00001(__a=17, __b=57, __c=39), __c=86, __d=40), __b=NT_0000_P_00001(__a=56, __b=55, __c=100), __c=76, __d=64), __b=NT_0000_P_00000(__a=NT_0000_P_00000(__a=NT_0000_P_00000(__a=NT_0000_P_00001(__a=59, __b=56, __c=92), __b=NT_0000_P_00001(__a=83, __b=8, __c=55), __c=87, __d=47), __b=NT_0000_P_00001(__a=1, __b=93, __c=37), __c=4, __d=38), __b=NT_0000_P_00000(__a=NT_0000_P_00001(__a=61, __b=74, __c=93), __b=NT_0000_P_00000(__a=NT_0000_P_00000(__a=NT_0000_P_00001(__a=21, __b=48, __c=6), __b=NT_0000_P_00001(__a=74, __b=57, __c=94), __c=88, __d=36), __b=NT_0000_P_00001(__a=6, __b=24, __c=62), __c=73, __d=14), __c=42, __d=27), __c=25, __d=72), __c=24, __d=75), __b=NT_0000_P_00000(__a=NT_0000_P_00001(__a=79, __b=31, __c=78), __b=NT_0000_P_00001(__a=58, __b=5, __c=18), __c=54, __d=56), __c=92, __d=87), __c=60, __d=50), __c=11, __d=77), __b=NT_0000_P_00001(__a=50, __b=35, __c=84), __c=50, __d=68), __c=33, __d=39), __c=9, __d=1))"
422.0,14,92,32,5.86583685874939,30050,"NT_0019_P_00000(__a=NT_0000_P_00000(__a=NT_0000_P_00000(__a=NT_0000_P_00000(__a=NT_0000_P_00000(__a=NT_0000_P_00000(__a=NT_0000_P_00001(__a=32, __b=96, __c=40), __b=NT_0000_P_00000(__a=NT_0000_P_00001(__a=58, __b=65, __c=94), __b=NT_0000_P_00000(__a=NT_0000_P_00000(__a=NT_0000_P_00001(__a=37, __b=81, __c=62), __b=NT_0000_P_00000(__a=NT_0000_P_00001(__a=73, __b=78, __c=60), __b=NT_0000_P_00001(__a=1, __b=73, __c=57), __c=9, __d=12), __c=27, __d=43), __b=NT_0000_P_00000(__a=NT_0000_P_00000(__a=NT_0000_P_00001(__a=9, __b=8, __c=7), __b=NT_0000_P_00001(__a=4, __b=52, __c=58), __c=95, __d=93), __b=NT_0000_P_00001(__a=35, __b=58, __c=47), __c=29, __d=75), __c=93, __d=61), __c=54, __d=95), __c=83, __d=5), __b=NT_0000_P_00000(__a=NT_0000_P_00001(__a=10, __b=57, __c=67), __b=NT_0000_P_00001(__a=78, __b=35, __c=0), __c=99, __d=77), __c=68, __d=78), __b=NT_0000_P_00000(__a=NT_0000_P_00001(__a=89, __b=55, __c=12), __b=NT_0000_P_00000(__a=NT_0000_P_00001(__a=18, __b=41, __c=31), __b=NT_0000_P_00000(__a=NT_0000_P_00001(__a=66, __b=12, __c=66), __b=NT_0000_P_00000(__a=NT_0000_P_00000(__a=NT_0000_P_00000(__a=NT_0000_P_00001(__a=83, __b=89, __c=39), __b=NT_0000_P_00000(__a=NT_0000_P_00000(__a=NT_0000_P_00001(__a=97, __b=41, __c=55), __b=NT_0000_P_00001(__a=28, __b=49, __c=80), __c=12, __d=30), __b=NT_0000_P_00000(__a=NT_0000_P_00000(__a=NT_0000_P_00001(__a=35, __b=58, __c=47), __b=NT_0000_P_00001(__a=6, __b=5, __c=3), __c=11, __d=41), __b=NT_0000_P_00001(__a=48, __b=39, __c=4), __c=5, __d=94), __c=25, __d=12), __c=73, __d=74), __b=NT_0000_P_00001(__a=52, __b=40, __c=57), __c=68, __d=66), __b=NT_0000_P_00001(__a=62, __b=99, __c=39), __c=60, __d=33), __c=2, __d=86), __c=83, __d=73), __c=8, __d=22), __c=92, __d=19), __b=NT_0000_P_00001(__a=100, __b=81, __c=15), __c=8, __d=51), __b=NT_0000_P_00000(__a=NT_0000_P_00000(__a=NT_0000_P_00000(__a=NT_0000_P_00001(__a=82, __b=26, __c=83), __b=NT_0000_P_00001(__a=79, __b=0, __c=95), __c=24, __d=30), __b=NT_0000_P_00000(__a=NT_0000_P_00000(__a=NT_0000_P_00001(__a=68, __b=4, __c=59), __b=NT_0000_P_00001(__a=75, __b=11, __c=100), __c=40, __d=95), __b=NT_0000_P_00001(__a=94, __b=76, __c=9), __c=41, __d=67), __c=77, __d=86), __b=NT_0000_P_00000(__a=NT_0000_P_00000(__a=NT_0000_P_00001(__a=75, __b=11, __c=100), __b=NT_0000_P_00000(__a=NT_0000_P_00000(__a=NT_0000_P_00001(__a=14, __b=17, __c=54), __b=NT_0000_P_00000(__a=NT_0000_P_00001(__a=95, __b=66, __c=51), __b=NT_0000_P_00000(__a=NT_0000_P_00001(__a=58, __b=5, __c=18), __b=NT_0000_P_00001(__a=80, __b=24, __c=32), __c=31, __d=15), __c=84, __d=13), __c=34, __d=82), __b=NT_0000_P_00000(__a=NT_0000_P_00000(__a=NT_0000_P_00000(__a=NT_0000_P_00000(__a=NT_0000_P_00000(__a=NT_0000_P_00001(__a=79, __b=31, __c=78), __b=NT_0000_P_00001(__a=58, __b=5, __c=18), __c=54, __d=56), __b=NT_0000_P_00001(__a=17, __b=57, __c=39), __c=86, __d=40), __b=NT_0000_P_00001(__a=56, __b=55, __c=100), __c=76, __d=64), __b=NT_0000_P_00000(__a=NT_0000_P_00000(__a=NT_0000_P_00000(__a=NT_0000_P_00001(__a=59, __b=56, __c=92), __b=NT_0000_P_00001(__a=83, __b=8, __c=55), __c=87, __d=47), __b=NT_0000_P_00001(__a=1, __b=93, __c=37), __c=4, __d=38), __b=NT_0000_P_00000(__a=NT_0000_P_00001(__a=61, __b=74, __c=93), __b=NT_0000_P_00000(__a=NT_0000_P_00000(__a=NT_0000_P_00001(__a=21, __b=48, __c=6), __b=NT_0000_P_00001(__a=74, __b=57, __c=94), __c=88, __d=36), __b=NT_0000_P_00001(__a=6, __b=24, __c=62), __c=73, __d=14), __c=42, __d=27), __c=25, __d=72), __c=24, __d=75), __b=NT_0000_P_00000(__a=NT_0000_P_00001(__a=79, __b=31, __c=78), __b=NT_0000_P_00001(__a=58, __b=5, __c=18), __c=54, __d=56), __c=92, __d=87), __c=60, __d=50), __c=11, __d=77), __b=NT_0000_P_00001(__a=50, __b=35, __c=84), __c=50, __d=68), __c=33, __d=39), __c=9, __d=1))"
422.0,14,92,33,5.942913770675659,30050,"NT_0019_P_00000(__a=NT_0000_P_00000(__a=NT_0000_P_00000(__a=NT_0000_P_00000(__a=NT_0000_P_00000(__a=NT_0000_P_00000(__a=NT_0000_P_00001(__a=32, __b=96, __c=40), __b=NT_0000_P_00000(__a=NT_0000_P_00001(__a=58, __b=65, __c=94), __b=NT_0000_P_00000(__a=NT_0000_P_00000(__a=NT_0000_P_00001(__a=37, __b=81, __c=62), __b=NT_0000_P_00000(__a=NT_0000_P_00001(__a=73, __b=78, __c=60), __b=NT_0000_P_00001(__a=1, __b=73, __c=57), __c=9, __d=12), __c=27, __d=43), __b=NT_0000_P_00000(__a=NT_0000_P_00000(__a=NT_0000_P_00001(__a=9, __b=8, __c=7), __b=NT_0000_P_00001(__a=4, __b=52, __c=58), __c=95, __d=93), __b=NT_0000_P_00001(__a=35, __b=58, __c=47), __c=29, __d=75), __c=93, __d=61), __c=54, __d=95), __c=83, __d=5), __b=NT_0000_P_00000(__a=NT_0000_P_00001(__a=10, __b=57, __c=67), __b=NT_0000_P_00001(__a=78, __b=35, __c=0), __c=99, __d=77), __c=68, __d=78), __b=NT_0000_P_00000(__a=NT_0000_P_00001(__a=89, __b=55, __c=12), __b=NT_0000_P_00000(__a=NT_0000_P_00001(__a=18, __b=41, __c=31), __b=NT_0000_P_00000(__a=NT_0000_P_00001(__a=66, __b=12, __c=66), __b=NT_0000_P_00000(__a=NT_0000_P_00000(__a=NT_0000_P_00000(__a=NT_0000_P_00001(__a=83, __b=89, __c=39), __b=NT_0000_P_00000(__a=NT_0000_P_00000(__a=NT_0000_P_00001(__a=97, __b=41, __c=55), __b=NT_0000_P_00001(__a=28, __b=49, __c=80), __c=12, __d=30), __b=NT_0000_P_00000(__a=NT_0000_P_00000(__a=NT_0000_P_00001(__a=35, __b=58, __c=47), __b=NT_0000_P_00001(__a=6, __b=5, __c=3), __c=11, __d=41), __b=NT_0000_P_00001(__a=48, __b=39, __c=4), __c=5, __d=94), __c=25, __d=12), __c=73, __d=74), __b=NT_0000_P_00001(__a=52, __b=40, __c=57), __c=68, __d=66), __b=NT_0000_P_00001(__a=62, __b=99, __c=39), __c=60, __d=33), __c=2, __d=86), __c=83, __d=73), __c=8, __d=22), __c=92, __d=19), __b=NT_0000_P_00001(__a=100, __b=81, __c=15), __c=8, __d=51), __b=NT_0000_P_00000(__a=NT_0000_P_00000(__a=NT_0000_P_00000(__a=NT_0000_P_00001(__a=82, __b=26, __c=83), __b=NT_0000_P_00001(__a=79, __b=0, __c=95), __c=24, __d=30), __b=NT_0000_P_00000(__a=NT_0000_P_00000(__a=NT_0000_P_00001(__a=68, __b=4, __c=59), __b=NT_0000_P_00001(__a=75, __b=11, __c=100), __c=40, __d=95), __b=NT_0000_P_00001(__a=94, __b=76, __c=9), __c=41, __d=67), __c=77, __d=86), __b=NT_0000_P_00000(__a=NT_0000_P_00000(__a=NT_0000_P_00001(__a=75, __b=11, __c=100), __b=NT_0000_P_00000(__a=NT_0000_P_00000(__a=NT_0000_P_00001(__a=14, __b=17, __c=54), __b=NT_0000_P_00000(__a=NT_0000_P_00001(__a=95, __b=66, __c=51), __b=NT_0000_P_00000(__a=NT_0000_P_00001(__a=58, __b=5, __c=18), __b=NT_0000_P_00001(__a=80, __b=24, __c=32), __c=31, __d=15), __c=84, __d=13), __c=34, __d=82), __b=NT_0000_P_00000(__a=NT_0000_P_00000(__a=NT_0000_P_00000(__a=NT_0000_P_00000(__a=NT_0000_P_00000(__a=NT_0000_P_00001(__a=79, __b=31, __c=78), __b=NT_0000_P_00001(__a=58, __b=5, __c=18), __c=54, __d=56), __b=NT_0000_P_00001(__a=17, __b=57, __c=39), __c=86, __d=40), __b=NT_0000_P_00001(__a=56, __b=55, __c=100), __c=76, __d=64), __b=NT_0000_P_00000(__a=NT_0000_P_00000(__a=NT_0000_P_00000(__a=NT_0000_P_00001(__a=59, __b=56, __c=92), __b=NT_0000_P_00001(__a=83, __b=8, __c=55), __c=87, __d=47), __b=NT_0000_P_00001(__a=1, __b=93, __c=37), __c=4, __d=38), __b=NT_0000_P_00000(__a=NT_0000_P_00001(__a=61, __b=74, __c=93), __b=NT_0000_P_00000(__a=NT_0000_P_00000(__a=NT_0000_P_00001(__a=21, __b=48, __c=6), __b=NT_0000_P_00001(__a=74, __b=57, __c=94), __c=88, __d=36), __b=NT_0000_P_00001(__a=6, __b=24, __c=62), __c=73, __d=14), __c=42, __d=27), __c=25, __d=72), __c=24, __d=75), __b=NT_0000_P_00000(__a=NT_0000_P_00001(__a=79, __b=31, __c=78), __b=NT_0000_P_00001(__a=58, __b=5, __c=18), __c=54, __d=56), __c=92, __d=87), __c=60, __d=50), __c=11, __d=77), __b=NT_0000_P_00001(__a=50, __b=35, __c=84), __c=50, __d=68), __c=33, __d=39), __c=9, __d=1))"
422.0,14,92,34,6.030165433883667,30050,"NT_0019_P_00000(__a=NT_0000_P_00000(__a=NT_0000_P_00000(__a=NT_0000_P_00000(__a=NT_0000_P_00000(__a=NT_0000_P_00000(__a=NT_0000_P_00001(__a=32, __b=96, __c=40), __b=NT_0000_P_00000(__a=NT_0000_P_00001(__a=58, __b=65, __c=94), __b=NT_0000_P_00000(__a=NT_0000_P_00000(__a=NT_0000_P_00001(__a=37, __b=81, __c=62), __b=NT_0000_P_00000(__a=NT_0000_P_00001(__a=73, __b=78, __c=60), __b=NT_0000_P_00001(__a=1, __b=73, __c=57), __c=9, __d=12), __c=27, __d=43), __b=NT_0000_P_00000(__a=NT_0000_P_00000(__a=NT_0000_P_00001(__a=9, __b=8, __c=7), __b=NT_0000_P_00001(__a=4, __b=52, __c=58), __c=95, __d=93), __b=NT_0000_P_00001(__a=35, __b=58, __c=47), __c=29, __d=75), __c=93, __d=61), __c=54, __d=95), __c=83, __d=5), __b=NT_0000_P_00000(__a=NT_0000_P_00001(__a=10, __b=57, __c=67), __b=NT_0000_P_00001(__a=78, __b=35, __c=0), __c=99, __d=77), __c=68, __d=78), __b=NT_0000_P_00000(__a=NT_0000_P_00001(__a=89, __b=55, __c=12), __b=NT_0000_P_00000(__a=NT_0000_P_00001(__a=18, __b=41, __c=31), __b=NT_0000_P_00000(__a=NT_0000_P_00001(__a=66, __b=12, __c=66), __b=NT_0000_P_00000(__a=NT_0000_P_00000(__a=NT_0000_P_00000(__a=NT_0000_P_00001(__a=83, __b=89, __c=39), __b=NT_0000_P_00000(__a=NT_0000_P_00000(__a=NT_0000_P_00001(__a=97, __b=41, __c=55), __b=NT_0000_P_00001(__a=28, __b=49, __c=80), __c=12, __d=30), __b=NT_0000_P_00000(__a=NT_0000_P_00000(__a=NT_0000_P_00001(__a=35, __b=58, __c=47), __b=NT_0000_P_00001(__a=6, __b=5, __c=3), __c=11, __d=41), __b=NT_0000_P_00001(__a=48, __b=39, __c=4), __c=5, __d=94), __c=25, __d=12), __c=73, __d=74), __b=NT_0000_P_00001(__a=52, __b=40, __c=57), __c=68, __d=66), __b=NT_0000_P_00001(__a=62, __b=99, __c=39), __c=60, __d=33), __c=2, __d=86), __c=83, __d=73), __c=8, __d=22), __c=92, __d=19), __b=NT_0000_P_00001(__a=100, __b=81, __c=15), __c=8, __d=51), __b=NT_0000_P_00000(__a=NT_0000_P_00000(__a=NT_0000_P_00000(__a=NT_0000_P_00001(__a=82, __b=26, __c=83), __b=NT_0000_P_00001(__a=79, __b=0, __c=95), __c=24, __d=30), __b=NT_0000_P_00000(__a=NT_0000_P_00000(__a=NT_0000_P_00001(__a=68, __b=4, __c=59), __b=NT_0000_P_00001(__a=75, __b=11, __c=100), __c=40, __d=95), __b=NT_0000_P_00001(__a=94, __b=76, __c=9), __c=41, __d=67), __c=77, __d=86), __b=NT_0000_P_00000(__a=NT_0000_P_00000(__a=NT_0000_P_00001(__a=75, __b=11, __c=100), __b=NT_0000_P_00000(__a=NT_0000_P_00000(__a=NT_0000_P_00001(__a=14, __b=17, __c=54), __b=NT_0000_P_00000(__a=NT_0000_P_00001(__a=95, __b=66, __c=51), __b=NT_0000_P_00000(__a=NT_0000_P_00001(__a=58, __b=5, __c=18), __b=NT_0000_P_00001(__a=80, __b=24, __c=32), __c=31, __d=15), __c=84, __d=13), __c=34, __d=82), __b=NT_0000_P_00000(__a=NT_0000_P_00000(__a=NT_0000_P_00000(__a=NT_0000_P_00000(__a=NT_0000_P_00000(__a=NT_0000_P_00001(__a=79, __b=31, __c=78), __b=NT_0000_P_00001(__a=58, __b=5, __c=18), __c=54, __d=56), __b=NT_0000_P_00001(__a=17, __b=57, __c=39), __c=86, __d=40), __b=NT_0000_P_00001(__a=56, __b=55, __c=100), __c=76, __d=64), __b=NT_0000_P_00000(__a=NT_0000_P_00000(__a=NT_0000_P_00000(__a=NT_0000_P_00001(__a=59, __b=56, __c=92), __b=NT_0000_P_00001(__a=83, __b=8, __c=55), __c=87, __d=47), __b=NT_0000_P_00001(__a=1, __b=93, __c=37), __c=4, __d=38), __b=NT_0000_P_00000(__a=NT_0000_P_00001(__a=61, __b=74, __c=93), __b=NT_0000_P_00000(__a=NT_0000_P_00000(__a=NT_0000_P_00001(__a=21, __b=48, __c=6), __b=NT_0000_P_00001(__a=74, __b=57, __c=94), __c=88, __d=36), __b=NT_0000_P_00001(__a=6, __b=24, __c=62), __c=73, __d=14), __c=42, __d=27), __c=25, __d=72), __c=24, __d=75), __b=NT_0000_P_00000(__a=NT_0000_P_00001(__a=79, __b=31, __c=78), __b=NT_0000_P_00001(__a=58, __b=5, __c=18), __c=54, __d=56), __c=92, __d=87), __c=60, __d=50), __c=11, __d=77), __b=NT_0000_P_00001(__a=50, __b=35, __c=84), __c=50, __d=68), __c=33, __d=39), __c=9, __d=1))"
422.0,14,92,35,6.0995659828186035,30050,"NT_0019_P_00000(__a=NT_0000_P_00000(__a=NT_0000_P_00000(__a=NT_0000_P_00000(__a=NT_0000_P_00000(__a=NT_0000_P_00000(__a=NT_0000_P_00001(__a=32, __b=96, __c=40), __b=NT_0000_P_00000(__a=NT_0000_P_00001(__a=58, __b=65, __c=94), __b=NT_0000_P_00000(__a=NT_0000_P_00000(__a=NT_0000_P_00001(__a=37, __b=81, __c=62), __b=NT_0000_P_00000(__a=NT_0000_P_00001(__a=73, __b=78, __c=60), __b=NT_0000_P_00001(__a=1, __b=73, __c=57), __c=9, __d=12), __c=27, __d=43), __b=NT_0000_P_00000(__a=NT_0000_P_00000(__a=NT_0000_P_00001(__a=9, __b=8, __c=7), __b=NT_0000_P_00001(__a=4, __b=52, __c=58), __c=95, __d=93), __b=NT_0000_P_00001(__a=35, __b=58, __c=47), __c=29, __d=75), __c=93, __d=61), __c=54, __d=95), __c=83, __d=5), __b=NT_0000_P_00000(__a=NT_0000_P_00001(__a=10, __b=57, __c=67), __b=NT_0000_P_00001(__a=78, __b=35, __c=0), __c=99, __d=77), __c=68, __d=78), __b=NT_0000_P_00000(__a=NT_0000_P_00001(__a=89, __b=55, __c=12), __b=NT_0000_P_00000(__a=NT_0000_P_00001(__a=18, __b=41, __c=31), __b=NT_0000_P_00000(__a=NT_0000_P_00001(__a=66, __b=12, __c=66), __b=NT_0000_P_00000(__a=NT_0000_P_00000(__a=NT_0000_P_00000(__a=NT_0000_P_00001(__a=83, __b=89, __c=39), __b=NT_0000_P_00000(__a=NT_0000_P_00000(__a=NT_0000_P_00001(__a=97, __b=41, __c=55), __b=NT_0000_P_00001(__a=28, __b=49, __c=80), __c=12, __d=30), __b=NT_0000_P_00000(__a=NT_0000_P_00000(__a=NT_0000_P_00001(__a=35, __b=58, __c=47), __b=NT_0000_P_00001(__a=6, __b=5, __c=3), __c=11, __d=41), __b=NT_0000_P_00001(__a=48, __b=39, __c=4), __c=5, __d=94), __c=25, __d=12), __c=73, __d=74), __b=NT_0000_P_00001(__a=52, __b=40, __c=57), __c=68, __d=66), __b=NT_0000_P_00001(__a=62, __b=99, __c=39), __c=60, __d=33), __c=2, __d=86), __c=83, __d=73), __c=8, __d=22), __c=92, __d=19), __b=NT_0000_P_00001(__a=100, __b=81, __c=15), __c=8, __d=51), __b=NT_0000_P_00000(__a=NT_0000_P_00000(__a=NT_0000_P_00000(__a=NT_0000_P_00001(__a=82, __b=26, __c=83), __b=NT_0000_P_00001(__a=79, __b=0, __c=95), __c=24, __d=30), __b=NT_0000_P_00000(__a=NT_0000_P_00000(__a=NT_0000_P_00001(__a=68, __b=4, __c=59), __b=NT_0000_P_00001(__a=75, __b=11, __c=100), __c=40, __d=95), __b=NT_0000_P_00001(__a=94, __b=76, __c=9), __c=41, __d=67), __c=77, __d=86), __b=NT_0000_P_00000(__a=NT_0000_P_00000(__a=NT_0000_P_00001(__a=75, __b=11, __c=100), __b=NT_0000_P_00000(__a=NT_0000_P_00000(__a=NT_0000_P_00001(__a=14, __b=17, __c=54), __b=NT_0000_P_00000(__a=NT_0000_P_00001(__a=95, __b=66, __c=51), __b=NT_0000_P_00000(__a=NT_0000_P_00001(__a=58, __b=5, __c=18), __b=NT_0000_P_00001(__a=80, __b=24, __c=32), __c=31, __d=15), __c=84, __d=13), __c=34, __d=82), __b=NT_0000_P_00000(__a=NT_0000_P_00000(__a=NT_0000_P_00000(__a=NT_0000_P_00000(__a=NT_0000_P_00000(__a=NT_0000_P_00001(__a=79, __b=31, __c=78), __b=NT_0000_P_00001(__a=58, __b=5, __c=18), __c=54, __d=56), __b=NT_0000_P_00001(__a=17, __b=57, __c=39), __c=86, __d=40), __b=NT_0000_P_00001(__a=56, __b=55, __c=100), __c=76, __d=64), __b=NT_0000_P_00000(__a=NT_0000_P_00000(__a=NT_0000_P_00000(__a=NT_0000_P_00001(__a=59, __b=56, __c=92), __b=NT_0000_P_00001(__a=83, __b=8, __c=55), __c=87, __d=47), __b=NT_0000_P_00001(__a=1, __b=93, __c=37), __c=4, __d=38), __b=NT_0000_P_00000(__a=NT_0000_P_00001(__a=61, __b=74, __c=93), __b=NT_0000_P_00000(__a=NT_0000_P_00000(__a=NT_0000_P_00001(__a=21, __b=48, __c=6), __b=NT_0000_P_00001(__a=74, __b=57, __c=94), __c=88, __d=36), __b=NT_0000_P_00001(__a=6, __b=24, __c=62), __c=73, __d=14), __c=42, __d=27), __c=25, __d=72), __c=24, __d=75), __b=NT_0000_P_00000(__a=NT_0000_P_00001(__a=79, __b=31, __c=78), __b=NT_0000_P_00001(__a=58, __b=5, __c=18), __c=54, __d=56), __c=92, __d=87), __c=60, __d=50), __c=11, __d=77), __b=NT_0000_P_00001(__a=50, __b=35, __c=84), __c=50, __d=68), __c=33, __d=39), __c=9, __d=1))"
422.0,14,92,36,6.2125349044799805,30050,"NT_0019_P_00000(__a=NT_0000_P_00000(__a=NT_0000_P_00000(__a=NT_0000_P_00000(__a=NT_0000_P_00000(__a=NT_0000_P_00000(__a=NT_0000_P_00001(__a=32, __b=96, __c=40), __b=NT_0000_P_00000(__a=NT_0000_P_00001(__a=58, __b=65, __c=94), __b=NT_0000_P_00000(__a=NT_0000_P_00000(__a=NT_0000_P_00001(__a=37, __b=81, __c=62), __b=NT_0000_P_00000(__a=NT_0000_P_00001(__a=73, __b=78, __c=60), __b=NT_0000_P_00001(__a=1, __b=73, __c=57), __c=9, __d=12), __c=27, __d=43), __b=NT_0000_P_00000(__a=NT_0000_P_00000(__a=NT_0000_P_00001(__a=9, __b=8, __c=7), __b=NT_0000_P_00001(__a=4, __b=52, __c=58), __c=95, __d=93), __b=NT_0000_P_00001(__a=35, __b=58, __c=47), __c=29, __d=75), __c=93, __d=61), __c=54, __d=95), __c=83, __d=5), __b=NT_0000_P_00000(__a=NT_0000_P_00001(__a=10, __b=57, __c=67), __b=NT_0000_P_00001(__a=78, __b=35, __c=0), __c=99, __d=77), __c=68, __d=78), __b=NT_0000_P_00000(__a=NT_0000_P_00001(__a=89, __b=55, __c=12), __b=NT_0000_P_00000(__a=NT_0000_P_00001(__a=18, __b=41, __c=31), __b=NT_0000_P_00000(__a=NT_0000_P_00001(__a=66, __b=12, __c=66), __b=NT_0000_P_00000(__a=NT_0000_P_00000(__a=NT_0000_P_00000(__a=NT_0000_P_00001(__a=83, __b=89, __c=39), __b=NT_0000_P_00000(__a=NT_0000_P_00000(__a=NT_0000_P_00001(__a=97, __b=41, __c=55), __b=NT_0000_P_00001(__a=28, __b=49, __c=80), __c=12, __d=30), __b=NT_0000_P_00000(__a=NT_0000_P_00000(__a=NT_0000_P_00001(__a=35, __b=58, __c=47), __b=NT_0000_P_00001(__a=6, __b=5, __c=3), __c=11, __d=41), __b=NT_0000_P_00001(__a=48, __b=39, __c=4), __c=5, __d=94), __c=25, __d=12), __c=73, __d=74), __b=NT_0000_P_00001(__a=52, __b=40, __c=57), __c=68, __d=66), __b=NT_0000_P_00001(__a=62, __b=99, __c=39), __c=60, __d=33), __c=2, __d=86), __c=83, __d=73), __c=8, __d=22), __c=92, __d=19), __b=NT_0000_P_00001(__a=100, __b=81, __c=15), __c=8, __d=51), __b=NT_0000_P_00000(__a=NT_0000_P_00000(__a=NT_0000_P_00000(__a=NT_0000_P_00001(__a=82, __b=26, __c=83), __b=NT_0000_P_00001(__a=79, __b=0, __c=95), __c=24, __d=30), __b=NT_0000_P_00000(__a=NT_0000_P_00000(__a=NT_0000_P_00001(__a=68, __b=4, __c=59), __b=NT_0000_P_00001(__a=75, __b=11, __c=100), __c=40, __d=95), __b=NT_0000_P_00001(__a=94, __b=76, __c=9), __c=41, __d=67), __c=77, __d=86), __b=NT_0000_P_00000(__a=NT_0000_P_00000(__a=NT_0000_P_00001(__a=75, __b=11, __c=100), __b=NT_0000_P_00000(__a=NT_0000_P_00000(__a=NT_0000_P_00001(__a=14, __b=17, __c=54), __b=NT_0000_P_00000(__a=NT_0000_P_00001(__a=95, __b=66, __c=51), __b=NT_0000_P_00000(__a=NT_0000_P_00001(__a=58, __b=5, __c=18), __b=NT_0000_P_00001(__a=80, __b=24, __c=32), __c=31, __d=15), __c=84, __d=13), __c=34, __d=82), __b=NT_0000_P_00000(__a=NT_0000_P_00000(__a=NT_0000_P_00000(__a=NT_0000_P_00000(__a=NT_0000_P_00000(__a=NT_0000_P_00001(__a=79, __b=31, __c=78), __b=NT_0000_P_00001(__a=58, __b=5, __c=18), __c=54, __d=56), __b=NT_0000_P_00001(__a=17, __b=57, __c=39), __c=86, __d=40), __b=NT_0000_P_00001(__a=56, __b=55, __c=100), __c=76, __d=64), __b=NT_0000_P_00000(__a=NT_0000_P_00000(__a=NT_0000_P_00000(__a=NT_0000_P_00001(__a=59, __b=56, __c=92), __b=NT_0000_P_00001(__a=83, __b=8, __c=55), __c=87, __d=47), __b=NT_0000_P_00001(__a=1, __b=93, __c=37), __c=4, __d=38), __b=NT_0000_P_00000(__a=NT_0000_P_00001(__a=61, __b=74, __c=93), __b=NT_0000_P_00000(__a=NT_0000_P_00000(__a=NT_0000_P_00001(__a=21, __b=48, __c=6), __b=NT_0000_P_00001(__a=74, __b=57, __c=94), __c=88, __d=36), __b=NT_0000_P_00001(__a=6, __b=24, __c=62), __c=73, __d=14), __c=42, __d=27), __c=25, __d=72), __c=24, __d=75), __b=NT_0000_P_00000(__a=NT_0000_P_00001(__a=79, __b=31, __c=78), __b=NT_0000_P_00001(__a=58, __b=5, __c=18), __c=54, __d=56), __c=92, __d=87), __c=60, __d=50), __c=11, __d=77), __b=NT_0000_P_00001(__a=50, __b=35, __c=84), __c=50, __d=68), __c=33, __d=39), __c=9, __d=1))"
422.0,14,92,37,6.283847808837891,30050,"NT_0019_P_00000(__a=NT_0000_P_00000(__a=NT_0000_P_00000(__a=NT_0000_P_00000(__a=NT_0000_P_00000(__a=NT_0000_P_00000(__a=NT_0000_P_00001(__a=32, __b=96, __c=40), __b=NT_0000_P_00000(__a=NT_0000_P_00001(__a=58, __b=65, __c=94), __b=NT_0000_P_00000(__a=NT_0000_P_00000(__a=NT_0000_P_00001(__a=37, __b=81, __c=62), __b=NT_0000_P_00000(__a=NT_0000_P_00001(__a=73, __b=78, __c=60), __b=NT_0000_P_00001(__a=1, __b=73, __c=57), __c=9, __d=12), __c=27, __d=43), __b=NT_0000_P_00000(__a=NT_0000_P_00000(__a=NT_0000_P_00001(__a=9, __b=8, __c=7), __b=NT_0000_P_00001(__a=4, __b=52, __c=58), __c=95, __d=93), __b=NT_0000_P_00001(__a=35, __b=58, __c=47), __c=29, __d=75), __c=93, __d=61), __c=54, __d=95), __c=83, __d=5), __b=NT_0000_P_00000(__a=NT_0000_P_00001(__a=10, __b=57, __c=67), __b=NT_0000_P_00001(__a=78, __b=35, __c=0), __c=99, __d=77), __c=68, __d=78), __b=NT_0000_P_00000(__a=NT_0000_P_00001(__a=89, __b=55, __c=12), __b=NT_0000_P_00000(__a=NT_0000_P_00001(__a=18, __b=41, __c=31), __b=NT_0000_P_00000(__a=NT_0000_P_00001(__a=66, __b=12, __c=66), __b=NT_0000_P_00000(__a=NT_0000_P_00000(__a=NT_0000_P_00000(__a=NT_0000_P_00001(__a=83, __b=89, __c=39), __b=NT_0000_P_00000(__a=NT_0000_P_00000(__a=NT_0000_P_00001(__a=97, __b=41, __c=55), __b=NT_0000_P_00001(__a=28, __b=49, __c=80), __c=12, __d=30), __b=NT_0000_P_00000(__a=NT_0000_P_00000(__a=NT_0000_P_00001(__a=35, __b=58, __c=47), __b=NT_0000_P_00001(__a=6, __b=5, __c=3), __c=11, __d=41), __b=NT_0000_P_00001(__a=48, __b=39, __c=4), __c=5, __d=94), __c=25, __d=12), __c=73, __d=74), __b=NT_0000_P_00001(__a=52, __b=40, __c=57), __c=68, __d=66), __b=NT_0000_P_00001(__a=62, __b=99, __c=39), __c=60, __d=33), __c=2, __d=86), __c=83, __d=73), __c=8, __d=22), __c=92, __d=19), __b=NT_0000_P_00001(__a=100, __b=81, __c=15), __c=8, __d=51), __b=NT_0000_P_00000(__a=NT_0000_P_00000(__a=NT_0000_P_00000(__a=NT_0000_P_00001(__a=82, __b=26, __c=83), __b=NT_0000_P_00001(__a=79, __b=0, __c=95), __c=24, __d=30), __b=NT_0000_P_00000(__a=NT_0000_P_00000(__a=NT_0000_P_00001(__a=68, __b=4, __c=59), __b=NT_0000_P_00001(__a=75, __b=11, __c=100), __c=40, __d=95), __b=NT_0000_P_00001(__a=94, __b=76, __c=9), __c=41, __d=67), __c=77, __d=86), __b=NT_0000_P_00000(__a=NT_0000_P_00000(__a=NT_0000_P_00001(__a=75, __b=11, __c=100), __b=NT_0000_P_00000(__a=NT_0000_P_00000(__a=NT_0000_P_00001(__a=14, __b=17, __c=54), __b=NT_0000_P_00000(__a=NT_0000_P_00001(__a=95, __b=66, __c=51), __b=NT_0000_P_00000(__a=NT_0000_P_00001(__a=58, __b=5, __c=18), __b=NT_0000_P_00001(__a=80, __b=24, __c=32), __c=31, __d=15), __c=84, __d=13), __c=34, __d=82), __b=NT_0000_P_00000(__a=NT_0000_P_00000(__a=NT_0000_P_00000(__a=NT_0000_P_00000(__a=NT_0000_P_00000(__a=NT_0000_P_00001(__a=79, __b=31, __c=78), __b=NT_0000_P_00001(__a=58, __b=5, __c=18), __c=54, __d=56), __b=NT_0000_P_00001(__a=17, __b=57, __c=39), __c=86, __d=40), __b=NT_0000_P_00001(__a=56, __b=55, __c=100), __c=76, __d=64), __b=NT_0000_P_00000(__a=NT_0000_P_00000(__a=NT_0000_P_00000(__a=NT_0000_P_00001(__a=59, __b=56, __c=92), __b=NT_0000_P_00001(__a=83, __b=8, __c=55), __c=87, __d=47), __b=NT_0000_P_00001(__a=1, __b=93, __c=37), __c=4, __d=38), __b=NT_0000_P_00000(__a=NT_0000_P_00001(__a=61, __b=74, __c=93), __b=NT_0000_P_00000(__a=NT_0000_P_00000(__a=NT_0000_P_00001(__a=21, __b=48, __c=6), __b=NT_0000_P_00001(__a=74, __b=57, __c=94), __c=88, __d=36), __b=NT_0000_P_00001(__a=6, __b=24, __c=62), __c=73, __d=14), __c=42, __d=27), __c=25, __d=72), __c=24, __d=75), __b=NT_0000_P_00000(__a=NT_0000_P_00001(__a=79, __b=31, __c=78), __b=NT_0000_P_00001(__a=58, __b=5, __c=18), __c=54, __d=56), __c=92, __d=87), __c=60, __d=50), __c=11, __d=77), __b=NT_0000_P_00001(__a=50, __b=35, __c=84), __c=50, __d=68), __c=33, __d=39), __c=9, __d=1))"
422.0,14,92,38,6.391950845718384,30050,"NT_0019_P_00000(__a=NT_0000_P_00000(__a=NT_0000_P_00000(__a=NT_0000_P_00000(__a=NT_0000_P_00000(__a=NT_0000_P_00000(__a=NT_0000_P_00001(__a=32, __b=96, __c=40), __b=NT_0000_P_00000(__a=NT_0000_P_00001(__a=58, __b=65, __c=94), __b=NT_0000_P_00000(__a=NT_0000_P_00000(__a=NT_0000_P_00001(__a=37, __b=81, __c=62), __b=NT_0000_P_00000(__a=NT_0000_P_00001(__a=73, __b=78, __c=60), __b=NT_0000_P_00001(__a=1, __b=73, __c=57), __c=9, __d=12), __c=27, __d=43), __b=NT_0000_P_00000(__a=NT_0000_P_00000(__a=NT_0000_P_00001(__a=9, __b=8, __c=7), __b=NT_0000_P_00001(__a=4, __b=52, __c=58), __c=95, __d=93), __b=NT_0000_P_00001(__a=35, __b=58, __c=47), __c=29, __d=75), __c=93, __d=61), __c=54, __d=95), __c=83, __d=5), __b=NT_0000_P_00000(__a=NT_0000_P_00001(__a=10, __b=57, __c=67), __b=NT_0000_P_00001(__a=78, __b=35, __c=0), __c=99, __d=77), __c=68, __d=78), __b=NT_0000_P_00000(__a=NT_0000_P_00001(__a=89, __b=55, __c=12), __b=NT_0000_P_00000(__a=NT_0000_P_00001(__a=18, __b=41, __c=31), __b=NT_0000_P_00000(__a=NT_0000_P_00001(__a=66, __b=12, __c=66), __b=NT_0000_P_00000(__a=NT_0000_P_00000(__a=NT_0000_P_00000(__a=NT_0000_P_00001(__a=83, __b=89, __c=39), __b=NT_0000_P_00000(__a=NT_0000_P_00000(__a=NT_0000_P_00001(__a=97, __b=41, __c=55), __b=NT_0000_P_00001(__a=28, __b=49, __c=80), __c=12, __d=30), __b=NT_0000_P_00000(__a=NT_0000_P_00000(__a=NT_0000_P_00001(__a=35, __b=58, __c=47), __b=NT_0000_P_00001(__a=6, __b=5, __c=3), __c=11, __d=41), __b=NT_0000_P_00001(__a=48, __b=39, __c=4), __c=5, __d=94), __c=25, __d=12), __c=73, __d=74), __b=NT_0000_P_00001(__a=52, __b=40, __c=57), __c=68, __d=66), __b=NT_0000_P_00001(__a=62, __b=99, __c=39), __c=60, __d=33), __c=2, __d=86), __c=83, __d=73), __c=8, __d=22), __c=92, __d=19), __b=NT_0000_P_00001(__a=100, __b=81, __c=15), __c=8, __d=51), __b=NT_0000_P_00000(__a=NT_0000_P_00000(__a=NT_0000_P_00000(__a=NT_0000_P_00001(__a=82, __b=26, __c=83), __b=NT_0000_P_00001(__a=79, __b=0, __c=95), __c=24, __d=30), __b=NT_0000_P_00000(__a=NT_0000_P_00000(__a=NT_0000_P_00001(__a=68, __b=4, __c=59), __b=NT_0000_P_00001(__a=75, __b=11, __c=100), __c=40, __d=95), __b=NT_0000_P_00001(__a=94, __b=76, __c=9), __c=41, __d=67), __c=77, __d=86), __b=NT_0000_P_00000(__a=NT_0000_P_00000(__a=NT_0000_P_00001(__a=75, __b=11, __c=100), __b=NT_0000_P_00000(__a=NT_0000_P_00000(__a=NT_0000_P_00001(__a=14, __b=17, __c=54), __b=NT_0000_P_00000(__a=NT_0000_P_00001(__a=95, __b=66, __c=51), __b=NT_0000_P_00000(__a=NT_0000_P_00001(__a=58, __b=5, __c=18), __b=NT_0000_P_00001(__a=80, __b=24, __c=32), __c=31, __d=15), __c=84, __d=13), __c=34, __d=82), __b=NT_0000_P_00000(__a=NT_0000_P_00000(__a=NT_0000_P_00000(__a=NT_0000_P_00000(__a=NT_0000_P_00000(__a=NT_0000_P_00001(__a=79, __b=31, __c=78), __b=NT_0000_P_00001(__a=58, __b=5, __c=18), __c=54, __d=56), __b=NT_0000_P_00001(__a=17, __b=57, __c=39), __c=86, __d=40), __b=NT_0000_P_00001(__a=56, __b=55, __c=100), __c=76, __d=64), __b=NT_0000_P_00000(__a=NT_0000_P_00000(__a=NT_0000_P_00000(__a=NT_0000_P_00001(__a=59, __b=56, __c=92), __b=NT_0000_P_00001(__a=83, __b=8, __c=55), __c=87, __d=47), __b=NT_0000_P_00001(__a=1, __b=93, __c=37), __c=4, __d=38), __b=NT_0000_P_00000(__a=NT_0000_P_00001(__a=61, __b=74, __c=93), __b=NT_0000_P_00000(__a=NT_0000_P_00000(__a=NT_0000_P_00001(__a=21, __b=48, __c=6), __b=NT_0000_P_00001(__a=74, __b=57, __c=94), __c=88, __d=36), __b=NT_0000_P_00001(__a=6, __b=24, __c=62), __c=73, __d=14), __c=42, __d=27), __c=25, __d=72), __c=24, __d=75), __b=NT_0000_P_00000(__a=NT_0000_P_00001(__a=79, __b=31, __c=78), __b=NT_0000_P_00001(__a=58, __b=5, __c=18), __c=54, __d=56), __c=92, __d=87), __c=60, __d=50), __c=11, __d=77), __b=NT_0000_P_00001(__a=50, __b=35, __c=84), __c=50, __d=68), __c=33, __d=39), __c=9, __d=1))"
422.0,14,92,39,6.49469256401062,30050,"NT_0019_P_00000(__a=NT_0000_P_00000(__a=NT_0000_P_00000(__a=NT_0000_P_00000(__a=NT_0000_P_00000(__a=NT_0000_P_00000(__a=NT_0000_P_00001(__a=32, __b=96, __c=40), __b=NT_0000_P_00000(__a=NT_0000_P_00001(__a=58, __b=65, __c=94), __b=NT_0000_P_00000(__a=NT_0000_P_00000(__a=NT_0000_P_00001(__a=37, __b=81, __c=62), __b=NT_0000_P_00000(__a=NT_0000_P_00001(__a=73, __b=78, __c=60), __b=NT_0000_P_00001(__a=1, __b=73, __c=57), __c=9, __d=12), __c=27, __d=43), __b=NT_0000_P_00000(__a=NT_0000_P_00000(__a=NT_0000_P_00001(__a=9, __b=8, __c=7), __b=NT_0000_P_00001(__a=4, __b=52, __c=58), __c=95, __d=93), __b=NT_0000_P_00001(__a=35, __b=58, __c=47), __c=29, __d=75), __c=93, __d=61), __c=54, __d=95), __c=83, __d=5), __b=NT_0000_P_00000(__a=NT_0000_P_00001(__a=10, __b=57, __c=67), __b=NT_0000_P_00001(__a=78, __b=35, __c=0), __c=99, __d=77), __c=68, __d=78), __b=NT_0000_P_00000(__a=NT_0000_P_00001(__a=89, __b=55, __c=12), __b=NT_0000_P_00000(__a=NT_0000_P_00001(__a=18, __b=41, __c=31), __b=NT_0000_P_00000(__a=NT_0000_P_00001(__a=66, __b=12, __c=66), __b=NT_0000_P_00000(__a=NT_0000_P_00000(__a=NT_0000_P_00000(__a=NT_0000_P_00001(__a=83, __b=89, __c=39), __b=NT_0000_P_00000(__a=NT_0000_P_00000(__a=NT_0000_P_00001(__a=97, __b=41, __c=55), __b=NT_0000_P_00001(__a=28, __b=49, __c=80), __c=12, __d=30), __b=NT_0000_P_00000(__a=NT_0000_P_00000(__a=NT_0000_P_00001(__a=35, __b=58, __c=47), __b=NT_0000_P_00001(__a=6, __b=5, __c=3), __c=11, __d=41), __b=NT_0000_P_00001(__a=48, __b=39, __c=4), __c=5, __d=94), __c=25, __d=12), __c=73, __d=74), __b=NT_0000_P_00001(__a=52, __b=40, __c=57), __c=68, __d=66), __b=NT_0000_P_00001(__a=62, __b=99, __c=39), __c=60, __d=33), __c=2, __d=86), __c=83, __d=73), __c=8, __d=22), __c=92, __d=19), __b=NT_0000_P_00001(__a=100, __b=81, __c=15), __c=8, __d=51), __b=NT_0000_P_00000(__a=NT_0000_P_00000(__a=NT_0000_P_00000(__a=NT_0000_P_00001(__a=82, __b=26, __c=83), __b=NT_0000_P_00001(__a=79, __b=0, __c=95), __c=24, __d=30), __b=NT_0000_P_00000(__a=NT_0000_P_00000(__a=NT_0000_P_00001(__a=68, __b=4, __c=59), __b=NT_0000_P_00001(__a=75, __b=11, __c=100), __c=40, __d=95), __b=NT_0000_P_00001(__a=94, __b=76, __c=9), __c=41, __d=67), __c=77, __d=86), __b=NT_0000_P_00000(__a=NT_0000_P_00000(__a=NT_0000_P_00001(__a=75, __b=11, __c=100), __b=NT_0000_P_00000(__a=NT_0000_P_00000(__a=NT_0000_P_00001(__a=14, __b=17, __c=54), __b=NT_0000_P_00000(__a=NT_0000_P_00001(__a=95, __b=66, __c=51), __b=NT_0000_P_00000(__a=NT_0000_P_00001(__a=58, __b=5, __c=18), __b=NT_0000_P_00001(__a=80, __b=24, __c=32), __c=31, __d=15), __c=84, __d=13), __c=34, __d=82), __b=NT_0000_P_00000(__a=NT_0000_P_00000(__a=NT_0000_P_00000(__a=NT_0000_P_00000(__a=NT_0000_P_00000(__a=NT_0000_P_00001(__a=79, __b=31, __c=78), __b=NT_0000_P_00001(__a=58, __b=5, __c=18), __c=54, __d=56), __b=NT_0000_P_00001(__a=17, __b=57, __c=39), __c=86, __d=40), __b=NT_0000_P_00001(__a=56, __b=55, __c=100), __c=76, __d=64), __b=NT_0000_P_00000(__a=NT_0000_P_00000(__a=NT_0000_P_00000(__a=NT_0000_P_00001(__a=59, __b=56, __c=92), __b=NT_0000_P_00001(__a=83, __b=8, __c=55), __c=87, __d=47), __b=NT_0000_P_00001(__a=1, __b=93, __c=37), __c=4, __d=38), __b=NT_0000_P_00000(__a=NT_0000_P_00001(__a=61, __b=74, __c=93), __b=NT_0000_P_00000(__a=NT_0000_P_00000(__a=NT_0000_P_00001(__a=21, __b=48, __c=6), __b=NT_0000_P_00001(__a=74, __b=57, __c=94), __c=88, __d=36), __b=NT_0000_P_00001(__a=6, __b=24, __c=62), __c=73, __d=14), __c=42, __d=27), __c=25, __d=72), __c=24, __d=75), __b=NT_0000_P_00000(__a=NT_0000_P_00001(__a=79, __b=31, __c=78), __b=NT_0000_P_00001(__a=58, __b=5, __c=18), __c=54, __d=56), __c=92, __d=87), __c=60, __d=50), __c=11, __d=77), __b=NT_0000_P_00001(__a=50, __b=35, __c=84), __c=50, __d=68), __c=33, __d=39), __c=9, __d=1))"
422.0,14,92,40,6.57612419128418,30050,"NT_0019_P_00000(__a=NT_0000_P_00000(__a=NT_0000_P_00000(__a=NT_0000_P_00000(__a=NT_0000_P_00000(__a=NT_0000_P_00000(__a=NT_0000_P_00001(__a=32, __b=96, __c=40), __b=NT_0000_P_00000(__a=NT_0000_P_00001(__a=58, __b=65, __c=94), __b=NT_0000_P_00000(__a=NT_0000_P_00000(__a=NT_0000_P_00001(__a=37, __b=81, __c=62), __b=NT_0000_P_00000(__a=NT_0000_P_00001(__a=73, __b=78, __c=60), __b=NT_0000_P_00001(__a=1, __b=73, __c=57), __c=9, __d=12), __c=27, __d=43), __b=NT_0000_P_00000(__a=NT_0000_P_00000(__a=NT_0000_P_00001(__a=9, __b=8, __c=7), __b=NT_0000_P_00001(__a=4, __b=52, __c=58), __c=95, __d=93), __b=NT_0000_P_00001(__a=35, __b=58, __c=47), __c=29, __d=75), __c=93, __d=61), __c=54, __d=95), __c=83, __d=5), __b=NT_0000_P_00000(__a=NT_0000_P_00001(__a=10, __b=57, __c=67), __b=NT_0000_P_00001(__a=78, __b=35, __c=0), __c=99, __d=77), __c=68, __d=78), __b=NT_0000_P_00000(__a=NT_0000_P_00001(__a=89, __b=55, __c=12), __b=NT_0000_P_00000(__a=NT_0000_P_00001(__a=18, __b=41, __c=31), __b=NT_0000_P_00000(__a=NT_0000_P_00001(__a=66, __b=12, __c=66), __b=NT_0000_P_00000(__a=NT_0000_P_00000(__a=NT_0000_P_00000(__a=NT_0000_P_00001(__a=83, __b=89, __c=39), __b=NT_0000_P_00000(__a=NT_0000_P_00000(__a=NT_0000_P_00001(__a=97, __b=41, __c=55), __b=NT_0000_P_00001(__a=28, __b=49, __c=80), __c=12, __d=30), __b=NT_0000_P_00000(__a=NT_0000_P_00000(__a=NT_0000_P_00001(__a=35, __b=58, __c=47), __b=NT_0000_P_00001(__a=6, __b=5, __c=3), __c=11, __d=41), __b=NT_0000_P_00001(__a=48, __b=39, __c=4), __c=5, __d=94), __c=25, __d=12), __c=73, __d=74), __b=NT_0000_P_00001(__a=52, __b=40, __c=57), __c=68, __d=66), __b=NT_0000_P_00001(__a=62, __b=99, __c=39), __c=60, __d=33), __c=2, __d=86), __c=83, __d=73), __c=8, __d=22), __c=92, __d=19), __b=NT_0000_P_00001(__a=100, __b=81, __c=15), __c=8, __d=51), __b=NT_0000_P_00000(__a=NT_0000_P_00000(__a=NT_0000_P_00000(__a=NT_0000_P_00001(__a=82, __b=26, __c=83), __b=NT_0000_P_00001(__a=79, __b=0, __c=95), __c=24, __d=30), __b=NT_0000_P_00000(__a=NT_0000_P_00000(__a=NT_0000_P_00001(__a=68, __b=4, __c=59), __b=NT_0000_P_00001(__a=75, __b=11, __c=100), __c=40, __d=95), __b=NT_0000_P_00001(__a=94, __b=76, __c=9), __c=41, __d=67), __c=77, __d=86), __b=NT_0000_P_00000(__a=NT_0000_P_00000(__a=NT_0000_P_00001(__a=75, __b=11, __c=100), __b=NT_0000_P_00000(__a=NT_0000_P_00000(__a=NT_0000_P_00001(__a=14, __b=17, __c=54), __b=NT_0000_P_00000(__a=NT_0000_P_00001(__a=95, __b=66, __c=51), __b=NT_0000_P_00000(__a=NT_0000_P_00001(__a=58, __b=5, __c=18), __b=NT_0000_P_00001(__a=80, __b=24, __c=32), __c=31, __d=15), __c=84, __d=13), __c=34, __d=82), __b=NT_0000_P_00000(__a=NT_0000_P_00000(__a=NT_0000_P_00000(__a=NT_0000_P_00000(__a=NT_0000_P_00000(__a=NT_0000_P_00001(__a=79, __b=31, __c=78), __b=NT_0000_P_00001(__a=58, __b=5, __c=18), __c=54, __d=56), __b=NT_0000_P_00001(__a=17, __b=57, __c=39), __c=86, __d=40), __b=NT_0000_P_00001(__a=56, __b=55, __c=100), __c=76, __d=64), __b=NT_0000_P_00000(__a=NT_0000_P_00000(__a=NT_0000_P_00000(__a=NT_0000_P_00001(__a=59, __b=56, __c=92), __b=NT_0000_P_00001(__a=83, __b=8, __c=55), __c=87, __d=47), __b=NT_0000_P_00001(__a=1, __b=93, __c=37), __c=4, __d=38), __b=NT_0000_P_00000(__a=NT_0000_P_00001(__a=61, __b=74, __c=93), __b=NT_0000_P_00000(__a=NT_0000_P_00000(__a=NT_0000_P_00001(__a=21, __b=48, __c=6), __b=NT_0000_P_00001(__a=74, __b=57, __c=94), __c=88, __d=36), __b=NT_0000_P_00001(__a=6, __b=24, __c=62), __c=73, __d=14), __c=42, __d=27), __c=25, __d=72), __c=24, __d=75), __b=NT_0000_P_00000(__a=NT_0000_P_00001(__a=79, __b=31, __c=78), __b=NT_0000_P_00001(__a=58, __b=5, __c=18), __c=54, __d=56), __c=92, __d=87), __c=60, __d=50), __c=11, __d=77), __b=NT_0000_P_00001(__a=50, __b=35, __c=84), __c=50, __d=68), __c=33, __d=39), __c=9, __d=1))"
422.0,14,92,41,6.6523497104644775,30050,"NT_0019_P_00000(__a=NT_0000_P_00000(__a=NT_0000_P_00000(__a=NT_0000_P_00000(__a=NT_0000_P_00000(__a=NT_0000_P_00000(__a=NT_0000_P_00001(__a=32, __b=96, __c=40), __b=NT_0000_P_00000(__a=NT_0000_P_00001(__a=58, __b=65, __c=94), __b=NT_0000_P_00000(__a=NT_0000_P_00000(__a=NT_0000_P_00001(__a=37, __b=81, __c=62), __b=NT_0000_P_00000(__a=NT_0000_P_00001(__a=73, __b=78, __c=60), __b=NT_0000_P_00001(__a=1, __b=73, __c=57), __c=9, __d=12), __c=27, __d=43), __b=NT_0000_P_00000(__a=NT_0000_P_00000(__a=NT_0000_P_00001(__a=9, __b=8, __c=7), __b=NT_0000_P_00001(__a=4, __b=52, __c=58), __c=95, __d=93), __b=NT_0000_P_00001(__a=35, __b=58, __c=47), __c=29, __d=75), __c=93, __d=61), __c=54, __d=95), __c=83, __d=5), __b=NT_0000_P_00000(__a=NT_0000_P_00001(__a=10, __b=57, __c=67), __b=NT_0000_P_00001(__a=78, __b=35, __c=0), __c=99, __d=77), __c=68, __d=78), __b=NT_0000_P_00000(__a=NT_0000_P_00001(__a=89, __b=55, __c=12), __b=NT_0000_P_00000(__a=NT_0000_P_00001(__a=18, __b=41, __c=31), __b=NT_0000_P_00000(__a=NT_0000_P_00001(__a=66, __b=12, __c=66), __b=NT_0000_P_00000(__a=NT_0000_P_00000(__a=NT_0000_P_00000(__a=NT_0000_P_00001(__a=83, __b=89, __c=39), __b=NT_0000_P_00000(__a=NT_0000_P_00000(__a=NT_0000_P_00001(__a=97, __b=41, __c=55), __b=NT_0000_P_00001(__a=28, __b=49, __c=80), __c=12, __d=30), __b=NT_0000_P_00000(__a=NT_0000_P_00000(__a=NT_0000_P_00001(__a=35, __b=58, __c=47), __b=NT_0000_P_00001(__a=6, __b=5, __c=3), __c=11, __d=41), __b=NT_0000_P_00001(__a=48, __b=39, __c=4), __c=5, __d=94), __c=25, __d=12), __c=73, __d=74), __b=NT_0000_P_00001(__a=52, __b=40, __c=57), __c=68, __d=66), __b=NT_0000_P_00001(__a=62, __b=99, __c=39), __c=60, __d=33), __c=2, __d=86), __c=83, __d=73), __c=8, __d=22), __c=92, __d=19), __b=NT_0000_P_00001(__a=100, __b=81, __c=15), __c=8, __d=51), __b=NT_0000_P_00000(__a=NT_0000_P_00000(__a=NT_0000_P_00000(__a=NT_0000_P_00001(__a=82, __b=26, __c=83), __b=NT_0000_P_00001(__a=79, __b=0, __c=95), __c=24, __d=30), __b=NT_0000_P_00000(__a=NT_0000_P_00000(__a=NT_0000_P_00001(__a=68, __b=4, __c=59), __b=NT_0000_P_00001(__a=75, __b=11, __c=100), __c=40, __d=95), __b=NT_0000_P_00001(__a=94, __b=76, __c=9), __c=41, __d=67), __c=77, __d=86), __b=NT_0000_P_00000(__a=NT_0000_P_00000(__a=NT_0000_P_00001(__a=75, __b=11, __c=100), __b=NT_0000_P_00000(__a=NT_0000_P_00000(__a=NT_0000_P_00001(__a=14, __b=17, __c=54), __b=NT_0000_P_00000(__a=NT_0000_P_00001(__a=95, __b=66, __c=51), __b=NT_0000_P_00000(__a=NT_0000_P_00001(__a=58, __b=5, __c=18), __b=NT_0000_P_00001(__a=80, __b=24, __c=32), __c=31, __d=15), __c=84, __d=13), __c=34, __d=82), __b=NT_0000_P_00000(__a=NT_0000_P_00000(__a=NT_0000_P_00000(__a=NT_0000_P_00000(__a=NT_0000_P_00000(__a=NT_0000_P_00001(__a=79, __b=31, __c=78), __b=NT_0000_P_00001(__a=58, __b=5, __c=18), __c=54, __d=56), __b=NT_0000_P_00001(__a=17, __b=57, __c=39), __c=86, __d=40), __b=NT_0000_P_00001(__a=56, __b=55, __c=100), __c=76, __d=64), __b=NT_0000_P_00000(__a=NT_0000_P_00000(__a=NT_0000_P_00000(__a=NT_0000_P_00001(__a=59, __b=56, __c=92), __b=NT_0000_P_00001(__a=83, __b=8, __c=55), __c=87, __d=47), __b=NT_0000_P_00001(__a=1, __b=93, __c=37), __c=4, __d=38), __b=NT_0000_P_00000(__a=NT_0000_P_00001(__a=61, __b=74, __c=93), __b=NT_0000_P_00000(__a=NT_0000_P_00000(__a=NT_0000_P_00001(__a=21, __b=48, __c=6), __b=NT_0000_P_00001(__a=74, __b=57, __c=94), __c=88, __d=36), __b=NT_0000_P_00001(__a=6, __b=24, __c=62), __c=73, __d=14), __c=42, __d=27), __c=25, __d=72), __c=24, __d=75), __b=NT_0000_P_00000(__a=NT_0000_P_00001(__a=79, __b=31, __c=78), __b=NT_0000_P_00001(__a=58, __b=5, __c=18), __c=54, __d=56), __c=92, __d=87), __c=60, __d=50), __c=11, __d=77), __b=NT_0000_P_00001(__a=50, __b=35, __c=84), __c=50, __d=68), __c=33, __d=39), __c=9, __d=1))"
422.0,14,92,42,6.7641847133636475,30050,"NT_0019_P_00000(__a=NT_0000_P_00000(__a=NT_0000_P_00000(__a=NT_0000_P_00000(__a=NT_0000_P_00000(__a=NT_0000_P_00000(__a=NT_0000_P_00001(__a=32, __b=96, __c=40), __b=NT_0000_P_00000(__a=NT_0000_P_00001(__a=58, __b=65, __c=94), __b=NT_0000_P_00000(__a=NT_0000_P_00000(__a=NT_0000_P_00001(__a=37, __b=81, __c=62), __b=NT_0000_P_00000(__a=NT_0000_P_00001(__a=73, __b=78, __c=60), __b=NT_0000_P_00001(__a=1, __b=73, __c=57), __c=9, __d=12), __c=27, __d=43), __b=NT_0000_P_00000(__a=NT_0000_P_00000(__a=NT_0000_P_00001(__a=9, __b=8, __c=7), __b=NT_0000_P_00001(__a=4, __b=52, __c=58), __c=95, __d=93), __b=NT_0000_P_00001(__a=35, __b=58, __c=47), __c=29, __d=75), __c=93, __d=61), __c=54, __d=95), __c=83, __d=5), __b=NT_0000_P_00000(__a=NT_0000_P_00001(__a=10, __b=57, __c=67), __b=NT_0000_P_00001(__a=78, __b=35, __c=0), __c=99, __d=77), __c=68, __d=78), __b=NT_0000_P_00000(__a=NT_0000_P_00001(__a=89, __b=55, __c=12), __b=NT_0000_P_00000(__a=NT_0000_P_00001(__a=18, __b=41, __c=31), __b=NT_0000_P_00000(__a=NT_0000_P_00001(__a=66, __b=12, __c=66), __b=NT_0000_P_00000(__a=NT_0000_P_00000(__a=NT_0000_P_00000(__a=NT_0000_P_00001(__a=83, __b=89, __c=39), __b=NT_0000_P_00000(__a=NT_0000_P_00000(__a=NT_0000_P_00001(__a=97, __b=41, __c=55), __b=NT_0000_P_00001(__a=28, __b=49, __c=80), __c=12, __d=30), __b=NT_0000_P_00000(__a=NT_0000_P_00000(__a=NT_0000_P_00001(__a=35, __b=58, __c=47), __b=NT_0000_P_00001(__a=6, __b=5, __c=3), __c=11, __d=41), __b=NT_0000_P_00001(__a=48, __b=39, __c=4), __c=5, __d=94), __c=25, __d=12), __c=73, __d=74), __b=NT_0000_P_00001(__a=52, __b=40, __c=57), __c=68, __d=66), __b=NT_0000_P_00001(__a=62, __b=99, __c=39), __c=60, __d=33), __c=2, __d=86), __c=83, __d=73), __c=8, __d=22), __c=92, __d=19), __b=NT_0000_P_00001(__a=100, __b=81, __c=15), __c=8, __d=51), __b=NT_0000_P_00000(__a=NT_0000_P_00000(__a=NT_0000_P_00000(__a=NT_0000_P_00001(__a=82, __b=26, __c=83), __b=NT_0000_P_00001(__a=79, __b=0, __c=95), __c=24, __d=30), __b=NT_0000_P_00000(__a=NT_0000_P_00000(__a=NT_0000_P_00001(__a=68, __b=4, __c=59), __b=NT_0000_P_00001(__a=75, __b=11, __c=100), __c=40, __d=95), __b=NT_0000_P_00001(__a=94, __b=76, __c=9), __c=41, __d=67), __c=77, __d=86), __b=NT_0000_P_00000(__a=NT_0000_P_00000(__a=NT_0000_P_00001(__a=75, __b=11, __c=100), __b=NT_0000_P_00000(__a=NT_0000_P_00000(__a=NT_0000_P_00001(__a=14, __b=17, __c=54), __b=NT_0000_P_00000(__a=NT_0000_P_00001(__a=95, __b=66, __c=51), __b=NT_0000_P_00000(__a=NT_0000_P_00001(__a=58, __b=5, __c=18), __b=NT_0000_P_00001(__a=80, __b=24, __c=32), __c=31, __d=15), __c=84, __d=13), __c=34, __d=82), __b=NT_0000_P_00000(__a=NT_0000_P_00000(__a=NT_0000_P_00000(__a=NT_0000_P_00000(__a=NT_0000_P_00000(__a=NT_0000_P_00001(__a=79, __b=31, __c=78), __b=NT_0000_P_00001(__a=58, __b=5, __c=18), __c=54, __d=56), __b=NT_0000_P_00001(__a=17, __b=57, __c=39), __c=86, __d=40), __b=NT_0000_P_00001(__a=56, __b=55, __c=100), __c=76, __d=64), __b=NT_0000_P_00000(__a=NT_0000_P_00000(__a=NT_0000_P_00000(__a=NT_0000_P_00001(__a=59, __b=56, __c=92), __b=NT_0000_P_00001(__a=83, __b=8, __c=55), __c=87, __d=47), __b=NT_0000_P_00001(__a=1, __b=93, __c=37), __c=4, __d=38), __b=NT_0000_P_00000(__a=NT_0000_P_00001(__a=61, __b=74, __c=93), __b=NT_0000_P_00000(__a=NT_0000_P_00000(__a=NT_0000_P_00001(__a=21, __b=48, __c=6), __b=NT_0000_P_00001(__a=74, __b=57, __c=94), __c=88, __d=36), __b=NT_0000_P_00001(__a=6, __b=24, __c=62), __c=73, __d=14), __c=42, __d=27), __c=25, __d=72), __c=24, __d=75), __b=NT_0000_P_00000(__a=NT_0000_P_00001(__a=79, __b=31, __c=78), __b=NT_0000_P_00001(__a=58, __b=5, __c=18), __c=54, __d=56), __c=92, __d=87), __c=60, __d=50), __c=11, __d=77), __b=NT_0000_P_00001(__a=50, __b=35, __c=84), __c=50, __d=68), __c=33, __d=39), __c=9, __d=1))"
420.0,14,92,43,6.81254768371582,30050,"NT_0019_P_00000(__a=NT_0000_P_00000(__a=NT_0000_P_00000(__a=NT_0000_P_00000(__a=NT_0000_P_00000(__a=NT_0000_P_00000(__a=NT_0000_P_00001(__a=32, __b=96, __c=40), __b=NT_0000_P_00000(__a=NT_0000_P_00001(__a=58, __b=65, __c=94), __b=NT_0000_P_00000(__a=NT_0000_P_00000(__a=NT_0000_P_00001(__a=37, __b=81, __c=62), __b=NT_0000_P_00000(__a=NT_0000_P_00001(__a=73, __b=78, __c=60), __b=NT_0000_P_00001(__a=1, __b=73, __c=57), __c=9, __d=12), __c=27, __d=43), __b=NT_0000_P_00000(__a=NT_0000_P_00000(__a=NT_0000_P_00001(__a=9, __b=8, __c=7), __b=NT_0000_P_00001(__a=4, __b=52, __c=58), __c=95, __d=93), __b=NT_0000_P_00001(__a=35, __b=58, __c=47), __c=29, __d=75), __c=93, __d=61), __c=54, __d=95), __c=83, __d=5), __b=NT_0000_P_00000(__a=NT_0000_P_00001(__a=10, __b=57, __c=67), __b=NT_0000_P_00001(__a=78, __b=35, __c=0), __c=99, __d=77), __c=68, __d=78), __b=NT_0000_P_00000(__a=NT_0000_P_00001(__a=89, __b=55, __c=12), __b=NT_0000_P_00000(__a=NT_0000_P_00001(__a=18, __b=41, __c=31), __b=NT_0000_P_00000(__a=NT_0000_P_00001(__a=66, __b=12, __c=66), __b=NT_0000_P_00000(__a=NT_0000_P_00000(__a=NT_0000_P_00000(__a=NT_0000_P_00001(__a=83, __b=89, __c=39), __b=NT_0000_P_00000(__a=NT_0000_P_00000(__a=NT_0000_P_00001(__a=97, __b=41, __c=55), __b=NT_0000_P_00001(__a=28, __b=49, __c=80), __c=12, __d=30), __b=NT_0000_P_00000(__a=NT_0000_P_00000(__a=NT_0000_P_00001(__a=35, __b=58, __c=47), __b=NT_0000_P_00001(__a=6, __b=5, __c=3), __c=11, __d=41), __b=NT_0000_P_00001(__a=48, __b=39, __c=4), __c=5, __d=94), __c=25, __d=12), __c=73, __d=74), __b=NT_0000_P_00001(__a=52, __b=40, __c=57), __c=68, __d=66), __b=NT_0000_P_00001(__a=62, __b=99, __c=39), __c=60, __d=33), __c=2, __d=86), __c=83, __d=73), __c=8, __d=22), __c=92, __d=19), __b=NT_0000_P_00001(__a=100, __b=81, __c=15), __c=8, __d=51), __b=NT_0000_P_00000(__a=NT_0000_P_00000(__a=NT_0000_P_00000(__a=NT_0000_P_00001(__a=82, __b=26, __c=83), __b=NT_0000_P_00001(__a=79, __b=0, __c=95), __c=24, __d=30), __b=NT_0000_P_00000(__a=NT_0000_P_00000(__a=NT_0000_P_00001(__a=68, __b=4, __c=59), __b=NT_0000_P_00001(__a=75, __b=11, __c=100), __c=40, __d=95), __b=NT_0000_P_00001(__a=94, __b=76, __c=9), __c=41, __d=67), __c=77, __d=86), __b=NT_0000_P_00000(__a=NT_0000_P_00000(__a=NT_0000_P_00001(__a=75, __b=11, __c=100), __b=NT_0000_P_00000(__a=NT_0000_P_00000(__a=NT_0000_P_00001(__a=14, __b=17, __c=54), __b=NT_0000_P_00000(__a=NT_0000_P_00001(__a=95, __b=66, __c=51), __b=NT_0000_P_00000(__a=NT_0000_P_00001(__a=58, __b=5, __c=18), __b=NT_0000_P_00001(__a=80, __b=24, __c=32), __c=31, __d=15), __c=84, __d=13), __c=34, __d=82), __b=NT_0000_P_00000(__a=NT_0000_P_00000(__a=NT_0000_P_00000(__a=NT_0000_P_00000(__a=NT_0000_P_00000(__a=NT_0000_P_00001(__a=79, __b=31, __c=78), __b=NT_0000_P_00001(__a=58, __b=5, __c=18), __c=54, __d=56), __b=NT_0000_P_00001(__a=17, __b=57, __c=39), __c=86, __d=40), __b=NT_0000_P_00001(__a=56, __b=55, __c=100), __c=76, __d=64), __b=NT_0000_P_00000(__a=NT_0000_P_00000(__a=NT_0000_P_00000(__a=NT_0000_P_00001(__a=59, __b=56, __c=92), __b=NT_0000_P_00001(__a=83, __b=8, __c=55), __c=87, __d=47), __b=NT_0000_P_00001(__a=1, __b=93, __c=37), __c=4, __d=38), __b=NT_0000_P_00000(__a=NT_0000_P_00001(__a=13, __b=8, __c=86), __b=NT_0000_P_00000(__a=NT_0000_P_00000(__a=NT_0000_P_00001(__a=50, __b=35, __c=84), __b=NT_0000_P_00001(__a=74, __b=57, __c=94), __c=88, __d=36), __b=NT_0000_P_00001(__a=6, __b=24, __c=62), __c=73, __d=14), __c=42, __d=27), __c=25, __d=72), __c=24, __d=75), __b=NT_0000_P_00000(__a=NT_0000_P_00001(__a=79, __b=31, __c=78), __b=NT_0000_P_00001(__a=58, __b=5, __c=18), __c=54, __d=56), __c=92, __d=87), __c=60, __d=50), __c=11, __d=77), __b=NT_0000_P_00001(__a=50, __b=35, __c=84), __c=50, __d=68), __c=33, __d=39), __c=9, __d=1))"
420.0,14,92,44,6.881847143173218,30050,"NT_0019_P_00000(__a=NT_0000_P_00000(__a=NT_0000_P_00000(__a=NT_0000_P_00000(__a=NT_0000_P_00000(__a=NT_0000_P_00000(__a=NT_0000_P_00001(__a=32, __b=96, __c=40), __b=NT_0000_P_00000(__a=NT_0000_P_00001(__a=58, __b=65, __c=94), __b=NT_0000_P_00000(__a=NT_0000_P_00000(__a=NT_0000_P_00001(__a=37, __b=81, __c=62), __b=NT_0000_P_00000(__a=NT_0000_P_00001(__a=73, __b=78, __c=60), __b=NT_0000_P_00001(__a=1, __b=73, __c=57), __c=9, __d=12), __c=27, __d=43), __b=NT_0000_P_00000(__a=NT_0000_P_00000(__a=NT_0000_P_00001(__a=9, __b=8, __c=7), __b=NT_0000_P_00001(__a=4, __b=52, __c=58), __c=95, __d=93), __b=NT_0000_P_00001(__a=35, __b=58, __c=47), __c=29, __d=75), __c=93, __d=61), __c=54, __d=95), __c=83, __d=5), __b=NT_0000_P_00000(__a=NT_0000_P_00001(__a=10, __b=57, __c=67), __b=NT_0000_P_00001(__a=78, __b=35, __c=0), __c=99, __d=77), __c=68, __d=78), __b=NT_0000_P_00000(__a=NT_0000_P_00001(__a=89, __b=55, __c=12), __b=NT_0000_P_00000(__a=NT_0000_P_00001(__a=18, __b=41, __c=31), __b=NT_0000_P_00000(__a=NT_0000_P_00001(__a=66, __b=12, __c=66), __b=NT_0000_P_00000(__a=NT_0000_P_00000(__a=NT_0000_P_00000(__a=NT_0000_P_00001(__a=83, __b=89, __c=39), __b=NT_0000_P_00000(__a=NT_0000_P_00000(__a=NT_0000_P_00001(__a=97, __b=41, __c=55), __b=NT_0000_P_00001(__a=28, __b=49, __c=80), __c=12, __d=30), __b=NT_0000_P_00000(__a=NT_0000_P_00000(__a=NT_0000_P_00001(__a=35, __b=58, __c=47), __b=NT_0000_P_00001(__a=6, __b=5, __c=3), __c=11, __d=41), __b=NT_0000_P_00001(__a=48, __b=39, __c=4), __c=5, __d=94), __c=25, __d=12), __c=73, __d=74), __b=NT_0000_P_00001(__a=52, __b=40, __c=57), __c=68, __d=66), __b=NT_0000_P_00001(__a=62, __b=99, __c=39), __c=60, __d=33), __c=2, __d=86), __c=83, __d=73), __c=8, __d=22), __c=92, __d=19), __b=NT_0000_P_00001(__a=100, __b=81, __c=15), __c=8, __d=51), __b=NT_0000_P_00000(__a=NT_0000_P_00000(__a=NT_0000_P_00000(__a=NT_0000_P_00001(__a=82, __b=26, __c=83), __b=NT_0000_P_00001(__a=79, __b=0, __c=95), __c=24, __d=30), __b=NT_0000_P_00000(__a=NT_0000_P_00000(__a=NT_0000_P_00001(__a=68, __b=4, __c=59), __b=NT_0000_P_00001(__a=75, __b=11, __c=100), __c=40, __d=95), __b=NT_0000_P_00001(__a=94, __b=76, __c=9), __c=41, __d=67), __c=77, __d=86), __b=NT_0000_P_00000(__a=NT_0000_P_00000(__a=NT_0000_P_00001(__a=75, __b=11, __c=100), __b=NT_0000_P_00000(__a=NT_0000_P_00000(__a=NT_0000_P_00001(__a=14, __b=17, __c=54), __b=NT_0000_P_00000(__a=NT_0000_P_00001(__a=95, __b=66, __c=51), __b=NT_0000_P_00000(__a=NT_0000_P_00001(__a=58, __b=5, __c=18), __b=NT_0000_P_00001(__a=80, __b=24, __c=32), __c=31, __d=15), __c=84, __d=13), __c=34, __d=82), __b=NT_0000_P_00000(__a=NT_0000_P_00000(__a=NT_0000_P_00000(__a=NT_0000_P_00000(__a=NT_0000_P_00000(__a=NT_0000_P_00001(__a=79, __b=31, __c=78), __b=NT_0000_P_00001(__a=58, __b=5, __c=18), __c=54, __d=56), __b=NT_0000_P_00001(__a=17, __b=57, __c=39), __c=86, __d=40), __b=NT_0000_P_00001(__a=56, __b=55, __c=100), __c=76, __d=64), __b=NT_0000_P_00000(__a=NT_0000_P_00000(__a=NT_0000_P_00000(__a=NT_0000_P_00001(__a=59, __b=56, __c=92), __b=NT_0000_P_00001(__a=83, __b=8, __c=55), __c=87, __d=47), __b=NT_0000_P_00001(__a=1, __b=93, __c=37), __c=4, __d=38), __b=NT_0000_P_00000(__a=NT_0000_P_00001(__a=13, __b=8, __c=86), __b=NT_0000_P_00000(__a=NT_0000_P_00000(__a=NT_0000_P_00001(__a=50, __b=35, __c=84), __b=NT_0000_P_00001(__a=74, __b=57, __c=94), __c=88, __d=36), __b=NT_0000_P_00001(__a=6, __b=24, __c=62), __c=73, __d=14), __c=42, __d=27), __c=25, __d=72), __c=24, __d=75), __b=NT_0000_P_00000(__a=NT_0000_P_00001(__a=79, __b=31, __c=78), __b=NT_0000_P_00001(__a=58, __b=5, __c=18), __c=54, __d=56), __c=92, __d=87), __c=60, __d=50), __c=11, __d=77), __b=NT_0000_P_00001(__a=50, __b=35, __c=84), __c=50, __d=68), __c=33, __d=39), __c=9, __d=1))"
420.0,14,92,45,6.938512325286865,30050,"NT_0019_P_00000(__a=NT_0000_P_00000(__a=NT_0000_P_00000(__a=NT_0000_P_00000(__a=NT_0000_P_00000(__a=NT_0000_P_00000(__a=NT_0000_P_00001(__a=32, __b=96, __c=40), __b=NT_0000_P_00000(__a=NT_0000_P_00001(__a=58, __b=65, __c=94), __b=NT_0000_P_00000(__a=NT_0000_P_00000(__a=NT_0000_P_00001(__a=37, __b=81, __c=62), __b=NT_0000_P_00000(__a=NT_0000_P_00001(__a=73, __b=78, __c=60), __b=NT_0000_P_00001(__a=1, __b=73, __c=57), __c=9, __d=12), __c=27, __d=43), __b=NT_0000_P_00000(__a=NT_0000_P_00000(__a=NT_0000_P_00001(__a=9, __b=8, __c=7), __b=NT_0000_P_00001(__a=4, __b=52, __c=58), __c=95, __d=93), __b=NT_0000_P_00001(__a=35, __b=58, __c=47), __c=29, __d=75), __c=93, __d=61), __c=54, __d=95), __c=83, __d=5), __b=NT_0000_P_00000(__a=NT_0000_P_00001(__a=10, __b=57, __c=67), __b=NT_0000_P_00001(__a=78, __b=35, __c=0), __c=99, __d=77), __c=68, __d=78), __b=NT_0000_P_00000(__a=NT_0000_P_00001(__a=89, __b=55, __c=12), __b=NT_0000_P_00000(__a=NT_0000_P_00001(__a=18, __b=41, __c=31), __b=NT_0000_P_00000(__a=NT_0000_P_00001(__a=66, __b=12, __c=66), __b=NT_0000_P_00000(__a=NT_0000_P_00000(__a=NT_0000_P_00000(__a=NT_0000_P_00001(__a=83, __b=89, __c=39), __b=NT_0000_P_00000(__a=NT_0000_P_00000(__a=NT_0000_P_00001(__a=97, __b=41, __c=55), __b=NT_0000_P_00001(__a=28, __b=49, __c=80), __c=12, __d=30), __b=NT_0000_P_00000(__a=NT_0000_P_00000(__a=NT_0000_P_00001(__a=35, __b=58, __c=47), __b=NT_0000_P_00001(__a=6, __b=5, __c=3), __c=11, __d=41), __b=NT_0000_P_00001(__a=48, __b=39, __c=4), __c=5, __d=94), __c=25, __d=12), __c=73, __d=74), __b=NT_0000_P_00001(__a=52, __b=40, __c=57), __c=68, __d=66), __b=NT_0000_P_00001(__a=62, __b=99, __c=39), __c=60, __d=33), __c=2, __d=86), __c=83, __d=73), __c=8, __d=22), __c=92, __d=19), __b=NT_0000_P_00001(__a=100, __b=81, __c=15), __c=8, __d=51), __b=NT_0000_P_00000(__a=NT_0000_P_00000(__a=NT_0000_P_00000(__a=NT_0000_P_00001(__a=82, __b=26, __c=83), __b=NT_0000_P_00001(__a=79, __b=0, __c=95), __c=24, __d=30), __b=NT_0000_P_00000(__a=NT_0000_P_00000(__a=NT_0000_P_00001(__a=68, __b=4, __c=59), __b=NT_0000_P_00001(__a=75, __b=11, __c=100), __c=40, __d=95), __b=NT_0000_P_00001(__a=94, __b=76, __c=9), __c=41, __d=67), __c=77, __d=86), __b=NT_0000_P_00000(__a=NT_0000_P_00000(__a=NT_0000_P_00001(__a=75, __b=11, __c=100), __b=NT_0000_P_00000(__a=NT_0000_P_00000(__a=NT_0000_P_00001(__a=14, __b=17, __c=54), __b=NT_0000_P_00000(__a=NT_0000_P_00001(__a=95, __b=66, __c=51), __b=NT_0000_P_00000(__a=NT_0000_P_00001(__a=58, __b=5, __c=18), __b=NT_0000_P_00001(__a=80, __b=24, __c=32), __c=31, __d=15), __c=84, __d=13), __c=34, __d=82), __b=NT_0000_P_00000(__a=NT_0000_P_00000(__a=NT_0000_P_00000(__a=NT_0000_P_00000(__a=NT_0000_P_00000(__a=NT_0000_P_00001(__a=79, __b=31, __c=78), __b=NT_0000_P_00001(__a=58, __b=5, __c=18), __c=54, __d=56), __b=NT_0000_P_00001(__a=17, __b=57, __c=39), __c=86, __d=40), __b=NT_0000_P_00001(__a=56, __b=55, __c=100), __c=76, __d=64), __b=NT_0000_P_00000(__a=NT_0000_P_00000(__a=NT_0000_P_00000(__a=NT_0000_P_00001(__a=59, __b=56, __c=92), __b=NT_0000_P_00001(__a=83, __b=8, __c=55), __c=87, __d=47), __b=NT_0000_P_00001(__a=1, __b=93, __c=37), __c=4, __d=38), __b=NT_0000_P_00000(__a=NT_0000_P_00001(__a=13, __b=8, __c=86), __b=NT_0000_P_00000(__a=NT_0000_P_00000(__a=NT_0000_P_00001(__a=50, __b=35, __c=84), __b=NT_0000_P_00001(__a=74, __b=57, __c=94), __c=88, __d=36), __b=NT_0000_P_00001(__a=6, __b=24, __c=62), __c=73, __d=14), __c=42, __d=27), __c=25, __d=72), __c=24, __d=75), __b=NT_0000_P_00000(__a=NT_0000_P_00001(__a=79, __b=31, __c=78), __b=NT_0000_P_00001(__a=58, __b=5, __c=18), __c=54, __d=56), __c=92, __d=87), __c=60, __d=50), __c=11, __d=77), __b=NT_0000_P_00001(__a=50, __b=35, __c=84), __c=50, __d=68), __c=33, __d=39), __c=9, __d=1))"
420.0,14,92,46,7.008246183395386,30050,"NT_0019_P_00000(__a=NT_0000_P_00000(__a=NT_0000_P_00000(__a=NT_0000_P_00000(__a=NT_0000_P_00000(__a=NT_0000_P_00000(__a=NT_0000_P_00001(__a=32, __b=96, __c=40), __b=NT_0000_P_00000(__a=NT_0000_P_00001(__a=58, __b=65, __c=94), __b=NT_0000_P_00000(__a=NT_0000_P_00000(__a=NT_0000_P_00001(__a=37, __b=81, __c=62), __b=NT_0000_P_00000(__a=NT_0000_P_00001(__a=73, __b=78, __c=60), __b=NT_0000_P_00001(__a=1, __b=73, __c=57), __c=9, __d=12), __c=27, __d=43), __b=NT_0000_P_00000(__a=NT_0000_P_00000(__a=NT_0000_P_00001(__a=9, __b=8, __c=7), __b=NT_0000_P_00001(__a=4, __b=52, __c=58), __c=95, __d=93), __b=NT_0000_P_00001(__a=35, __b=58, __c=47), __c=29, __d=75), __c=93, __d=61), __c=54, __d=95), __c=83, __d=5), __b=NT_0000_P_00000(__a=NT_0000_P_00001(__a=10, __b=57, __c=67), __b=NT_0000_P_00001(__a=78, __b=35, __c=0), __c=99, __d=77), __c=68, __d=78), __b=NT_0000_P_00000(__a=NT_0000_P_00001(__a=89, __b=55, __c=12), __b=NT_0000_P_00000(__a=NT_0000_P_00001(__a=18, __b=41, __c=31), __b=NT_0000_P_00000(__a=NT_0000_P_00001(__a=66, __b=12, __c=66), __b=NT_0000_P_00000(__a=NT_0000_P_00000(__a=NT_0000_P_00000(__a=NT_0000_P_00001(__a=83, __b=89, __c=39), __b=NT_0000_P_00000(__a=NT_0000_P_00000(__a=NT_0000_P_00001(__a=97, __b=41, __c=55), __b=NT_0000_P_00001(__a=28, __b=49, __c=80), __c=12, __d=30), __b=NT_0000_P_00000(__a=NT_0000_P_00000(__a=NT_0000_P_00001(__a=35, __b=58, __c=47), __b=NT_0000_P_00001(__a=6, __b=5, __c=3), __c=11, __d=41), __b=NT_0000_P_00001(__a=48, __b=39, __c=4), __c=5, __d=94), __c=25, __d=12), __c=73, __d=74), __b=NT_0000_P_00001(__a=52, __b=40, __c=57), __c=68, __d=66), __b=NT_0000_P_00001(__a=62, __b=99, __c=39), __c=60, __d=33), __c=2, __d=86), __c=83, __d=73), __c=8, __d=22), __c=92, __d=19), __b=NT_0000_P_00001(__a=100, __b=81, __c=15), __c=8, __d=51), __b=NT_0000_P_00000(__a=NT_0000_P_00000(__a=NT_0000_P_00000(__a=NT_0000_P_00001(__a=82, __b=26, __c=83), __b=NT_0000_P_00001(__a=79, __b=0, __c=95), __c=24, __d=30), __b=NT_0000_P_00000(__a=NT_0000_P_00000(__a=NT_0000_P_00001(__a=68, __b=4, __c=59), __b=NT_0000_P_00001(__a=75, __b=11, __c=100), __c=40, __d=95), __b=NT_0000_P_00001(__a=94, __b=76, __c=9), __c=41, __d=67), __c=77, __d=86), __b=NT_0000_P_00000(__a=NT_0000_P_00000(__a=NT_0000_P_00001(__a=75, __b=11, __c=100), __b=NT_0000_P_00000(__a=NT_0000_P_00000(__a=NT_0000_P_00001(__a=14, __b=17, __c=54), __b=NT_0000_P_00000(__a=NT_0000_P_00001(__a=95, __b=66, __c=51), __b=NT_0000_P_00000(__a=NT_0000_P_00001(__a=58, __b=5, __c=18), __b=NT_0000_P_00001(__a=80, __b=24, __c=32), __c=31, __d=15), __c=84, __d=13), __c=34, __d=82), __b=NT_0000_P_00000(__a=NT_0000_P_00000(__a=NT_0000_P_00000(__a=NT_0000_P_00000(__a=NT_0000_P_00000(__a=NT_0000_P_00001(__a=79, __b=31, __c=78), __b=NT_0000_P_00001(__a=58, __b=5, __c=18), __c=54, __d=56), __b=NT_0000_P_00001(__a=17, __b=57, __c=39), __c=86, __d=40), __b=NT_0000_P_00001(__a=56, __b=55, __c=100), __c=76, __d=64), __b=NT_0000_P_00000(__a=NT_0000_P_00000(__a=NT_0000_P_00000(__a=NT_0000_P_00001(__a=59, __b=56, __c=92), __b=NT_0000_P_00001(__a=83, __b=8, __c=55), __c=87, __d=47), __b=NT_0000_P_00001(__a=1, __b=93, __c=37), __c=4, __d=38), __b=NT_0000_P_00000(__a=NT_0000_P_00001(__a=13, __b=8, __c=86), __b=NT_0000_P_00000(__a=NT_0000_P_00000(__a=NT_0000_P_00001(__a=50, __b=35, __c=84), __b=NT_0000_P_00001(__a=74, __b=57, __c=94), __c=88, __d=36), __b=NT_0000_P_00001(__a=6, __b=24, __c=62), __c=73, __d=14), __c=42, __d=27), __c=25, __d=72), __c=24, __d=75), __b=NT_0000_P_00000(__a=NT_0000_P_00001(__a=79, __b=31, __c=78), __b=NT_0000_P_00001(__a=58, __b=5, __c=18), __c=54, __d=56), __c=92, __d=87), __c=60, __d=50), __c=11, __d=77), __b=NT_0000_P_00001(__a=50, __b=35, __c=84), __c=50, __d=68), __c=33, __d=39), __c=9, __d=1))"
420.0,14,92,47,7.0653510093688965,30050,"NT_0019_P_00000(__a=NT_0000_P_00000(__a=NT_0000_P_00000(__a=NT_0000_P_00000(__a=NT_0000_P_00000(__a=NT_0000_P_00000(__a=NT_0000_P_00001(__a=32, __b=96, __c=40), __b=NT_0000_P_00000(__a=NT_0000_P_00001(__a=58, __b=65, __c=94), __b=NT_0000_P_00000(__a=NT_0000_P_00000(__a=NT_0000_P_00001(__a=37, __b=81, __c=62), __b=NT_0000_P_00000(__a=NT_0000_P_00001(__a=73, __b=78, __c=60), __b=NT_0000_P_00001(__a=1, __b=73, __c=57), __c=9, __d=12), __c=27, __d=43), __b=NT_0000_P_00000(__a=NT_0000_P_00000(__a=NT_0000_P_00001(__a=9, __b=8, __c=7), __b=NT_0000_P_00001(__a=4, __b=52, __c=58), __c=95, __d=93), __b=NT_0000_P_00001(__a=35, __b=58, __c=47), __c=29, __d=75), __c=93, __d=61), __c=54, __d=95), __c=83, __d=5), __b=NT_0000_P_00000(__a=NT_0000_P_00001(__a=10, __b=57, __c=67), __b=NT_0000_P_00001(__a=78, __b=35, __c=0), __c=99, __d=77), __c=68, __d=78), __b=NT_0000_P_00000(__a=NT_0000_P_00001(__a=89, __b=55, __c=12), __b=NT_0000_P_00000(__a=NT_0000_P_00001(__a=18, __b=41, __c=31), __b=NT_0000_P_00000(__a=NT_0000_P_00001(__a=66, __b=12, __c=66), __b=NT_0000_P_00000(__a=NT_0000_P_00000(__a=NT_0000_P_00000(__a=NT_0000_P_00001(__a=83, __b=89, __c=39), __b=NT_0000_P_00000(__a=NT_0000_P_00000(__a=NT_0000_P_00001(__a=97, __b=41, __c=55), __b=NT_0000_P_00001(__a=28, __b=49, __c=80), __c=12, __d=30), __b=NT_0000_P_00000(__a=NT_0000_P_00000(__a=NT_0000_P_00001(__a=35, __b=58, __c=47), __b=NT_0000_P_00001(__a=6, __b=5, __c=3), __c=11, __d=41), __b=NT_0000_P_00001(__a=48, __b=39, __c=4), __c=5, __d=94), __c=25, __d=12), __c=73, __d=74), __b=NT_0000_P_00001(__a=52, __b=40, __c=57), __c=68, __d=66), __b=NT_0000_P_00001(__a=62, __b=99, __c=39), __c=60, __d=33), __c=2, __d=86), __c=83, __d=73), __c=8, __d=22), __c=92, __d=19), __b=NT_0000_P_00001(__a=100, __b=81, __c=15), __c=8, __d=51), __b=NT_0000_P_00000(__a=NT_0000_P_00000(__a=NT_0000_P_00000(__a=NT_0000_P_00001(__a=82, __b=26, __c=83), __b=NT_0000_P_00001(__a=79, __b=0, __c=95), __c=24, __d=30), __b=NT_0000_P_00000(__a=NT_0000_P_00000(__a=NT_0000_P_00001(__a=68, __b=4, __c=59), __b=NT_0000_P_00001(__a=75, __b=11, __c=100), __c=40, __d=95), __b=NT_0000_P_00001(__a=94, __b=76, __c=9), __c=41, __d=67), __c=77, __d=86), __b=NT_0000_P_00000(__a=NT_0000_P_00000(__a=NT_0000_P_00001(__a=75, __b=11, __c=100), __b=NT_0000_P_00000(__a=NT_0000_P_00000(__a=NT_0000_P_00001(__a=14, __b=17, __c=54), __b=NT_0000_P_00000(__a=NT_0000_P_00001(__a=95, __b=66, __c=51), __b=NT_0000_P_00000(__a=NT_0000_P_00001(__a=58, __b=5, __c=18), __b=NT_0000_P_00001(__a=80, __b=24, __c=32), __c=31, __d=15), __c=84, __d=13), __c=34, __d=82), __b=NT_0000_P_00000(__a=NT_0000_P_00000(__a=NT_0000_P_00000(__a=NT_0000_P_00000(__a=NT_0000_P_00000(__a=NT_0000_P_00001(__a=79, __b=31, __c=78), __b=NT_0000_P_00001(__a=58, __b=5, __c=18), __c=54, __d=56), __b=NT_0000_P_00001(__a=17, __b=57, __c=39), __c=86, __d=40), __b=NT_0000_P_00001(__a=56, __b=55, __c=100), __c=76, __d=64), __b=NT_0000_P_00000(__a=NT_0000_P_00000(__a=NT_0000_P_00000(__a=NT_0000_P_00001(__a=59, __b=56, __c=92), __b=NT_0000_P_00001(__a=83, __b=8, __c=55), __c=87, __d=47), __b=NT_0000_P_00001(__a=1, __b=93, __c=37), __c=4, __d=38), __b=NT_0000_P_00000(__a=NT_0000_P_00001(__a=13, __b=8, __c=86), __b=NT_0000_P_00000(__a=NT_0000_P_00000(__a=NT_0000_P_00001(__a=50, __b=35, __c=84), __b=NT_0000_P_00001(__a=74, __b=57, __c=94), __c=88, __d=36), __b=NT_0000_P_00001(__a=6, __b=24, __c=62), __c=73, __d=14), __c=42, __d=27), __c=25, __d=72), __c=24, __d=75), __b=NT_0000_P_00000(__a=NT_0000_P_00001(__a=79, __b=31, __c=78), __b=NT_0000_P_00001(__a=58, __b=5, __c=18), __c=54, __d=56), __c=92, __d=87), __c=60, __d=50), __c=11, __d=77), __b=NT_0000_P_00001(__a=50, __b=35, __c=84), __c=50, __d=68), __c=33, __d=39), __c=9, __d=1))"
420.0,14,92,48,7.134725332260132,30050,"NT_0019_P_00000(__a=NT_0000_P_00000(__a=NT_0000_P_00000(__a=NT_0000_P_00000(__a=NT_0000_P_00000(__a=NT_0000_P_00000(__a=NT_0000_P_00001(__a=32, __b=96, __c=40), __b=NT_0000_P_00000(__a=NT_0000_P_00001(__a=58, __b=65, __c=94), __b=NT_0000_P_00000(__a=NT_0000_P_00000(__a=NT_0000_P_00001(__a=37, __b=81, __c=62), __b=NT_0000_P_00000(__a=NT_0000_P_00001(__a=73, __b=78, __c=60), __b=NT_0000_P_00001(__a=1, __b=73, __c=57), __c=9, __d=12), __c=27, __d=43), __b=NT_0000_P_00000(__a=NT_0000_P_00000(__a=NT_0000_P_00001(__a=9, __b=8, __c=7), __b=NT_0000_P_00001(__a=4, __b=52, __c=58), __c=95, __d=93), __b=NT_0000_P_00001(__a=35, __b=58, __c=47), __c=29, __d=75), __c=93, __d=61), __c=54, __d=95), __c=83, __d=5), __b=NT_0000_P_00000(__a=NT_0000_P_00001(__a=10, __b=57, __c=67), __b=NT_0000_P_00001(__a=78, __b=35, __c=0), __c=99, __d=77), __c=68, __d=78), __b=NT_0000_P_00000(__a=NT_0000_P_00001(__a=89, __b=55, __c=12), __b=NT_0000_P_00000(__a=NT_0000_P_00001(__a=18, __b=41, __c=31), __b=NT_0000_P_00000(__a=NT_0000_P_00001(__a=66, __b=12, __c=66), __b=NT_0000_P_00000(__a=NT_0000_P_00000(__a=NT_0000_P_00000(__a=NT_0000_P_00001(__a=83, __b=89, __c=39), __b=NT_0000_P_00000(__a=NT_0000_P_00000(__a=NT_0000_P_00001(__a=97, __b=41, __c=55), __b=NT_0000_P_00001(__a=28, __b=49, __c=80), __c=12, __d=30), __b=NT_0000_P_00000(__a=NT_0000_P_00000(__a=NT_0000_P_00001(__a=35, __b=58, __c=47), __b=NT_0000_P_00001(__a=6, __b=5, __c=3), __c=11, __d=41), __b=NT_0000_P_00001(__a=48, __b=39, __c=4), __c=5, __d=94), __c=25, __d=12), __c=73, __d=74), __b=NT_0000_P_00001(__a=52, __b=40, __c=57), __c=68, __d=66), __b=NT_0000_P_00001(__a=62, __b=99, __c=39), __c=60, __d=33), __c=2, __d=86), __c=83, __d=73), __c=8, __d=22), __c=92, __d=19), __b=NT_0000_P_00001(__a=100, __b=81, __c=15), __c=8, __d=51), __b=NT_0000_P_00000(__a=NT_0000_P_00000(__a=NT_0000_P_00000(__a=NT_0000_P_00001(__a=82, __b=26, __c=83), __b=NT_0000_P_00001(__a=79, __b=0, __c=95), __c=24, __d=30), __b=NT_0000_P_00000(__a=NT_0000_P_00000(__a=NT_0000_P_00001(__a=68, __b=4, __c=59), __b=NT_0000_P_00001(__a=75, __b=11, __c=100), __c=40, __d=95), __b=NT_0000_P_00001(__a=94, __b=76, __c=9), __c=41, __d=67), __c=77, __d=86), __b=NT_0000_P_00000(__a=NT_0000_P_00000(__a=NT_0000_P_00001(__a=75, __b=11, __c=100), __b=NT_0000_P_00000(__a=NT_0000_P_00000(__a=NT_0000_P_00001(__a=14, __b=17, __c=54), __b=NT_0000_P_00000(__a=NT_0000_P_00001(__a=95, __b=66, __c=51), __b=NT_0000_P_00000(__a=NT_0000_P_00001(__a=58, __b=5, __c=18), __b=NT_0000_P_00001(__a=80, __b=24, __c=32), __c=31, __d=15), __c=84, __d=13), __c=34, __d=82), __b=NT_0000_P_00000(__a=NT_0000_P_00000(__a=NT_0000_P_00000(__a=NT_0000_P_00000(__a=NT_0000_P_00000(__a=NT_0000_P_00001(__a=79, __b=31, __c=78), __b=NT_0000_P_00001(__a=58, __b=5, __c=18), __c=54, __d=56), __b=NT_0000_P_00001(__a=17, __b=57, __c=39), __c=86, __d=40), __b=NT_0000_P_00001(__a=56, __b=55, __c=100), __c=76, __d=64), __b=NT_0000_P_00000(__a=NT_0000_P_00000(__a=NT_0000_P_00000(__a=NT_0000_P_00001(__a=59, __b=56, __c=92), __b=NT_0000_P_00001(__a=83, __b=8, __c=55), __c=87, __d=47), __b=NT_0000_P_00001(__a=1, __b=93, __c=37), __c=4, __d=38), __b=NT_0000_P_00000(__a=NT_0000_P_00001(__a=13, __b=8, __c=86), __b=NT_0000_P_00000(__a=NT_0000_P_00000(__a=NT_0000_P_00001(__a=50, __b=35, __c=84), __b=NT_0000_P_00001(__a=74, __b=57, __c=94), __c=88, __d=36), __b=NT_0000_P_00001(__a=6, __b=24, __c=62), __c=73, __d=14), __c=42, __d=27), __c=25, __d=72), __c=24, __d=75), __b=NT_0000_P_00000(__a=NT_0000_P_00001(__a=79, __b=31, __c=78), __b=NT_0000_P_00001(__a=58, __b=5, __c=18), __c=54, __d=56), __c=92, __d=87), __c=60, __d=50), __c=11, __d=77), __b=NT_0000_P_00001(__a=50, __b=35, __c=84), __c=50, __d=68), __c=33, __d=39), __c=9, __d=1))"
420.0,14,92,49,7.233705997467041,30050,"NT_0019_P_00000(__a=NT_0000_P_00000(__a=NT_0000_P_00000(__a=NT_0000_P_00000(__a=NT_0000_P_00000(__a=NT_0000_P_00000(__a=NT_0000_P_00001(__a=32, __b=96, __c=40), __b=NT_0000_P_00000(__a=NT_0000_P_00001(__a=58, __b=65, __c=94), __b=NT_0000_P_00000(__a=NT_0000_P_00000(__a=NT_0000_P_00001(__a=37, __b=81, __c=62), __b=NT_0000_P_00000(__a=NT_0000_P_00001(__a=73, __b=78, __c=60), __b=NT_0000_P_00001(__a=1, __b=73, __c=57), __c=9, __d=12), __c=27, __d=43), __b=NT_0000_P_00000(__a=NT_0000_P_00000(__a=NT_0000_P_00001(__a=9, __b=8, __c=7), __b=NT_0000_P_00001(__a=4, __b=52, __c=58), __c=95, __d=93), __b=NT_0000_P_00001(__a=35, __b=58, __c=47), __c=29, __d=75), __c=93, __d=61), __c=54, __d=95), __c=83, __d=5), __b=NT_0000_P_00000(__a=NT_0000_P_00001(__a=10, __b=57, __c=67), __b=NT_0000_P_00001(__a=78, __b=35, __c=0), __c=99, __d=77), __c=68, __d=78), __b=NT_0000_P_00000(__a=NT_0000_P_00001(__a=89, __b=55, __c=12), __b=NT_0000_P_00000(__a=NT_0000_P_00001(__a=18, __b=41, __c=31), __b=NT_0000_P_00000(__a=NT_0000_P_00001(__a=66, __b=12, __c=66), __b=NT_0000_P_00000(__a=NT_0000_P_00000(__a=NT_0000_P_00000(__a=NT_0000_P_00001(__a=83, __b=89, __c=39), __b=NT_0000_P_00000(__a=NT_0000_P_00000(__a=NT_0000_P_00001(__a=97, __b=41, __c=55), __b=NT_0000_P_00001(__a=28, __b=49, __c=80), __c=12, __d=30), __b=NT_0000_P_00000(__a=NT_0000_P_00000(__a=NT_0000_P_00001(__a=35, __b=58, __c=47), __b=NT_0000_P_00001(__a=6, __b=5, __c=3), __c=11, __d=41), __b=NT_0000_P_00001(__a=48, __b=39, __c=4), __c=5, __d=94), __c=25, __d=12), __c=73, __d=74), __b=NT_0000_P_00001(__a=52, __b=40, __c=57), __c=68, __d=66), __b=NT_0000_P_00001(__a=62, __b=99, __c=39), __c=60, __d=33), __c=2, __d=86), __c=83, __d=73), __c=8, __d=22), __c=92, __d=19), __b=NT_0000_P_00001(__a=100, __b=81, __c=15), __c=8, __d=51), __b=NT_0000_P_00000(__a=NT_0000_P_00000(__a=NT_0000_P_00000(__a=NT_0000_P_00001(__a=82, __b=26, __c=83), __b=NT_0000_P_00001(__a=79, __b=0, __c=95), __c=24, __d=30), __b=NT_0000_P_00000(__a=NT_0000_P_00000(__a=NT_0000_P_00001(__a=68, __b=4, __c=59), __b=NT_0000_P_00001(__a=75, __b=11, __c=100), __c=40, __d=95), __b=NT_0000_P_00001(__a=94, __b=76, __c=9), __c=41, __d=67), __c=77, __d=86), __b=NT_0000_P_00000(__a=NT_0000_P_00000(__a=NT_0000_P_00001(__a=75, __b=11, __c=100), __b=NT_0000_P_00000(__a=NT_0000_P_00000(__a=NT_0000_P_00001(__a=14, __b=17, __c=54), __b=NT_0000_P_00000(__a=NT_0000_P_00001(__a=95, __b=66, __c=51), __b=NT_0000_P_00000(__a=NT_0000_P_00001(__a=58, __b=5, __c=18), __b=NT_0000_P_00001(__a=80, __b=24, __c=32), __c=31, __d=15), __c=84, __d=13), __c=34, __d=82), __b=NT_0000_P_00000(__a=NT_0000_P_00000(__a=NT_0000_P_00000(__a=NT_0000_P_00000(__a=NT_0000_P_00000(__a=NT_0000_P_00001(__a=79, __b=31, __c=78), __b=NT_0000_P_00001(__a=58, __b=5, __c=18), __c=54, __d=56), __b=NT_0000_P_00001(__a=17, __b=57, __c=39), __c=86, __d=40), __b=NT_0000_P_00001(__a=56, __b=55, __c=100), __c=76, __d=64), __b=NT_0000_P_00000(__a=NT_0000_P_00000(__a=NT_0000_P_00000(__a=NT_0000_P_00001(__a=59, __b=56, __c=92), __b=NT_0000_P_00001(__a=83, __b=8, __c=55), __c=87, __d=47), __b=NT_0000_P_00001(__a=1, __b=93, __c=37), __c=4, __d=38), __b=NT_0000_P_00000(__a=NT_0000_P_00001(__a=13, __b=8, __c=86), __b=NT_0000_P_00000(__a=NT_0000_P_00000(__a=NT_0000_P_00001(__a=50, __b=35, __c=84), __b=NT_0000_P_00001(__a=74, __b=57, __c=94), __c=88, __d=36), __b=NT_0000_P_00001(__a=6, __b=24, __c=62), __c=73, __d=14), __c=42, __d=27), __c=25, __d=72), __c=24, __d=75), __b=NT_0000_P_00000(__a=NT_0000_P_00001(__a=79, __b=31, __c=78), __b=NT_0000_P_00001(__a=58, __b=5, __c=18), __c=54, __d=56), __c=92, __d=87), __c=60, __d=50), __c=11, __d=77), __b=NT_0000_P_00001(__a=50, __b=35, __c=84), __c=50, __d=68), __c=33, __d=39), __c=9, __d=1))"
420.0,14,92,50,7.305482387542725,30050,"NT_0019_P_00000(__a=NT_0000_P_00000(__a=NT_0000_P_00000(__a=NT_0000_P_00000(__a=NT_0000_P_00000(__a=NT_0000_P_00000(__a=NT_0000_P_00001(__a=32, __b=96, __c=40), __b=NT_0000_P_00000(__a=NT_0000_P_00001(__a=58, __b=65, __c=94), __b=NT_0000_P_00000(__a=NT_0000_P_00000(__a=NT_0000_P_00001(__a=37, __b=81, __c=62), __b=NT_0000_P_00000(__a=NT_0000_P_00001(__a=73, __b=78, __c=60), __b=NT_0000_P_00001(__a=1, __b=73, __c=57), __c=9, __d=12), __c=27, __d=43), __b=NT_0000_P_00000(__a=NT_0000_P_00000(__a=NT_0000_P_00001(__a=9, __b=8, __c=7), __b=NT_0000_P_00001(__a=4, __b=52, __c=58), __c=95, __d=93), __b=NT_0000_P_00001(__a=35, __b=58, __c=47), __c=29, __d=75), __c=93, __d=61), __c=54, __d=95), __c=83, __d=5), __b=NT_0000_P_00000(__a=NT_0000_P_00001(__a=10, __b=57, __c=67), __b=NT_0000_P_00001(__a=78, __b=35, __c=0), __c=99, __d=77), __c=68, __d=78), __b=NT_0000_P_00000(__a=NT_0000_P_00001(__a=89, __b=55, __c=12), __b=NT_0000_P_00000(__a=NT_0000_P_00001(__a=18, __b=41, __c=31), __b=NT_0000_P_00000(__a=NT_0000_P_00001(__a=66, __b=12, __c=66), __b=NT_0000_P_00000(__a=NT_0000_P_00000(__a=NT_0000_P_00000(__a=NT_0000_P_00001(__a=83, __b=89, __c=39), __b=NT_0000_P_00000(__a=NT_0000_P_00000(__a=NT_0000_P_00001(__a=97, __b=41, __c=55), __b=NT_0000_P_00001(__a=28, __b=49, __c=80), __c=12, __d=30), __b=NT_0000_P_00000(__a=NT_0000_P_00000(__a=NT_0000_P_00001(__a=35, __b=58, __c=47), __b=NT_0000_P_00001(__a=6, __b=5, __c=3), __c=11, __d=41), __b=NT_0000_P_00001(__a=48, __b=39, __c=4), __c=5, __d=94), __c=25, __d=12), __c=73, __d=74), __b=NT_0000_P_00001(__a=52, __b=40, __c=57), __c=68, __d=66), __b=NT_0000_P_00001(__a=62, __b=99, __c=39), __c=60, __d=33), __c=2, __d=86), __c=83, __d=73), __c=8, __d=22), __c=92, __d=19), __b=NT_0000_P_00001(__a=100, __b=81, __c=15), __c=8, __d=51), __b=NT_0000_P_00000(__a=NT_0000_P_00000(__a=NT_0000_P_00000(__a=NT_0000_P_00001(__a=82, __b=26, __c=83), __b=NT_0000_P_00001(__a=79, __b=0, __c=95), __c=24, __d=30), __b=NT_0000_P_00000(__a=NT_0000_P_00000(__a=NT_0000_P_00001(__a=68, __b=4, __c=59), __b=NT_0000_P_00001(__a=75, __b=11, __c=100), __c=40, __d=95), __b=NT_0000_P_00001(__a=94, __b=76, __c=9), __c=41, __d=67), __c=77, __d=86), __b=NT_0000_P_00000(__a=NT_0000_P_00000(__a=NT_0000_P_00001(__a=75, __b=11, __c=100), __b=NT_0000_P_00000(__a=NT_0000_P_00000(__a=NT_0000_P_00001(__a=14, __b=17, __c=54), __b=NT_0000_P_00000(__a=NT_0000_P_00001(__a=95, __b=66, __c=51), __b=NT_0000_P_00000(__a=NT_0000_P_00001(__a=58, __b=5, __c=18), __b=NT_0000_P_00001(__a=80, __b=24, __c=32), __c=31, __d=15), __c=84, __d=13), __c=34, __d=82), __b=NT_0000_P_00000(__a=NT_0000_P_00000(__a=NT_0000_P_00000(__a=NT_0000_P_00000(__a=NT_0000_P_00000(__a=NT_0000_P_00001(__a=79, __b=31, __c=78), __b=NT_0000_P_00001(__a=58, __b=5, __c=18), __c=54, __d=56), __b=NT_0000_P_00001(__a=17, __b=57, __c=39), __c=86, __d=40), __b=NT_0000_P_00001(__a=56, __b=55, __c=100), __c=76, __d=64), __b=NT_0000_P_00000(__a=NT_0000_P_00000(__a=NT_0000_P_00000(__a=NT_0000_P_00001(__a=59, __b=56, __c=92), __b=NT_0000_P_00001(__a=83, __b=8, __c=55), __c=87, __d=47), __b=NT_0000_P_00001(__a=1, __b=93, __c=37), __c=4, __d=38), __b=NT_0000_P_00000(__a=NT_0000_P_00001(__a=13, __b=8, __c=86), __b=NT_0000_P_00000(__a=NT_0000_P_00000(__a=NT_0000_P_00001(__a=50, __b=35, __c=84), __b=NT_0000_P_00001(__a=74, __b=57, __c=94), __c=88, __d=36), __b=NT_0000_P_00001(__a=6, __b=24, __c=62), __c=73, __d=14), __c=42, __d=27), __c=25, __d=72), __c=24, __d=75), __b=NT_0000_P_00000(__a=NT_0000_P_00001(__a=79, __b=31, __c=78), __b=NT_0000_P_00001(__a=58, __b=5, __c=18), __c=54, __d=56), __c=92, __d=87), __c=60, __d=50), __c=11, __d=77), __b=NT_0000_P_00001(__a=50, __b=35, __c=84), __c=50, __d=68), __c=33, __d=39), __c=9, __d=1))"
416.0,14,92,51,7.357408761978149,30050,"NT_0019_P_00000(__a=NT_0000_P_00000(__a=NT_0000_P_00000(__a=NT_0000_P_00000(__a=NT_0000_P_00000(__a=NT_0000_P_00000(__a=NT_0000_P_00001(__a=32, __b=96, __c=40), __b=NT_0000_P_00000(__a=NT_0000_P_00001(__a=58, __b=65, __c=94), __b=NT_0000_P_00000(__a=NT_0000_P_00000(__a=NT_0000_P_00001(__a=37, __b=81, __c=62), __b=NT_0000_P_00000(__a=NT_0000_P_00001(__a=73, __b=78, __c=60), __b=NT_0000_P_00001(__a=1, __b=73, __c=57), __c=9, __d=12), __c=27, __d=43), __b=NT_0000_P_00000(__a=NT_0000_P_00000(__a=NT_0000_P_00001(__a=9, __b=8, __c=7), __b=NT_0000_P_00001(__a=4, __b=52, __c=58), __c=95, __d=93), __b=NT_0000_P_00001(__a=35, __b=58, __c=47), __c=29, __d=75), __c=93, __d=61), __c=54, __d=95), __c=83, __d=5), __b=NT_0000_P_00000(__a=NT_0000_P_00001(__a=10, __b=57, __c=67), __b=NT_0000_P_00001(__a=78, __b=35, __c=0), __c=99, __d=77), __c=68, __d=78), __b=NT_0000_P_00000(__a=NT_0000_P_00001(__a=89, __b=55, __c=12), __b=NT_0000_P_00000(__a=NT_0000_P_00001(__a=18, __b=41, __c=31), __b=NT_0000_P_00000(__a=NT_0000_P_00001(__a=66, __b=12, __c=66), __b=NT_0000_P_00000(__a=NT_0000_P_00000(__a=NT_0000_P_00000(__a=NT_0000_P_00001(__a=83, __b=89, __c=39), __b=NT_0000_P_00000(__a=NT_0000_P_00000(__a=NT_0000_P_00001(__a=97, __b=41, __c=55), __b=NT_0000_P_00001(__a=28, __b=49, __c=80), __c=12, __d=30), __b=NT_0000_P_00000(__a=NT_0000_P_00000(__a=NT_0000_P_00001(__a=35, __b=58, __c=47), __b=NT_0000_P_00001(__a=6, __b=5, __c=3), __c=11, __d=41), __b=NT_0000_P_00001(__a=48, __b=39, __c=4), __c=5, __d=94), __c=25, __d=12), __c=73, __d=74), __b=NT_0000_P_00001(__a=52, __b=40, __c=57), __c=68, __d=66), __b=NT_0000_P_00001(__a=62, __b=99, __c=39), __c=60, __d=33), __c=2, __d=86), __c=83, __d=73), __c=8, __d=22), __c=92, __d=19), __b=NT_0000_P_00001(__a=100, __b=81, __c=15), __c=8, __d=51), __b=NT_0000_P_00000(__a=NT_0000_P_00000(__a=NT_0000_P_00000(__a=NT_0000_P_00001(__a=82, __b=26, __c=83), __b=NT_0000_P_00001(__a=79, __b=0, __c=95), __c=24, __d=30), __b=NT_0000_P_00000(__a=NT_0000_P_00000(__a=NT_0000_P_00001(__a=68, __b=4, __c=59), __b=NT_0000_P_00001(__a=75, __b=11, __c=100), __c=40, __d=95), __b=NT_0000_P_00001(__a=94, __b=76, __c=9), __c=41, __d=67), __c=77, __d=86), __b=NT_0000_P_00000(__a=NT_0000_P_00000(__a=NT_0000_P_00001(__a=75, __b=11, __c=100), __b=NT_0000_P_00000(__a=NT_0000_P_00000(__a=NT_0000_P_00001(__a=14, __b=17, __c=54), __b=NT_0000_P_00000(__a=NT_0000_P_00001(__a=6, __b=32, __c=12), __b=NT_0000_P_00000(__a=NT_0000_P_00001(__a=56, __b=11, __c=61), __b=NT_0000_P_00001(__a=86, __b=82, __c=12), __c=34, __d=10), __c=46, __d=99), __c=34, __d=82), __b=NT_0000_P_00000(__a=NT_0000_P_00000(__a=NT_0000_P_00000(__a=NT_0000_P_00000(__a=NT_0000_P_00000(__a=NT_0000_P_00001(__a=79, __b=31, __c=78), __b=NT_0000_P_00001(__a=58, __b=5, __c=18), __c=54, __d=56), __b=NT_0000_P_00001(__a=17, __b=57, __c=39), __c=86, __d=40), __b=NT_0000_P_00001(__a=56, __b=55, __c=100), __c=76, __d=64), __b=NT_0000_P_00000(__a=NT_0000_P_00000(__a=NT_0000_P_00000(__a=NT_0000_P_00001(__a=59, __b=56, __c=92), __b=NT_0000_P_00001(__a=83, __b=8, __c=55), __c=87, __d=47), __b=NT_0000_P_00001(__a=1, __b=93, __c=37), __c=4, __d=38), __b=NT_0000_P_00000(__a=NT_0000_P_00001(__a=13, __b=8, __c=86), __b=NT_0000_P_00000(__a=NT_0000_P_00000(__a=NT_0000_P_00001(__a=50, __b=35, __c=84), __b=NT_0000_P_00001(__a=74, __b=57, __c=94), __c=88, __d=36), __b=NT_0000_P_00001(__a=6, __b=24, __c=62), __c=73, __d=14), __c=42, __d=27), __c=25, __d=72), __c=24, __d=75), __b=NT_0000_P_00000(__a=NT_0000_P_00001(__a=79, __b=31, __c=78), __b=NT_0000_P_00001(__a=58, __b=5, __c=18), __c=54, __d=56), __c=92, __d=87), __c=60, __d=50), __c=11, __d=77), __b=NT_0000_P_00001(__a=50, __b=35, __c=84), __c=50, __d=68), __c=33, __d=39), __c=9, __d=1))"
416.0,14,92,52,7.4364845752716064,30050,"NT_0019_P_00000(__a=NT_0000_P_00000(__a=NT_0000_P_00000(__a=NT_0000_P_00000(__a=NT_0000_P_00000(__a=NT_0000_P_00000(__a=NT_0000_P_00001(__a=32, __b=96, __c=40), __b=NT_0000_P_00000(__a=NT_0000_P_00001(__a=58, __b=65, __c=94), __b=NT_0000_P_00000(__a=NT_0000_P_00000(__a=NT_0000_P_00001(__a=37, __b=81, __c=62), __b=NT_0000_P_00000(__a=NT_0000_P_00001(__a=73, __b=78, __c=60), __b=NT_0000_P_00001(__a=1, __b=73, __c=57), __c=9, __d=12), __c=27, __d=43), __b=NT_0000_P_00000(__a=NT_0000_P_00000(__a=NT_0000_P_00001(__a=9, __b=8, __c=7), __b=NT_0000_P_00001(__a=4, __b=52, __c=58), __c=95, __d=93), __b=NT_0000_P_00001(__a=35, __b=58, __c=47), __c=29, __d=75), __c=93, __d=61), __c=54, __d=95), __c=83, __d=5), __b=NT_0000_P_00000(__a=NT_0000_P_00001(__a=10, __b=57, __c=67), __b=NT_0000_P_00001(__a=78, __b=35, __c=0), __c=99, __d=77), __c=68, __d=78), __b=NT_0000_P_00000(__a=NT_0000_P_00001(__a=89, __b=55, __c=12), __b=NT_0000_P_00000(__a=NT_0000_P_00001(__a=18, __b=41, __c=31), __b=NT_0000_P_00000(__a=NT_0000_P_00001(__a=66, __b=12, __c=66), __b=NT_0000_P_00000(__a=NT_0000_P_00000(__a=NT_0000_P_00000(__a=NT_0000_P_00001(__a=83, __b=89, __c=39), __b=NT_0000_P_00000(__a=NT_0000_P_00000(__a=NT_0000_P_00001(__a=97, __b=41, __c=55), __b=NT_0000_P_00001(__a=28, __b=49, __c=80), __c=12, __d=30), __b=NT_0000_P_00000(__a=NT_0000_P_00000(__a=NT_0000_P_00001(__a=35, __b=58, __c=47), __b=NT_0000_P_00001(__a=6, __b=5, __c=3), __c=11, __d=41), __b=NT_0000_P_00001(__a=48, __b=39, __c=4), __c=5, __d=94), __c=25, __d=12), __c=73, __d=74), __b=NT_0000_P_00001(__a=52, __b=40, __c=57), __c=68, __d=66), __b=NT_0000_P_00001(__a=62, __b=99, __c=39), __c=60, __d=33), __c=2, __d=86), __c=83, __d=73), __c=8, __d=22), __c=92, __d=19), __b=NT_0000_P_00001(__a=100, __b=81, __c=15), __c=8, __d=51), __b=NT_0000_P_00000(__a=NT_0000_P_00000(__a=NT_0000_P_00000(__a=NT_0000_P_00001(__a=82, __b=26, __c=83), __b=NT_0000_P_00001(__a=79, __b=0, __c=95), __c=24, __d=30), __b=NT_0000_P_00000(__a=NT_0000_P_00000(__a=NT_0000_P_00001(__a=68, __b=4, __c=59), __b=NT_0000_P_00001(__a=75, __b=11, __c=100), __c=40, __d=95), __b=NT_0000_P_00001(__a=94, __b=76, __c=9), __c=41, __d=67), __c=77, __d=86), __b=NT_0000_P_00000(__a=NT_0000_P_00000(__a=NT_0000_P_00001(__a=75, __b=11, __c=100), __b=NT_0000_P_00000(__a=NT_0000_P_00000(__a=NT_0000_P_00001(__a=14, __b=17, __c=54), __b=NT_0000_P_00000(__a=NT_0000_P_00001(__a=6, __b=32, __c=12), __b=NT_0000_P_00000(__a=NT_0000_P_00001(__a=56, __b=11, __c=61), __b=NT_0000_P_00001(__a=86, __b=82, __c=12), __c=34, __d=10), __c=46, __d=99), __c=34, __d=82), __b=NT_0000_P_00000(__a=NT_0000_P_00000(__a=NT_0000_P_00000(__a=NT_0000_P_00000(__a=NT_0000_P_00000(__a=NT_0000_P_00001(__a=79, __b=31, __c=78), __b=NT_0000_P_00001(__a=58, __b=5, __c=18), __c=54, __d=56), __b=NT_0000_P_00001(__a=17, __b=57, __c=39), __c=86, __d=40), __b=NT_0000_P_00001(__a=56, __b=55, __c=100), __c=76, __d=64), __b=NT_0000_P_00000(__a=NT_0000_P_00000(__a=NT_0000_P_00000(__a=NT_0000_P_00001(__a=59, __b=56, __c=92), __b=NT_0000_P_00001(__a=83, __b=8, __c=55), __c=87, __d=47), __b=NT_0000_P_00001(__a=1, __b=93, __c=37), __c=4, __d=38), __b=NT_0000_P_00000(__a=NT_0000_P_00001(__a=13, __b=8, __c=86), __b=NT_0000_P_00000(__a=NT_0000_P_00000(__a=NT_0000_P_00001(__a=50, __b=35, __c=84), __b=NT_0000_P_00001(__a=74, __b=57, __c=94), __c=88, __d=36), __b=NT_0000_P_00001(__a=6, __b=24, __c=62), __c=73, __d=14), __c=42, __d=27), __c=25, __d=72), __c=24, __d=75), __b=NT_0000_P_00000(__a=NT_0000_P_00001(__a=79, __b=31, __c=78), __b=NT_0000_P_00001(__a=58, __b=5, __c=18), __c=54, __d=56), __c=92, __d=87), __c=60, __d=50), __c=11, __d=77), __b=NT_0000_P_00001(__a=50, __b=35, __c=84), __c=50, __d=68), __c=33, __d=39), __c=9, __d=1))"
416.0,14,92,53,7.505025863647461,30050,"NT_0019_P_00000(__a=NT_0000_P_00000(__a=NT_0000_P_00000(__a=NT_0000_P_00000(__a=NT_0000_P_00000(__a=NT_0000_P_00000(__a=NT_0000_P_00001(__a=32, __b=96, __c=40), __b=NT_0000_P_00000(__a=NT_0000_P_00001(__a=58, __b=65, __c=94), __b=NT_0000_P_00000(__a=NT_0000_P_00000(__a=NT_0000_P_00001(__a=37, __b=81, __c=62), __b=NT_0000_P_00000(__a=NT_0000_P_00001(__a=73, __b=78, __c=60), __b=NT_0000_P_00001(__a=1, __b=73, __c=57), __c=9, __d=12), __c=27, __d=43), __b=NT_0000_P_00000(__a=NT_0000_P_00000(__a=NT_0000_P_00001(__a=9, __b=8, __c=7), __b=NT_0000_P_00001(__a=4, __b=52, __c=58), __c=95, __d=93), __b=NT_0000_P_00001(__a=35, __b=58, __c=47), __c=29, __d=75), __c=93, __d=61), __c=54, __d=95), __c=83, __d=5), __b=NT_0000_P_00000(__a=NT_0000_P_00001(__a=10, __b=57, __c=67), __b=NT_0000_P_00001(__a=78, __b=35, __c=0), __c=99, __d=77), __c=68, __d=78), __b=NT_0000_P_00000(__a=NT_0000_P_00001(__a=89, __b=55, __c=12), __b=NT_0000_P_00000(__a=NT_0000_P_00001(__a=18, __b=41, __c=31), __b=NT_0000_P_00000(__a=NT_0000_P_00001(__a=66, __b=12, __c=66), __b=NT_0000_P_00000(__a=NT_0000_P_00000(__a=NT_0000_P_00000(__a=NT_0000_P_00001(__a=83, __b=89, __c=39), __b=NT_0000_P_00000(__a=NT_0000_P_00000(__a=NT_0000_P_00001(__a=97, __b=41, __c=55), __b=NT_0000_P_00001(__a=28, __b=49, __c=80), __c=12, __d=30), __b=NT_0000_P_00000(__a=NT_0000_P_00000(__a=NT_0000_P_00001(__a=35, __b=58, __c=47), __b=NT_0000_P_00001(__a=6, __b=5, __c=3), __c=11, __d=41), __b=NT_0000_P_00001(__a=48, __b=39, __c=4), __c=5, __d=94), __c=25, __d=12), __c=73, __d=74), __b=NT_0000_P_00001(__a=52, __b=40, __c=57), __c=68, __d=66), __b=NT_0000_P_00001(__a=62, __b=99, __c=39), __c=60, __d=33), __c=2, __d=86), __c=83, __d=73), __c=8, __d=22), __c=92, __d=19), __b=NT_0000_P_00001(__a=100, __b=81, __c=15), __c=8, __d=51), __b=NT_0000_P_00000(__a=NT_0000_P_00000(__a=NT_0000_P_00000(__a=NT_0000_P_00001(__a=82, __b=26, __c=83), __b=NT_0000_P_00001(__a=79, __b=0, __c=95), __c=24, __d=30), __b=NT_0000_P_00000(__a=NT_0000_P_00000(__a=NT_0000_P_00001(__a=68, __b=4, __c=59), __b=NT_0000_P_00001(__a=75, __b=11, __c=100), __c=40, __d=95), __b=NT_0000_P_00001(__a=94, __b=76, __c=9), __c=41, __d=67), __c=77, __d=86), __b=NT_0000_P_00000(__a=NT_0000_P_00000(__a=NT_0000_P_00001(__a=75, __b=11, __c=100), __b=NT_0000_P_00000(__a=NT_0000_P_00000(__a=NT_0000_P_00001(__a=14, __b=17, __c=54), __b=NT_0000_P_00000(__a=NT_0000_P_00001(__a=6, __b=32, __c=12), __b=NT_0000_P_00000(__a=NT_0000_P_00001(__a=56, __b=11, __c=61), __b=NT_0000_P_00001(__a=86, __b=82, __c=12), __c=34, __d=10), __c=46, __d=99), __c=34, __d=82), __b=NT_0000_P_00000(__a=NT_0000_P_00000(__a=NT_0000_P_00000(__a=NT_0000_P_00000(__a=NT_0000_P_00000(__a=NT_0000_P_00001(__a=79, __b=31, __c=78), __b=NT_0000_P_00001(__a=58, __b=5, __c=18), __c=54, __d=56), __b=NT_0000_P_00001(__a=17, __b=57, __c=39), __c=86, __d=40), __b=NT_0000_P_00001(__a=56, __b=55, __c=100), __c=76, __d=64), __b=NT_0000_P_00000(__a=NT_0000_P_00000(__a=NT_0000_P_00000(__a=NT_0000_P_00001(__a=59, __b=56, __c=92), __b=NT_0000_P_00001(__a=83, __b=8, __c=55), __c=87, __d=47), __b=NT_0000_P_00001(__a=1, __b=93, __c=37), __c=4, __d=38), __b=NT_0000_P_00000(__a=NT_0000_P_00001(__a=13, __b=8, __c=86), __b=NT_0000_P_00000(__a=NT_0000_P_00000(__a=NT_0000_P_00001(__a=50, __b=35, __c=84), __b=NT_0000_P_00001(__a=74, __b=57, __c=94), __c=88, __d=36), __b=NT_0000_P_00001(__a=6, __b=24, __c=62), __c=73, __d=14), __c=42, __d=27), __c=25, __d=72), __c=24, __d=75), __b=NT_0000_P_00000(__a=NT_0000_P_00001(__a=79, __b=31, __c=78), __b=NT_0000_P_00001(__a=58, __b=5, __c=18), __c=54, __d=56), __c=92, __d=87), __c=60, __d=50), __c=11, __d=77), __b=NT_0000_P_00001(__a=50, __b=35, __c=84), __c=50, __d=68), __c=33, __d=39), __c=9, __d=1))"
414.0,14,92,54,7.680274486541748,30050,"NT_0019_P_00000(__a=NT_0000_P_00000(__a=NT_0000_P_00000(__a=NT_0000_P_00000(__a=NT_0000_P_00000(__a=NT_0000_P_00000(__a=NT_0000_P_00001(__a=32, __b=96, __c=40), __b=NT_0000_P_00000(__a=NT_0000_P_00001(__a=58, __b=65, __c=94), __b=NT_0000_P_00000(__a=NT_0000_P_00000(__a=NT_0000_P_00001(__a=37, __b=81, __c=62), __b=NT_0000_P_00000(__a=NT_0000_P_00001(__a=73, __b=78, __c=60), __b=NT_0000_P_00001(__a=1, __b=73, __c=57), __c=9, __d=12), __c=27, __d=43), __b=NT_0000_P_00000(__a=NT_0000_P_00000(__a=NT_0000_P_00001(__a=9, __b=8, __c=7), __b=NT_0000_P_00001(__a=4, __b=52, __c=58), __c=95, __d=93), __b=NT_0000_P_00001(__a=35, __b=58, __c=47), __c=29, __d=75), __c=93, __d=61), __c=54, __d=95), __c=83, __d=5), __b=NT_0000_P_00000(__a=NT_0000_P_00001(__a=10, __b=57, __c=67), __b=NT_0000_P_00001(__a=78, __b=35, __c=0), __c=99, __d=77), __c=68, __d=78), __b=NT_0000_P_00000(__a=NT_0000_P_00001(__a=89, __b=55, __c=12), __b=NT_0000_P_00000(__a=NT_0000_P_00001(__a=18, __b=41, __c=31), __b=NT_0000_P_00000(__a=NT_0000_P_00001(__a=66, __b=12, __c=66), __b=NT_0000_P_00000(__a=NT_0000_P_00000(__a=NT_0000_P_00000(__a=NT_0000_P_00001(__a=83, __b=89, __c=39), __b=NT_0000_P_00000(__a=NT_0000_P_00000(__a=NT_0000_P_00001(__a=97, __b=41, __c=55), __b=NT_0000_P_00001(__a=28, __b=49, __c=80), __c=12, __d=30), __b=NT_0000_P_00000(__a=NT_0000_P_00000(__a=NT_0000_P_00001(__a=35, __b=58, __c=47), __b=NT_0000_P_00001(__a=6, __b=5, __c=3), __c=11, __d=41), __b=NT_0000_P_00001(__a=48, __b=39, __c=4), __c=5, __d=94), __c=25, __d=12), __c=73, __d=74), __b=NT_0000_P_00001(__a=52, __b=40, __c=57), __c=68, __d=66), __b=NT_0000_P_00001(__a=62, __b=99, __c=39), __c=60, __d=33), __c=2, __d=86), __c=83, __d=73), __c=8, __d=22), __c=92, __d=19), __b=NT_0000_P_00001(__a=100, __b=81, __c=15), __c=8, __d=51), __b=NT_0000_P_00000(__a=NT_0000_P_00000(__a=NT_0000_P_00000(__a=NT_0000_P_00001(__a=82, __b=26, __c=83), __b=NT_0000_P_00001(__a=79, __b=0, __c=95), __c=24, __d=30), __b=NT_0000_P_00000(__a=NT_0000_P_00000(__a=NT_0000_P_00001(__a=68, __b=4, __c=59), __b=NT_0000_P_00001(__a=75, __b=11, __c=100), __c=40, __d=95), __b=NT_0000_P_00001(__a=94, __b=76, __c=9), __c=41, __d=67), __c=77, __d=86), __b=NT_0000_P_00000(__a=NT_0000_P_00000(__a=NT_0000_P_00001(__a=75, __b=11, __c=100), __b=NT_0000_P_00000(__a=NT_0000_P_00000(__a=NT_0000_P_00001(__a=14, __b=17, __c=54), __b=NT_0000_P_00000(__a=NT_0000_P_00001(__a=6, __b=32, __c=12), __b=NT_0000_P_00000(__a=NT_0000_P_00001(__a=56, __b=11, __c=61), __b=NT_0000_P_00001(__a=86, __b=82, __c=12), __c=34, __d=10), __c=46, __d=99), __c=34, __d=82), __b=NT_0000_P_00000(__a=NT_0000_P_00000(__a=NT_0000_P_00000(__a=NT_0000_P_00000(__a=NT_0000_P_00000(__a=NT_0000_P_00001(__a=79, __b=31, __c=78), __b=NT_0000_P_00001(__a=58, __b=5, __c=18), __c=54, __d=56), __b=NT_0000_P_00001(__a=17, __b=57, __c=39), __c=86, __d=40), __b=NT_0000_P_00001(__a=56, __b=55, __c=100), __c=76, __d=64), __b=NT_0000_P_00000(__a=NT_0000_P_00000(__a=NT_0000_P_00000(__a=NT_0000_P_00001(__a=59, __b=56, __c=92), __b=NT_0000_P_00001(__a=83, __b=8, __c=55), __c=87, __d=47), __b=NT_0000_P_00001(__a=1, __b=93, __c=37), __c=4, __d=38), __b=NT_0000_P_00000(__a=NT_0000_P_00001(__a=13, __b=8, __c=86), __b=NT_0000_P_00000(__a=NT_0000_P_00000(__a=NT_0000_P_00001(__a=50, __b=35, __c=84), __b=NT_0000_P_00001(__a=74, __b=57, __c=94), __c=88, __d=36), __b=NT_0000_P_00001(__a=6, __b=24, __c=62), __c=73, __d=14), __c=42, __d=27), __c=25, __d=72), __c=24, __d=75), __b=NT_0000_P_00000(__a=NT_0000_P_00001(__a=75, __b=11, __c=100), __b=NT_0000_P_00001(__a=58, __b=5, __c=18), __c=54, __d=56), __c=92, __d=87), __c=60, __d=50), __c=11, __d=77), __b=NT_0000_P_00001(__a=50, __b=35, __c=84), __c=50, __d=68), __c=33, __d=39), __c=9, __d=1))"
414.0,14,92,55,7.764744758605957,30050,"NT_0019_P_00000(__a=NT_0000_P_00000(__a=NT_0000_P_00000(__a=NT_0000_P_00000(__a=NT_0000_P_00000(__a=NT_0000_P_00000(__a=NT_0000_P_00001(__a=32, __b=96, __c=40), __b=NT_0000_P_00000(__a=NT_0000_P_00001(__a=58, __b=65, __c=94), __b=NT_0000_P_00000(__a=NT_0000_P_00000(__a=NT_0000_P_00001(__a=37, __b=81, __c=62), __b=NT_0000_P_00000(__a=NT_0000_P_00001(__a=73, __b=78, __c=60), __b=NT_0000_P_00001(__a=1, __b=73, __c=57), __c=9, __d=12), __c=27, __d=43), __b=NT_0000_P_00000(__a=NT_0000_P_00000(__a=NT_0000_P_00001(__a=9, __b=8, __c=7), __b=NT_0000_P_00001(__a=4, __b=52, __c=58), __c=95, __d=93), __b=NT_0000_P_00001(__a=35, __b=58, __c=47), __c=29, __d=75), __c=93, __d=61), __c=54, __d=95), __c=83, __d=5), __b=NT_0000_P_00000(__a=NT_0000_P_00001(__a=10, __b=57, __c=67), __b=NT_0000_P_00001(__a=78, __b=35, __c=0), __c=99, __d=77), __c=68, __d=78), __b=NT_0000_P_00000(__a=NT_0000_P_00001(__a=89, __b=55, __c=12), __b=NT_0000_P_00000(__a=NT_0000_P_00001(__a=18, __b=41, __c=31), __b=NT_0000_P_00000(__a=NT_0000_P_00001(__a=66, __b=12, __c=66), __b=NT_0000_P_00000(__a=NT_0000_P_00000(__a=NT_0000_P_00000(__a=NT_0000_P_00001(__a=83, __b=89, __c=39), __b=NT_0000_P_00000(__a=NT_0000_P_00000(__a=NT_0000_P_00001(__a=97, __b=41, __c=55), __b=NT_0000_P_00001(__a=28, __b=49, __c=80), __c=12, __d=30), __b=NT_0000_P_00000(__a=NT_0000_P_00000(__a=NT_0000_P_00001(__a=35, __b=58, __c=47), __b=NT_0000_P_00001(__a=6, __b=5, __c=3), __c=11, __d=41), __b=NT_0000_P_00001(__a=48, __b=39, __c=4), __c=5, __d=94), __c=25, __d=12), __c=73, __d=74), __b=NT_0000_P_00001(__a=52, __b=40, __c=57), __c=68, __d=66), __b=NT_0000_P_00001(__a=62, __b=99, __c=39), __c=60, __d=33), __c=2, __d=86), __c=83, __d=73), __c=8, __d=22), __c=92, __d=19), __b=NT_0000_P_00001(__a=100, __b=81, __c=15), __c=8, __d=51), __b=NT_0000_P_00000(__a=NT_0000_P_00000(__a=NT_0000_P_00000(__a=NT_0000_P_00001(__a=82, __b=26, __c=83), __b=NT_0000_P_00001(__a=79, __b=0, __c=95), __c=24, __d=30), __b=NT_0000_P_00000(__a=NT_0000_P_00000(__a=NT_0000_P_00001(__a=68, __b=4, __c=59), __b=NT_0000_P_00001(__a=75, __b=11, __c=100), __c=40, __d=95), __b=NT_0000_P_00001(__a=94, __b=76, __c=9), __c=41, __d=67), __c=77, __d=86), __b=NT_0000_P_00000(__a=NT_0000_P_00000(__a=NT_0000_P_00001(__a=75, __b=11, __c=100), __b=NT_0000_P_00000(__a=NT_0000_P_00000(__a=NT_0000_P_00001(__a=14, __b=17, __c=54), __b=NT_0000_P_00000(__a=NT_0000_P_00001(__a=6, __b=32, __c=12), __b=NT_0000_P_00000(__a=NT_0000_P_00001(__a=56, __b=11, __c=61), __b=NT_0000_P_00001(__a=86, __b=82, __c=12), __c=34, __d=10), __c=46, __d=99), __c=34, __d=82), __b=NT_0000_P_00000(__a=NT_0000_P_00000(__a=NT_0000_P_00000(__a=NT_0000_P_00000(__a=NT_0000_P_00000(__a=NT_0000_P_00001(__a=79, __b=31, __c=78), __b=NT_0000_P_00001(__a=58, __b=5, __c=18), __c=54, __d=56), __b=NT_0000_P_00001(__a=17, __b=57, __c=39), __c=86, __d=40), __b=NT_0000_P_00001(__a=56, __b=55, __c=100), __c=76, __d=64), __b=NT_0000_P_00000(__a=NT_0000_P_00000(__a=NT_0000_P_00000(__a=NT_0000_P_00001(__a=59, __b=56, __c=92), __b=NT_0000_P_00001(__a=83, __b=8, __c=55), __c=87, __d=47), __b=NT_0000_P_00001(__a=1, __b=93, __c=37), __c=4, __d=38), __b=NT_0000_P_00000(__a=NT_0000_P_00001(__a=13, __b=8, __c=86), __b=NT_0000_P_00000(__a=NT_0000_P_00000(__a=NT_0000_P_00001(__a=50, __b=35, __c=84), __b=NT_0000_P_00001(__a=74, __b=57, __c=94), __c=88, __d=36), __b=NT_0000_P_00001(__a=6, __b=24, __c=62), __c=73, __d=14), __c=42, __d=27), __c=25, __d=72), __c=24, __d=75), __b=NT_0000_P_00000(__a=NT_0000_P_00001(__a=75, __b=11, __c=100), __b=NT_0000_P_00001(__a=58, __b=5, __c=18), __c=54, __d=56), __c=92, __d=87), __c=60, __d=50), __c=11, __d=77), __b=NT_0000_P_00001(__a=50, __b=35, __c=84), __c=50, __d=68), __c=33, __d=39), __c=9, __d=1))"
405.0,14,92,56,7.845015287399292,30050,"NT_0019_P_00000(__a=NT_0000_P_00000(__a=NT_0000_P_00000(__a=NT_0000_P_00000(__a=NT_0000_P_00000(__a=NT_0000_P_00000(__a=NT_0000_P_00001(__a=32, __b=96, __c=40), __b=NT_0000_P_00000(__a=NT_0000_P_00001(__a=58, __b=65, __c=94), __b=NT_0000_P_00000(__a=NT_0000_P_00000(__a=NT_0000_P_00001(__a=37, __b=81, __c=62), __b=NT_0000_P_00000(__a=NT_0000_P_00001(__a=73, __b=78, __c=60), __b=NT_0000_P_00001(__a=1, __b=73, __c=57), __c=9, __d=12), __c=27, __d=43), __b=NT_0000_P_00000(__a=NT_0000_P_00000(__a=NT_0000_P_00001(__a=9, __b=8, __c=7), __b=NT_0000_P_00001(__a=4, __b=52, __c=58), __c=95, __d=93), __b=NT_0000_P_00001(__a=35, __b=58, __c=47), __c=29, __d=75), __c=93, __d=61), __c=54, __d=95), __c=83, __d=5), __b=NT_0000_P_00000(__a=NT_0000_P_00001(__a=10, __b=57, __c=67), __b=NT_0000_P_00001(__a=78, __b=35, __c=0), __c=99, __d=77), __c=68, __d=78), __b=NT_0000_P_00000(__a=NT_0000_P_00001(__a=89, __b=55, __c=12), __b=NT_0000_P_00000(__a=NT_0000_P_00001(__a=18, __b=41, __c=31), __b=NT_0000_P_00000(__a=NT_0000_P_00001(__a=66, __b=12, __c=66), __b=NT_0000_P_00000(__a=NT_0000_P_00000(__a=NT_0000_P_00000(__a=NT_0000_P_00001(__a=83, __b=89, __c=39), __b=NT_0000_P_00000(__a=NT_0000_P_00001(__a=100, __b=81, __c=15), __b=NT_0000_P_00000(__a=NT_0000_P_00000(__a=NT_0000_P_00001(__a=35, __b=58, __c=47), __b=NT_0000_P_00001(__a=6, __b=5, __c=3), __c=11, __d=41), __b=NT_0000_P_00001(__a=48, __b=39, __c=4), __c=5, __d=94), __c=25, __d=12), __c=73, __d=74), __b=NT_0000_P_00001(__a=52, __b=40, __c=57), __c=68, __d=66), __b=NT_0000_P_00001(__a=62, __b=99, __c=39), __c=60, __d=33), __c=2, __d=86), __c=83, __d=73), __c=8, __d=22), __c=92, __d=19), __b=NT_0000_P_00001(__a=100, __b=81, __c=15), __c=8, __d=51), __b=NT_0000_P_00000(__a=NT_0000_P_00000(__a=NT_0000_P_00000(__a=NT_0000_P_00001(__a=82, __b=26, __c=83), __b=NT_0000_P_00001(__a=79, __b=0, __c=95), __c=24, __d=30), __b=NT_0000_P_00000(__a=NT_0000_P_00000(__a=NT_0000_P_00001(__a=68, __b=4, __c=59), __b=NT_0000_P_00001(__a=75, __b=11, __c=100), __c=40, __d=95), __b=NT_0000_P_00001(__a=94, __b=76, __c=9), __c=41, __d=67), __c=77, __d=86), __b=NT_0000_P_00000(__a=NT_0000_P_00000(__a=NT_0000_P_00001(__a=75, __b=11, __c=100), __b=NT_0000_P_00000(__a=NT_0000_P_00000(__a=NT_0000_P_00001(__a=14, __b=17, __c=54), __b=NT_0000_P_00000(__a=NT_0000_P_00001(__a=6, __b=32, __c=12), __b=NT_0000_P_00000(__a=NT_0000_P_00001(__a=56, __b=11, __c=61), __b=NT_0000_P_00001(__a=86, __b=82, __c=12), __c=34, __d=10), __c=46, __d=99), __c=34, __d=82), __b=NT_0000_P_00000(__a=NT_0000_P_00000(__a=NT_0000_P_00000(__a=NT_0000_P_00000(__a=NT_0000_P_00000(__a=NT_0000_P_00001(__a=79, __b=31, __c=78), __b=NT_0000_P_00001(__a=58, __b=5, __c=18), __c=54, __d=56), __b=NT_0000_P_00001(__a=17, __b=57, __c=39), __c=86, __d=40), __b=NT_0000_P_00001(__a=56, __b=55, __c=100), __c=76, __d=64), __b=NT_0000_P_00000(__a=NT_0000_P_00000(__a=NT_0000_P_00000(__a=NT_0000_P_00000(__a=NT_0000_P_00001(__a=19, __b=7, __c=46), __b=NT_0000_P_00001(__a=65, __b=17, __c=68), __c=1, __d=33), __b=NT_0000_P_00001(__a=83, __b=8, __c=55), __c=87, __d=47), __b=NT_0000_P_00001(__a=1, __b=93, __c=37), __c=4, __d=38), __b=NT_0000_P_00000(__a=NT_0000_P_00001(__a=13, __b=8, __c=86), __b=NT_0000_P_00000(__a=NT_0000_P_00000(__a=NT_0000_P_00001(__a=50, __b=35, __c=84), __b=NT_0000_P_00001(__a=74, __b=57, __c=94), __c=88, __d=36), __b=NT_0000_P_00001(__a=6, __b=24, __c=62), __c=73, __d=14), __c=42, __d=27), __c=25, __d=72), __c=24, __d=75), __b=NT_0000_P_00000(__a=NT_0000_P_00001(__a=75, __b=11, __c=100), __b=NT_0000_P_00001(__a=58, __b=5, __c=18), __c=54, __d=56), __c=92, __d=87), __c=60, __d=50), __c=11, __d=77), __b=NT_0000_P_00001(__a=50, __b=35, __c=84), __c=50, __d=68), __c=33, __d=39), __c=9, __d=1))"
405.0,14,92,57,7.952826499938965,30050,"NT_0019_P_00000(__a=NT_0000_P_00000(__a=NT_0000_P_00000(__a=NT_0000_P_00000(__a=NT_0000_P_00000(__a=NT_0000_P_00000(__a=NT_0000_P_00001(__a=32, __b=96, __c=40), __b=NT_0000_P_00000(__a=NT_0000_P_00001(__a=58, __b=65, __c=94), __b=NT_0000_P_00000(__a=NT_0000_P_00000(__a=NT_0000_P_00001(__a=37, __b=81, __c=62), __b=NT_0000_P_00000(__a=NT_0000_P_00001(__a=73, __b=78, __c=60), __b=NT_0000_P_00001(__a=1, __b=73, __c=57), __c=9, __d=12), __c=27, __d=43), __b=NT_0000_P_00000(__a=NT_0000_P_00000(__a=NT_0000_P_00001(__a=9, __b=8, __c=7), __b=NT_0000_P_00001(__a=4, __b=52, __c=58), __c=95, __d=93), __b=NT_0000_P_00001(__a=35, __b=58, __c=47), __c=29, __d=75), __c=93, __d=61), __c=54, __d=95), __c=83, __d=5), __b=NT_0000_P_00000(__a=NT_0000_P_00001(__a=10, __b=57, __c=67), __b=NT_0000_P_00001(__a=78, __b=35, __c=0), __c=99, __d=77), __c=68, __d=78), __b=NT_0000_P_00000(__a=NT_0000_P_00001(__a=89, __b=55, __c=12), __b=NT_0000_P_00000(__a=NT_0000_P_00001(__a=18, __b=41, __c=31), __b=NT_0000_P_00000(__a=NT_0000_P_00001(__a=66, __b=12, __c=66), __b=NT_0000_P_00000(__a=NT_0000_P_00000(__a=NT_0000_P_00000(__a=NT_0000_P_00001(__a=83, __b=89, __c=39), __b=NT_0000_P_00000(__a=NT_0000_P_00001(__a=100, __b=81, __c=15), __b=NT_0000_P_00000(__a=NT_0000_P_00000(__a=NT_0000_P_00001(__a=35, __b=58, __c=47), __b=NT_0000_P_00001(__a=6, __b=5, __c=3), __c=11, __d=41), __b=NT_0000_P_00001(__a=48, __b=39, __c=4), __c=5, __d=94), __c=25, __d=12), __c=73, __d=74), __b=NT_0000_P_00001(__a=52, __b=40, __c=57), __c=68, __d=66), __b=NT_0000_P_00001(__a=62, __b=99, __c=39), __c=60, __d=33), __c=2, __d=86), __c=83, __d=73), __c=8, __d=22), __c=92, __d=19), __b=NT_0000_P_00001(__a=100, __b=81, __c=15), __c=8, __d=51), __b=NT_0000_P_00000(__a=NT_0000_P_00000(__a=NT_0000_P_00000(__a=NT_0000_P_00001(__a=82, __b=26, __c=83), __b=NT_0000_P_00001(__a=79, __b=0, __c=95), __c=24, __d=30), __b=NT_0000_P_00000(__a=NT_0000_P_00000(__a=NT_0000_P_00001(__a=68, __b=4, __c=59), __b=NT_0000_P_00001(__a=75, __b=11, __c=100), __c=40, __d=95), __b=NT_0000_P_00001(__a=94, __b=76, __c=9), __c=41, __d=67), __c=77, __d=86), __b=NT_0000_P_00000(__a=NT_0000_P_00000(__a=NT_0000_P_00001(__a=75, __b=11, __c=100), __b=NT_0000_P_00000(__a=NT_0000_P_00000(__a=NT_0000_P_00001(__a=14, __b=17, __c=54), __b=NT_0000_P_00000(__a=NT_0000_P_00001(__a=6, __b=32, __c=12), __b=NT_0000_P_00000(__a=NT_0000_P_00001(__a=56, __b=11, __c=61), __b=NT_0000_P_00001(__a=86, __b=82, __c=12), __c=34, __d=10), __c=46, __d=99), __c=34, __d=82), __b=NT_0000_P_00000(__a=NT_0000_P_00000(__a=NT_0000_P_00000(__a=NT_0000_P_00000(__a=NT_0000_P_00000(__a=NT_0000_P_00001(__a=79, __b=31, __c=78), __b=NT_0000_P_00001(__a=58, __b=5, __c=18), __c=54, __d=56), __b=NT_0000_P_00001(__a=17, __b=57, __c=39), __c=86, __d=40), __b=NT_0000_P_00001(__a=56, __b=55, __c=100), __c=76, __d=64), __b=NT_0000_P_00000(__a=NT_0000_P_00000(__a=NT_0000_P_00000(__a=NT_0000_P_00000(__a=NT_0000_P_00001(__a=19, __b=7, __c=46), __b=NT_0000_P_00001(__a=65, __b=17, __c=68), __c=1, __d=33), __b=NT_0000_P_00001(__a=83, __b=8, __c=55), __c=87, __d=47), __b=NT_0000_P_00001(__a=1, __b=93, __c=37), __c=4, __d=38), __b=NT_0000_P_00000(__a=NT_0000_P_00001(__a=13, __b=8, __c=86), __b=NT_0000_P_00000(__a=NT_0000_P_00000(__a=NT_0000_P_00001(__a=50, __b=35, __c=84), __b=NT_0000_P_00001(__a=74, __b=57, __c=94), __c=88, __d=36), __b=NT_0000_P_00001(__a=6, __b=24, __c=62), __c=73, __d=14), __c=42, __d=27), __c=25, __d=72), __c=24, __d=75), __b=NT_0000_P_00000(__a=NT_0000_P_00001(__a=75, __b=11, __c=100), __b=NT_0000_P_00001(__a=58, __b=5, __c=18), __c=54, __d=56), __c=92, __d=87), __c=60, __d=50), __c=11, __d=77), __b=NT_0000_P_00001(__a=50, __b=35, __c=84), __c=50, __d=68), __c=33, __d=39), __c=9, __d=1))"
405.0,14,92,58,8.0204598903656,30050,"NT_0019_P_00000(__a=NT_0000_P_00000(__a=NT_0000_P_00000(__a=NT_0000_P_00000(__a=NT_0000_P_00000(__a=NT_0000_P_00000(__a=NT_0000_P_00001(__a=32, __b=96, __c=40), __b=NT_0000_P_00000(__a=NT_0000_P_00001(__a=58, __b=65, __c=94), __b=NT_0000_P_00000(__a=NT_0000_P_00000(__a=NT_0000_P_00001(__a=37, __b=81, __c=62), __b=NT_0000_P_00000(__a=NT_0000_P_00001(__a=73, __b=78, __c=60), __b=NT_0000_P_00001(__a=1, __b=73, __c=57), __c=9, __d=12), __c=27, __d=43), __b=NT_0000_P_00000(__a=NT_0000_P_00000(__a=NT_0000_P_00001(__a=9, __b=8, __c=7), __b=NT_0000_P_00001(__a=4, __b=52, __c=58), __c=95, __d=93), __b=NT_0000_P_00001(__a=35, __b=58, __c=47), __c=29, __d=75), __c=93, __d=61), __c=54, __d=95), __c=83, __d=5), __b=NT_0000_P_00000(__a=NT_0000_P_00001(__a=10, __b=57, __c=67), __b=NT_0000_P_00001(__a=78, __b=35, __c=0), __c=99, __d=77), __c=68, __d=78), __b=NT_0000_P_00000(__a=NT_0000_P_00001(__a=89, __b=55, __c=12), __b=NT_0000_P_00000(__a=NT_0000_P_00001(__a=18, __b=41, __c=31), __b=NT_0000_P_00000(__a=NT_0000_P_00001(__a=66, __b=12, __c=66), __b=NT_0000_P_00000(__a=NT_0000_P_00000(__a=NT_0000_P_00000(__a=NT_0000_P_00001(__a=83, __b=89, __c=39), __b=NT_0000_P_00000(__a=NT_0000_P_00001(__a=100, __b=81, __c=15), __b=NT_0000_P_00000(__a=NT_0000_P_00000(__a=NT_0000_P_00001(__a=35, __b=58, __c=47), __b=NT_0000_P_00001(__a=6, __b=5, __c=3), __c=11, __d=41), __b=NT_0000_P_00001(__a=48, __b=39, __c=4), __c=5, __d=94), __c=25, __d=12), __c=73, __d=74), __b=NT_0000_P_00001(__a=52, __b=40, __c=57), __c=68, __d=66), __b=NT_0000_P_00001(__a=62, __b=99, __c=39), __c=60, __d=33), __c=2, __d=86), __c=83, __d=73), __c=8, __d=22), __c=92, __d=19), __b=NT_0000_P_00001(__a=100, __b=81, __c=15), __c=8, __d=51), __b=NT_0000_P_00000(__a=NT_0000_P_00000(__a=NT_0000_P_00000(__a=NT_0000_P_00001(__a=82, __b=26, __c=83), __b=NT_0000_P_00001(__a=79, __b=0, __c=95), __c=24, __d=30), __b=NT_0000_P_00000(__a=NT_0000_P_00000(__a=NT_0000_P_00001(__a=68, __b=4, __c=59), __b=NT_0000_P_00001(__a=75, __b=11, __c=100), __c=40, __d=95), __b=NT_0000_P_00001(__a=94, __b=76, __c=9), __c=41, __d=67), __c=77, __d=86), __b=NT_0000_P_00000(__a=NT_0000_P_00000(__a=NT_0000_P_00001(__a=75, __b=11, __c=100), __b=NT_0000_P_00000(__a=NT_0000_P_00000(__a=NT_0000_P_00001(__a=14, __b=17, __c=54), __b=NT_0000_P_00000(__a=NT_0000_P_00001(__a=6, __b=32, __c=12), __b=NT_0000_P_00000(__a=NT_0000_P_00001(__a=56, __b=11, __c=61), __b=NT_0000_P_00001(__a=86, __b=82, __c=12), __c=34, __d=10), __c=46, __d=99), __c=34, __d=82), __b=NT_0000_P_00000(__a=NT_0000_P_00000(__a=NT_0000_P_00000(__a=NT_0000_P_00000(__a=NT_0000_P_00000(__a=NT_0000_P_00001(__a=79, __b=31, __c=78), __b=NT_0000_P_00001(__a=58, __b=5, __c=18), __c=54, __d=56), __b=NT_0000_P_00001(__a=17, __b=57, __c=39), __c=86, __d=40), __b=NT_0000_P_00001(__a=56, __b=55, __c=100), __c=76, __d=64), __b=NT_0000_P_00000(__a=NT_0000_P_00000(__a=NT_0000_P_00000(__a=NT_0000_P_00000(__a=NT_0000_P_00001(__a=19, __b=7, __c=46), __b=NT_0000_P_00001(__a=65, __b=17, __c=68), __c=1, __d=33), __b=NT_0000_P_00001(__a=83, __b=8, __c=55), __c=87, __d=47), __b=NT_0000_P_00001(__a=1, __b=93, __c=37), __c=4, __d=38), __b=NT_0000_P_00000(__a=NT_0000_P_00001(__a=13, __b=8, __c=86), __b=NT_0000_P_00000(__a=NT_0000_P_00000(__a=NT_0000_P_00001(__a=50, __b=35, __c=84), __b=NT_0000_P_00001(__a=74, __b=57, __c=94), __c=88, __d=36), __b=NT_0000_P_00001(__a=6, __b=24, __c=62), __c=73, __d=14), __c=42, __d=27), __c=25, __d=72), __c=24, __d=75), __b=NT_0000_P_00000(__a=NT_0000_P_00001(__a=75, __b=11, __c=100), __b=NT_0000_P_00001(__a=58, __b=5, __c=18), __c=54, __d=56), __c=92, __d=87), __c=60, __d=50), __c=11, __d=77), __b=NT_0000_P_00001(__a=50, __b=35, __c=84), __c=50, __d=68), __c=33, __d=39), __c=9, __d=1))"
405.0,14,92,59,8.0840322971344,30050,"NT_0019_P_00000(__a=NT_0000_P_00000(__a=NT_0000_P_00000(__a=NT_0000_P_00000(__a=NT_0000_P_00000(__a=NT_0000_P_00000(__a=NT_0000_P_00001(__a=32, __b=96, __c=40), __b=NT_0000_P_00000(__a=NT_0000_P_00001(__a=58, __b=65, __c=94), __b=NT_0000_P_00000(__a=NT_0000_P_00000(__a=NT_0000_P_00001(__a=37, __b=81, __c=62), __b=NT_0000_P_00000(__a=NT_0000_P_00001(__a=73, __b=78, __c=60), __b=NT_0000_P_00001(__a=1, __b=73, __c=57), __c=9, __d=12), __c=27, __d=43), __b=NT_0000_P_00000(__a=NT_0000_P_00000(__a=NT_0000_P_00001(__a=9, __b=8, __c=7), __b=NT_0000_P_00001(__a=4, __b=52, __c=58), __c=95, __d=93), __b=NT_0000_P_00001(__a=35, __b=58, __c=47), __c=29, __d=75), __c=93, __d=61), __c=54, __d=95), __c=83, __d=5), __b=NT_0000_P_00000(__a=NT_0000_P_00001(__a=10, __b=57, __c=67), __b=NT_0000_P_00001(__a=78, __b=35, __c=0), __c=99, __d=77), __c=68, __d=78), __b=NT_0000_P_00000(__a=NT_0000_P_00001(__a=89, __b=55, __c=12), __b=NT_0000_P_00000(__a=NT_0000_P_00001(__a=18, __b=41, __c=31), __b=NT_0000_P_00000(__a=NT_0000_P_00001(__a=66, __b=12, __c=66), __b=NT_0000_P_00000(__a=NT_0000_P_00000(__a=NT_0000_P_00000(__a=NT_0000_P_00001(__a=83, __b=89, __c=39), __b=NT_0000_P_00000(__a=NT_0000_P_00001(__a=100, __b=81, __c=15), __b=NT_0000_P_00000(__a=NT_0000_P_00000(__a=NT_0000_P_00001(__a=35, __b=58, __c=47), __b=NT_0000_P_00001(__a=6, __b=5, __c=3), __c=11, __d=41), __b=NT_0000_P_00001(__a=48, __b=39, __c=4), __c=5, __d=94), __c=25, __d=12), __c=73, __d=74), __b=NT_0000_P_00001(__a=52, __b=40, __c=57), __c=68, __d=66), __b=NT_0000_P_00001(__a=62, __b=99, __c=39), __c=60, __d=33), __c=2, __d=86), __c=83, __d=73), __c=8, __d=22), __c=92, __d=19), __b=NT_0000_P_00001(__a=100, __b=81, __c=15), __c=8, __d=51), __b=NT_0000_P_00000(__a=NT_0000_P_00000(__a=NT_0000_P_00000(__a=NT_0000_P_00001(__a=82, __b=26, __c=83), __b=NT_0000_P_00001(__a=79, __b=0, __c=95), __c=24, __d=30), __b=NT_0000_P_00000(__a=NT_0000_P_00000(__a=NT_0000_P_00001(__a=68, __b=4, __c=59), __b=NT_0000_P_00001(__a=75, __b=11, __c=100), __c=40, __d=95), __b=NT_0000_P_00001(__a=94, __b=76, __c=9), __c=41, __d=67), __c=77, __d=86), __b=NT_0000_P_00000(__a=NT_0000_P_00000(__a=NT_0000_P_00001(__a=75, __b=11, __c=100), __b=NT_0000_P_00000(__a=NT_0000_P_00000(__a=NT_0000_P_00001(__a=14, __b=17, __c=54), __b=NT_0000_P_00000(__a=NT_0000_P_00001(__a=6, __b=32, __c=12), __b=NT_0000_P_00000(__a=NT_0000_P_00001(__a=56, __b=11, __c=61), __b=NT_0000_P_00001(__a=86, __b=82, __c=12), __c=34, __d=10), __c=46, __d=99), __c=34, __d=82), __b=NT_0000_P_00000(__a=NT_0000_P_00000(__a=NT_0000_P_00000(__a=NT_0000_P_00000(__a=NT_0000_P_00000(__a=NT_0000_P_00001(__a=79, __b=31, __c=78), __b=NT_0000_P_00001(__a=58, __b=5, __c=18), __c=54, __d=56), __b=NT_0000_P_00001(__a=17, __b=57, __c=39), __c=86, __d=40), __b=NT_0000_P_00001(__a=56, __b=55, __c=100), __c=76, __d=64), __b=NT_0000_P_00000(__a=NT_0000_P_00000(__a=NT_0000_P_00000(__a=NT_0000_P_00000(__a=NT_0000_P_00001(__a=19, __b=7, __c=46), __b=NT_0000_P_00001(__a=65, __b=17, __c=68), __c=1, __d=33), __b=NT_0000_P_00001(__a=83, __b=8, __c=55), __c=87, __d=47), __b=NT_0000_P_00001(__a=1, __b=93, __c=37), __c=4, __d=38), __b=NT_0000_P_00000(__a=NT_0000_P_00001(__a=13, __b=8, __c=86), __b=NT_0000_P_00000(__a=NT_0000_P_00000(__a=NT_0000_P_00001(__a=50, __b=35, __c=84), __b=NT_0000_P_00001(__a=74, __b=57, __c=94), __c=88, __d=36), __b=NT_0000_P_00001(__a=6, __b=24, __c=62), __c=73, __d=14), __c=42, __d=27), __c=25, __d=72), __c=24, __d=75), __b=NT_0000_P_00000(__a=NT_0000_P_00001(__a=75, __b=11, __c=100), __b=NT_0000_P_00001(__a=58, __b=5, __c=18), __c=54, __d=56), __c=92, __d=87), __c=60, __d=50), __c=11, __d=77), __b=NT_0000_P_00001(__a=50, __b=35, __c=84), __c=50, __d=68), __c=33, __d=39), __c=9, __d=1))"
393.0,14,92,60,8.137628555297852,30050,"NT_0019_P_00000(__a=NT_0000_P_00000(__a=NT_0000_P_00000(__a=NT_0000_P_00000(__a=NT_0000_P_00000(__a=NT_0000_P_00000(__a=NT_0000_P_00001(__a=32, __b=96, __c=40), __b=NT_0000_P_00000(__a=NT_0000_P_00001(__a=58, __b=65, __c=94), __b=NT_0000_P_00000(__a=NT_0000_P_00000(__a=NT_0000_P_00001(__a=37, __b=81, __c=62), __b=NT_0000_P_00000(__a=NT_0000_P_00001(__a=73, __b=78, __c=60), __b=NT_0000_P_00001(__a=1, __b=73, __c=57), __c=9, __d=12), __c=27, __d=43), __b=NT_0000_P_00000(__a=NT_0000_P_00000(__a=NT_0000_P_00001(__a=9, __b=8, __c=7), __b=NT_0000_P_00001(__a=4, __b=52, __c=58), __c=95, __d=93), __b=NT_0000_P_00001(__a=35, __b=58, __c=47), __c=29, __d=75), __c=93, __d=61), __c=54, __d=95), __c=83, __d=5), __b=NT_0000_P_00000(__a=NT_0000_P_00001(__a=10, __b=57, __c=67), __b=NT_0000_P_00001(__a=78, __b=35, __c=0), __c=99, __d=77), __c=68, __d=78), __b=NT_0000_P_00000(__a=NT_0000_P_00001(__a=89, __b=55, __c=12), __b=NT_0000_P_00000(__a=NT_0000_P_00001(__a=18, __b=41, __c=31), __b=NT_0000_P_00000(__a=NT_0000_P_00001(__a=66, __b=12, __c=66), __b=NT_0000_P_00000(__a=NT_0000_P_00000(__a=NT_0000_P_00000(__a=NT_0000_P_00001(__a=83, __b=89, __c=39), __b=NT_0000_P_00000(__a=NT_0000_P_00001(__a=100, __b=81, __c=15), __b=NT_0000_P_00000(__a=NT_0000_P_00000(__a=NT_0000_P_00001(__a=35, __b=58, __c=47), __b=NT_0000_P_00001(__a=6, __b=5, __c=3), __c=11, __d=41), __b=NT_0000_P_00001(__a=48, __b=39, __c=4), __c=5, __d=94), __c=25, __d=12), __c=73, __d=74), __b=NT_0000_P_00001(__a=52, __b=40, __c=57), __c=68, __d=66), __b=NT_0000_P_00001(__a=62, __b=99, __c=39), __c=60, __d=33), __c=2, __d=86), __c=83, __d=73), __c=8, __d=22), __c=92, __d=19), __b=NT_0000_P_00001(__a=100, __b=81, __c=15), __c=8, __d=51), __b=NT_0000_P_00000(__a=NT_0000_P_00000(__a=NT_0000_P_00000(__a=NT_0000_P_00001(__a=82, __b=26, __c=83), __b=NT_0000_P_00001(__a=79, __b=0, __c=95), __c=24, __d=30), __b=NT_0000_P_00000(__a=NT_0000_P_00000(__a=NT_0000_P_00001(__a=68, __b=4, __c=59), __b=NT_0000_P_00001(__a=75, __b=11, __c=100), __c=40, __d=95), __b=NT_0000_P_00001(__a=94, __b=76, __c=9), __c=41, __d=67), __c=77, __d=86), __b=NT_0000_P_00000(__a=NT_0000_P_00000(__a=NT_0000_P_00001(__a=75, __b=11, __c=100), __b=NT_0000_P_00000(__a=NT_0000_P_00000(__a=NT_0000_P_00001(__a=14, __b=17, __c=54), __b=NT_0000_P_00000(__a=NT_0000_P_00001(__a=6, __b=32, __c=12), __b=NT_0000_P_00000(__a=NT_0000_P_00001(__a=56, __b=11, __c=61), __b=NT_0000_P_00001(__a=86, __b=82, __c=12), __c=34, __d=10), __c=46, __d=99), __c=34, __d=82), __b=NT_0000_P_00000(__a=NT_0000_P_00000(__a=NT_0000_P_00000(__a=NT_0000_P_00000(__a=NT_0000_P_00000(__a=NT_0000_P_00001(__a=79, __b=31, __c=78), __b=NT_0000_P_00001(__a=58, __b=5, __c=18), __c=54, __d=56), __b=NT_0000_P_00001(__a=17, __b=57, __c=39), __c=86, __d=40), __b=NT_0000_P_00001(__a=56, __b=55, __c=100), __c=76, __d=64), __b=NT_0000_P_00000(__a=NT_0000_P_00000(__a=NT_0000_P_00000(__a=NT_0000_P_00000(__a=NT_0000_P_00001(__a=32, __b=96, __c=40), __b=NT_0000_P_00001(__a=65, __b=17, __c=68), __c=1, __d=33), __b=NT_0000_P_00001(__a=83, __b=8, __c=55), __c=87, __d=47), __b=NT_0000_P_00001(__a=1, __b=93, __c=37), __c=4, __d=38), __b=NT_0000_P_00000(__a=NT_0000_P_00001(__a=13, __b=8, __c=86), __b=NT_0000_P_00000(__a=NT_0000_P_00000(__a=NT_0000_P_00001(__a=50, __b=35, __c=84), __b=NT_0000_P_00001(__a=74, __b=57, __c=94), __c=88, __d=36), __b=NT_0000_P_00001(__a=6, __b=24, __c=62), __c=73, __d=14), __c=42, __d=27), __c=25, __d=72), __c=24, __d=75), __b=NT_0000_P_00000(__a=NT_0000_P_00001(__a=75, __b=11, __c=100), __b=NT_0000_P_00001(__a=58, __b=5, __c=18), __c=54, __d=56), __c=92, __d=87), __c=60, __d=50), __c=11, __d=77), __b=NT_0000_P_00001(__a=50, __b=35, __c=84), __c=50, __d=68), __c=33, __d=39), __c=9, __d=1))"
393.0,14,92,61,8.186432123184204,30050,"NT_0019_P_00000(__a=NT_0000_P_00000(__a=NT_0000_P_00000(__a=NT_0000_P_00000(__a=NT_0000_P_00000(__a=NT_0000_P_00000(__a=NT_0000_P_00001(__a=32, __b=96, __c=40), __b=NT_0000_P_00000(__a=NT_0000_P_00001(__a=58, __b=65, __c=94), __b=NT_0000_P_00000(__a=NT_0000_P_00000(__a=NT_0000_P_00001(__a=37, __b=81, __c=62), __b=NT_0000_P_00000(__a=NT_0000_P_00001(__a=73, __b=78, __c=60), __b=NT_0000_P_00001(__a=1, __b=73, __c=57), __c=9, __d=12), __c=27, __d=43), __b=NT_0000_P_00000(__a=NT_0000_P_00000(__a=NT_0000_P_00001(__a=9, __b=8, __c=7), __b=NT_0000_P_00001(__a=4, __b=52, __c=58), __c=95, __d=93), __b=NT_0000_P_00001(__a=35, __b=58, __c=47), __c=29, __d=75), __c=93, __d=61), __c=54, __d=95), __c=83, __d=5), __b=NT_0000_P_00000(__a=NT_0000_P_00001(__a=10, __b=57, __c=67), __b=NT_0000_P_00001(__a=78, __b=35, __c=0), __c=99, __d=77), __c=68, __d=78), __b=NT_0000_P_00000(__a=NT_0000_P_00001(__a=89, __b=55, __c=12), __b=NT_0000_P_00000(__a=NT_0000_P_00001(__a=18, __b=41, __c=31), __b=NT_0000_P_00000(__a=NT_0000_P_00001(__a=66, __b=12, __c=66), __b=NT_0000_P_00000(__a=NT_0000_P_00000(__a=NT_0000_P_00000(__a=NT_0000_P_00001(__a=83, __b=89, __c=39), __b=NT_0000_P_00000(__a=NT_0000_P_00001(__a=100, __b=81, __c=15), __b=NT_0000_P_00000(__a=NT_0000_P_00000(__a=NT_0000_P_00001(__a=35, __b=58, __c=47), __b=NT_0000_P_00001(__a=6, __b=5, __c=3), __c=11, __d=41), __b=NT_0000_P_00001(__a=48, __b=39, __c=4), __c=5, __d=94), __c=25, __d=12), __c=73, __d=74), __b=NT_0000_P_00001(__a=52, __b=40, __c=57), __c=68, __d=66), __b=NT_0000_P_00001(__a=62, __b=99, __c=39), __c=60, __d=33), __c=2, __d=86), __c=83, __d=73), __c=8, __d=22), __c=92, __d=19), __b=NT_0000_P_00001(__a=100, __b=81, __c=15), __c=8, __d=51), __b=NT_0000_P_00000(__a=NT_0000_P_00000(__a=NT_0000_P_00000(__a=NT_0000_P_00001(__a=82, __b=26, __c=83), __b=NT_0000_P_00001(__a=79, __b=0, __c=95), __c=24, __d=30), __b=NT_0000_P_00000(__a=NT_0000_P_00000(__a=NT_0000_P_00001(__a=68, __b=4, __c=59), __b=NT_0000_P_00001(__a=75, __b=11, __c=100), __c=40, __d=95), __b=NT_0000_P_00001(__a=94, __b=76, __c=9), __c=41, __d=67), __c=77, __d=86), __b=NT_0000_P_00000(__a=NT_0000_P_00000(__a=NT_0000_P_00001(__a=75, __b=11, __c=100), __b=NT_0000_P_00000(__a=NT_0000_P_00000(__a=NT_0000_P_00001(__a=14, __b=17, __c=54), __b=NT_0000_P_00000(__a=NT_0000_P_00001(__a=6, __b=32, __c=12), __b=NT_0000_P_00000(__a=NT_0000_P_00001(__a=56, __b=11, __c=61), __b=NT_0000_P_00001(__a=86, __b=82, __c=12), __c=34, __d=10), __c=46, __d=99), __c=34, __d=82), __b=NT_0000_P_00000(__a=NT_0000_P_00000(__a=NT_0000_P_00000(__a=NT_0000_P_00000(__a=NT_0000_P_00000(__a=NT_0000_P_00001(__a=79, __b=31, __c=78), __b=NT_0000_P_00001(__a=58, __b=5, __c=18), __c=54, __d=56), __b=NT_0000_P_00001(__a=17, __b=57, __c=39), __c=86, __d=40), __b=NT_0000_P_00001(__a=56, __b=55, __c=100), __c=76, __d=64), __b=NT_0000_P_00000(__a=NT_0000_P_00000(__a=NT_0000_P_00000(__a=NT_0000_P_00000(__a=NT_0000_P_00001(__a=32, __b=96, __c=40), __b=NT_0000_P_00001(__a=65, __b=17, __c=68), __c=1, __d=33), __b=NT_0000_P_00001(__a=83, __b=8, __c=55), __c=87, __d=47), __b=NT_0000_P_00001(__a=1, __b=93, __c=37), __c=4, __d=38), __b=NT_0000_P_00000(__a=NT_0000_P_00001(__a=13, __b=8, __c=86), __b=NT_0000_P_00000(__a=NT_0000_P_00000(__a=NT_0000_P_00001(__a=50, __b=35, __c=84), __b=NT_0000_P_00001(__a=74, __b=57, __c=94), __c=88, __d=36), __b=NT_0000_P_00001(__a=6, __b=24, __c=62), __c=73, __d=14), __c=42, __d=27), __c=25, __d=72), __c=24, __d=75), __b=NT_0000_P_00000(__a=NT_0000_P_00001(__a=75, __b=11, __c=100), __b=NT_0000_P_00001(__a=58, __b=5, __c=18), __c=54, __d=56), __c=92, __d=87), __c=60, __d=50), __c=11, __d=77), __b=NT_0000_P_00001(__a=50, __b=35, __c=84), __c=50, __d=68), __c=33, __d=39), __c=9, __d=1))"
393.0,14,92,62,8.237403631210327,30050,"NT_0019_P_00000(__a=NT_0000_P_00000(__a=NT_0000_P_00000(__a=NT_0000_P_00000(__a=NT_0000_P_00000(__a=NT_0000_P_00000(__a=NT_0000_P_00001(__a=32, __b=96, __c=40), __b=NT_0000_P_00000(__a=NT_0000_P_00001(__a=58, __b=65, __c=94), __b=NT_0000_P_00000(__a=NT_0000_P_00000(__a=NT_0000_P_00001(__a=37, __b=81, __c=62), __b=NT_0000_P_00000(__a=NT_0000_P_00001(__a=73, __b=78, __c=60), __b=NT_0000_P_00001(__a=1, __b=73, __c=57), __c=9, __d=12), __c=27, __d=43), __b=NT_0000_P_00000(__a=NT_0000_P_00000(__a=NT_0000_P_00001(__a=9, __b=8, __c=7), __b=NT_0000_P_00001(__a=4, __b=52, __c=58), __c=95, __d=93), __b=NT_0000_P_00001(__a=35, __b=58, __c=47), __c=29, __d=75), __c=93, __d=61), __c=54, __d=95), __c=83, __d=5), __b=NT_0000_P_00000(__a=NT_0000_P_00001(__a=10, __b=57, __c=67), __b=NT_0000_P_00001(__a=78, __b=35, __c=0), __c=99, __d=77), __c=68, __d=78), __b=NT_0000_P_00000(__a=NT_0000_P_00001(__a=89, __b=55, __c=12), __b=NT_0000_P_00000(__a=NT_0000_P_00001(__a=18, __b=41, __c=31), __b=NT_0000_P_00000(__a=NT_0000_P_00001(__a=66, __b=12, __c=66), __b=NT_0000_P_00000(__a=NT_0000_P_00000(__a=NT_0000_P_00000(__a=NT_0000_P_00001(__a=83, __b=89, __c=39), __b=NT_0000_P_00000(__a=NT_0000_P_00001(__a=100, __b=81, __c=15), __b=NT_0000_P_00000(__a=NT_0000_P_00000(__a=NT_0000_P_00001(__a=35, __b=58, __c=47), __b=NT_0000_P_00001(__a=6, __b=5, __c=3), __c=11, __d=41), __b=NT_0000_P_00001(__a=48, __b=39, __c=4), __c=5, __d=94), __c=25, __d=12), __c=73, __d=74), __b=NT_0000_P_00001(__a=52, __b=40, __c=57), __c=68, __d=66), __b=NT_0000_P_00001(__a=62, __b=99, __c=39), __c=60, __d=33), __c=2, __d=86), __c=83, __d=73), __c=8, __d=22), __c=92, __d=19), __b=NT_0000_P_00001(__a=100, __b=81, __c=15), __c=8, __d=51), __b=NT_0000_P_00000(__a=NT_0000_P_00000(__a=NT_0000_P_00000(__a=NT_0000_P_00001(__a=82, __b=26, __c=83), __b=NT_0000_P_00001(__a=79, __b=0, __c=95), __c=24, __d=30), __b=NT_0000_P_00000(__a=NT_0000_P_00000(__a=NT_0000_P_00001(__a=68, __b=4, __c=59), __b=NT_0000_P_00001(__a=75, __b=11, __c=100), __c=40, __d=95), __b=NT_0000_P_00001(__a=94, __b=76, __c=9), __c=41, __d=67), __c=77, __d=86), __b=NT_0000_P_00000(__a=NT_0000_P_00000(__a=NT_0000_P_00001(__a=75, __b=11, __c=100), __b=NT_0000_P_00000(__a=NT_0000_P_00000(__a=NT_0000_P_00001(__a=14, __b=17, __c=54), __b=NT_0000_P_00000(__a=NT_0000_P_00001(__a=6, __b=32, __c=12), __b=NT_0000_P_00000(__a=NT_0000_P_00001(__a=56, __b=11, __c=61), __b=NT_0000_P_00001(__a=86, __b=82, __c=12), __c=34, __d=10), __c=46, __d=99), __c=34, __d=82), __b=NT_0000_P_00000(__a=NT_0000_P_00000(__a=NT_0000_P_00000(__a=NT_0000_P_00000(__a=NT_0000_P_00000(__a=NT_0000_P_00001(__a=79, __b=31, __c=78), __b=NT_0000_P_00001(__a=58, __b=5, __c=18), __c=54, __d=56), __b=NT_0000_P_00001(__a=17, __b=57, __c=39), __c=86, __d=40), __b=NT_0000_P_00001(__a=56, __b=55, __c=100), __c=76, __d=64), __b=NT_0000_P_00000(__a=NT_0000_P_00000(__a=NT_0000_P_00000(__a=NT_0000_P_00000(__a=NT_0000_P_00001(__a=32, __b=96, __c=40), __b=NT_0000_P_00001(__a=65, __b=17, __c=68), __c=1, __d=33), __b=NT_0000_P_00001(__a=83, __b=8, __c=55), __c=87, __d=47), __b=NT_0000_P_00001(__a=1, __b=93, __c=37), __c=4, __d=38), __b=NT_0000_P_00000(__a=NT_0000_P_00001(__a=13, __b=8, __c=86), __b=NT_0000_P_00000(__a=NT_0000_P_00000(__a=NT_0000_P_00001(__a=50, __b=35, __c=84), __b=NT_0000_P_00001(__a=74, __b=57, __c=94), __c=88, __d=36), __b=NT_0000_P_00001(__a=6, __b=24, __c=62), __c=73, __d=14), __c=42, __d=27), __c=25, __d=72), __c=24, __d=75), __b=NT_0000_P_00000(__a=NT_0000_P_00001(__a=75, __b=11, __c=100), __b=NT_0000_P_00001(__a=58, __b=5, __c=18), __c=54, __d=56), __c=92, __d=87), __c=60, __d=50), __c=11, __d=77), __b=NT_0000_P_00001(__a=50, __b=35, __c=84), __c=50, __d=68), __c=33, __d=39), __c=9, __d=1))"
393.0,14,92,63,8.296820640563965,30050,"NT_0019_P_00000(__a=NT_0000_P_00000(__a=NT_0000_P_00000(__a=NT_0000_P_00000(__a=NT_0000_P_00000(__a=NT_0000_P_00000(__a=NT_0000_P_00001(__a=32, __b=96, __c=40), __b=NT_0000_P_00000(__a=NT_0000_P_00001(__a=58, __b=65, __c=94), __b=NT_0000_P_00000(__a=NT_0000_P_00000(__a=NT_0000_P_00001(__a=37, __b=81, __c=62), __b=NT_0000_P_00000(__a=NT_0000_P_00001(__a=73, __b=78, __c=60), __b=NT_0000_P_00001(__a=1, __b=73, __c=57), __c=9, __d=12), __c=27, __d=43), __b=NT_0000_P_00000(__a=NT_0000_P_00000(__a=NT_0000_P_00001(__a=9, __b=8, __c=7), __b=NT_0000_P_00001(__a=4, __b=52, __c=58), __c=95, __d=93), __b=NT_0000_P_00001(__a=35, __b=58, __c=47), __c=29, __d=75), __c=93, __d=61), __c=54, __d=95), __c=83, __d=5), __b=NT_0000_P_00000(__a=NT_0000_P_00001(__a=10, __b=57, __c=67), __b=NT_0000_P_00001(__a=78, __b=35, __c=0), __c=99, __d=77), __c=68, __d=78), __b=NT_0000_P_00000(__a=NT_0000_P_00001(__a=89, __b=55, __c=12), __b=NT_0000_P_00000(__a=NT_0000_P_00001(__a=18, __b=41, __c=31), __b=NT_0000_P_00000(__a=NT_0000_P_00001(__a=66, __b=12, __c=66), __b=NT_0000_P_00000(__a=NT_0000_P_00000(__a=NT_0000_P_00000(__a=NT_0000_P_00001(__a=83, __b=89, __c=39), __b=NT_0000_P_00000(__a=NT_0000_P_00001(__a=100, __b=81, __c=15), __b=NT_0000_P_00000(__a=NT_0000_P_00000(__a=NT_0000_P_00001(__a=35, __b=58, __c=47), __b=NT_0000_P_00001(__a=6, __b=5, __c=3), __c=11, __d=41), __b=NT_0000_P_00001(__a=48, __b=39, __c=4), __c=5, __d=94), __c=25, __d=12), __c=73, __d=74), __b=NT_0000_P_00001(__a=52, __b=40, __c=57), __c=68, __d=66), __b=NT_0000_P_00001(__a=62, __b=99, __c=39), __c=60, __d=33), __c=2, __d=86), __c=83, __d=73), __c=8, __d=22), __c=92, __d=19), __b=NT_0000_P_00001(__a=100, __b=81, __c=15), __c=8, __d=51), __b=NT_0000_P_00000(__a=NT_0000_P_00000(__a=NT_0000_P_00000(__a=NT_0000_P_00001(__a=82, __b=26, __c=83), __b=NT_0000_P_00001(__a=79, __b=0, __c=95), __c=24, __d=30), __b=NT_0000_P_00000(__a=NT_0000_P_00000(__a=NT_0000_P_00001(__a=68, __b=4, __c=59), __b=NT_0000_P_00001(__a=75, __b=11, __c=100), __c=40, __d=95), __b=NT_0000_P_00001(__a=94, __b=76, __c=9), __c=41, __d=67), __c=77, __d=86), __b=NT_0000_P_00000(__a=NT_0000_P_00000(__a=NT_0000_P_00001(__a=75, __b=11, __c=100), __b=NT_0000_P_00000(__a=NT_0000_P_00000(__a=NT_0000_P_00001(__a=14, __b=17, __c=54), __b=NT_0000_P_00000(__a=NT_0000_P_00001(__a=6, __b=32, __c=12), __b=NT_0000_P_00000(__a=NT_0000_P_00001(__a=56, __b=11, __c=61), __b=NT_0000_P_00001(__a=86, __b=82, __c=12), __c=34, __d=10), __c=46, __d=99), __c=34, __d=82), __b=NT_0000_P_00000(__a=NT_0000_P_00000(__a=NT_0000_P_00000(__a=NT_0000_P_00000(__a=NT_0000_P_00000(__a=NT_0000_P_00001(__a=79, __b=31, __c=78), __b=NT_0000_P_00001(__a=58, __b=5, __c=18), __c=54, __d=56), __b=NT_0000_P_00001(__a=17, __b=57, __c=39), __c=86, __d=40), __b=NT_0000_P_00001(__a=56, __b=55, __c=100), __c=76, __d=64), __b=NT_0000_P_00000(__a=NT_0000_P_00000(__a=NT_0000_P_00000(__a=NT_0000_P_00000(__a=NT_0000_P_00001(__a=32, __b=96, __c=40), __b=NT_0000_P_00001(__a=65, __b=17, __c=68), __c=1, __d=33), __b=NT_0000_P_00001(__a=83, __b=8, __c=55), __c=87, __d=47), __b=NT_0000_P_00001(__a=1, __b=93, __c=37), __c=4, __d=38), __b=NT_0000_P_00000(__a=NT_0000_P_00001(__a=13, __b=8, __c=86), __b=NT_0000_P_00000(__a=NT_0000_P_00000(__a=NT_0000_P_00001(__a=50, __b=35, __c=84), __b=NT_0000_P_00001(__a=74, __b=57, __c=94), __c=88, __d=36), __b=NT_0000_P_00001(__a=6, __b=24, __c=62), __c=73, __d=14), __c=42, __d=27), __c=25, __d=72), __c=24, __d=75), __b=NT_0000_P_00000(__a=NT_0000_P_00001(__a=75, __b=11, __c=100), __b=NT_0000_P_00001(__a=58, __b=5, __c=18), __c=54, __d=56), __c=92, __d=87), __c=60, __d=50), __c=11, __d=77), __b=NT_0000_P_00001(__a=50, __b=35, __c=84), __c=50, __d=68), __c=33, __d=39), __c=9, __d=1))"
393.0,14,92,64,8.39649748802185,30050,"NT_0019_P_00000(__a=NT_0000_P_00000(__a=NT_0000_P_00000(__a=NT_0000_P_00000(__a=NT_0000_P_00000(__a=NT_0000_P_00000(__a=NT_0000_P_00001(__a=32, __b=96, __c=40), __b=NT_0000_P_00000(__a=NT_0000_P_00001(__a=58, __b=65, __c=94), __b=NT_0000_P_00000(__a=NT_0000_P_00000(__a=NT_0000_P_00001(__a=37, __b=81, __c=62), __b=NT_0000_P_00000(__a=NT_0000_P_00001(__a=73, __b=78, __c=60), __b=NT_0000_P_00001(__a=1, __b=73, __c=57), __c=9, __d=12), __c=27, __d=43), __b=NT_0000_P_00000(__a=NT_0000_P_00000(__a=NT_0000_P_00001(__a=9, __b=8, __c=7), __b=NT_0000_P_00001(__a=4, __b=52, __c=58), __c=95, __d=93), __b=NT_0000_P_00001(__a=35, __b=58, __c=47), __c=29, __d=75), __c=93, __d=61), __c=54, __d=95), __c=83, __d=5), __b=NT_0000_P_00000(__a=NT_0000_P_00001(__a=10, __b=57, __c=67), __b=NT_0000_P_00001(__a=78, __b=35, __c=0), __c=99, __d=77), __c=68, __d=78), __b=NT_0000_P_00000(__a=NT_0000_P_00001(__a=89, __b=55, __c=12), __b=NT_0000_P_00000(__a=NT_0000_P_00001(__a=18, __b=41, __c=31), __b=NT_0000_P_00000(__a=NT_0000_P_00001(__a=66, __b=12, __c=66), __b=NT_0000_P_00000(__a=NT_0000_P_00000(__a=NT_0000_P_00000(__a=NT_0000_P_00001(__a=83, __b=89, __c=39), __b=NT_0000_P_00000(__a=NT_0000_P_00001(__a=100, __b=81, __c=15), __b=NT_0000_P_00000(__a=NT_0000_P_00000(__a=NT_0000_P_00001(__a=35, __b=58, __c=47), __b=NT_0000_P_00001(__a=6, __b=5, __c=3), __c=11, __d=41), __b=NT_0000_P_00001(__a=48, __b=39, __c=4), __c=5, __d=94), __c=25, __d=12), __c=73, __d=74), __b=NT_0000_P_00001(__a=52, __b=40, __c=57), __c=68, __d=66), __b=NT_0000_P_00001(__a=62, __b=99, __c=39), __c=60, __d=33), __c=2, __d=86), __c=83, __d=73), __c=8, __d=22), __c=92, __d=19), __b=NT_0000_P_00001(__a=100, __b=81, __c=15), __c=8, __d=51), __b=NT_0000_P_00000(__a=NT_0000_P_00000(__a=NT_0000_P_00000(__a=NT_0000_P_00001(__a=82, __b=26, __c=83), __b=NT_0000_P_00001(__a=79, __b=0, __c=95), __c=24, __d=30), __b=NT_0000_P_00000(__a=NT_0000_P_00000(__a=NT_0000_P_00001(__a=68, __b=4, __c=59), __b=NT_0000_P_00001(__a=75, __b=11, __c=100), __c=40, __d=95), __b=NT_0000_P_00001(__a=94, __b=76, __c=9), __c=41, __d=67), __c=77, __d=86), __b=NT_0000_P_00000(__a=NT_0000_P_00000(__a=NT_0000_P_00001(__a=75, __b=11, __c=100), __b=NT_0000_P_00000(__a=NT_0000_P_00000(__a=NT_0000_P_00001(__a=14, __b=17, __c=54), __b=NT_0000_P_00000(__a=NT_0000_P_00001(__a=6, __b=32, __c=12), __b=NT_0000_P_00000(__a=NT_0000_P_00001(__a=56, __b=11, __c=61), __b=NT_0000_P_00001(__a=86, __b=82, __c=12), __c=34, __d=10), __c=46, __d=99), __c=34, __d=82), __b=NT_0000_P_00000(__a=NT_0000_P_00000(__a=NT_0000_P_00000(__a=NT_0000_P_00000(__a=NT_0000_P_00000(__a=NT_0000_P_00001(__a=79, __b=31, __c=78), __b=NT_0000_P_00001(__a=58, __b=5, __c=18), __c=54, __d=56), __b=NT_0000_P_00001(__a=17, __b=57, __c=39), __c=86, __d=40), __b=NT_0000_P_00001(__a=56, __b=55, __c=100), __c=76, __d=64), __b=NT_0000_P_00000(__a=NT_0000_P_00000(__a=NT_0000_P_00000(__a=NT_0000_P_00000(__a=NT_0000_P_00001(__a=32, __b=96, __c=40), __b=NT_0000_P_00001(__a=65, __b=17, __c=68), __c=1, __d=33), __b=NT_0000_P_00001(__a=83, __b=8, __c=55), __c=87, __d=47), __b=NT_0000_P_00001(__a=1, __b=93, __c=37), __c=4, __d=38), __b=NT_0000_P_00000(__a=NT_0000_P_00001(__a=13, __b=8, __c=86), __b=NT_0000_P_00000(__a=NT_0000_P_00000(__a=NT_0000_P_00001(__a=50, __b=35, __c=84), __b=NT_0000_P_00001(__a=74, __b=57, __c=94), __c=88, __d=36), __b=NT_0000_P_00001(__a=6, __b=24, __c=62), __c=73, __d=14), __c=42, __d=27), __c=25, __d=72), __c=24, __d=75), __b=NT_0000_P_00000(__a=NT_0000_P_00001(__a=75, __b=11, __c=100), __b=NT_0000_P_00001(__a=58, __b=5, __c=18), __c=54, __d=56), __c=92, __d=87), __c=60, __d=50), __c=11, __d=77), __b=NT_0000_P_00001(__a=50, __b=35, __c=84), __c=50, __d=68), __c=33, __d=39), __c=9, __d=1))"
393.0,14,92,65,8.47700834274292,30050,"NT_0019_P_00000(__a=NT_0000_P_00000(__a=NT_0000_P_00000(__a=NT_0000_P_00000(__a=NT_0000_P_00000(__a=NT_0000_P_00000(__a=NT_0000_P_00001(__a=32, __b=96, __c=40), __b=NT_0000_P_00000(__a=NT_0000_P_00001(__a=58, __b=65, __c=94), __b=NT_0000_P_00000(__a=NT_0000_P_00000(__a=NT_0000_P_00001(__a=37, __b=81, __c=62), __b=NT_0000_P_00000(__a=NT_0000_P_00001(__a=73, __b=78, __c=60), __b=NT_0000_P_00001(__a=1, __b=73, __c=57), __c=9, __d=12), __c=27, __d=43), __b=NT_0000_P_00000(__a=NT_0000_P_00000(__a=NT_0000_P_00001(__a=9, __b=8, __c=7), __b=NT_0000_P_00001(__a=4, __b=52, __c=58), __c=95, __d=93), __b=NT_0000_P_00001(__a=35, __b=58, __c=47), __c=29, __d=75), __c=93, __d=61), __c=54, __d=95), __c=83, __d=5), __b=NT_0000_P_00000(__a=NT_0000_P_00001(__a=10, __b=57, __c=67), __b=NT_0000_P_00001(__a=78, __b=35, __c=0), __c=99, __d=77), __c=68, __d=78), __b=NT_0000_P_00000(__a=NT_0000_P_00001(__a=89, __b=55, __c=12), __b=NT_0000_P_00000(__a=NT_0000_P_00001(__a=18, __b=41, __c=31), __b=NT_0000_P_00000(__a=NT_0000_P_00001(__a=66, __b=12, __c=66), __b=NT_0000_P_00000(__a=NT_0000_P_00000(__a=NT_0000_P_00000(__a=NT_0000_P_00001(__a=83, __b=89, __c=39), __b=NT_0000_P_00000(__a=NT_0000_P_00001(__a=100, __b=81, __c=15), __b=NT_0000_P_00000(__a=NT_0000_P_00000(__a=NT_0000_P_00001(__a=35, __b=58, __c=47), __b=NT_0000_P_00001(__a=6, __b=5, __c=3), __c=11, __d=41), __b=NT_0000_P_00001(__a=48, __b=39, __c=4), __c=5, __d=94), __c=25, __d=12), __c=73, __d=74), __b=NT_0000_P_00001(__a=52, __b=40, __c=57), __c=68, __d=66), __b=NT_0000_P_00001(__a=62, __b=99, __c=39), __c=60, __d=33), __c=2, __d=86), __c=83, __d=73), __c=8, __d=22), __c=92, __d=19), __b=NT_0000_P_00001(__a=100, __b=81, __c=15), __c=8, __d=51), __b=NT_0000_P_00000(__a=NT_0000_P_00000(__a=NT_0000_P_00000(__a=NT_0000_P_00001(__a=82, __b=26, __c=83), __b=NT_0000_P_00001(__a=79, __b=0, __c=95), __c=24, __d=30), __b=NT_0000_P_00000(__a=NT_0000_P_00000(__a=NT_0000_P_00001(__a=68, __b=4, __c=59), __b=NT_0000_P_00001(__a=75, __b=11, __c=100), __c=40, __d=95), __b=NT_0000_P_00001(__a=94, __b=76, __c=9), __c=41, __d=67), __c=77, __d=86), __b=NT_0000_P_00000(__a=NT_0000_P_00000(__a=NT_0000_P_00001(__a=75, __b=11, __c=100), __b=NT_0000_P_00000(__a=NT_0000_P_00000(__a=NT_0000_P_00001(__a=14, __b=17, __c=54), __b=NT_0000_P_00000(__a=NT_0000_P_00001(__a=6, __b=32, __c=12), __b=NT_0000_P_00000(__a=NT_0000_P_00001(__a=56, __b=11, __c=61), __b=NT_0000_P_00001(__a=86, __b=82, __c=12), __c=34, __d=10), __c=46, __d=99), __c=34, __d=82), __b=NT_0000_P_00000(__a=NT_0000_P_00000(__a=NT_0000_P_00000(__a=NT_0000_P_00000(__a=NT_0000_P_00000(__a=NT_0000_P_00001(__a=79, __b=31, __c=78), __b=NT_0000_P_00001(__a=58, __b=5, __c=18), __c=54, __d=56), __b=NT_0000_P_00001(__a=17, __b=57, __c=39), __c=86, __d=40), __b=NT_0000_P_00001(__a=56, __b=55, __c=100), __c=76, __d=64), __b=NT_0000_P_00000(__a=NT_0000_P_00000(__a=NT_0000_P_00000(__a=NT_0000_P_00000(__a=NT_0000_P_00001(__a=32, __b=96, __c=40), __b=NT_0000_P_00001(__a=65, __b=17, __c=68), __c=1, __d=33), __b=NT_0000_P_00001(__a=83, __b=8, __c=55), __c=87, __d=47), __b=NT_0000_P_00001(__a=1, __b=93, __c=37), __c=4, __d=38), __b=NT_0000_P_00000(__a=NT_0000_P_00001(__a=13, __b=8, __c=86), __b=NT_0000_P_00000(__a=NT_0000_P_00000(__a=NT_0000_P_00001(__a=50, __b=35, __c=84), __b=NT_0000_P_00001(__a=74, __b=57, __c=94), __c=88, __d=36), __b=NT_0000_P_00001(__a=6, __b=24, __c=62), __c=73, __d=14), __c=42, __d=27), __c=25, __d=72), __c=24, __d=75), __b=NT_0000_P_00000(__a=NT_0000_P_00001(__a=75, __b=11, __c=100), __b=NT_0000_P_00001(__a=58, __b=5, __c=18), __c=54, __d=56), __c=92, __d=87), __c=60, __d=50), __c=11, __d=77), __b=NT_0000_P_00001(__a=50, __b=35, __c=84), __c=50, __d=68), __c=33, __d=39), __c=9, __d=1))"
393.0,14,92,66,8.557204246520996,30050,"NT_0019_P_00000(__a=NT_0000_P_00000(__a=NT_0000_P_00000(__a=NT_0000_P_00000(__a=NT_0000_P_00000(__a=NT_0000_P_00000(__a=NT_0000_P_00001(__a=32, __b=96, __c=40), __b=NT_0000_P_00000(__a=NT_0000_P_00001(__a=58, __b=65, __c=94), __b=NT_0000_P_00000(__a=NT_0000_P_00000(__a=NT_0000_P_00001(__a=37, __b=81, __c=62), __b=NT_0000_P_00000(__a=NT_0000_P_00001(__a=73, __b=78, __c=60), __b=NT_0000_P_00001(__a=1, __b=73, __c=57), __c=9, __d=12), __c=27, __d=43), __b=NT_0000_P_00000(__a=NT_0000_P_00000(__a=NT_0000_P_00001(__a=9, __b=8, __c=7), __b=NT_0000_P_00001(__a=4, __b=52, __c=58), __c=95, __d=93), __b=NT_0000_P_00001(__a=35, __b=58, __c=47), __c=29, __d=75), __c=93, __d=61), __c=54, __d=95), __c=83, __d=5), __b=NT_0000_P_00000(__a=NT_0000_P_00001(__a=10, __b=57, __c=67), __b=NT_0000_P_00001(__a=78, __b=35, __c=0), __c=99, __d=77), __c=68, __d=78), __b=NT_0000_P_00000(__a=NT_0000_P_00001(__a=89, __b=55, __c=12), __b=NT_0000_P_00000(__a=NT_0000_P_00001(__a=18, __b=41, __c=31), __b=NT_0000_P_00000(__a=NT_0000_P_00001(__a=66, __b=12, __c=66), __b=NT_0000_P_00000(__a=NT_0000_P_00000(__a=NT_0000_P_00000(__a=NT_0000_P_00001(__a=83, __b=89, __c=39), __b=NT_0000_P_00000(__a=NT_0000_P_00001(__a=100, __b=81, __c=15), __b=NT_0000_P_00000(__a=NT_0000_P_00000(__a=NT_0000_P_00001(__a=35, __b=58, __c=47), __b=NT_0000_P_00001(__a=6, __b=5, __c=3), __c=11, __d=41), __b=NT_0000_P_00001(__a=48, __b=39, __c=4), __c=5, __d=94), __c=25, __d=12), __c=73, __d=74), __b=NT_0000_P_00001(__a=52, __b=40, __c=57), __c=68, __d=66), __b=NT_0000_P_00001(__a=62, __b=99, __c=39), __c=60, __d=33), __c=2, __d=86), __c=83, __d=73), __c=8, __d=22), __c=92, __d=19), __b=NT_0000_P_00001(__a=100, __b=81, __c=15), __c=8, __d=51), __b=NT_0000_P_00000(__a=NT_0000_P_00000(__a=NT_0000_P_00000(__a=NT_0000_P_00001(__a=82, __b=26, __c=83), __b=NT_0000_P_00001(__a=79, __b=0, __c=95), __c=24, __d=30), __b=NT_0000_P_00000(__a=NT_0000_P_00000(__a=NT_0000_P_00001(__a=68, __b=4, __c=59), __b=NT_0000_P_00001(__a=75, __b=11, __c=100), __c=40, __d=95), __b=NT_0000_P_00001(__a=94, __b=76, __c=9), __c=41, __d=67), __c=77, __d=86), __b=NT_0000_P_00000(__a=NT_0000_P_00000(__a=NT_0000_P_00001(__a=75, __b=11, __c=100), __b=NT_0000_P_00000(__a=NT_0000_P_00000(__a=NT_0000_P_00001(__a=14, __b=17, __c=54), __b=NT_0000_P_00000(__a=NT_0000_P_00001(__a=6, __b=32, __c=12), __b=NT_0000_P_00000(__a=NT_0000_P_00001(__a=56, __b=11, __c=61), __b=NT_0000_P_00001(__a=86, __b=82, __c=12), __c=34, __d=10), __c=46, __d=99), __c=34, __d=82), __b=NT_0000_P_00000(__a=NT_0000_P_00000(__a=NT_0000_P_00000(__a=NT_0000_P_00000(__a=NT_0000_P_00000(__a=NT_0000_P_00001(__a=79, __b=31, __c=78), __b=NT_0000_P_00001(__a=58, __b=5, __c=18), __c=54, __d=56), __b=NT_0000_P_00001(__a=17, __b=57, __c=39), __c=86, __d=40), __b=NT_0000_P_00001(__a=56, __b=55, __c=100), __c=76, __d=64), __b=NT_0000_P_00000(__a=NT_0000_P_00000(__a=NT_0000_P_00000(__a=NT_0000_P_00000(__a=NT_0000_P_00001(__a=32, __b=96, __c=40), __b=NT_0000_P_00001(__a=65, __b=17, __c=68), __c=1, __d=33), __b=NT_0000_P_00001(__a=83, __b=8, __c=55), __c=87, __d=47), __b=NT_0000_P_00001(__a=1, __b=93, __c=37), __c=4, __d=38), __b=NT_0000_P_00000(__a=NT_0000_P_00001(__a=13, __b=8, __c=86), __b=NT_0000_P_00000(__a=NT_0000_P_00000(__a=NT_0000_P_00001(__a=50, __b=35, __c=84), __b=NT_0000_P_00001(__a=74, __b=57, __c=94), __c=88, __d=36), __b=NT_0000_P_00001(__a=6, __b=24, __c=62), __c=73, __d=14), __c=42, __d=27), __c=25, __d=72), __c=24, __d=75), __b=NT_0000_P_00000(__a=NT_0000_P_00001(__a=75, __b=11, __c=100), __b=NT_0000_P_00001(__a=58, __b=5, __c=18), __c=54, __d=56), __c=92, __d=87), __c=60, __d=50), __c=11, __d=77), __b=NT_0000_P_00001(__a=50, __b=35, __c=84), __c=50, __d=68), __c=33, __d=39), __c=9, __d=1))"
393.0,14,92,67,8.637263059616089,30050,"NT_0019_P_00000(__a=NT_0000_P_00000(__a=NT_0000_P_00000(__a=NT_0000_P_00000(__a=NT_0000_P_00000(__a=NT_0000_P_00000(__a=NT_0000_P_00001(__a=32, __b=96, __c=40), __b=NT_0000_P_00000(__a=NT_0000_P_00001(__a=58, __b=65, __c=94), __b=NT_0000_P_00000(__a=NT_0000_P_00000(__a=NT_0000_P_00001(__a=37, __b=81, __c=62), __b=NT_0000_P_00000(__a=NT_0000_P_00001(__a=73, __b=78, __c=60), __b=NT_0000_P_00001(__a=1, __b=73, __c=57), __c=9, __d=12), __c=27, __d=43), __b=NT_0000_P_00000(__a=NT_0000_P_00000(__a=NT_0000_P_00001(__a=9, __b=8, __c=7), __b=NT_0000_P_00001(__a=4, __b=52, __c=58), __c=95, __d=93), __b=NT_0000_P_00001(__a=35, __b=58, __c=47), __c=29, __d=75), __c=93, __d=61), __c=54, __d=95), __c=83, __d=5), __b=NT_0000_P_00000(__a=NT_0000_P_00001(__a=10, __b=57, __c=67), __b=NT_0000_P_00001(__a=78, __b=35, __c=0), __c=99, __d=77), __c=68, __d=78), __b=NT_0000_P_00000(__a=NT_0000_P_00001(__a=89, __b=55, __c=12), __b=NT_0000_P_00000(__a=NT_0000_P_00001(__a=18, __b=41, __c=31), __b=NT_0000_P_00000(__a=NT_0000_P_00001(__a=66, __b=12, __c=66), __b=NT_0000_P_00000(__a=NT_0000_P_00000(__a=NT_0000_P_00000(__a=NT_0000_P_00001(__a=83, __b=89, __c=39), __b=NT_0000_P_00000(__a=NT_0000_P_00001(__a=100, __b=81, __c=15), __b=NT_0000_P_00000(__a=NT_0000_P_00000(__a=NT_0000_P_00001(__a=35, __b=58, __c=47), __b=NT_0000_P_00001(__a=6, __b=5, __c=3), __c=11, __d=41), __b=NT_0000_P_00001(__a=48, __b=39, __c=4), __c=5, __d=94), __c=25, __d=12), __c=73, __d=74), __b=NT_0000_P_00001(__a=52, __b=40, __c=57), __c=68, __d=66), __b=NT_0000_P_00001(__a=62, __b=99, __c=39), __c=60, __d=33), __c=2, __d=86), __c=83, __d=73), __c=8, __d=22), __c=92, __d=19), __b=NT_0000_P_00001(__a=100, __b=81, __c=15), __c=8, __d=51), __b=NT_0000_P_00000(__a=NT_0000_P_00000(__a=NT_0000_P_00000(__a=NT_0000_P_00001(__a=82, __b=26, __c=83), __b=NT_0000_P_00001(__a=79, __b=0, __c=95), __c=24, __d=30), __b=NT_0000_P_00000(__a=NT_0000_P_00000(__a=NT_0000_P_00001(__a=68, __b=4, __c=59), __b=NT_0000_P_00001(__a=75, __b=11, __c=100), __c=40, __d=95), __b=NT_0000_P_00001(__a=94, __b=76, __c=9), __c=41, __d=67), __c=77, __d=86), __b=NT_0000_P_00000(__a=NT_0000_P_00000(__a=NT_0000_P_00001(__a=75, __b=11, __c=100), __b=NT_0000_P_00000(__a=NT_0000_P_00000(__a=NT_0000_P_00001(__a=14, __b=17, __c=54), __b=NT_0000_P_00000(__a=NT_0000_P_00001(__a=6, __b=32, __c=12), __b=NT_0000_P_00000(__a=NT_0000_P_00001(__a=56, __b=11, __c=61), __b=NT_0000_P_00001(__a=86, __b=82, __c=12), __c=34, __d=10), __c=46, __d=99), __c=34, __d=82), __b=NT_0000_P_00000(__a=NT_0000_P_00000(__a=NT_0000_P_00000(__a=NT_0000_P_00000(__a=NT_0000_P_00000(__a=NT_0000_P_00001(__a=79, __b=31, __c=78), __b=NT_0000_P_00001(__a=58, __b=5, __c=18), __c=54, __d=56), __b=NT_0000_P_00001(__a=17, __b=57, __c=39), __c=86, __d=40), __b=NT_0000_P_00001(__a=56, __b=55, __c=100), __c=76, __d=64), __b=NT_0000_P_00000(__a=NT_0000_P_00000(__a=NT_0000_P_00000(__a=NT_0000_P_00000(__a=NT_0000_P_00001(__a=32, __b=96, __c=40), __b=NT_0000_P_00001(__a=65, __b=17, __c=68), __c=1, __d=33), __b=NT_0000_P_00001(__a=83, __b=8, __c=55), __c=87, __d=47), __b=NT_0000_P_00001(__a=1, __b=93, __c=37), __c=4, __d=38), __b=NT_0000_P_00000(__a=NT_0000_P_00001(__a=13, __b=8, __c=86), __b=NT_0000_P_00000(__a=NT_0000_P_00000(__a=NT_0000_P_00001(__a=50, __b=35, __c=84), __b=NT_0000_P_00001(__a=74, __b=57, __c=94), __c=88, __d=36), __b=NT_0000_P_00001(__a=6, __b=24, __c=62), __c=73, __d=14), __c=42, __d=27), __c=25, __d=72), __c=24, __d=75), __b=NT_0000_P_00000(__a=NT_0000_P_00001(__a=75, __b=11, __c=100), __b=NT_0000_P_00001(__a=58, __b=5, __c=18), __c=54, __d=56), __c=92, __d=87), __c=60, __d=50), __c=11, __d=77), __b=NT_0000_P_00001(__a=50, __b=35, __c=84), __c=50, __d=68), __c=33, __d=39), __c=9, __d=1))"
393.0,14,92,68,8.734608173370361,30050,"NT_0019_P_00000(__a=NT_0000_P_00000(__a=NT_0000_P_00000(__a=NT_0000_P_00000(__a=NT_0000_P_00000(__a=NT_0000_P_00000(__a=NT_0000_P_00001(__a=32, __b=96, __c=40), __b=NT_0000_P_00000(__a=NT_0000_P_00001(__a=58, __b=65, __c=94), __b=NT_0000_P_00000(__a=NT_0000_P_00000(__a=NT_0000_P_00001(__a=37, __b=81, __c=62), __b=NT_0000_P_00000(__a=NT_0000_P_00001(__a=73, __b=78, __c=60), __b=NT_0000_P_00001(__a=1, __b=73, __c=57), __c=9, __d=12), __c=27, __d=43), __b=NT_0000_P_00000(__a=NT_0000_P_00000(__a=NT_0000_P_00001(__a=9, __b=8, __c=7), __b=NT_0000_P_00001(__a=4, __b=52, __c=58), __c=95, __d=93), __b=NT_0000_P_00001(__a=35, __b=58, __c=47), __c=29, __d=75), __c=93, __d=61), __c=54, __d=95), __c=83, __d=5), __b=NT_0000_P_00000(__a=NT_0000_P_00001(__a=10, __b=57, __c=67), __b=NT_0000_P_00001(__a=78, __b=35, __c=0), __c=99, __d=77), __c=68, __d=78), __b=NT_0000_P_00000(__a=NT_0000_P_00001(__a=89, __b=55, __c=12), __b=NT_0000_P_00000(__a=NT_0000_P_00001(__a=18, __b=41, __c=31), __b=NT_0000_P_00000(__a=NT_0000_P_00001(__a=66, __b=12, __c=66), __b=NT_0000_P_00000(__a=NT_0000_P_00000(__a=NT_0000_P_00000(__a=NT_0000_P_00001(__a=83, __b=89, __c=39), __b=NT_0000_P_00000(__a=NT_0000_P_00001(__a=100, __b=81, __c=15), __b=NT_0000_P_00000(__a=NT_0000_P_00000(__a=NT_0000_P_00001(__a=35, __b=58, __c=47), __b=NT_0000_P_00001(__a=6, __b=5, __c=3), __c=11, __d=41), __b=NT_0000_P_00001(__a=48, __b=39, __c=4), __c=5, __d=94), __c=25, __d=12), __c=73, __d=74), __b=NT_0000_P_00001(__a=52, __b=40, __c=57), __c=68, __d=66), __b=NT_0000_P_00001(__a=62, __b=99, __c=39), __c=60, __d=33), __c=2, __d=86), __c=83, __d=73), __c=8, __d=22), __c=92, __d=19), __b=NT_0000_P_00001(__a=100, __b=81, __c=15), __c=8, __d=51), __b=NT_0000_P_00000(__a=NT_0000_P_00000(__a=NT_0000_P_00000(__a=NT_0000_P_00001(__a=82, __b=26, __c=83), __b=NT_0000_P_00001(__a=79, __b=0, __c=95), __c=24, __d=30), __b=NT_0000_P_00000(__a=NT_0000_P_00000(__a=NT_0000_P_00001(__a=68, __b=4, __c=59), __b=NT_0000_P_00001(__a=75, __b=11, __c=100), __c=40, __d=95), __b=NT_0000_P_00001(__a=94, __b=76, __c=9), __c=41, __d=67), __c=77, __d=86), __b=NT_0000_P_00000(__a=NT_0000_P_00000(__a=NT_0000_P_00001(__a=75, __b=11, __c=100), __b=NT_0000_P_00000(__a=NT_0000_P_00000(__a=NT_0000_P_00001(__a=14, __b=17, __c=54), __b=NT_0000_P_00000(__a=NT_0000_P_00001(__a=6, __b=32, __c=12), __b=NT_0000_P_00000(__a=NT_0000_P_00001(__a=56, __b=11, __c=61), __b=NT_0000_P_00001(__a=86, __b=82, __c=12), __c=34, __d=10), __c=46, __d=99), __c=34, __d=82), __b=NT_0000_P_00000(__a=NT_0000_P_00000(__a=NT_0000_P_00000(__a=NT_0000_P_00000(__a=NT_0000_P_00000(__a=NT_0000_P_00001(__a=79, __b=31, __c=78), __b=NT_0000_P_00001(__a=58, __b=5, __c=18), __c=54, __d=56), __b=NT_0000_P_00001(__a=17, __b=57, __c=39), __c=86, __d=40), __b=NT_0000_P_00001(__a=56, __b=55, __c=100), __c=76, __d=64), __b=NT_0000_P_00000(__a=NT_0000_P_00000(__a=NT_0000_P_00000(__a=NT_0000_P_00000(__a=NT_0000_P_00001(__a=32, __b=96, __c=40), __b=NT_0000_P_00001(__a=65, __b=17, __c=68), __c=1, __d=33), __b=NT_0000_P_00001(__a=83, __b=8, __c=55), __c=87, __d=47), __b=NT_0000_P_00001(__a=1, __b=93, __c=37), __c=4, __d=38), __b=NT_0000_P_00000(__a=NT_0000_P_00001(__a=13, __b=8, __c=86), __b=NT_0000_P_00000(__a=NT_0000_P_00000(__a=NT_0000_P_00001(__a=50, __b=35, __c=84), __b=NT_0000_P_00001(__a=74, __b=57, __c=94), __c=88, __d=36), __b=NT_0000_P_00001(__a=6, __b=24, __c=62), __c=73, __d=14), __c=42, __d=27), __c=25, __d=72), __c=24, __d=75), __b=NT_0000_P_00000(__a=NT_0000_P_00001(__a=75, __b=11, __c=100), __b=NT_0000_P_00001(__a=58, __b=5, __c=18), __c=54, __d=56), __c=92, __d=87), __c=60, __d=50), __c=11, __d=77), __b=NT_0000_P_00001(__a=50, __b=35, __c=84), __c=50, __d=68), __c=33, __d=39), __c=9, __d=1))"
393.0,14,92,69,8.809491634368896,30050,"NT_0019_P_00000(__a=NT_0000_P_00000(__a=NT_0000_P_00000(__a=NT_0000_P_00000(__a=NT_0000_P_00000(__a=NT_0000_P_00000(__a=NT_0000_P_00001(__a=32, __b=96, __c=40), __b=NT_0000_P_00000(__a=NT_0000_P_00001(__a=58, __b=65, __c=94), __b=NT_0000_P_00000(__a=NT_0000_P_00000(__a=NT_0000_P_00001(__a=37, __b=81, __c=62), __b=NT_0000_P_00000(__a=NT_0000_P_00001(__a=73, __b=78, __c=60), __b=NT_0000_P_00001(__a=1, __b=73, __c=57), __c=9, __d=12), __c=27, __d=43), __b=NT_0000_P_00000(__a=NT_0000_P_00000(__a=NT_0000_P_00001(__a=9, __b=8, __c=7), __b=NT_0000_P_00001(__a=4, __b=52, __c=58), __c=95, __d=93), __b=NT_0000_P_00001(__a=35, __b=58, __c=47), __c=29, __d=75), __c=93, __d=61), __c=54, __d=95), __c=83, __d=5), __b=NT_0000_P_00000(__a=NT_0000_P_00001(__a=10, __b=57, __c=67), __b=NT_0000_P_00001(__a=78, __b=35, __c=0), __c=99, __d=77), __c=68, __d=78), __b=NT_0000_P_00000(__a=NT_0000_P_00001(__a=89, __b=55, __c=12), __b=NT_0000_P_00000(__a=NT_0000_P_00001(__a=18, __b=41, __c=31), __b=NT_0000_P_00000(__a=NT_0000_P_00001(__a=66, __b=12, __c=66), __b=NT_0000_P_00000(__a=NT_0000_P_00000(__a=NT_0000_P_00000(__a=NT_0000_P_00001(__a=83, __b=89, __c=39), __b=NT_0000_P_00000(__a=NT_0000_P_00001(__a=100, __b=81, __c=15), __b=NT_0000_P_00000(__a=NT_0000_P_00000(__a=NT_0000_P_00001(__a=35, __b=58, __c=47), __b=NT_0000_P_00001(__a=6, __b=5, __c=3), __c=11, __d=41), __b=NT_0000_P_00001(__a=48, __b=39, __c=4), __c=5, __d=94), __c=25, __d=12), __c=73, __d=74), __b=NT_0000_P_00001(__a=52, __b=40, __c=57), __c=68, __d=66), __b=NT_0000_P_00001(__a=62, __b=99, __c=39), __c=60, __d=33), __c=2, __d=86), __c=83, __d=73), __c=8, __d=22), __c=92, __d=19), __b=NT_0000_P_00001(__a=100, __b=81, __c=15), __c=8, __d=51), __b=NT_0000_P_00000(__a=NT_0000_P_00000(__a=NT_0000_P_00000(__a=NT_0000_P_00001(__a=82, __b=26, __c=83), __b=NT_0000_P_00001(__a=79, __b=0, __c=95), __c=24, __d=30), __b=NT_0000_P_00000(__a=NT_0000_P_00000(__a=NT_0000_P_00001(__a=68, __b=4, __c=59), __b=NT_0000_P_00001(__a=75, __b=11, __c=100), __c=40, __d=95), __b=NT_0000_P_00001(__a=94, __b=76, __c=9), __c=41, __d=67), __c=77, __d=86), __b=NT_0000_P_00000(__a=NT_0000_P_00000(__a=NT_0000_P_00001(__a=75, __b=11, __c=100), __b=NT_0000_P_00000(__a=NT_0000_P_00000(__a=NT_0000_P_00001(__a=14, __b=17, __c=54), __b=NT_0000_P_00000(__a=NT_0000_P_00001(__a=6, __b=32, __c=12), __b=NT_0000_P_00000(__a=NT_0000_P_00001(__a=56, __b=11, __c=61), __b=NT_0000_P_00001(__a=86, __b=82, __c=12), __c=34, __d=10), __c=46, __d=99), __c=34, __d=82), __b=NT_0000_P_00000(__a=NT_0000_P_00000(__a=NT_0000_P_00000(__a=NT_0000_P_00000(__a=NT_0000_P_00000(__a=NT_0000_P_00001(__a=79, __b=31, __c=78), __b=NT_0000_P_00001(__a=58, __b=5, __c=18), __c=54, __d=56), __b=NT_0000_P_00001(__a=17, __b=57, __c=39), __c=86, __d=40), __b=NT_0000_P_00001(__a=56, __b=55, __c=100), __c=76, __d=64), __b=NT_0000_P_00000(__a=NT_0000_P_00000(__a=NT_0000_P_00000(__a=NT_0000_P_00000(__a=NT_0000_P_00001(__a=32, __b=96, __c=40), __b=NT_0000_P_00001(__a=65, __b=17, __c=68), __c=1, __d=33), __b=NT_0000_P_00001(__a=83, __b=8, __c=55), __c=87, __d=47), __b=NT_0000_P_00001(__a=1, __b=93, __c=37), __c=4, __d=38), __b=NT_0000_P_00000(__a=NT_0000_P_00001(__a=13, __b=8, __c=86), __b=NT_0000_P_00000(__a=NT_0000_P_00000(__a=NT_0000_P_00001(__a=50, __b=35, __c=84), __b=NT_0000_P_00001(__a=74, __b=57, __c=94), __c=88, __d=36), __b=NT_0000_P_00001(__a=6, __b=24, __c=62), __c=73, __d=14), __c=42, __d=27), __c=25, __d=72), __c=24, __d=75), __b=NT_0000_P_00000(__a=NT_0000_P_00001(__a=75, __b=11, __c=100), __b=NT_0000_P_00001(__a=58, __b=5, __c=18), __c=54, __d=56), __c=92, __d=87), __c=60, __d=50), __c=11, __d=77), __b=NT_0000_P_00001(__a=50, __b=35, __c=84), __c=50, __d=68), __c=33, __d=39), __c=9, __d=1))"
393.0,14,92,70,8.920070886611938,30050,"NT_0019_P_00000(__a=NT_0000_P_00000(__a=NT_0000_P_00000(__a=NT_0000_P_00000(__a=NT_0000_P_00000(__a=NT_0000_P_00000(__a=NT_0000_P_00001(__a=32, __b=96, __c=40), __b=NT_0000_P_00000(__a=NT_0000_P_00001(__a=58, __b=65, __c=94), __b=NT_0000_P_00000(__a=NT_0000_P_00000(__a=NT_0000_P_00001(__a=37, __b=81, __c=62), __b=NT_0000_P_00000(__a=NT_0000_P_00001(__a=73, __b=78, __c=60), __b=NT_0000_P_00001(__a=1, __b=73, __c=57), __c=9, __d=12), __c=27, __d=43), __b=NT_0000_P_00000(__a=NT_0000_P_00000(__a=NT_0000_P_00001(__a=9, __b=8, __c=7), __b=NT_0000_P_00001(__a=4, __b=52, __c=58), __c=95, __d=93), __b=NT_0000_P_00001(__a=35, __b=58, __c=47), __c=29, __d=75), __c=93, __d=61), __c=54, __d=95), __c=83, __d=5), __b=NT_0000_P_00000(__a=NT_0000_P_00001(__a=10, __b=57, __c=67), __b=NT_0000_P_00001(__a=78, __b=35, __c=0), __c=99, __d=77), __c=68, __d=78), __b=NT_0000_P_00000(__a=NT_0000_P_00001(__a=89, __b=55, __c=12), __b=NT_0000_P_00000(__a=NT_0000_P_00001(__a=18, __b=41, __c=31), __b=NT_0000_P_00000(__a=NT_0000_P_00001(__a=66, __b=12, __c=66), __b=NT_0000_P_00000(__a=NT_0000_P_00000(__a=NT_0000_P_00000(__a=NT_0000_P_00001(__a=83, __b=89, __c=39), __b=NT_0000_P_00000(__a=NT_0000_P_00001(__a=100, __b=81, __c=15), __b=NT_0000_P_00000(__a=NT_0000_P_00000(__a=NT_0000_P_00001(__a=35, __b=58, __c=47), __b=NT_0000_P_00001(__a=6, __b=5, __c=3), __c=11, __d=41), __b=NT_0000_P_00001(__a=48, __b=39, __c=4), __c=5, __d=94), __c=25, __d=12), __c=73, __d=74), __b=NT_0000_P_00001(__a=52, __b=40, __c=57), __c=68, __d=66), __b=NT_0000_P_00001(__a=62, __b=99, __c=39), __c=60, __d=33), __c=2, __d=86), __c=83, __d=73), __c=8, __d=22), __c=92, __d=19), __b=NT_0000_P_00001(__a=100, __b=81, __c=15), __c=8, __d=51), __b=NT_0000_P_00000(__a=NT_0000_P_00000(__a=NT_0000_P_00000(__a=NT_0000_P_00001(__a=82, __b=26, __c=83), __b=NT_0000_P_00001(__a=79, __b=0, __c=95), __c=24, __d=30), __b=NT_0000_P_00000(__a=NT_0000_P_00000(__a=NT_0000_P_00001(__a=68, __b=4, __c=59), __b=NT_0000_P_00001(__a=75, __b=11, __c=100), __c=40, __d=95), __b=NT_0000_P_00001(__a=94, __b=76, __c=9), __c=41, __d=67), __c=77, __d=86), __b=NT_0000_P_00000(__a=NT_0000_P_00000(__a=NT_0000_P_00001(__a=75, __b=11, __c=100), __b=NT_0000_P_00000(__a=NT_0000_P_00000(__a=NT_0000_P_00001(__a=14, __b=17, __c=54), __b=NT_0000_P_00000(__a=NT_0000_P_00001(__a=6, __b=32, __c=12), __b=NT_0000_P_00000(__a=NT_0000_P_00001(__a=56, __b=11, __c=61), __b=NT_0000_P_00001(__a=86, __b=82, __c=12), __c=34, __d=10), __c=46, __d=99), __c=34, __d=82), __b=NT_0000_P_00000(__a=NT_0000_P_00000(__a=NT_0000_P_00000(__a=NT_0000_P_00000(__a=NT_0000_P_00000(__a=NT_0000_P_00001(__a=79, __b=31, __c=78), __b=NT_0000_P_00001(__a=58, __b=5, __c=18), __c=54, __d=56), __b=NT_0000_P_00001(__a=17, __b=57, __c=39), __c=86, __d=40), __b=NT_0000_P_00001(__a=56, __b=55, __c=100), __c=76, __d=64), __b=NT_0000_P_00000(__a=NT_0000_P_00000(__a=NT_0000_P_00000(__a=NT_0000_P_00000(__a=NT_0000_P_00001(__a=32, __b=96, __c=40), __b=NT_0000_P_00001(__a=65, __b=17, __c=68), __c=1, __d=33), __b=NT_0000_P_00001(__a=83, __b=8, __c=55), __c=87, __d=47), __b=NT_0000_P_00001(__a=1, __b=93, __c=37), __c=4, __d=38), __b=NT_0000_P_00000(__a=NT_0000_P_00001(__a=13, __b=8, __c=86), __b=NT_0000_P_00000(__a=NT_0000_P_00000(__a=NT_0000_P_00001(__a=50, __b=35, __c=84), __b=NT_0000_P_00001(__a=74, __b=57, __c=94), __c=88, __d=36), __b=NT_0000_P_00001(__a=6, __b=24, __c=62), __c=73, __d=14), __c=42, __d=27), __c=25, __d=72), __c=24, __d=75), __b=NT_0000_P_00000(__a=NT_0000_P_00001(__a=75, __b=11, __c=100), __b=NT_0000_P_00001(__a=58, __b=5, __c=18), __c=54, __d=56), __c=92, __d=87), __c=60, __d=50), __c=11, __d=77), __b=NT_0000_P_00001(__a=50, __b=35, __c=84), __c=50, __d=68), __c=33, __d=39), __c=9, __d=1))"
393.0,14,92,71,9.017496347427368,30050,"NT_0019_P_00000(__a=NT_0000_P_00000(__a=NT_0000_P_00000(__a=NT_0000_P_00000(__a=NT_0000_P_00000(__a=NT_0000_P_00000(__a=NT_0000_P_00001(__a=32, __b=96, __c=40), __b=NT_0000_P_00000(__a=NT_0000_P_00001(__a=58, __b=65, __c=94), __b=NT_0000_P_00000(__a=NT_0000_P_00000(__a=NT_0000_P_00001(__a=37, __b=81, __c=62), __b=NT_0000_P_00000(__a=NT_0000_P_00001(__a=73, __b=78, __c=60), __b=NT_0000_P_00001(__a=1, __b=73, __c=57), __c=9, __d=12), __c=27, __d=43), __b=NT_0000_P_00000(__a=NT_0000_P_00000(__a=NT_0000_P_00001(__a=9, __b=8, __c=7), __b=NT_0000_P_00001(__a=4, __b=52, __c=58), __c=95, __d=93), __b=NT_0000_P_00001(__a=35, __b=58, __c=47), __c=29, __d=75), __c=93, __d=61), __c=54, __d=95), __c=83, __d=5), __b=NT_0000_P_00000(__a=NT_0000_P_00001(__a=10, __b=57, __c=67), __b=NT_0000_P_00001(__a=78, __b=35, __c=0), __c=99, __d=77), __c=68, __d=78), __b=NT_0000_P_00000(__a=NT_0000_P_00001(__a=89, __b=55, __c=12), __b=NT_0000_P_00000(__a=NT_0000_P_00001(__a=18, __b=41, __c=31), __b=NT_0000_P_00000(__a=NT_0000_P_00001(__a=66, __b=12, __c=66), __b=NT_0000_P_00000(__a=NT_0000_P_00000(__a=NT_0000_P_00000(__a=NT_0000_P_00001(__a=83, __b=89, __c=39), __b=NT_0000_P_00000(__a=NT_0000_P_00001(__a=100, __b=81, __c=15), __b=NT_0000_P_00000(__a=NT_0000_P_00000(__a=NT_0000_P_00001(__a=35, __b=58, __c=47), __b=NT_0000_P_00001(__a=6, __b=5, __c=3), __c=11, __d=41), __b=NT_0000_P_00001(__a=48, __b=39, __c=4), __c=5, __d=94), __c=25, __d=12), __c=73, __d=74), __b=NT_0000_P_00001(__a=52, __b=40, __c=57), __c=68, __d=66), __b=NT_0000_P_00001(__a=62, __b=99, __c=39), __c=60, __d=33), __c=2, __d=86), __c=83, __d=73), __c=8, __d=22), __c=92, __d=19), __b=NT_0000_P_00001(__a=100, __b=81, __c=15), __c=8, __d=51), __b=NT_0000_P_00000(__a=NT_0000_P_00000(__a=NT_0000_P_00000(__a=NT_0000_P_00001(__a=82, __b=26, __c=83), __b=NT_0000_P_00001(__a=79, __b=0, __c=95), __c=24, __d=30), __b=NT_0000_P_00000(__a=NT_0000_P_00000(__a=NT_0000_P_00001(__a=68, __b=4, __c=59), __b=NT_0000_P_00001(__a=75, __b=11, __c=100), __c=40, __d=95), __b=NT_0000_P_00001(__a=94, __b=76, __c=9), __c=41, __d=67), __c=77, __d=86), __b=NT_0000_P_00000(__a=NT_0000_P_00000(__a=NT_0000_P_00001(__a=75, __b=11, __c=100), __b=NT_0000_P_00000(__a=NT_0000_P_00000(__a=NT_0000_P_00001(__a=14, __b=17, __c=54), __b=NT_0000_P_00000(__a=NT_0000_P_00001(__a=6, __b=32, __c=12), __b=NT_0000_P_00000(__a=NT_0000_P_00001(__a=56, __b=11, __c=61), __b=NT_0000_P_00001(__a=86, __b=82, __c=12), __c=34, __d=10), __c=46, __d=99), __c=34, __d=82), __b=NT_0000_P_00000(__a=NT_0000_P_00000(__a=NT_0000_P_00000(__a=NT_0000_P_00000(__a=NT_0000_P_00000(__a=NT_0000_P_00001(__a=79, __b=31, __c=78), __b=NT_0000_P_00001(__a=58, __b=5, __c=18), __c=54, __d=56), __b=NT_0000_P_00001(__a=17, __b=57, __c=39), __c=86, __d=40), __b=NT_0000_P_00001(__a=56, __b=55, __c=100), __c=76, __d=64), __b=NT_0000_P_00000(__a=NT_0000_P_00000(__a=NT_0000_P_00000(__a=NT_0000_P_00000(__a=NT_0000_P_00001(__a=32, __b=96, __c=40), __b=NT_0000_P_00001(__a=65, __b=17, __c=68), __c=1, __d=33), __b=NT_0000_P_00001(__a=83, __b=8, __c=55), __c=87, __d=47), __b=NT_0000_P_00001(__a=1, __b=93, __c=37), __c=4, __d=38), __b=NT_0000_P_00000(__a=NT_0000_P_00001(__a=13, __b=8, __c=86), __b=NT_0000_P_00000(__a=NT_0000_P_00000(__a=NT_0000_P_00001(__a=50, __b=35, __c=84), __b=NT_0000_P_00001(__a=74, __b=57, __c=94), __c=88, __d=36), __b=NT_0000_P_00001(__a=6, __b=24, __c=62), __c=73, __d=14), __c=42, __d=27), __c=25, __d=72), __c=24, __d=75), __b=NT_0000_P_00000(__a=NT_0000_P_00001(__a=75, __b=11, __c=100), __b=NT_0000_P_00001(__a=58, __b=5, __c=18), __c=54, __d=56), __c=92, __d=87), __c=60, __d=50), __c=11, __d=77), __b=NT_0000_P_00001(__a=50, __b=35, __c=84), __c=50, __d=68), __c=33, __d=39), __c=9, __d=1))"
393.0,14,92,72,9.082632541656494,30050,"NT_0019_P_00000(__a=NT_0000_P_00000(__a=NT_0000_P_00000(__a=NT_0000_P_00000(__a=NT_0000_P_00000(__a=NT_0000_P_00000(__a=NT_0000_P_00001(__a=32, __b=96, __c=40), __b=NT_0000_P_00000(__a=NT_0000_P_00001(__a=58, __b=65, __c=94), __b=NT_0000_P_00000(__a=NT_0000_P_00000(__a=NT_0000_P_00001(__a=37, __b=81, __c=62), __b=NT_0000_P_00000(__a=NT_0000_P_00001(__a=73, __b=78, __c=60), __b=NT_0000_P_00001(__a=1, __b=73, __c=57), __c=9, __d=12), __c=27, __d=43), __b=NT_0000_P_00000(__a=NT_0000_P_00000(__a=NT_0000_P_00001(__a=9, __b=8, __c=7), __b=NT_0000_P_00001(__a=4, __b=52, __c=58), __c=95, __d=93), __b=NT_0000_P_00001(__a=35, __b=58, __c=47), __c=29, __d=75), __c=93, __d=61), __c=54, __d=95), __c=83, __d=5), __b=NT_0000_P_00000(__a=NT_0000_P_00001(__a=10, __b=57, __c=67), __b=NT_0000_P_00001(__a=78, __b=35, __c=0), __c=99, __d=77), __c=68, __d=78), __b=NT_0000_P_00000(__a=NT_0000_P_00001(__a=89, __b=55, __c=12), __b=NT_0000_P_00000(__a=NT_0000_P_00001(__a=18, __b=41, __c=31), __b=NT_0000_P_00000(__a=NT_0000_P_00001(__a=66, __b=12, __c=66), __b=NT_0000_P_00000(__a=NT_0000_P_00000(__a=NT_0000_P_00000(__a=NT_0000_P_00001(__a=83, __b=89, __c=39), __b=NT_0000_P_00000(__a=NT_0000_P_00001(__a=100, __b=81, __c=15), __b=NT_0000_P_00000(__a=NT_0000_P_00000(__a=NT_0000_P_00001(__a=35, __b=58, __c=47), __b=NT_0000_P_00001(__a=6, __b=5, __c=3), __c=11, __d=41), __b=NT_0000_P_00001(__a=48, __b=39, __c=4), __c=5, __d=94), __c=25, __d=12), __c=73, __d=74), __b=NT_0000_P_00001(__a=52, __b=40, __c=57), __c=68, __d=66), __b=NT_0000_P_00001(__a=62, __b=99, __c=39), __c=60, __d=33), __c=2, __d=86), __c=83, __d=73), __c=8, __d=22), __c=92, __d=19), __b=NT_0000_P_00001(__a=100, __b=81, __c=15), __c=8, __d=51), __b=NT_0000_P_00000(__a=NT_0000_P_00000(__a=NT_0000_P_00000(__a=NT_0000_P_00001(__a=82, __b=26, __c=83), __b=NT_0000_P_00001(__a=79, __b=0, __c=95), __c=24, __d=30), __b=NT_0000_P_00000(__a=NT_0000_P_00000(__a=NT_0000_P_00001(__a=68, __b=4, __c=59), __b=NT_0000_P_00001(__a=75, __b=11, __c=100), __c=40, __d=95), __b=NT_0000_P_00001(__a=94, __b=76, __c=9), __c=41, __d=67), __c=77, __d=86), __b=NT_0000_P_00000(__a=NT_0000_P_00000(__a=NT_0000_P_00001(__a=75, __b=11, __c=100), __b=NT_0000_P_00000(__a=NT_0000_P_00000(__a=NT_0000_P_00001(__a=14, __b=17, __c=54), __b=NT_0000_P_00000(__a=NT_0000_P_00001(__a=6, __b=32, __c=12), __b=NT_0000_P_00000(__a=NT_0000_P_00001(__a=56, __b=11, __c=61), __b=NT_0000_P_00001(__a=86, __b=82, __c=12), __c=34, __d=10), __c=46, __d=99), __c=34, __d=82), __b=NT_0000_P_00000(__a=NT_0000_P_00000(__a=NT_0000_P_00000(__a=NT_0000_P_00000(__a=NT_0000_P_00000(__a=NT_0000_P_00001(__a=79, __b=31, __c=78), __b=NT_0000_P_00001(__a=58, __b=5, __c=18), __c=54, __d=56), __b=NT_0000_P_00001(__a=17, __b=57, __c=39), __c=86, __d=40), __b=NT_0000_P_00001(__a=56, __b=55, __c=100), __c=76, __d=64), __b=NT_0000_P_00000(__a=NT_0000_P_00000(__a=NT_0000_P_00000(__a=NT_0000_P_00000(__a=NT_0000_P_00001(__a=32, __b=96, __c=40), __b=NT_0000_P_00001(__a=65, __b=17, __c=68), __c=1, __d=33), __b=NT_0000_P_00001(__a=83, __b=8, __c=55), __c=87, __d=47), __b=NT_0000_P_00001(__a=1, __b=93, __c=37), __c=4, __d=38), __b=NT_0000_P_00000(__a=NT_0000_P_00001(__a=13, __b=8, __c=86), __b=NT_0000_P_00000(__a=NT_0000_P_00000(__a=NT_0000_P_00001(__a=50, __b=35, __c=84), __b=NT_0000_P_00001(__a=74, __b=57, __c=94), __c=88, __d=36), __b=NT_0000_P_00001(__a=6, __b=24, __c=62), __c=73, __d=14), __c=42, __d=27), __c=25, __d=72), __c=24, __d=75), __b=NT_0000_P_00000(__a=NT_0000_P_00001(__a=75, __b=11, __c=100), __b=NT_0000_P_00001(__a=58, __b=5, __c=18), __c=54, __d=56), __c=92, __d=87), __c=60, __d=50), __c=11, __d=77), __b=NT_0000_P_00001(__a=50, __b=35, __c=84), __c=50, __d=68), __c=33, __d=39), __c=9, __d=1))"
393.0,14,92,73,9.150097846984863,30050,"NT_0019_P_00000(__a=NT_0000_P_00000(__a=NT_0000_P_00000(__a=NT_0000_P_00000(__a=NT_0000_P_00000(__a=NT_0000_P_00000(__a=NT_0000_P_00001(__a=32, __b=96, __c=40), __b=NT_0000_P_00000(__a=NT_0000_P_00001(__a=58, __b=65, __c=94), __b=NT_0000_P_00000(__a=NT_0000_P_00000(__a=NT_0000_P_00001(__a=37, __b=81, __c=62), __b=NT_0000_P_00000(__a=NT_0000_P_00001(__a=73, __b=78, __c=60), __b=NT_0000_P_00001(__a=1, __b=73, __c=57), __c=9, __d=12), __c=27, __d=43), __b=NT_0000_P_00000(__a=NT_0000_P_00000(__a=NT_0000_P_00001(__a=9, __b=8, __c=7), __b=NT_0000_P_00001(__a=4, __b=52, __c=58), __c=95, __d=93), __b=NT_0000_P_00001(__a=35, __b=58, __c=47), __c=29, __d=75), __c=93, __d=61), __c=54, __d=95), __c=83, __d=5), __b=NT_0000_P_00000(__a=NT_0000_P_00001(__a=10, __b=57, __c=67), __b=NT_0000_P_00001(__a=78, __b=35, __c=0), __c=99, __d=77), __c=68, __d=78), __b=NT_0000_P_00000(__a=NT_0000_P_00001(__a=89, __b=55, __c=12), __b=NT_0000_P_00000(__a=NT_0000_P_00001(__a=18, __b=41, __c=31), __b=NT_0000_P_00000(__a=NT_0000_P_00001(__a=66, __b=12, __c=66), __b=NT_0000_P_00000(__a=NT_0000_P_00000(__a=NT_0000_P_00000(__a=NT_0000_P_00001(__a=83, __b=89, __c=39), __b=NT_0000_P_00000(__a=NT_0000_P_00001(__a=100, __b=81, __c=15), __b=NT_0000_P_00000(__a=NT_0000_P_00000(__a=NT_0000_P_00001(__a=35, __b=58, __c=47), __b=NT_0000_P_00001(__a=6, __b=5, __c=3), __c=11, __d=41), __b=NT_0000_P_00001(__a=48, __b=39, __c=4), __c=5, __d=94), __c=25, __d=12), __c=73, __d=74), __b=NT_0000_P_00001(__a=52, __b=40, __c=57), __c=68, __d=66), __b=NT_0000_P_00001(__a=62, __b=99, __c=39), __c=60, __d=33), __c=2, __d=86), __c=83, __d=73), __c=8, __d=22), __c=92, __d=19), __b=NT_0000_P_00001(__a=100, __b=81, __c=15), __c=8, __d=51), __b=NT_0000_P_00000(__a=NT_0000_P_00000(__a=NT_0000_P_00000(__a=NT_0000_P_00001(__a=82, __b=26, __c=83), __b=NT_0000_P_00001(__a=79, __b=0, __c=95), __c=24, __d=30), __b=NT_0000_P_00000(__a=NT_0000_P_00000(__a=NT_0000_P_00001(__a=68, __b=4, __c=59), __b=NT_0000_P_00001(__a=75, __b=11, __c=100), __c=40, __d=95), __b=NT_0000_P_00001(__a=94, __b=76, __c=9), __c=41, __d=67), __c=77, __d=86), __b=NT_0000_P_00000(__a=NT_0000_P_00000(__a=NT_0000_P_00001(__a=75, __b=11, __c=100), __b=NT_0000_P_00000(__a=NT_0000_P_00000(__a=NT_0000_P_00001(__a=14, __b=17, __c=54), __b=NT_0000_P_00000(__a=NT_0000_P_00001(__a=6, __b=32, __c=12), __b=NT_0000_P_00000(__a=NT_0000_P_00001(__a=56, __b=11, __c=61), __b=NT_0000_P_00001(__a=86, __b=82, __c=12), __c=34, __d=10), __c=46, __d=99), __c=34, __d=82), __b=NT_0000_P_00000(__a=NT_0000_P_00000(__a=NT_0000_P_00000(__a=NT_0000_P_00000(__a=NT_0000_P_00000(__a=NT_0000_P_00001(__a=79, __b=31, __c=78), __b=NT_0000_P_00001(__a=58, __b=5, __c=18), __c=54, __d=56), __b=NT_0000_P_00001(__a=17, __b=57, __c=39), __c=86, __d=40), __b=NT_0000_P_00001(__a=56, __b=55, __c=100), __c=76, __d=64), __b=NT_0000_P_00000(__a=NT_0000_P_00000(__a=NT_0000_P_00000(__a=NT_0000_P_00000(__a=NT_0000_P_00001(__a=32, __b=96, __c=40), __b=NT_0000_P_00001(__a=65, __b=17, __c=68), __c=1, __d=33), __b=NT_0000_P_00001(__a=83, __b=8, __c=55), __c=87, __d=47), __b=NT_0000_P_00001(__a=1, __b=93, __c=37), __c=4, __d=38), __b=NT_0000_P_00000(__a=NT_0000_P_00001(__a=13, __b=8, __c=86), __b=NT_0000_P_00000(__a=NT_0000_P_00000(__a=NT_0000_P_00001(__a=50, __b=35, __c=84), __b=NT_0000_P_00001(__a=74, __b=57, __c=94), __c=88, __d=36), __b=NT_0000_P_00001(__a=6, __b=24, __c=62), __c=73, __d=14), __c=42, __d=27), __c=25, __d=72), __c=24, __d=75), __b=NT_0000_P_00000(__a=NT_0000_P_00001(__a=75, __b=11, __c=100), __b=NT_0000_P_00001(__a=58, __b=5, __c=18), __c=54, __d=56), __c=92, __d=87), __c=60, __d=50), __c=11, __d=77), __b=NT_0000_P_00001(__a=50, __b=35, __c=84), __c=50, __d=68), __c=33, __d=39), __c=9, __d=1))"
393.0,14,92,74,9.206700563430786,30050,"NT_0019_P_00000(__a=NT_0000_P_00000(__a=NT_0000_P_00000(__a=NT_0000_P_00000(__a=NT_0000_P_00000(__a=NT_0000_P_00000(__a=NT_0000_P_00001(__a=32, __b=96, __c=40), __b=NT_0000_P_00000(__a=NT_0000_P_00001(__a=58, __b=65, __c=94), __b=NT_0000_P_00000(__a=NT_0000_P_00000(__a=NT_0000_P_00001(__a=37, __b=81, __c=62), __b=NT_0000_P_00000(__a=NT_0000_P_00001(__a=73, __b=78, __c=60), __b=NT_0000_P_00001(__a=1, __b=73, __c=57), __c=9, __d=12), __c=27, __d=43), __b=NT_0000_P_00000(__a=NT_0000_P_00000(__a=NT_0000_P_00001(__a=9, __b=8, __c=7), __b=NT_0000_P_00001(__a=4, __b=52, __c=58), __c=95, __d=93), __b=NT_0000_P_00001(__a=35, __b=58, __c=47), __c=29, __d=75), __c=93, __d=61), __c=54, __d=95), __c=83, __d=5), __b=NT_0000_P_00000(__a=NT_0000_P_00001(__a=10, __b=57, __c=67), __b=NT_0000_P_00001(__a=78, __b=35, __c=0), __c=99, __d=77), __c=68, __d=78), __b=NT_0000_P_00000(__a=NT_0000_P_00001(__a=89, __b=55, __c=12), __b=NT_0000_P_00000(__a=NT_0000_P_00001(__a=18, __b=41, __c=31), __b=NT_0000_P_00000(__a=NT_0000_P_00001(__a=66, __b=12, __c=66), __b=NT_0000_P_00000(__a=NT_0000_P_00000(__a=NT_0000_P_00000(__a=NT_0000_P_00001(__a=83, __b=89, __c=39), __b=NT_0000_P_00000(__a=NT_0000_P_00001(__a=100, __b=81, __c=15), __b=NT_0000_P_00000(__a=NT_0000_P_00000(__a=NT_0000_P_00001(__a=35, __b=58, __c=47), __b=NT_0000_P_00001(__a=6, __b=5, __c=3), __c=11, __d=41), __b=NT_0000_P_00001(__a=48, __b=39, __c=4), __c=5, __d=94), __c=25, __d=12), __c=73, __d=74), __b=NT_0000_P_00001(__a=52, __b=40, __c=57), __c=68, __d=66), __b=NT_0000_P_00001(__a=62, __b=99, __c=39), __c=60, __d=33), __c=2, __d=86), __c=83, __d=73), __c=8, __d=22), __c=92, __d=19), __b=NT_0000_P_00001(__a=100, __b=81, __c=15), __c=8, __d=51), __b=NT_0000_P_00000(__a=NT_0000_P_00000(__a=NT_0000_P_00000(__a=NT_0000_P_00001(__a=82, __b=26, __c=83), __b=NT_0000_P_00001(__a=79, __b=0, __c=95), __c=24, __d=30), __b=NT_0000_P_00000(__a=NT_0000_P_00000(__a=NT_0000_P_00001(__a=68, __b=4, __c=59), __b=NT_0000_P_00001(__a=75, __b=11, __c=100), __c=40, __d=95), __b=NT_0000_P_00001(__a=94, __b=76, __c=9), __c=41, __d=67), __c=77, __d=86), __b=NT_0000_P_00000(__a=NT_0000_P_00000(__a=NT_0000_P_00001(__a=75, __b=11, __c=100), __b=NT_0000_P_00000(__a=NT_0000_P_00000(__a=NT_0000_P_00001(__a=14, __b=17, __c=54), __b=NT_0000_P_00000(__a=NT_0000_P_00001(__a=6, __b=32, __c=12), __b=NT_0000_P_00000(__a=NT_0000_P_00001(__a=56, __b=11, __c=61), __b=NT_0000_P_00001(__a=86, __b=82, __c=12), __c=34, __d=10), __c=46, __d=99), __c=34, __d=82), __b=NT_0000_P_00000(__a=NT_0000_P_00000(__a=NT_0000_P_00000(__a=NT_0000_P_00000(__a=NT_0000_P_00000(__a=NT_0000_P_00001(__a=79, __b=31, __c=78), __b=NT_0000_P_00001(__a=58, __b=5, __c=18), __c=54, __d=56), __b=NT_0000_P_00001(__a=17, __b=57, __c=39), __c=86, __d=40), __b=NT_0000_P_00001(__a=56, __b=55, __c=100), __c=76, __d=64), __b=NT_0000_P_00000(__a=NT_0000_P_00000(__a=NT_0000_P_00000(__a=NT_0000_P_00000(__a=NT_0000_P_00001(__a=32, __b=96, __c=40), __b=NT_0000_P_00001(__a=65, __b=17, __c=68), __c=1, __d=33), __b=NT_0000_P_00001(__a=83, __b=8, __c=55), __c=87, __d=47), __b=NT_0000_P_00001(__a=1, __b=93, __c=37), __c=4, __d=38), __b=NT_0000_P_00000(__a=NT_0000_P_00001(__a=13, __b=8, __c=86), __b=NT_0000_P_00000(__a=NT_0000_P_00000(__a=NT_0000_P_00001(__a=50, __b=35, __c=84), __b=NT_0000_P_00001(__a=74, __b=57, __c=94), __c=88, __d=36), __b=NT_0000_P_00001(__a=6, __b=24, __c=62), __c=73, __d=14), __c=42, __d=27), __c=25, __d=72), __c=24, __d=75), __b=NT_0000_P_00000(__a=NT_0000_P_00001(__a=75, __b=11, __c=100), __b=NT_0000_P_00001(__a=58, __b=5, __c=18), __c=54, __d=56), __c=92, __d=87), __c=60, __d=50), __c=11, __d=77), __b=NT_0000_P_00001(__a=50, __b=35, __c=84), __c=50, __d=68), __c=33, __d=39), __c=9, __d=1))"
393.0,14,92,75,9.253629207611084,30050,"NT_0019_P_00000(__a=NT_0000_P_00000(__a=NT_0000_P_00000(__a=NT_0000_P_00000(__a=NT_0000_P_00000(__a=NT_0000_P_00000(__a=NT_0000_P_00001(__a=32, __b=96, __c=40), __b=NT_0000_P_00000(__a=NT_0000_P_00001(__a=58, __b=65, __c=94), __b=NT_0000_P_00000(__a=NT_0000_P_00000(__a=NT_0000_P_00001(__a=37, __b=81, __c=62), __b=NT_0000_P_00000(__a=NT_0000_P_00001(__a=73, __b=78, __c=60), __b=NT_0000_P_00001(__a=1, __b=73, __c=57), __c=9, __d=12), __c=27, __d=43), __b=NT_0000_P_00000(__a=NT_0000_P_00000(__a=NT_0000_P_00001(__a=9, __b=8, __c=7), __b=NT_0000_P_00001(__a=4, __b=52, __c=58), __c=95, __d=93), __b=NT_0000_P_00001(__a=35, __b=58, __c=47), __c=29, __d=75), __c=93, __d=61), __c=54, __d=95), __c=83, __d=5), __b=NT_0000_P_00000(__a=NT_0000_P_00001(__a=10, __b=57, __c=67), __b=NT_0000_P_00001(__a=78, __b=35, __c=0), __c=99, __d=77), __c=68, __d=78), __b=NT_0000_P_00000(__a=NT_0000_P_00001(__a=89, __b=55, __c=12), __b=NT_0000_P_00000(__a=NT_0000_P_00001(__a=18, __b=41, __c=31), __b=NT_0000_P_00000(__a=NT_0000_P_00001(__a=66, __b=12, __c=66), __b=NT_0000_P_00000(__a=NT_0000_P_00000(__a=NT_0000_P_00000(__a=NT_0000_P_00001(__a=83, __b=89, __c=39), __b=NT_0000_P_00000(__a=NT_0000_P_00001(__a=100, __b=81, __c=15), __b=NT_0000_P_00000(__a=NT_0000_P_00000(__a=NT_0000_P_00001(__a=35, __b=58, __c=47), __b=NT_0000_P_00001(__a=6, __b=5, __c=3), __c=11, __d=41), __b=NT_0000_P_00001(__a=48, __b=39, __c=4), __c=5, __d=94), __c=25, __d=12), __c=73, __d=74), __b=NT_0000_P_00001(__a=52, __b=40, __c=57), __c=68, __d=66), __b=NT_0000_P_00001(__a=62, __b=99, __c=39), __c=60, __d=33), __c=2, __d=86), __c=83, __d=73), __c=8, __d=22), __c=92, __d=19), __b=NT_0000_P_00001(__a=100, __b=81, __c=15), __c=8, __d=51), __b=NT_0000_P_00000(__a=NT_0000_P_00000(__a=NT_0000_P_00000(__a=NT_0000_P_00001(__a=82, __b=26, __c=83), __b=NT_0000_P_00001(__a=79, __b=0, __c=95), __c=24, __d=30), __b=NT_0000_P_00000(__a=NT_0000_P_00000(__a=NT_0000_P_00001(__a=68, __b=4, __c=59), __b=NT_0000_P_00001(__a=75, __b=11, __c=100), __c=40, __d=95), __b=NT_0000_P_00001(__a=94, __b=76, __c=9), __c=41, __d=67), __c=77, __d=86), __b=NT_0000_P_00000(__a=NT_0000_P_00000(__a=NT_0000_P_00001(__a=75, __b=11, __c=100), __b=NT_0000_P_00000(__a=NT_0000_P_00000(__a=NT_0000_P_00001(__a=14, __b=17, __c=54), __b=NT_0000_P_00000(__a=NT_0000_P_00001(__a=6, __b=32, __c=12), __b=NT_0000_P_00000(__a=NT_0000_P_00001(__a=56, __b=11, __c=61), __b=NT_0000_P_00001(__a=86, __b=82, __c=12), __c=34, __d=10), __c=46, __d=99), __c=34, __d=82), __b=NT_0000_P_00000(__a=NT_0000_P_00000(__a=NT_0000_P_00000(__a=NT_0000_P_00000(__a=NT_0000_P_00000(__a=NT_0000_P_00001(__a=79, __b=31, __c=78), __b=NT_0000_P_00001(__a=58, __b=5, __c=18), __c=54, __d=56), __b=NT_0000_P_00001(__a=17, __b=57, __c=39), __c=86, __d=40), __b=NT_0000_P_00001(__a=56, __b=55, __c=100), __c=76, __d=64), __b=NT_0000_P_00000(__a=NT_0000_P_00000(__a=NT_0000_P_00000(__a=NT_0000_P_00000(__a=NT_0000_P_00001(__a=32, __b=96, __c=40), __b=NT_0000_P_00001(__a=65, __b=17, __c=68), __c=1, __d=33), __b=NT_0000_P_00001(__a=83, __b=8, __c=55), __c=87, __d=47), __b=NT_0000_P_00001(__a=1, __b=93, __c=37), __c=4, __d=38), __b=NT_0000_P_00000(__a=NT_0000_P_00001(__a=13, __b=8, __c=86), __b=NT_0000_P_00000(__a=NT_0000_P_00000(__a=NT_0000_P_00001(__a=50, __b=35, __c=84), __b=NT_0000_P_00001(__a=74, __b=57, __c=94), __c=88, __d=36), __b=NT_0000_P_00001(__a=6, __b=24, __c=62), __c=73, __d=14), __c=42, __d=27), __c=25, __d=72), __c=24, __d=75), __b=NT_0000_P_00000(__a=NT_0000_P_00001(__a=75, __b=11, __c=100), __b=NT_0000_P_00001(__a=58, __b=5, __c=18), __c=54, __d=56), __c=92, __d=87), __c=60, __d=50), __c=11, __d=77), __b=NT_0000_P_00001(__a=50, __b=35, __c=84), __c=50, __d=68), __c=33, __d=39), __c=9, __d=1))"
393.0,14,92,76,9.295778036117554,30050,"NT_0019_P_00000(__a=NT_0000_P_00000(__a=NT_0000_P_00000(__a=NT_0000_P_00000(__a=NT_0000_P_00000(__a=NT_0000_P_00000(__a=NT_0000_P_00001(__a=32, __b=96, __c=40), __b=NT_0000_P_00000(__a=NT_0000_P_00001(__a=58, __b=65, __c=94), __b=NT_0000_P_00000(__a=NT_0000_P_00000(__a=NT_0000_P_00001(__a=37, __b=81, __c=62), __b=NT_0000_P_00000(__a=NT_0000_P_00001(__a=73, __b=78, __c=60), __b=NT_0000_P_00001(__a=1, __b=73, __c=57), __c=9, __d=12), __c=27, __d=43), __b=NT_0000_P_00000(__a=NT_0000_P_00000(__a=NT_0000_P_00001(__a=9, __b=8, __c=7), __b=NT_0000_P_00001(__a=4, __b=52, __c=58), __c=95, __d=93), __b=NT_0000_P_00001(__a=35, __b=58, __c=47), __c=29, __d=75), __c=93, __d=61), __c=54, __d=95), __c=83, __d=5), __b=NT_0000_P_00000(__a=NT_0000_P_00001(__a=10, __b=57, __c=67), __b=NT_0000_P_00001(__a=78, __b=35, __c=0), __c=99, __d=77), __c=68, __d=78), __b=NT_0000_P_00000(__a=NT_0000_P_00001(__a=89, __b=55, __c=12), __b=NT_0000_P_00000(__a=NT_0000_P_00001(__a=18, __b=41, __c=31), __b=NT_0000_P_00000(__a=NT_0000_P_00001(__a=66, __b=12, __c=66), __b=NT_0000_P_00000(__a=NT_0000_P_00000(__a=NT_0000_P_00000(__a=NT_0000_P_00001(__a=83, __b=89, __c=39), __b=NT_0000_P_00000(__a=NT_0000_P_00001(__a=100, __b=81, __c=15), __b=NT_0000_P_00000(__a=NT_0000_P_00000(__a=NT_0000_P_00001(__a=35, __b=58, __c=47), __b=NT_0000_P_00001(__a=6, __b=5, __c=3), __c=11, __d=41), __b=NT_0000_P_00001(__a=48, __b=39, __c=4), __c=5, __d=94), __c=25, __d=12), __c=73, __d=74), __b=NT_0000_P_00001(__a=52, __b=40, __c=57), __c=68, __d=66), __b=NT_0000_P_00001(__a=62, __b=99, __c=39), __c=60, __d=33), __c=2, __d=86), __c=83, __d=73), __c=8, __d=22), __c=92, __d=19), __b=NT_0000_P_00001(__a=100, __b=81, __c=15), __c=8, __d=51), __b=NT_0000_P_00000(__a=NT_0000_P_00000(__a=NT_0000_P_00000(__a=NT_0000_P_00001(__a=82, __b=26, __c=83), __b=NT_0000_P_00001(__a=79, __b=0, __c=95), __c=24, __d=30), __b=NT_0000_P_00000(__a=NT_0000_P_00000(__a=NT_0000_P_00001(__a=68, __b=4, __c=59), __b=NT_0000_P_00001(__a=75, __b=11, __c=100), __c=40, __d=95), __b=NT_0000_P_00001(__a=94, __b=76, __c=9), __c=41, __d=67), __c=77, __d=86), __b=NT_0000_P_00000(__a=NT_0000_P_00000(__a=NT_0000_P_00001(__a=75, __b=11, __c=100), __b=NT_0000_P_00000(__a=NT_0000_P_00000(__a=NT_0000_P_00001(__a=14, __b=17, __c=54), __b=NT_0000_P_00000(__a=NT_0000_P_00001(__a=6, __b=32, __c=12), __b=NT_0000_P_00000(__a=NT_0000_P_00001(__a=56, __b=11, __c=61), __b=NT_0000_P_00001(__a=86, __b=82, __c=12), __c=34, __d=10), __c=46, __d=99), __c=34, __d=82), __b=NT_0000_P_00000(__a=NT_0000_P_00000(__a=NT_0000_P_00000(__a=NT_0000_P_00000(__a=NT_0000_P_00000(__a=NT_0000_P_00001(__a=79, __b=31, __c=78), __b=NT_0000_P_00001(__a=58, __b=5, __c=18), __c=54, __d=56), __b=NT_0000_P_00001(__a=17, __b=57, __c=39), __c=86, __d=40), __b=NT_0000_P_00001(__a=56, __b=55, __c=100), __c=76, __d=64), __b=NT_0000_P_00000(__a=NT_0000_P_00000(__a=NT_0000_P_00000(__a=NT_0000_P_00000(__a=NT_0000_P_00001(__a=32, __b=96, __c=40), __b=NT_0000_P_00001(__a=65, __b=17, __c=68), __c=1, __d=33), __b=NT_0000_P_00001(__a=83, __b=8, __c=55), __c=87, __d=47), __b=NT_0000_P_00001(__a=1, __b=93, __c=37), __c=4, __d=38), __b=NT_0000_P_00000(__a=NT_0000_P_00001(__a=13, __b=8, __c=86), __b=NT_0000_P_00000(__a=NT_0000_P_00000(__a=NT_0000_P_00001(__a=50, __b=35, __c=84), __b=NT_0000_P_00001(__a=74, __b=57, __c=94), __c=88, __d=36), __b=NT_0000_P_00001(__a=6, __b=24, __c=62), __c=73, __d=14), __c=42, __d=27), __c=25, __d=72), __c=24, __d=75), __b=NT_0000_P_00000(__a=NT_0000_P_00001(__a=75, __b=11, __c=100), __b=NT_0000_P_00001(__a=58, __b=5, __c=18), __c=54, __d=56), __c=92, __d=87), __c=60, __d=50), __c=11, __d=77), __b=NT_0000_P_00001(__a=50, __b=35, __c=84), __c=50, __d=68), __c=33, __d=39), __c=9, __d=1))"
393.0,14,92,77,9.350538492202759,30050,"NT_0019_P_00000(__a=NT_0000_P_00000(__a=NT_0000_P_00000(__a=NT_0000_P_00000(__a=NT_0000_P_00000(__a=NT_0000_P_00000(__a=NT_0000_P_00001(__a=32, __b=96, __c=40), __b=NT_0000_P_00000(__a=NT_0000_P_00001(__a=58, __b=65, __c=94), __b=NT_0000_P_00000(__a=NT_0000_P_00000(__a=NT_0000_P_00001(__a=37, __b=81, __c=62), __b=NT_0000_P_00000(__a=NT_0000_P_00001(__a=73, __b=78, __c=60), __b=NT_0000_P_00001(__a=1, __b=73, __c=57), __c=9, __d=12), __c=27, __d=43), __b=NT_0000_P_00000(__a=NT_0000_P_00000(__a=NT_0000_P_00001(__a=9, __b=8, __c=7), __b=NT_0000_P_00001(__a=4, __b=52, __c=58), __c=95, __d=93), __b=NT_0000_P_00001(__a=35, __b=58, __c=47), __c=29, __d=75), __c=93, __d=61), __c=54, __d=95), __c=83, __d=5), __b=NT_0000_P_00000(__a=NT_0000_P_00001(__a=10, __b=57, __c=67), __b=NT_0000_P_00001(__a=78, __b=35, __c=0), __c=99, __d=77), __c=68, __d=78), __b=NT_0000_P_00000(__a=NT_0000_P_00001(__a=89, __b=55, __c=12), __b=NT_0000_P_00000(__a=NT_0000_P_00001(__a=18, __b=41, __c=31), __b=NT_0000_P_00000(__a=NT_0000_P_00001(__a=66, __b=12, __c=66), __b=NT_0000_P_00000(__a=NT_0000_P_00000(__a=NT_0000_P_00000(__a=NT_0000_P_00001(__a=83, __b=89, __c=39), __b=NT_0000_P_00000(__a=NT_0000_P_00001(__a=100, __b=81, __c=15), __b=NT_0000_P_00000(__a=NT_0000_P_00000(__a=NT_0000_P_00001(__a=35, __b=58, __c=47), __b=NT_0000_P_00001(__a=6, __b=5, __c=3), __c=11, __d=41), __b=NT_0000_P_00001(__a=48, __b=39, __c=4), __c=5, __d=94), __c=25, __d=12), __c=73, __d=74), __b=NT_0000_P_00001(__a=52, __b=40, __c=57), __c=68, __d=66), __b=NT_0000_P_00001(__a=62, __b=99, __c=39), __c=60, __d=33), __c=2, __d=86), __c=83, __d=73), __c=8, __d=22), __c=92, __d=19), __b=NT_0000_P_00001(__a=100, __b=81, __c=15), __c=8, __d=51), __b=NT_0000_P_00000(__a=NT_0000_P_00000(__a=NT_0000_P_00000(__a=NT_0000_P_00001(__a=82, __b=26, __c=83), __b=NT_0000_P_00001(__a=79, __b=0, __c=95), __c=24, __d=30), __b=NT_0000_P_00000(__a=NT_0000_P_00000(__a=NT_0000_P_00001(__a=68, __b=4, __c=59), __b=NT_0000_P_00001(__a=75, __b=11, __c=100), __c=40, __d=95), __b=NT_0000_P_00001(__a=94, __b=76, __c=9), __c=41, __d=67), __c=77, __d=86), __b=NT_0000_P_00000(__a=NT_0000_P_00000(__a=NT_0000_P_00001(__a=75, __b=11, __c=100), __b=NT_0000_P_00000(__a=NT_0000_P_00000(__a=NT_0000_P_00001(__a=14, __b=17, __c=54), __b=NT_0000_P_00000(__a=NT_0000_P_00001(__a=6, __b=32, __c=12), __b=NT_0000_P_00000(__a=NT_0000_P_00001(__a=56, __b=11, __c=61), __b=NT_0000_P_00001(__a=86, __b=82, __c=12), __c=34, __d=10), __c=46, __d=99), __c=34, __d=82), __b=NT_0000_P_00000(__a=NT_0000_P_00000(__a=NT_0000_P_00000(__a=NT_0000_P_00000(__a=NT_0000_P_00000(__a=NT_0000_P_00001(__a=79, __b=31, __c=78), __b=NT_0000_P_00001(__a=58, __b=5, __c=18), __c=54, __d=56), __b=NT_0000_P_00001(__a=17, __b=57, __c=39), __c=86, __d=40), __b=NT_0000_P_00001(__a=56, __b=55, __c=100), __c=76, __d=64), __b=NT_0000_P_00000(__a=NT_0000_P_00000(__a=NT_0000_P_00000(__a=NT_0000_P_00000(__a=NT_0000_P_00001(__a=32, __b=96, __c=40), __b=NT_0000_P_00001(__a=65, __b=17, __c=68), __c=1, __d=33), __b=NT_0000_P_00001(__a=83, __b=8, __c=55), __c=87, __d=47), __b=NT_0000_P_00001(__a=1, __b=93, __c=37), __c=4, __d=38), __b=NT_0000_P_00000(__a=NT_0000_P_00001(__a=13, __b=8, __c=86), __b=NT_0000_P_00000(__a=NT_0000_P_00000(__a=NT_0000_P_00001(__a=50, __b=35, __c=84), __b=NT_0000_P_00001(__a=74, __b=57, __c=94), __c=88, __d=36), __b=NT_0000_P_00001(__a=6, __b=24, __c=62), __c=73, __d=14), __c=42, __d=27), __c=25, __d=72), __c=24, __d=75), __b=NT_0000_P_00000(__a=NT_0000_P_00001(__a=75, __b=11, __c=100), __b=NT_0000_P_00001(__a=58, __b=5, __c=18), __c=54, __d=56), __c=92, __d=87), __c=60, __d=50), __c=11, __d=77), __b=NT_0000_P_00001(__a=50, __b=35, __c=84), __c=50, __d=68), __c=33, __d=39), __c=9, __d=1))"
393.0,14,92,78,9.398866653442383,30050,"NT_0019_P_00000(__a=NT_0000_P_00000(__a=NT_0000_P_00000(__a=NT_0000_P_00000(__a=NT_0000_P_00000(__a=NT_0000_P_00000(__a=NT_0000_P_00001(__a=32, __b=96, __c=40), __b=NT_0000_P_00000(__a=NT_0000_P_00001(__a=58, __b=65, __c=94), __b=NT_0000_P_00000(__a=NT_0000_P_00000(__a=NT_0000_P_00001(__a=37, __b=81, __c=62), __b=NT_0000_P_00000(__a=NT_0000_P_00001(__a=73, __b=78, __c=60), __b=NT_0000_P_00001(__a=1, __b=73, __c=57), __c=9, __d=12), __c=27, __d=43), __b=NT_0000_P_00000(__a=NT_0000_P_00000(__a=NT_0000_P_00001(__a=9, __b=8, __c=7), __b=NT_0000_P_00001(__a=4, __b=52, __c=58), __c=95, __d=93), __b=NT_0000_P_00001(__a=35, __b=58, __c=47), __c=29, __d=75), __c=93, __d=61), __c=54, __d=95), __c=83, __d=5), __b=NT_0000_P_00000(__a=NT_0000_P_00001(__a=10, __b=57, __c=67), __b=NT_0000_P_00001(__a=78, __b=35, __c=0), __c=99, __d=77), __c=68, __d=78), __b=NT_0000_P_00000(__a=NT_0000_P_00001(__a=89, __b=55, __c=12), __b=NT_0000_P_00000(__a=NT_0000_P_00001(__a=18, __b=41, __c=31), __b=NT_0000_P_00000(__a=NT_0000_P_00001(__a=66, __b=12, __c=66), __b=NT_0000_P_00000(__a=NT_0000_P_00000(__a=NT_0000_P_00000(__a=NT_0000_P_00001(__a=83, __b=89, __c=39), __b=NT_0000_P_00000(__a=NT_0000_P_00001(__a=100, __b=81, __c=15), __b=NT_0000_P_00000(__a=NT_0000_P_00000(__a=NT_0000_P_00001(__a=35, __b=58, __c=47), __b=NT_0000_P_00001(__a=6, __b=5, __c=3), __c=11, __d=41), __b=NT_0000_P_00001(__a=48, __b=39, __c=4), __c=5, __d=94), __c=25, __d=12), __c=73, __d=74), __b=NT_0000_P_00001(__a=52, __b=40, __c=57), __c=68, __d=66), __b=NT_0000_P_00001(__a=62, __b=99, __c=39), __c=60, __d=33), __c=2, __d=86), __c=83, __d=73), __c=8, __d=22), __c=92, __d=19), __b=NT_0000_P_00001(__a=100, __b=81, __c=15), __c=8, __d=51), __b=NT_0000_P_00000(__a=NT_0000_P_00000(__a=NT_0000_P_00000(__a=NT_0000_P_00001(__a=82, __b=26, __c=83), __b=NT_0000_P_00001(__a=79, __b=0, __c=95), __c=24, __d=30), __b=NT_0000_P_00000(__a=NT_0000_P_00000(__a=NT_0000_P_00001(__a=68, __b=4, __c=59), __b=NT_0000_P_00001(__a=75, __b=11, __c=100), __c=40, __d=95), __b=NT_0000_P_00001(__a=94, __b=76, __c=9), __c=41, __d=67), __c=77, __d=86), __b=NT_0000_P_00000(__a=NT_0000_P_00000(__a=NT_0000_P_00001(__a=75, __b=11, __c=100), __b=NT_0000_P_00000(__a=NT_0000_P_00000(__a=NT_0000_P_00001(__a=14, __b=17, __c=54), __b=NT_0000_P_00000(__a=NT_0000_P_00001(__a=6, __b=32, __c=12), __b=NT_0000_P_00000(__a=NT_0000_P_00001(__a=56, __b=11, __c=61), __b=NT_0000_P_00001(__a=86, __b=82, __c=12), __c=34, __d=10), __c=46, __d=99), __c=34, __d=82), __b=NT_0000_P_00000(__a=NT_0000_P_00000(__a=NT_0000_P_00000(__a=NT_0000_P_00000(__a=NT_0000_P_00000(__a=NT_0000_P_00001(__a=79, __b=31, __c=78), __b=NT_0000_P_00001(__a=58, __b=5, __c=18), __c=54, __d=56), __b=NT_0000_P_00001(__a=17, __b=57, __c=39), __c=86, __d=40), __b=NT_0000_P_00001(__a=56, __b=55, __c=100), __c=76, __d=64), __b=NT_0000_P_00000(__a=NT_0000_P_00000(__a=NT_0000_P_00000(__a=NT_0000_P_00000(__a=NT_0000_P_00001(__a=32, __b=96, __c=40), __b=NT_0000_P_00001(__a=65, __b=17, __c=68), __c=1, __d=33), __b=NT_0000_P_00001(__a=83, __b=8, __c=55), __c=87, __d=47), __b=NT_0000_P_00001(__a=1, __b=93, __c=37), __c=4, __d=38), __b=NT_0000_P_00000(__a=NT_0000_P_00001(__a=13, __b=8, __c=86), __b=NT_0000_P_00000(__a=NT_0000_P_00000(__a=NT_0000_P_00001(__a=50, __b=35, __c=84), __b=NT_0000_P_00001(__a=74, __b=57, __c=94), __c=88, __d=36), __b=NT_0000_P_00001(__a=6, __b=24, __c=62), __c=73, __d=14), __c=42, __d=27), __c=25, __d=72), __c=24, __d=75), __b=NT_0000_P_00000(__a=NT_0000_P_00001(__a=75, __b=11, __c=100), __b=NT_0000_P_00001(__a=58, __b=5, __c=18), __c=54, __d=56), __c=92, __d=87), __c=60, __d=50), __c=11, __d=77), __b=NT_0000_P_00001(__a=50, __b=35, __c=84), __c=50, __d=68), __c=33, __d=39), __c=9, __d=1))"
393.0,14,92,79,9.53092885017395,30050,"NT_0019_P_00000(__a=NT_0000_P_00000(__a=NT_0000_P_00000(__a=NT_0000_P_00000(__a=NT_0000_P_00000(__a=NT_0000_P_00000(__a=NT_0000_P_00001(__a=32, __b=96, __c=40), __b=NT_0000_P_00000(__a=NT_0000_P_00001(__a=58, __b=65, __c=94), __b=NT_0000_P_00000(__a=NT_0000_P_00000(__a=NT_0000_P_00001(__a=37, __b=81, __c=62), __b=NT_0000_P_00000(__a=NT_0000_P_00001(__a=73, __b=78, __c=60), __b=NT_0000_P_00001(__a=1, __b=73, __c=57), __c=9, __d=12), __c=27, __d=43), __b=NT_0000_P_00000(__a=NT_0000_P_00000(__a=NT_0000_P_00001(__a=9, __b=8, __c=7), __b=NT_0000_P_00001(__a=4, __b=52, __c=58), __c=95, __d=93), __b=NT_0000_P_00001(__a=35, __b=58, __c=47), __c=29, __d=75), __c=93, __d=61), __c=54, __d=95), __c=83, __d=5), __b=NT_0000_P_00000(__a=NT_0000_P_00001(__a=10, __b=57, __c=67), __b=NT_0000_P_00001(__a=78, __b=35, __c=0), __c=99, __d=77), __c=68, __d=78), __b=NT_0000_P_00000(__a=NT_0000_P_00001(__a=89, __b=55, __c=12), __b=NT_0000_P_00000(__a=NT_0000_P_00001(__a=18, __b=41, __c=31), __b=NT_0000_P_00000(__a=NT_0000_P_00001(__a=66, __b=12, __c=66), __b=NT_0000_P_00000(__a=NT_0000_P_00000(__a=NT_0000_P_00000(__a=NT_0000_P_00001(__a=83, __b=89, __c=39), __b=NT_0000_P_00000(__a=NT_0000_P_00001(__a=100, __b=81, __c=15), __b=NT_0000_P_00000(__a=NT_0000_P_00000(__a=NT_0000_P_00001(__a=35, __b=58, __c=47), __b=NT_0000_P_00001(__a=6, __b=5, __c=3), __c=11, __d=41), __b=NT_0000_P_00001(__a=48, __b=39, __c=4), __c=5, __d=94), __c=25, __d=12), __c=73, __d=74), __b=NT_0000_P_00001(__a=52, __b=40, __c=57), __c=68, __d=66), __b=NT_0000_P_00001(__a=62, __b=99, __c=39), __c=60, __d=33), __c=2, __d=86), __c=83, __d=73), __c=8, __d=22), __c=92, __d=19), __b=NT_0000_P_00001(__a=100, __b=81, __c=15), __c=8, __d=51), __b=NT_0000_P_00000(__a=NT_0000_P_00000(__a=NT_0000_P_00000(__a=NT_0000_P_00001(__a=82, __b=26, __c=83), __b=NT_0000_P_00001(__a=79, __b=0, __c=95), __c=24, __d=30), __b=NT_0000_P_00000(__a=NT_0000_P_00000(__a=NT_0000_P_00001(__a=68, __b=4, __c=59), __b=NT_0000_P_00001(__a=75, __b=11, __c=100), __c=40, __d=95), __b=NT_0000_P_00001(__a=94, __b=76, __c=9), __c=41, __d=67), __c=77, __d=86), __b=NT_0000_P_00000(__a=NT_0000_P_00000(__a=NT_0000_P_00001(__a=75, __b=11, __c=100), __b=NT_0000_P_00000(__a=NT_0000_P_00000(__a=NT_0000_P_00001(__a=14, __b=17, __c=54), __b=NT_0000_P_00000(__a=NT_0000_P_00001(__a=6, __b=32, __c=12), __b=NT_0000_P_00000(__a=NT_0000_P_00001(__a=56, __b=11, __c=61), __b=NT_0000_P_00001(__a=86, __b=82, __c=12), __c=34, __d=10), __c=46, __d=99), __c=34, __d=82), __b=NT_0000_P_00000(__a=NT_0000_P_00000(__a=NT_0000_P_00000(__a=NT_0000_P_00000(__a=NT_0000_P_00000(__a=NT_0000_P_00001(__a=79, __b=31, __c=78), __b=NT_0000_P_00001(__a=58, __b=5, __c=18), __c=54, __d=56), __b=NT_0000_P_00001(__a=17, __b=57, __c=39), __c=86, __d=40), __b=NT_0000_P_00001(__a=56, __b=55, __c=100), __c=76, __d=64), __b=NT_0000_P_00000(__a=NT_0000_P_00000(__a=NT_0000_P_00000(__a=NT_0000_P_00000(__a=NT_0000_P_00001(__a=32, __b=96, __c=40), __b=NT_0000_P_00001(__a=65, __b=17, __c=68), __c=1, __d=33), __b=NT_0000_P_00001(__a=83, __b=8, __c=55), __c=87, __d=47), __b=NT_0000_P_00001(__a=1, __b=93, __c=37), __c=4, __d=38), __b=NT_0000_P_00000(__a=NT_0000_P_00001(__a=13, __b=8, __c=86), __b=NT_0000_P_00000(__a=NT_0000_P_00000(__a=NT_0000_P_00001(__a=50, __b=35, __c=84), __b=NT_0000_P_00001(__a=74, __b=57, __c=94), __c=88, __d=36), __b=NT_0000_P_00001(__a=6, __b=24, __c=62), __c=73, __d=14), __c=42, __d=27), __c=25, __d=72), __c=24, __d=75), __b=NT_0000_P_00000(__a=NT_0000_P_00001(__a=75, __b=11, __c=100), __b=NT_0000_P_00001(__a=58, __b=5, __c=18), __c=54, __d=56), __c=92, __d=87), __c=60, __d=50), __c=11, __d=77), __b=NT_0000_P_00001(__a=50, __b=35, __c=84), __c=50, __d=68), __c=33, __d=39), __c=9, __d=1))"
390.0,14,92,80,9.580013990402222,30050,"NT_0019_P_00000(__a=NT_0000_P_00000(__a=NT_0000_P_00000(__a=NT_0000_P_00000(__a=NT_0000_P_00000(__a=NT_0000_P_00000(__a=NT_0000_P_00001(__a=32, __b=96, __c=40), __b=NT_0000_P_00000(__a=NT_0000_P_00001(__a=58, __b=65, __c=94), __b=NT_0000_P_00000(__a=NT_0000_P_00000(__a=NT_0000_P_00001(__a=37, __b=81, __c=62), __b=NT_0000_P_00000(__a=NT_0000_P_00001(__a=73, __b=78, __c=60), __b=NT_0000_P_00001(__a=1, __b=73, __c=57), __c=9, __d=12), __c=27, __d=43), __b=NT_0000_P_00000(__a=NT_0000_P_00000(__a=NT_0000_P_00001(__a=9, __b=8, __c=7), __b=NT_0000_P_00001(__a=4, __b=52, __c=58), __c=95, __d=93), __b=NT_0000_P_00001(__a=35, __b=58, __c=47), __c=29, __d=75), __c=93, __d=61), __c=54, __d=95), __c=83, __d=5), __b=NT_0000_P_00000(__a=NT_0000_P_00001(__a=10, __b=57, __c=67), __b=NT_0000_P_00001(__a=78, __b=35, __c=0), __c=99, __d=77), __c=68, __d=78), __b=NT_0000_P_00000(__a=NT_0000_P_00001(__a=89, __b=55, __c=12), __b=NT_0000_P_00000(__a=NT_0000_P_00001(__a=18, __b=41, __c=31), __b=NT_0000_P_00000(__a=NT_0000_P_00001(__a=66, __b=12, __c=66), __b=NT_0000_P_00000(__a=NT_0000_P_00000(__a=NT_0000_P_00000(__a=NT_0000_P_00001(__a=83, __b=89, __c=39), __b=NT_0000_P_00000(__a=NT_0000_P_00001(__a=100, __b=81, __c=15), __b=NT_0000_P_00000(__a=NT_0000_P_00000(__a=NT_0000_P_00001(__a=35, __b=58, __c=47), __b=NT_0000_P_00001(__a=6, __b=5, __c=3), __c=11, __d=41), __b=NT_0000_P_00001(__a=48, __b=39, __c=4), __c=5, __d=94), __c=25, __d=12), __c=73, __d=74), __b=NT_0000_P_00001(__a=52, __b=40, __c=57), __c=68, __d=66), __b=NT_0000_P_00001(__a=62, __b=99, __c=39), __c=60, __d=33), __c=2, __d=86), __c=83, __d=73), __c=8, __d=22), __c=92, __d=19), __b=NT_0000_P_00001(__a=100, __b=81, __c=15), __c=8, __d=51), __b=NT_0000_P_00000(__a=NT_0000_P_00000(__a=NT_0000_P_00000(__a=NT_0000_P_00001(__a=82, __b=26, __c=83), __b=NT_0000_P_00001(__a=79, __b=0, __c=95), __c=24, __d=30), __b=NT_0000_P_00000(__a=NT_0000_P_00000(__a=NT_0000_P_00001(__a=68, __b=4, __c=59), __b=NT_0000_P_00001(__a=75, __b=11, __c=100), __c=40, __d=95), __b=NT_0000_P_00001(__a=94, __b=76, __c=9), __c=41, __d=67), __c=77, __d=86), __b=NT_0000_P_00000(__a=NT_0000_P_00000(__a=NT_0000_P_00001(__a=18, __b=41, __c=31), __b=NT_0000_P_00000(__a=NT_0000_P_00000(__a=NT_0000_P_00001(__a=14, __b=17, __c=54), __b=NT_0000_P_00000(__a=NT_0000_P_00001(__a=24, __b=56, __c=79), __b=NT_0000_P_00000(__a=NT_0000_P_00001(__a=56, __b=11, __c=61), __b=NT_0000_P_00001(__a=86, __b=82, __c=12), __c=34, __d=10), __c=46, __d=99), __c=34, __d=82), __b=NT_0000_P_00000(__a=NT_0000_P_00000(__a=NT_0000_P_00000(__a=NT_0000_P_00000(__a=NT_0000_P_00000(__a=NT_0000_P_00001(__a=79, __b=31, __c=78), __b=NT_0000_P_00001(__a=58, __b=5, __c=18), __c=54, __d=56), __b=NT_0000_P_00001(__a=17, __b=57, __c=39), __c=86, __d=40), __b=NT_0000_P_00001(__a=56, __b=55, __c=100), __c=76, __d=64), __b=NT_0000_P_00000(__a=NT_0000_P_00000(__a=NT_0000_P_00000(__a=NT_0000_P_00000(__a=NT_0000_P_00001(__a=32, __b=96, __c=40), __b=NT_0000_P_00001(__a=65, __b=17, __c=68), __c=1, __d=33), __b=NT_0000_P_00001(__a=83, __b=8, __c=55), __c=87, __d=47), __b=NT_0000_P_00001(__a=1, __b=93, __c=37), __c=4, __d=38), __b=NT_0000_P_00000(__a=NT_0000_P_00001(__a=13, __b=8, __c=86), __b=NT_0000_P_00000(__a=NT_0000_P_00000(__a=NT_0000_P_00001(__a=50, __b=35, __c=84), __b=NT_0000_P_00001(__a=74, __b=57, __c=94), __c=88, __d=36), __b=NT_0000_P_00001(__a=6, __b=24, __c=62), __c=73, __d=14), __c=42, __d=27), __c=25, __d=72), __c=24, __d=75), __b=NT_0000_P_00000(__a=NT_0000_P_00001(__a=75, __b=11, __c=100), __b=NT_0000_P_00001(__a=58, __b=5, __c=18), __c=54, __d=56), __c=92, __d=87), __c=60, __d=50), __c=11, __d=77), __b=NT_0000_P_00001(__a=50, __b=35, __c=84), __c=50, __d=68), __c=33, __d=39), __c=9, __d=1))"
390.0,14,92,81,9.618833541870117,30050,"NT_0019_P_00000(__a=NT_0000_P_00000(__a=NT_0000_P_00000(__a=NT_0000_P_00000(__a=NT_0000_P_00000(__a=NT_0000_P_00000(__a=NT_0000_P_00001(__a=32, __b=96, __c=40), __b=NT_0000_P_00000(__a=NT_0000_P_00001(__a=58, __b=65, __c=94), __b=NT_0000_P_00000(__a=NT_0000_P_00000(__a=NT_0000_P_00001(__a=37, __b=81, __c=62), __b=NT_0000_P_00000(__a=NT_0000_P_00001(__a=73, __b=78, __c=60), __b=NT_0000_P_00001(__a=1, __b=73, __c=57), __c=9, __d=12), __c=27, __d=43), __b=NT_0000_P_00000(__a=NT_0000_P_00000(__a=NT_0000_P_00001(__a=9, __b=8, __c=7), __b=NT_0000_P_00001(__a=4, __b=52, __c=58), __c=95, __d=93), __b=NT_0000_P_00001(__a=35, __b=58, __c=47), __c=29, __d=75), __c=93, __d=61), __c=54, __d=95), __c=83, __d=5), __b=NT_0000_P_00000(__a=NT_0000_P_00001(__a=10, __b=57, __c=67), __b=NT_0000_P_00001(__a=78, __b=35, __c=0), __c=99, __d=77), __c=68, __d=78), __b=NT_0000_P_00000(__a=NT_0000_P_00001(__a=89, __b=55, __c=12), __b=NT_0000_P_00000(__a=NT_0000_P_00001(__a=18, __b=41, __c=31), __b=NT_0000_P_00000(__a=NT_0000_P_00001(__a=66, __b=12, __c=66), __b=NT_0000_P_00000(__a=NT_0000_P_00000(__a=NT_0000_P_00000(__a=NT_0000_P_00001(__a=83, __b=89, __c=39), __b=NT_0000_P_00000(__a=NT_0000_P_00001(__a=100, __b=81, __c=15), __b=NT_0000_P_00000(__a=NT_0000_P_00000(__a=NT_0000_P_00001(__a=35, __b=58, __c=47), __b=NT_0000_P_00001(__a=6, __b=5, __c=3), __c=11, __d=41), __b=NT_0000_P_00001(__a=48, __b=39, __c=4), __c=5, __d=94), __c=25, __d=12), __c=73, __d=74), __b=NT_0000_P_00001(__a=52, __b=40, __c=57), __c=68, __d=66), __b=NT_0000_P_00001(__a=62, __b=99, __c=39), __c=60, __d=33), __c=2, __d=86), __c=83, __d=73), __c=8, __d=22), __c=92, __d=19), __b=NT_0000_P_00001(__a=100, __b=81, __c=15), __c=8, __d=51), __b=NT_0000_P_00000(__a=NT_0000_P_00000(__a=NT_0000_P_00000(__a=NT_0000_P_00001(__a=82, __b=26, __c=83), __b=NT_0000_P_00001(__a=79, __b=0, __c=95), __c=24, __d=30), __b=NT_0000_P_00000(__a=NT_0000_P_00000(__a=NT_0000_P_00001(__a=68, __b=4, __c=59), __b=NT_0000_P_00001(__a=75, __b=11, __c=100), __c=40, __d=95), __b=NT_0000_P_00001(__a=94, __b=76, __c=9), __c=41, __d=67), __c=77, __d=86), __b=NT_0000_P_00000(__a=NT_0000_P_00000(__a=NT_0000_P_00001(__a=18, __b=41, __c=31), __b=NT_0000_P_00000(__a=NT_0000_P_00000(__a=NT_0000_P_00001(__a=14, __b=17, __c=54), __b=NT_0000_P_00000(__a=NT_0000_P_00001(__a=24, __b=56, __c=79), __b=NT_0000_P_00000(__a=NT_0000_P_00001(__a=56, __b=11, __c=61), __b=NT_0000_P_00001(__a=86, __b=82, __c=12), __c=34, __d=10), __c=46, __d=99), __c=34, __d=82), __b=NT_0000_P_00000(__a=NT_0000_P_00000(__a=NT_0000_P_00000(__a=NT_0000_P_00000(__a=NT_0000_P_00000(__a=NT_0000_P_00001(__a=79, __b=31, __c=78), __b=NT_0000_P_00001(__a=58, __b=5, __c=18), __c=54, __d=56), __b=NT_0000_P_00001(__a=17, __b=57, __c=39), __c=86, __d=40), __b=NT_0000_P_00001(__a=56, __b=55, __c=100), __c=76, __d=64), __b=NT_0000_P_00000(__a=NT_0000_P_00000(__a=NT_0000_P_00000(__a=NT_0000_P_00000(__a=NT_0000_P_00001(__a=32, __b=96, __c=40), __b=NT_0000_P_00001(__a=65, __b=17, __c=68), __c=1, __d=33), __b=NT_0000_P_00001(__a=83, __b=8, __c=55), __c=87, __d=47), __b=NT_0000_P_00001(__a=1, __b=93, __c=37), __c=4, __d=38), __b=NT_0000_P_00000(__a=NT_0000_P_00001(__a=13, __b=8, __c=86), __b=NT_0000_P_00000(__a=NT_0000_P_00000(__a=NT_0000_P_00001(__a=50, __b=35, __c=84), __b=NT_0000_P_00001(__a=74, __b=57, __c=94), __c=88, __d=36), __b=NT_0000_P_00001(__a=6, __b=24, __c=62), __c=73, __d=14), __c=42, __d=27), __c=25, __d=72), __c=24, __d=75), __b=NT_0000_P_00000(__a=NT_0000_P_00001(__a=75, __b=11, __c=100), __b=NT_0000_P_00001(__a=58, __b=5, __c=18), __c=54, __d=56), __c=92, __d=87), __c=60, __d=50), __c=11, __d=77), __b=NT_0000_P_00001(__a=50, __b=35, __c=84), __c=50, __d=68), __c=33, __d=39), __c=9, __d=1))"
390.0,14,92,82,9.65984058380127,30050,"NT_0019_P_00000(__a=NT_0000_P_00000(__a=NT_0000_P_00000(__a=NT_0000_P_00000(__a=NT_0000_P_00000(__a=NT_0000_P_00000(__a=NT_0000_P_00001(__a=32, __b=96, __c=40), __b=NT_0000_P_00000(__a=NT_0000_P_00001(__a=58, __b=65, __c=94), __b=NT_0000_P_00000(__a=NT_0000_P_00000(__a=NT_0000_P_00001(__a=37, __b=81, __c=62), __b=NT_0000_P_00000(__a=NT_0000_P_00001(__a=73, __b=78, __c=60), __b=NT_0000_P_00001(__a=1, __b=73, __c=57), __c=9, __d=12), __c=27, __d=43), __b=NT_0000_P_00000(__a=NT_0000_P_00000(__a=NT_0000_P_00001(__a=9, __b=8, __c=7), __b=NT_0000_P_00001(__a=4, __b=52, __c=58), __c=95, __d=93), __b=NT_0000_P_00001(__a=35, __b=58, __c=47), __c=29, __d=75), __c=93, __d=61), __c=54, __d=95), __c=83, __d=5), __b=NT_0000_P_00000(__a=NT_0000_P_00001(__a=10, __b=57, __c=67), __b=NT_0000_P_00001(__a=78, __b=35, __c=0), __c=99, __d=77), __c=68, __d=78), __b=NT_0000_P_00000(__a=NT_0000_P_00001(__a=89, __b=55, __c=12), __b=NT_0000_P_00000(__a=NT_0000_P_00001(__a=18, __b=41, __c=31), __b=NT_0000_P_00000(__a=NT_0000_P_00001(__a=66, __b=12, __c=66), __b=NT_0000_P_00000(__a=NT_0000_P_00000(__a=NT_0000_P_00000(__a=NT_0000_P_00001(__a=83, __b=89, __c=39), __b=NT_0000_P_00000(__a=NT_0000_P_00001(__a=100, __b=81, __c=15), __b=NT_0000_P_00000(__a=NT_0000_P_00000(__a=NT_0000_P_00001(__a=35, __b=58, __c=47), __b=NT_0000_P_00001(__a=6, __b=5, __c=3), __c=11, __d=41), __b=NT_0000_P_00001(__a=48, __b=39, __c=4), __c=5, __d=94), __c=25, __d=12), __c=73, __d=74), __b=NT_0000_P_00001(__a=52, __b=40, __c=57), __c=68, __d=66), __b=NT_0000_P_00001(__a=62, __b=99, __c=39), __c=60, __d=33), __c=2, __d=86), __c=83, __d=73), __c=8, __d=22), __c=92, __d=19), __b=NT_0000_P_00001(__a=100, __b=81, __c=15), __c=8, __d=51), __b=NT_0000_P_00000(__a=NT_0000_P_00000(__a=NT_0000_P_00000(__a=NT_0000_P_00001(__a=82, __b=26, __c=83), __b=NT_0000_P_00001(__a=79, __b=0, __c=95), __c=24, __d=30), __b=NT_0000_P_00000(__a=NT_0000_P_00000(__a=NT_0000_P_00001(__a=68, __b=4, __c=59), __b=NT_0000_P_00001(__a=75, __b=11, __c=100), __c=40, __d=95), __b=NT_0000_P_00001(__a=94, __b=76, __c=9), __c=41, __d=67), __c=77, __d=86), __b=NT_0000_P_00000(__a=NT_0000_P_00000(__a=NT_0000_P_00001(__a=18, __b=41, __c=31), __b=NT_0000_P_00000(__a=NT_0000_P_00000(__a=NT_0000_P_00001(__a=14, __b=17, __c=54), __b=NT_0000_P_00000(__a=NT_0000_P_00001(__a=24, __b=56, __c=79), __b=NT_0000_P_00000(__a=NT_0000_P_00001(__a=56, __b=11, __c=61), __b=NT_0000_P_00001(__a=86, __b=82, __c=12), __c=34, __d=10), __c=46, __d=99), __c=34, __d=82), __b=NT_0000_P_00000(__a=NT_0000_P_00000(__a=NT_0000_P_00000(__a=NT_0000_P_00000(__a=NT_0000_P_00000(__a=NT_0000_P_00001(__a=79, __b=31, __c=78), __b=NT_0000_P_00001(__a=58, __b=5, __c=18), __c=54, __d=56), __b=NT_0000_P_00001(__a=17, __b=57, __c=39), __c=86, __d=40), __b=NT_0000_P_00001(__a=56, __b=55, __c=100), __c=76, __d=64), __b=NT_0000_P_00000(__a=NT_0000_P_00000(__a=NT_0000_P_00000(__a=NT_0000_P_00000(__a=NT_0000_P_00001(__a=32, __b=96, __c=40), __b=NT_0000_P_00001(__a=65, __b=17, __c=68), __c=1, __d=33), __b=NT_0000_P_00001(__a=83, __b=8, __c=55), __c=87, __d=47), __b=NT_0000_P_00001(__a=1, __b=93, __c=37), __c=4, __d=38), __b=NT_0000_P_00000(__a=NT_0000_P_00001(__a=13, __b=8, __c=86), __b=NT_0000_P_00000(__a=NT_0000_P_00000(__a=NT_0000_P_00001(__a=50, __b=35, __c=84), __b=NT_0000_P_00001(__a=74, __b=57, __c=94), __c=88, __d=36), __b=NT_0000_P_00001(__a=6, __b=24, __c=62), __c=73, __d=14), __c=42, __d=27), __c=25, __d=72), __c=24, __d=75), __b=NT_0000_P_00000(__a=NT_0000_P_00001(__a=75, __b=11, __c=100), __b=NT_0000_P_00001(__a=58, __b=5, __c=18), __c=54, __d=56), __c=92, __d=87), __c=60, __d=50), __c=11, __d=77), __b=NT_0000_P_00001(__a=50, __b=35, __c=84), __c=50, __d=68), __c=33, __d=39), __c=9, __d=1))"
390.0,14,92,83,9.703922271728516,30050,"NT_0019_P_00000(__a=NT_0000_P_00000(__a=NT_0000_P_00000(__a=NT_0000_P_00000(__a=NT_0000_P_00000(__a=NT_0000_P_00000(__a=NT_0000_P_00001(__a=32, __b=96, __c=40), __b=NT_0000_P_00000(__a=NT_0000_P_00001(__a=58, __b=65, __c=94), __b=NT_0000_P_00000(__a=NT_0000_P_00000(__a=NT_0000_P_00001(__a=37, __b=81, __c=62), __b=NT_0000_P_00000(__a=NT_0000_P_00001(__a=73, __b=78, __c=60), __b=NT_0000_P_00001(__a=1, __b=73, __c=57), __c=9, __d=12), __c=27, __d=43), __b=NT_0000_P_00000(__a=NT_0000_P_00000(__a=NT_0000_P_00001(__a=9, __b=8, __c=7), __b=NT_0000_P_00001(__a=4, __b=52, __c=58), __c=95, __d=93), __b=NT_0000_P_00001(__a=35, __b=58, __c=47), __c=29, __d=75), __c=93, __d=61), __c=54, __d=95), __c=83, __d=5), __b=NT_0000_P_00000(__a=NT_0000_P_00001(__a=10, __b=57, __c=67), __b=NT_0000_P_00001(__a=78, __b=35, __c=0), __c=99, __d=77), __c=68, __d=78), __b=NT_0000_P_00000(__a=NT_0000_P_00001(__a=89, __b=55, __c=12), __b=NT_0000_P_00000(__a=NT_0000_P_00001(__a=18, __b=41, __c=31), __b=NT_0000_P_00000(__a=NT_0000_P_00001(__a=66, __b=12, __c=66), __b=NT_0000_P_00000(__a=NT_0000_P_00000(__a=NT_0000_P_00000(__a=NT_0000_P_00001(__a=83, __b=89, __c=39), __b=NT_0000_P_00000(__a=NT_0000_P_00001(__a=100, __b=81, __c=15), __b=NT_0000_P_00000(__a=NT_0000_P_00000(__a=NT_0000_P_00001(__a=35, __b=58, __c=47), __b=NT_0000_P_00001(__a=6, __b=5, __c=3), __c=11, __d=41), __b=NT_0000_P_00001(__a=48, __b=39, __c=4), __c=5, __d=94), __c=25, __d=12), __c=73, __d=74), __b=NT_0000_P_00001(__a=52, __b=40, __c=57), __c=68, __d=66), __b=NT_0000_P_00001(__a=62, __b=99, __c=39), __c=60, __d=33), __c=2, __d=86), __c=83, __d=73), __c=8, __d=22), __c=92, __d=19), __b=NT_0000_P_00001(__a=100, __b=81, __c=15), __c=8, __d=51), __b=NT_0000_P_00000(__a=NT_0000_P_00000(__a=NT_0000_P_00000(__a=NT_0000_P_00001(__a=82, __b=26, __c=83), __b=NT_0000_P_00001(__a=79, __b=0, __c=95), __c=24, __d=30), __b=NT_0000_P_00000(__a=NT_0000_P_00000(__a=NT_0000_P_00001(__a=68, __b=4, __c=59), __b=NT_0000_P_00001(__a=75, __b=11, __c=100), __c=40, __d=95), __b=NT_0000_P_00001(__a=94, __b=76, __c=9), __c=41, __d=67), __c=77, __d=86), __b=NT_0000_P_00000(__a=NT_0000_P_00000(__a=NT_0000_P_00001(__a=18, __b=41, __c=31), __b=NT_0000_P_00000(__a=NT_0000_P_00000(__a=NT_0000_P_00001(__a=14, __b=17, __c=54), __b=NT_0000_P_00000(__a=NT_0000_P_00001(__a=24, __b=56, __c=79), __b=NT_0000_P_00000(__a=NT_0000_P_00001(__a=56, __b=11, __c=61), __b=NT_0000_P_00001(__a=86, __b=82, __c=12), __c=34, __d=10), __c=46, __d=99), __c=34, __d=82), __b=NT_0000_P_00000(__a=NT_0000_P_00000(__a=NT_0000_P_00000(__a=NT_0000_P_00000(__a=NT_0000_P_00000(__a=NT_0000_P_00001(__a=79, __b=31, __c=78), __b=NT_0000_P_00001(__a=58, __b=5, __c=18), __c=54, __d=56), __b=NT_0000_P_00001(__a=17, __b=57, __c=39), __c=86, __d=40), __b=NT_0000_P_00001(__a=56, __b=55, __c=100), __c=76, __d=64), __b=NT_0000_P_00000(__a=NT_0000_P_00000(__a=NT_0000_P_00000(__a=NT_0000_P_00000(__a=NT_0000_P_00001(__a=32, __b=96, __c=40), __b=NT_0000_P_00001(__a=65, __b=17, __c=68), __c=1, __d=33), __b=NT_0000_P_00001(__a=83, __b=8, __c=55), __c=87, __d=47), __b=NT_0000_P_00001(__a=1, __b=93, __c=37), __c=4, __d=38), __b=NT_0000_P_00000(__a=NT_0000_P_00001(__a=13, __b=8, __c=86), __b=NT_0000_P_00000(__a=NT_0000_P_00000(__a=NT_0000_P_00001(__a=50, __b=35, __c=84), __b=NT_0000_P_00001(__a=74, __b=57, __c=94), __c=88, __d=36), __b=NT_0000_P_00001(__a=6, __b=24, __c=62), __c=73, __d=14), __c=42, __d=27), __c=25, __d=72), __c=24, __d=75), __b=NT_0000_P_00000(__a=NT_0000_P_00001(__a=75, __b=11, __c=100), __b=NT_0000_P_00001(__a=58, __b=5, __c=18), __c=54, __d=56), __c=92, __d=87), __c=60, __d=50), __c=11, __d=77), __b=NT_0000_P_00001(__a=50, __b=35, __c=84), __c=50, __d=68), __c=33, __d=39), __c=9, __d=1))"
390.0,14,92,84,9.743861198425293,30050,"NT_0019_P_00000(__a=NT_0000_P_00000(__a=NT_0000_P_00000(__a=NT_0000_P_00000(__a=NT_0000_P_00000(__a=NT_0000_P_00000(__a=NT_0000_P_00001(__a=32, __b=96, __c=40), __b=NT_0000_P_00000(__a=NT_0000_P_00001(__a=58, __b=65, __c=94), __b=NT_0000_P_00000(__a=NT_0000_P_00000(__a=NT_0000_P_00001(__a=37, __b=81, __c=62), __b=NT_0000_P_00000(__a=NT_0000_P_00001(__a=73, __b=78, __c=60), __b=NT_0000_P_00001(__a=1, __b=73, __c=57), __c=9, __d=12), __c=27, __d=43), __b=NT_0000_P_00000(__a=NT_0000_P_00000(__a=NT_0000_P_00001(__a=9, __b=8, __c=7), __b=NT_0000_P_00001(__a=4, __b=52, __c=58), __c=95, __d=93), __b=NT_0000_P_00001(__a=35, __b=58, __c=47), __c=29, __d=75), __c=93, __d=61), __c=54, __d=95), __c=83, __d=5), __b=NT_0000_P_00000(__a=NT_0000_P_00001(__a=10, __b=57, __c=67), __b=NT_0000_P_00001(__a=78, __b=35, __c=0), __c=99, __d=77), __c=68, __d=78), __b=NT_0000_P_00000(__a=NT_0000_P_00001(__a=89, __b=55, __c=12), __b=NT_0000_P_00000(__a=NT_0000_P_00001(__a=18, __b=41, __c=31), __b=NT_0000_P_00000(__a=NT_0000_P_00001(__a=66, __b=12, __c=66), __b=NT_0000_P_00000(__a=NT_0000_P_00000(__a=NT_0000_P_00000(__a=NT_0000_P_00001(__a=83, __b=89, __c=39), __b=NT_0000_P_00000(__a=NT_0000_P_00001(__a=100, __b=81, __c=15), __b=NT_0000_P_00000(__a=NT_0000_P_00000(__a=NT_0000_P_00001(__a=35, __b=58, __c=47), __b=NT_0000_P_00001(__a=6, __b=5, __c=3), __c=11, __d=41), __b=NT_0000_P_00001(__a=48, __b=39, __c=4), __c=5, __d=94), __c=25, __d=12), __c=73, __d=74), __b=NT_0000_P_00001(__a=52, __b=40, __c=57), __c=68, __d=66), __b=NT_0000_P_00001(__a=62, __b=99, __c=39), __c=60, __d=33), __c=2, __d=86), __c=83, __d=73), __c=8, __d=22), __c=92, __d=19), __b=NT_0000_P_00001(__a=100, __b=81, __c=15), __c=8, __d=51), __b=NT_0000_P_00000(__a=NT_0000_P_00000(__a=NT_0000_P_00000(__a=NT_0000_P_00001(__a=82, __b=26, __c=83), __b=NT_0000_P_00001(__a=79, __b=0, __c=95), __c=24, __d=30), __b=NT_0000_P_00000(__a=NT_0000_P_00000(__a=NT_0000_P_00001(__a=68, __b=4, __c=59), __b=NT_0000_P_00001(__a=75, __b=11, __c=100), __c=40, __d=95), __b=NT_0000_P_00001(__a=94, __b=76, __c=9), __c=41, __d=67), __c=77, __d=86), __b=NT_0000_P_00000(__a=NT_0000_P_00000(__a=NT_0000_P_00001(__a=18, __b=41, __c=31), __b=NT_0000_P_00000(__a=NT_0000_P_00000(__a=NT_0000_P_00001(__a=14, __b=17, __c=54), __b=NT_0000_P_00000(__a=NT_0000_P_00001(__a=24, __b=56, __c=79), __b=NT_0000_P_00000(__a=NT_0000_P_00001(__a=56, __b=11, __c=61), __b=NT_0000_P_00001(__a=86, __b=82, __c=12), __c=34, __d=10), __c=46, __d=99), __c=34, __d=82), __b=NT_0000_P_00000(__a=NT_0000_P_00000(__a=NT_0000_P_00000(__a=NT_0000_P_00000(__a=NT_0000_P_00000(__a=NT_0000_P_00001(__a=79, __b=31, __c=78), __b=NT_0000_P_00001(__a=58, __b=5, __c=18), __c=54, __d=56), __b=NT_0000_P_00001(__a=17, __b=57, __c=39), __c=86, __d=40), __b=NT_0000_P_00001(__a=56, __b=55, __c=100), __c=76, __d=64), __b=NT_0000_P_00000(__a=NT_0000_P_00000(__a=NT_0000_P_00000(__a=NT_0000_P_00000(__a=NT_0000_P_00001(__a=32, __b=96, __c=40), __b=NT_0000_P_00001(__a=65, __b=17, __c=68), __c=1, __d=33), __b=NT_0000_P_00001(__a=83, __b=8, __c=55), __c=87, __d=47), __b=NT_0000_P_00001(__a=1, __b=93, __c=37), __c=4, __d=38), __b=NT_0000_P_00000(__a=NT_0000_P_00001(__a=13, __b=8, __c=86), __b=NT_0000_P_00000(__a=NT_0000_P_00000(__a=NT_0000_P_00001(__a=50, __b=35, __c=84), __b=NT_0000_P_00001(__a=74, __b=57, __c=94), __c=88, __d=36), __b=NT_0000_P_00001(__a=6, __b=24, __c=62), __c=73, __d=14), __c=42, __d=27), __c=25, __d=72), __c=24, __d=75), __b=NT_0000_P_00000(__a=NT_0000_P_00001(__a=75, __b=11, __c=100), __b=NT_0000_P_00001(__a=58, __b=5, __c=18), __c=54, __d=56), __c=92, __d=87), __c=60, __d=50), __c=11, __d=77), __b=NT_0000_P_00001(__a=50, __b=35, __c=84), __c=50, __d=68), __c=33, __d=39), __c=9, __d=1))"
383.0,14,92,85,9.824378728866577,30050,"NT_0019_P_00000(__a=NT_0000_P_00000(__a=NT_0000_P_00000(__a=NT_0000_P_00000(__a=NT_0000_P_00000(__a=NT_0000_P_00000(__a=NT_0000_P_00001(__a=32, __b=96, __c=40), __b=NT_0000_P_00000(__a=NT_0000_P_00001(__a=58, __b=65, __c=94), __b=NT_0000_P_00000(__a=NT_0000_P_00000(__a=NT_0000_P_00001(__a=37, __b=81, __c=62), __b=NT_0000_P_00000(__a=NT_0000_P_00001(__a=73, __b=78, __c=60), __b=NT_0000_P_00001(__a=1, __b=73, __c=57), __c=9, __d=12), __c=27, __d=43), __b=NT_0000_P_00000(__a=NT_0000_P_00000(__a=NT_0000_P_00001(__a=9, __b=8, __c=7), __b=NT_0000_P_00001(__a=4, __b=52, __c=58), __c=95, __d=93), __b=NT_0000_P_00001(__a=35, __b=58, __c=47), __c=29, __d=75), __c=93, __d=61), __c=54, __d=95), __c=83, __d=5), __b=NT_0000_P_00000(__a=NT_0000_P_00001(__a=10, __b=57, __c=67), __b=NT_0000_P_00001(__a=78, __b=35, __c=0), __c=99, __d=77), __c=68, __d=78), __b=NT_0000_P_00000(__a=NT_0000_P_00001(__a=89, __b=55, __c=12), __b=NT_0000_P_00000(__a=NT_0000_P_00001(__a=18, __b=41, __c=31), __b=NT_0000_P_00000(__a=NT_0000_P_00001(__a=66, __b=12, __c=66), __b=NT_0000_P_00000(__a=NT_0000_P_00000(__a=NT_0000_P_00000(__a=NT_0000_P_00001(__a=83, __b=89, __c=39), __b=NT_0000_P_00000(__a=NT_0000_P_00001(__a=100, __b=81, __c=15), __b=NT_0000_P_00000(__a=NT_0000_P_00000(__a=NT_0000_P_00001(__a=35, __b=58, __c=47), __b=NT_0000_P_00001(__a=6, __b=5, __c=3), __c=11, __d=41), __b=NT_0000_P_00001(__a=48, __b=39, __c=4), __c=5, __d=94), __c=25, __d=12), __c=73, __d=74), __b=NT_0000_P_00001(__a=52, __b=40, __c=57), __c=68, __d=66), __b=NT_0000_P_00001(__a=62, __b=99, __c=39), __c=60, __d=33), __c=2, __d=86), __c=83, __d=73), __c=8, __d=22), __c=92, __d=19), __b=NT_0000_P_00001(__a=100, __b=81, __c=15), __c=8, __d=51), __b=NT_0000_P_00000(__a=NT_0000_P_00000(__a=NT_0000_P_00000(__a=NT_0000_P_00001(__a=82, __b=26, __c=83), __b=NT_0000_P_00001(__a=79, __b=0, __c=95), __c=24, __d=30), __b=NT_0000_P_00000(__a=NT_0000_P_00000(__a=NT_0000_P_00001(__a=68, __b=4, __c=59), __b=NT_0000_P_00001(__a=75, __b=11, __c=100), __c=40, __d=95), __b=NT_0000_P_00001(__a=94, __b=76, __c=9), __c=41, __d=67), __c=77, __d=86), __b=NT_0000_P_00000(__a=NT_0000_P_00000(__a=NT_0000_P_00001(__a=18, __b=41, __c=31), __b=NT_0000_P_00000(__a=NT_0000_P_00000(__a=NT_0000_P_00001(__a=14, __b=17, __c=54), __b=NT_0000_P_00000(__a=NT_0000_P_00001(__a=24, __b=56, __c=79), __b=NT_0000_P_00000(__a=NT_0000_P_00001(__a=56, __b=11, __c=61), __b=NT_0000_P_00001(__a=86, __b=82, __c=12), __c=34, __d=10), __c=46, __d=99), __c=34, __d=82), __b=NT_0000_P_00000(__a=NT_0000_P_00000(__a=NT_0000_P_00000(__a=NT_0000_P_00000(__a=NT_0000_P_00000(__a=NT_0000_P_00001(__a=79, __b=31, __c=78), __b=NT_0000_P_00001(__a=58, __b=5, __c=18), __c=54, __d=56), __b=NT_0000_P_00001(__a=17, __b=57, __c=39), __c=86, __d=40), __b=NT_0000_P_00001(__a=56, __b=55, __c=100), __c=76, __d=64), __b=NT_0000_P_00000(__a=NT_0000_P_00001(__a=32, __b=96, __c=40), __b=NT_0000_P_00000(__a=NT_0000_P_00001(__a=58, __b=65, __c=94), __b=NT_0000_P_00000(__a=NT_0000_P_00000(__a=NT_0000_P_00001(__a=37, __b=81, __c=62), __b=NT_0000_P_00000(__a=NT_0000_P_00001(__a=73, __b=78, __c=60), __b=NT_0000_P_00001(__a=1, __b=73, __c=57), __c=9, __d=12), __c=27, __d=43), __b=NT_0000_P_00000(__a=NT_0000_P_00000(__a=NT_0000_P_00001(__a=9, __b=8, __c=7), __b=NT_0000_P_00001(__a=4, __b=52, __c=58), __c=95, __d=93), __b=NT_0000_P_00001(__a=35, __b=58, __c=47), __c=29, __d=75), __c=93, __d=61), __c=54, __d=95), __c=83, __d=5), __c=24, __d=75), __b=NT_0000_P_00000(__a=NT_0000_P_00001(__a=75, __b=11, __c=100), __b=NT_0000_P_00001(__a=58, __b=5, __c=18), __c=54, __d=56), __c=92, __d=87), __c=60, __d=50), __c=11, __d=77), __b=NT_0000_P_00001(__a=50, __b=35, __c=84), __c=50, __d=68), __c=33, __d=39), __c=9, __d=1))"
383.0,14,92,86,9.868777751922607,30050,"NT_0019_P_00000(__a=NT_0000_P_00000(__a=NT_0000_P_00000(__a=NT_0000_P_00000(__a=NT_0000_P_00000(__a=NT_0000_P_00000(__a=NT_0000_P_00001(__a=32, __b=96, __c=40), __b=NT_0000_P_00000(__a=NT_0000_P_00001(__a=58, __b=65, __c=94), __b=NT_0000_P_00000(__a=NT_0000_P_00000(__a=NT_0000_P_00001(__a=37, __b=81, __c=62), __b=NT_0000_P_00000(__a=NT_0000_P_00001(__a=73, __b=78, __c=60), __b=NT_0000_P_00001(__a=1, __b=73, __c=57), __c=9, __d=12), __c=27, __d=43), __b=NT_0000_P_00000(__a=NT_0000_P_00000(__a=NT_0000_P_00001(__a=9, __b=8, __c=7), __b=NT_0000_P_00001(__a=4, __b=52, __c=58), __c=95, __d=93), __b=NT_0000_P_00001(__a=35, __b=58, __c=47), __c=29, __d=75), __c=93, __d=61), __c=54, __d=95), __c=83, __d=5), __b=NT_0000_P_00000(__a=NT_0000_P_00001(__a=10, __b=57, __c=67), __b=NT_0000_P_00001(__a=78, __b=35, __c=0), __c=99, __d=77), __c=68, __d=78), __b=NT_0000_P_00000(__a=NT_0000_P_00001(__a=89, __b=55, __c=12), __b=NT_0000_P_00000(__a=NT_0000_P_00001(__a=18, __b=41, __c=31), __b=NT_0000_P_00000(__a=NT_0000_P_00001(__a=66, __b=12, __c=66), __b=NT_0000_P_00000(__a=NT_0000_P_00000(__a=NT_0000_P_00000(__a=NT_0000_P_00001(__a=83, __b=89, __c=39), __b=NT_0000_P_00000(__a=NT_0000_P_00001(__a=100, __b=81, __c=15), __b=NT_0000_P_00000(__a=NT_0000_P_00000(__a=NT_0000_P_00001(__a=35, __b=58, __c=47), __b=NT_0000_P_00001(__a=6, __b=5, __c=3), __c=11, __d=41), __b=NT_0000_P_00001(__a=48, __b=39, __c=4), __c=5, __d=94), __c=25, __d=12), __c=73, __d=74), __b=NT_0000_P_00001(__a=52, __b=40, __c=57), __c=68, __d=66), __b=NT_0000_P_00001(__a=62, __b=99, __c=39), __c=60, __d=33), __c=2, __d=86), __c=83, __d=73), __c=8, __d=22), __c=92, __d=19), __b=NT_0000_P_00001(__a=100, __b=81, __c=15), __c=8, __d=51), __b=NT_0000_P_00000(__a=NT_0000_P_00000(__a=NT_0000_P_00000(__a=NT_0000_P_00001(__a=82, __b=26, __c=83), __b=NT_0000_P_00001(__a=79, __b=0, __c=95), __c=24, __d=30), __b=NT_0000_P_00000(__a=NT_0000_P_00000(__a=NT_0000_P_00001(__a=68, __b=4, __c=59), __b=NT_0000_P_00001(__a=75, __b=11, __c=100), __c=40, __d=95), __b=NT_0000_P_00001(__a=94, __b=76, __c=9), __c=41, __d=67), __c=77, __d=86), __b=NT_0000_P_00000(__a=NT_0000_P_00000(__a=NT_0000_P_00001(__a=18, __b=41, __c=31), __b=NT_0000_P_00000(__a=NT_0000_P_00000(__a=NT_0000_P_00001(__a=14, __b=17, __c=54), __b=NT_0000_P_00000(__a=NT_0000_P_00001(__a=24, __b=56, __c=79), __b=NT_0000_P_00000(__a=NT_0000_P_00001(__a=56, __b=11, __c=61), __b=NT_0000_P_00001(__a=86, __b=82, __c=12), __c=34, __d=10), __c=46, __d=99), __c=34, __d=82), __b=NT_0000_P_00000(__a=NT_0000_P_00000(__a=NT_0000_P_00000(__a=NT_0000_P_00000(__a=NT_0000_P_00000(__a=NT_0000_P_00001(__a=79, __b=31, __c=78), __b=NT_0000_P_00001(__a=58, __b=5, __c=18), __c=54, __d=56), __b=NT_0000_P_00001(__a=17, __b=57, __c=39), __c=86, __d=40), __b=NT_0000_P_00001(__a=56, __b=55, __c=100), __c=76, __d=64), __b=NT_0000_P_00000(__a=NT_0000_P_00001(__a=32, __b=96, __c=40), __b=NT_0000_P_00000(__a=NT_0000_P_00001(__a=58, __b=65, __c=94), __b=NT_0000_P_00000(__a=NT_0000_P_00000(__a=NT_0000_P_00001(__a=37, __b=81, __c=62), __b=NT_0000_P_00000(__a=NT_0000_P_00001(__a=73, __b=78, __c=60), __b=NT_0000_P_00001(__a=1, __b=73, __c=57), __c=9, __d=12), __c=27, __d=43), __b=NT_0000_P_00000(__a=NT_0000_P_00000(__a=NT_0000_P_00001(__a=9, __b=8, __c=7), __b=NT_0000_P_00001(__a=4, __b=52, __c=58), __c=95, __d=93), __b=NT_0000_P_00001(__a=35, __b=58, __c=47), __c=29, __d=75), __c=93, __d=61), __c=54, __d=95), __c=83, __d=5), __c=24, __d=75), __b=NT_0000_P_00000(__a=NT_0000_P_00001(__a=75, __b=11, __c=100), __b=NT_0000_P_00001(__a=58, __b=5, __c=18), __c=54, __d=56), __c=92, __d=87), __c=60, __d=50), __c=11, __d=77), __b=NT_0000_P_00001(__a=50, __b=35, __c=84), __c=50, __d=68), __c=33, __d=39), __c=9, __d=1))"
383.0,14,92,87,9.901469945907593,30050,"NT_0019_P_00000(__a=NT_0000_P_00000(__a=NT_0000_P_00000(__a=NT_0000_P_00000(__a=NT_0000_P_00000(__a=NT_0000_P_00000(__a=NT_0000_P_00001(__a=32, __b=96, __c=40), __b=NT_0000_P_00000(__a=NT_0000_P_00001(__a=58, __b=65, __c=94), __b=NT_0000_P_00000(__a=NT_0000_P_00000(__a=NT_0000_P_00001(__a=37, __b=81, __c=62), __b=NT_0000_P_00000(__a=NT_0000_P_00001(__a=73, __b=78, __c=60), __b=NT_0000_P_00001(__a=1, __b=73, __c=57), __c=9, __d=12), __c=27, __d=43), __b=NT_0000_P_00000(__a=NT_0000_P_00000(__a=NT_0000_P_00001(__a=9, __b=8, __c=7), __b=NT_0000_P_00001(__a=4, __b=52, __c=58), __c=95, __d=93), __b=NT_0000_P_00001(__a=35, __b=58, __c=47), __c=29, __d=75), __c=93, __d=61), __c=54, __d=95), __c=83, __d=5), __b=NT_0000_P_00000(__a=NT_0000_P_00001(__a=10, __b=57, __c=67), __b=NT_0000_P_00001(__a=78, __b=35, __c=0), __c=99, __d=77), __c=68, __d=78), __b=NT_0000_P_00000(__a=NT_0000_P_00001(__a=89, __b=55, __c=12), __b=NT_0000_P_00000(__a=NT_0000_P_00001(__a=18, __b=41, __c=31), __b=NT_0000_P_00000(__a=NT_0000_P_00001(__a=66, __b=12, __c=66), __b=NT_0000_P_00000(__a=NT_0000_P_00000(__a=NT_0000_P_00000(__a=NT_0000_P_00001(__a=83, __b=89, __c=39), __b=NT_0000_P_00000(__a=NT_0000_P_00001(__a=100, __b=81, __c=15), __b=NT_0000_P_00000(__a=NT_0000_P_00000(__a=NT_0000_P_00001(__a=35, __b=58, __c=47), __b=NT_0000_P_00001(__a=6, __b=5, __c=3), __c=11, __d=41), __b=NT_0000_P_00001(__a=48, __b=39, __c=4), __c=5, __d=94), __c=25, __d=12), __c=73, __d=74), __b=NT_0000_P_00001(__a=52, __b=40, __c=57), __c=68, __d=66), __b=NT_0000_P_00001(__a=62, __b=99, __c=39), __c=60, __d=33), __c=2, __d=86), __c=83, __d=73), __c=8, __d=22), __c=92, __d=19), __b=NT_0000_P_00001(__a=100, __b=81, __c=15), __c=8, __d=51), __b=NT_0000_P_00000(__a=NT_0000_P_00000(__a=NT_0000_P_00000(__a=NT_0000_P_00001(__a=82, __b=26, __c=83), __b=NT_0000_P_00001(__a=79, __b=0, __c=95), __c=24, __d=30), __b=NT_0000_P_00000(__a=NT_0000_P_00000(__a=NT_0000_P_00001(__a=68, __b=4, __c=59), __b=NT_0000_P_00001(__a=75, __b=11, __c=100), __c=40, __d=95), __b=NT_0000_P_00001(__a=94, __b=76, __c=9), __c=41, __d=67), __c=77, __d=86), __b=NT_0000_P_00000(__a=NT_0000_P_00000(__a=NT_0000_P_00001(__a=18, __b=41, __c=31), __b=NT_0000_P_00000(__a=NT_0000_P_00000(__a=NT_0000_P_00001(__a=14, __b=17, __c=54), __b=NT_0000_P_00000(__a=NT_0000_P_00001(__a=24, __b=56, __c=79), __b=NT_0000_P_00000(__a=NT_0000_P_00001(__a=56, __b=11, __c=61), __b=NT_0000_P_00001(__a=86, __b=82, __c=12), __c=34, __d=10), __c=46, __d=99), __c=34, __d=82), __b=NT_0000_P_00000(__a=NT_0000_P_00000(__a=NT_0000_P_00000(__a=NT_0000_P_00000(__a=NT_0000_P_00000(__a=NT_0000_P_00001(__a=79, __b=31, __c=78), __b=NT_0000_P_00001(__a=58, __b=5, __c=18), __c=54, __d=56), __b=NT_0000_P_00001(__a=17, __b=57, __c=39), __c=86, __d=40), __b=NT_0000_P_00001(__a=56, __b=55, __c=100), __c=76, __d=64), __b=NT_0000_P_00000(__a=NT_0000_P_00001(__a=32, __b=96, __c=40), __b=NT_0000_P_00000(__a=NT_0000_P_00001(__a=58, __b=65, __c=94), __b=NT_0000_P_00000(__a=NT_0000_P_00000(__a=NT_0000_P_00001(__a=37, __b=81, __c=62), __b=NT_0000_P_00000(__a=NT_0000_P_00001(__a=73, __b=78, __c=60), __b=NT_0000_P_00001(__a=1, __b=73, __c=57), __c=9, __d=12), __c=27, __d=43), __b=NT_0000_P_00000(__a=NT_0000_P_00000(__a=NT_0000_P_00001(__a=9, __b=8, __c=7), __b=NT_0000_P_00001(__a=4, __b=52, __c=58), __c=95, __d=93), __b=NT_0000_P_00001(__a=35, __b=58, __c=47), __c=29, __d=75), __c=93, __d=61), __c=54, __d=95), __c=83, __d=5), __c=24, __d=75), __b=NT_0000_P_00000(__a=NT_0000_P_00001(__a=75, __b=11, __c=100), __b=NT_0000_P_00001(__a=58, __b=5, __c=18), __c=54, __d=56), __c=92, __d=87), __c=60, __d=50), __c=11, __d=77), __b=NT_0000_P_00001(__a=50, __b=35, __c=84), __c=50, __d=68), __c=33, __d=39), __c=9, __d=1))"
383.0,14,92,88,9.939403057098389,30050,"NT_0019_P_00000(__a=NT_0000_P_00000(__a=NT_0000_P_00000(__a=NT_0000_P_00000(__a=NT_0000_P_00000(__a=NT_0000_P_00000(__a=NT_0000_P_00001(__a=32, __b=96, __c=40), __b=NT_0000_P_00000(__a=NT_0000_P_00001(__a=58, __b=65, __c=94), __b=NT_0000_P_00000(__a=NT_0000_P_00000(__a=NT_0000_P_00001(__a=37, __b=81, __c=62), __b=NT_0000_P_00000(__a=NT_0000_P_00001(__a=73, __b=78, __c=60), __b=NT_0000_P_00001(__a=1, __b=73, __c=57), __c=9, __d=12), __c=27, __d=43), __b=NT_0000_P_00000(__a=NT_0000_P_00000(__a=NT_0000_P_00001(__a=9, __b=8, __c=7), __b=NT_0000_P_00001(__a=4, __b=52, __c=58), __c=95, __d=93), __b=NT_0000_P_00001(__a=35, __b=58, __c=47), __c=29, __d=75), __c=93, __d=61), __c=54, __d=95), __c=83, __d=5), __b=NT_0000_P_00000(__a=NT_0000_P_00001(__a=10, __b=57, __c=67), __b=NT_0000_P_00001(__a=78, __b=35, __c=0), __c=99, __d=77), __c=68, __d=78), __b=NT_0000_P_00000(__a=NT_0000_P_00001(__a=89, __b=55, __c=12), __b=NT_0000_P_00000(__a=NT_0000_P_00001(__a=18, __b=41, __c=31), __b=NT_0000_P_00000(__a=NT_0000_P_00001(__a=66, __b=12, __c=66), __b=NT_0000_P_00000(__a=NT_0000_P_00000(__a=NT_0000_P_00000(__a=NT_0000_P_00001(__a=83, __b=89, __c=39), __b=NT_0000_P_00000(__a=NT_0000_P_00001(__a=100, __b=81, __c=15), __b=NT_0000_P_00000(__a=NT_0000_P_00000(__a=NT_0000_P_00001(__a=35, __b=58, __c=47), __b=NT_0000_P_00001(__a=6, __b=5, __c=3), __c=11, __d=41), __b=NT_0000_P_00001(__a=48, __b=39, __c=4), __c=5, __d=94), __c=25, __d=12), __c=73, __d=74), __b=NT_0000_P_00001(__a=52, __b=40, __c=57), __c=68, __d=66), __b=NT_0000_P_00001(__a=62, __b=99, __c=39), __c=60, __d=33), __c=2, __d=86), __c=83, __d=73), __c=8, __d=22), __c=92, __d=19), __b=NT_0000_P_00001(__a=100, __b=81, __c=15), __c=8, __d=51), __b=NT_0000_P_00000(__a=NT_0000_P_00000(__a=NT_0000_P_00000(__a=NT_0000_P_00001(__a=82, __b=26, __c=83), __b=NT_0000_P_00001(__a=79, __b=0, __c=95), __c=24, __d=30), __b=NT_0000_P_00000(__a=NT_0000_P_00000(__a=NT_0000_P_00001(__a=68, __b=4, __c=59), __b=NT_0000_P_00001(__a=75, __b=11, __c=100), __c=40, __d=95), __b=NT_0000_P_00001(__a=94, __b=76, __c=9), __c=41, __d=67), __c=77, __d=86), __b=NT_0000_P_00000(__a=NT_0000_P_00000(__a=NT_0000_P_00001(__a=18, __b=41, __c=31), __b=NT_0000_P_00000(__a=NT_0000_P_00000(__a=NT_0000_P_00001(__a=14, __b=17, __c=54), __b=NT_0000_P_00000(__a=NT_0000_P_00001(__a=24, __b=56, __c=79), __b=NT_0000_P_00000(__a=NT_0000_P_00001(__a=56, __b=11, __c=61), __b=NT_0000_P_00001(__a=86, __b=82, __c=12), __c=34, __d=10), __c=46, __d=99), __c=34, __d=82), __b=NT_0000_P_00000(__a=NT_0000_P_00000(__a=NT_0000_P_00000(__a=NT_0000_P_00000(__a=NT_0000_P_00000(__a=NT_0000_P_00001(__a=79, __b=31, __c=78), __b=NT_0000_P_00001(__a=58, __b=5, __c=18), __c=54, __d=56), __b=NT_0000_P_00001(__a=17, __b=57, __c=39), __c=86, __d=40), __b=NT_0000_P_00001(__a=56, __b=55, __c=100), __c=76, __d=64), __b=NT_0000_P_00000(__a=NT_0000_P_00001(__a=32, __b=96, __c=40), __b=NT_0000_P_00000(__a=NT_0000_P_00001(__a=58, __b=65, __c=94), __b=NT_0000_P_00000(__a=NT_0000_P_00000(__a=NT_0000_P_00001(__a=37, __b=81, __c=62), __b=NT_0000_P_00000(__a=NT_0000_P_00001(__a=73, __b=78, __c=60), __b=NT_0000_P_00001(__a=1, __b=73, __c=57), __c=9, __d=12), __c=27, __d=43), __b=NT_0000_P_00000(__a=NT_0000_P_00000(__a=NT_0000_P_00001(__a=9, __b=8, __c=7), __b=NT_0000_P_00001(__a=4, __b=52, __c=58), __c=95, __d=93), __b=NT_0000_P_00001(__a=35, __b=58, __c=47), __c=29, __d=75), __c=93, __d=61), __c=54, __d=95), __c=83, __d=5), __c=24, __d=75), __b=NT_0000_P_00000(__a=NT_0000_P_00001(__a=75, __b=11, __c=100), __b=NT_0000_P_00001(__a=58, __b=5, __c=18), __c=54, __d=56), __c=92, __d=87), __c=60, __d=50), __c=11, __d=77), __b=NT_0000_P_00001(__a=50, __b=35, __c=84), __c=50, __d=68), __c=33, __d=39), __c=9, __d=1))"
383.0,14,92,89,9.988718032836914,30050,"NT_0019_P_00000(__a=NT_0000_P_00000(__a=NT_0000_P_00000(__a=NT_0000_P_00000(__a=NT_0000_P_00000(__a=NT_0000_P_00000(__a=NT_0000_P_00001(__a=32, __b=96, __c=40), __b=NT_0000_P_00000(__a=NT_0000_P_00001(__a=58, __b=65, __c=94), __b=NT_0000_P_00000(__a=NT_0000_P_00000(__a=NT_0000_P_00001(__a=37, __b=81, __c=62), __b=NT_0000_P_00000(__a=NT_0000_P_00001(__a=73, __b=78, __c=60), __b=NT_0000_P_00001(__a=1, __b=73, __c=57), __c=9, __d=12), __c=27, __d=43), __b=NT_0000_P_00000(__a=NT_0000_P_00000(__a=NT_0000_P_00001(__a=9, __b=8, __c=7), __b=NT_0000_P_00001(__a=4, __b=52, __c=58), __c=95, __d=93), __b=NT_0000_P_00001(__a=35, __b=58, __c=47), __c=29, __d=75), __c=93, __d=61), __c=54, __d=95), __c=83, __d=5), __b=NT_0000_P_00000(__a=NT_0000_P_00001(__a=10, __b=57, __c=67), __b=NT_0000_P_00001(__a=78, __b=35, __c=0), __c=99, __d=77), __c=68, __d=78), __b=NT_0000_P_00000(__a=NT_0000_P_00001(__a=89, __b=55, __c=12), __b=NT_0000_P_00000(__a=NT_0000_P_00001(__a=18, __b=41, __c=31), __b=NT_0000_P_00000(__a=NT_0000_P_00001(__a=66, __b=12, __c=66), __b=NT_0000_P_00000(__a=NT_0000_P_00000(__a=NT_0000_P_00000(__a=NT_0000_P_00001(__a=83, __b=89, __c=39), __b=NT_0000_P_00000(__a=NT_0000_P_00001(__a=100, __b=81, __c=15), __b=NT_0000_P_00000(__a=NT_0000_P_00000(__a=NT_0000_P_00001(__a=35, __b=58, __c=47), __b=NT_0000_P_00001(__a=6, __b=5, __c=3), __c=11, __d=41), __b=NT_0000_P_00001(__a=48, __b=39, __c=4), __c=5, __d=94), __c=25, __d=12), __c=73, __d=74), __b=NT_0000_P_00001(__a=52, __b=40, __c=57), __c=68, __d=66), __b=NT_0000_P_00001(__a=62, __b=99, __c=39), __c=60, __d=33), __c=2, __d=86), __c=83, __d=73), __c=8, __d=22), __c=92, __d=19), __b=NT_0000_P_00001(__a=100, __b=81, __c=15), __c=8, __d=51), __b=NT_0000_P_00000(__a=NT_0000_P_00000(__a=NT_0000_P_00000(__a=NT_0000_P_00001(__a=82, __b=26, __c=83), __b=NT_0000_P_00001(__a=79, __b=0, __c=95), __c=24, __d=30), __b=NT_0000_P_00000(__a=NT_0000_P_00000(__a=NT_0000_P_00001(__a=68, __b=4, __c=59), __b=NT_0000_P_00001(__a=75, __b=11, __c=100), __c=40, __d=95), __b=NT_0000_P_00001(__a=94, __b=76, __c=9), __c=41, __d=67), __c=77, __d=86), __b=NT_0000_P_00000(__a=NT_0000_P_00000(__a=NT_0000_P_00001(__a=18, __b=41, __c=31), __b=NT_0000_P_00000(__a=NT_0000_P_00000(__a=NT_0000_P_00001(__a=14, __b=17, __c=54), __b=NT_0000_P_00000(__a=NT_0000_P_00001(__a=24, __b=56, __c=79), __b=NT_0000_P_00000(__a=NT_0000_P_00001(__a=56, __b=11, __c=61), __b=NT_0000_P_00001(__a=86, __b=82, __c=12), __c=34, __d=10), __c=46, __d=99), __c=34, __d=82), __b=NT_0000_P_00000(__a=NT_0000_P_00000(__a=NT_0000_P_00000(__a=NT_0000_P_00000(__a=NT_0000_P_00000(__a=NT_0000_P_00001(__a=79, __b=31, __c=78), __b=NT_0000_P_00001(__a=58, __b=5, __c=18), __c=54, __d=56), __b=NT_0000_P_00001(__a=17, __b=57, __c=39), __c=86, __d=40), __b=NT_0000_P_00001(__a=56, __b=55, __c=100), __c=76, __d=64), __b=NT_0000_P_00000(__a=NT_0000_P_00001(__a=32, __b=96, __c=40), __b=NT_0000_P_00000(__a=NT_0000_P_00001(__a=58, __b=65, __c=94), __b=NT_0000_P_00000(__a=NT_0000_P_00000(__a=NT_0000_P_00001(__a=37, __b=81, __c=62), __b=NT_0000_P_00000(__a=NT_0000_P_00001(__a=73, __b=78, __c=60), __b=NT_0000_P_00001(__a=1, __b=73, __c=57), __c=9, __d=12), __c=27, __d=43), __b=NT_0000_P_00000(__a=NT_0000_P_00000(__a=NT_0000_P_00001(__a=9, __b=8, __c=7), __b=NT_0000_P_00001(__a=4, __b=52, __c=58), __c=95, __d=93), __b=NT_0000_P_00001(__a=35, __b=58, __c=47), __c=29, __d=75), __c=93, __d=61), __c=54, __d=95), __c=83, __d=5), __c=24, __d=75), __b=NT_0000_P_00000(__a=NT_0000_P_00001(__a=75, __b=11, __c=100), __b=NT_0000_P_00001(__a=58, __b=5, __c=18), __c=54, __d=56), __c=92, __d=87), __c=60, __d=50), __c=11, __d=77), __b=NT_0000_P_00001(__a=50, __b=35, __c=84), __c=50, __d=68), __c=33, __d=39), __c=9, __d=1))"
383.0,14,92,90,10.0283842086792,30050,"NT_0019_P_00000(__a=NT_0000_P_00000(__a=NT_0000_P_00000(__a=NT_0000_P_00000(__a=NT_0000_P_00000(__a=NT_0000_P_00000(__a=NT_0000_P_00001(__a=32, __b=96, __c=40), __b=NT_0000_P_00000(__a=NT_0000_P_00001(__a=58, __b=65, __c=94), __b=NT_0000_P_00000(__a=NT_0000_P_00000(__a=NT_0000_P_00001(__a=37, __b=81, __c=62), __b=NT_0000_P_00000(__a=NT_0000_P_00001(__a=73, __b=78, __c=60), __b=NT_0000_P_00001(__a=1, __b=73, __c=57), __c=9, __d=12), __c=27, __d=43), __b=NT_0000_P_00000(__a=NT_0000_P_00000(__a=NT_0000_P_00001(__a=9, __b=8, __c=7), __b=NT_0000_P_00001(__a=4, __b=52, __c=58), __c=95, __d=93), __b=NT_0000_P_00001(__a=35, __b=58, __c=47), __c=29, __d=75), __c=93, __d=61), __c=54, __d=95), __c=83, __d=5), __b=NT_0000_P_00000(__a=NT_0000_P_00001(__a=10, __b=57, __c=67), __b=NT_0000_P_00001(__a=78, __b=35, __c=0), __c=99, __d=77), __c=68, __d=78), __b=NT_0000_P_00000(__a=NT_0000_P_00001(__a=89, __b=55, __c=12), __b=NT_0000_P_00000(__a=NT_0000_P_00001(__a=18, __b=41, __c=31), __b=NT_0000_P_00000(__a=NT_0000_P_00001(__a=66, __b=12, __c=66), __b=NT_0000_P_00000(__a=NT_0000_P_00000(__a=NT_0000_P_00000(__a=NT_0000_P_00001(__a=83, __b=89, __c=39), __b=NT_0000_P_00000(__a=NT_0000_P_00001(__a=100, __b=81, __c=15), __b=NT_0000_P_00000(__a=NT_0000_P_00000(__a=NT_0000_P_00001(__a=35, __b=58, __c=47), __b=NT_0000_P_00001(__a=6, __b=5, __c=3), __c=11, __d=41), __b=NT_0000_P_00001(__a=48, __b=39, __c=4), __c=5, __d=94), __c=25, __d=12), __c=73, __d=74), __b=NT_0000_P_00001(__a=52, __b=40, __c=57), __c=68, __d=66), __b=NT_0000_P_00001(__a=62, __b=99, __c=39), __c=60, __d=33), __c=2, __d=86), __c=83, __d=73), __c=8, __d=22), __c=92, __d=19), __b=NT_0000_P_00001(__a=100, __b=81, __c=15), __c=8, __d=51), __b=NT_0000_P_00000(__a=NT_0000_P_00000(__a=NT_0000_P_00000(__a=NT_0000_P_00001(__a=82, __b=26, __c=83), __b=NT_0000_P_00001(__a=79, __b=0, __c=95), __c=24, __d=30), __b=NT_0000_P_00000(__a=NT_0000_P_00000(__a=NT_0000_P_00001(__a=68, __b=4, __c=59), __b=NT_0000_P_00001(__a=75, __b=11, __c=100), __c=40, __d=95), __b=NT_0000_P_00001(__a=94, __b=76, __c=9), __c=41, __d=67), __c=77, __d=86), __b=NT_0000_P_00000(__a=NT_0000_P_00000(__a=NT_0000_P_00001(__a=18, __b=41, __c=31), __b=NT_0000_P_00000(__a=NT_0000_P_00000(__a=NT_0000_P_00001(__a=14, __b=17, __c=54), __b=NT_0000_P_00000(__a=NT_0000_P_00001(__a=24, __b=56, __c=79), __b=NT_0000_P_00000(__a=NT_0000_P_00001(__a=56, __b=11, __c=61), __b=NT_0000_P_00001(__a=86, __b=82, __c=12), __c=34, __d=10), __c=46, __d=99), __c=34, __d=82), __b=NT_0000_P_00000(__a=NT_0000_P_00000(__a=NT_0000_P_00000(__a=NT_0000_P_00000(__a=NT_0000_P_00000(__a=NT_0000_P_00001(__a=79, __b=31, __c=78), __b=NT_0000_P_00001(__a=58, __b=5, __c=18), __c=54, __d=56), __b=NT_0000_P_00001(__a=17, __b=57, __c=39), __c=86, __d=40), __b=NT_0000_P_00001(__a=56, __b=55, __c=100), __c=76, __d=64), __b=NT_0000_P_00000(__a=NT_0000_P_00001(__a=32, __b=96, __c=40), __b=NT_0000_P_00000(__a=NT_0000_P_00001(__a=58, __b=65, __c=94), __b=NT_0000_P_00000(__a=NT_0000_P_00000(__a=NT_0000_P_00001(__a=37, __b=81, __c=62), __b=NT_0000_P_00000(__a=NT_0000_P_00001(__a=73, __b=78, __c=60), __b=NT_0000_P_00001(__a=1, __b=73, __c=57), __c=9, __d=12), __c=27, __d=43), __b=NT_0000_P_00000(__a=NT_0000_P_00000(__a=NT_0000_P_00001(__a=9, __b=8, __c=7), __b=NT_0000_P_00001(__a=4, __b=52, __c=58), __c=95, __d=93), __b=NT_0000_P_00001(__a=35, __b=58, __c=47), __c=29, __d=75), __c=93, __d=61), __c=54, __d=95), __c=83, __d=5), __c=24, __d=75), __b=NT_0000_P_00000(__a=NT_0000_P_00001(__a=75, __b=11, __c=100), __b=NT_0000_P_00001(__a=58, __b=5, __c=18), __c=54, __d=56), __c=92, __d=87), __c=60, __d=50), __c=11, __d=77), __b=NT_0000_P_00001(__a=50, __b=35, __c=84), __c=50, __d=68), __c=33, __d=39), __c=9, __d=1))"
383.0,14,92,91,10.072922229766846,30050,"NT_0019_P_00000(__a=NT_0000_P_00000(__a=NT_0000_P_00000(__a=NT_0000_P_00000(__a=NT_0000_P_00000(__a=NT_0000_P_00000(__a=NT_0000_P_00001(__a=32, __b=96, __c=40), __b=NT_0000_P_00000(__a=NT_0000_P_00001(__a=58, __b=65, __c=94), __b=NT_0000_P_00000(__a=NT_0000_P_00000(__a=NT_0000_P_00001(__a=37, __b=81, __c=62), __b=NT_0000_P_00000(__a=NT_0000_P_00001(__a=73, __b=78, __c=60), __b=NT_0000_P_00001(__a=1, __b=73, __c=57), __c=9, __d=12), __c=27, __d=43), __b=NT_0000_P_00000(__a=NT_0000_P_00000(__a=NT_0000_P_00001(__a=9, __b=8, __c=7), __b=NT_0000_P_00001(__a=4, __b=52, __c=58), __c=95, __d=93), __b=NT_0000_P_00001(__a=35, __b=58, __c=47), __c=29, __d=75), __c=93, __d=61), __c=54, __d=95), __c=83, __d=5), __b=NT_0000_P_00000(__a=NT_0000_P_00001(__a=10, __b=57, __c=67), __b=NT_0000_P_00001(__a=78, __b=35, __c=0), __c=99, __d=77), __c=68, __d=78), __b=NT_0000_P_00000(__a=NT_0000_P_00001(__a=89, __b=55, __c=12), __b=NT_0000_P_00000(__a=NT_0000_P_00001(__a=18, __b=41, __c=31), __b=NT_0000_P_00000(__a=NT_0000_P_00001(__a=66, __b=12, __c=66), __b=NT_0000_P_00000(__a=NT_0000_P_00000(__a=NT_0000_P_00000(__a=NT_0000_P_00001(__a=83, __b=89, __c=39), __b=NT_0000_P_00000(__a=NT_0000_P_00001(__a=100, __b=81, __c=15), __b=NT_0000_P_00000(__a=NT_0000_P_00000(__a=NT_0000_P_00001(__a=35, __b=58, __c=47), __b=NT_0000_P_00001(__a=6, __b=5, __c=3), __c=11, __d=41), __b=NT_0000_P_00001(__a=48, __b=39, __c=4), __c=5, __d=94), __c=25, __d=12), __c=73, __d=74), __b=NT_0000_P_00001(__a=52, __b=40, __c=57), __c=68, __d=66), __b=NT_0000_P_00001(__a=62, __b=99, __c=39), __c=60, __d=33), __c=2, __d=86), __c=83, __d=73), __c=8, __d=22), __c=92, __d=19), __b=NT_0000_P_00001(__a=100, __b=81, __c=15), __c=8, __d=51), __b=NT_0000_P_00000(__a=NT_0000_P_00000(__a=NT_0000_P_00000(__a=NT_0000_P_00001(__a=82, __b=26, __c=83), __b=NT_0000_P_00001(__a=79, __b=0, __c=95), __c=24, __d=30), __b=NT_0000_P_00000(__a=NT_0000_P_00000(__a=NT_0000_P_00001(__a=68, __b=4, __c=59), __b=NT_0000_P_00001(__a=75, __b=11, __c=100), __c=40, __d=95), __b=NT_0000_P_00001(__a=94, __b=76, __c=9), __c=41, __d=67), __c=77, __d=86), __b=NT_0000_P_00000(__a=NT_0000_P_00000(__a=NT_0000_P_00001(__a=18, __b=41, __c=31), __b=NT_0000_P_00000(__a=NT_0000_P_00000(__a=NT_0000_P_00001(__a=14, __b=17, __c=54), __b=NT_0000_P_00000(__a=NT_0000_P_00001(__a=24, __b=56, __c=79), __b=NT_0000_P_00000(__a=NT_0000_P_00001(__a=56, __b=11, __c=61), __b=NT_0000_P_00001(__a=86, __b=82, __c=12), __c=34, __d=10), __c=46, __d=99), __c=34, __d=82), __b=NT_0000_P_00000(__a=NT_0000_P_00000(__a=NT_0000_P_00000(__a=NT_0000_P_00000(__a=NT_0000_P_00000(__a=NT_0000_P_00001(__a=79, __b=31, __c=78), __b=NT_0000_P_00001(__a=58, __b=5, __c=18), __c=54, __d=56), __b=NT_0000_P_00001(__a=17, __b=57, __c=39), __c=86, __d=40), __b=NT_0000_P_00001(__a=56, __b=55, __c=100), __c=76, __d=64), __b=NT_0000_P_00000(__a=NT_0000_P_00001(__a=32, __b=96, __c=40), __b=NT_0000_P_00000(__a=NT_0000_P_00001(__a=58, __b=65, __c=94), __b=NT_0000_P_00000(__a=NT_0000_P_00000(__a=NT_0000_P_00001(__a=37, __b=81, __c=62), __b=NT_0000_P_00000(__a=NT_0000_P_00001(__a=73, __b=78, __c=60), __b=NT_0000_P_00001(__a=1, __b=73, __c=57), __c=9, __d=12), __c=27, __d=43), __b=NT_0000_P_00000(__a=NT_0000_P_00000(__a=NT_0000_P_00001(__a=9, __b=8, __c=7), __b=NT_0000_P_00001(__a=4, __b=52, __c=58), __c=95, __d=93), __b=NT_0000_P_00001(__a=35, __b=58, __c=47), __c=29, __d=75), __c=93, __d=61), __c=54, __d=95), __c=83, __d=5), __c=24, __d=75), __b=NT_0000_P_00000(__a=NT_0000_P_00001(__a=75, __b=11, __c=100), __b=NT_0000_P_00001(__a=58, __b=5, __c=18), __c=54, __d=56), __c=92, __d=87), __c=60, __d=50), __c=11, __d=77), __b=NT_0000_P_00001(__a=50, __b=35, __c=84), __c=50, __d=68), __c=33, __d=39), __c=9, __d=1))"
383.0,14,92,92,10.12786865234375,30050,"NT_0019_P_00000(__a=NT_0000_P_00000(__a=NT_0000_P_00000(__a=NT_0000_P_00000(__a=NT_0000_P_00000(__a=NT_0000_P_00000(__a=NT_0000_P_00001(__a=32, __b=96, __c=40), __b=NT_0000_P_00000(__a=NT_0000_P_00001(__a=58, __b=65, __c=94), __b=NT_0000_P_00000(__a=NT_0000_P_00000(__a=NT_0000_P_00001(__a=37, __b=81, __c=62), __b=NT_0000_P_00000(__a=NT_0000_P_00001(__a=73, __b=78, __c=60), __b=NT_0000_P_00001(__a=1, __b=73, __c=57), __c=9, __d=12), __c=27, __d=43), __b=NT_0000_P_00000(__a=NT_0000_P_00000(__a=NT_0000_P_00001(__a=9, __b=8, __c=7), __b=NT_0000_P_00001(__a=4, __b=52, __c=58), __c=95, __d=93), __b=NT_0000_P_00001(__a=35, __b=58, __c=47), __c=29, __d=75), __c=93, __d=61), __c=54, __d=95), __c=83, __d=5), __b=NT_0000_P_00000(__a=NT_0000_P_00001(__a=10, __b=57, __c=67), __b=NT_0000_P_00001(__a=78, __b=35, __c=0), __c=99, __d=77), __c=68, __d=78), __b=NT_0000_P_00000(__a=NT_0000_P_00001(__a=89, __b=55, __c=12), __b=NT_0000_P_00000(__a=NT_0000_P_00001(__a=18, __b=41, __c=31), __b=NT_0000_P_00000(__a=NT_0000_P_00001(__a=66, __b=12, __c=66), __b=NT_0000_P_00000(__a=NT_0000_P_00000(__a=NT_0000_P_00000(__a=NT_0000_P_00001(__a=83, __b=89, __c=39), __b=NT_0000_P_00000(__a=NT_0000_P_00001(__a=100, __b=81, __c=15), __b=NT_0000_P_00000(__a=NT_0000_P_00000(__a=NT_0000_P_00001(__a=35, __b=58, __c=47), __b=NT_0000_P_00001(__a=6, __b=5, __c=3), __c=11, __d=41), __b=NT_0000_P_00001(__a=48, __b=39, __c=4), __c=5, __d=94), __c=25, __d=12), __c=73, __d=74), __b=NT_0000_P_00001(__a=52, __b=40, __c=57), __c=68, __d=66), __b=NT_0000_P_00001(__a=62, __b=99, __c=39), __c=60, __d=33), __c=2, __d=86), __c=83, __d=73), __c=8, __d=22), __c=92, __d=19), __b=NT_0000_P_00001(__a=100, __b=81, __c=15), __c=8, __d=51), __b=NT_0000_P_00000(__a=NT_0000_P_00000(__a=NT_0000_P_00000(__a=NT_0000_P_00001(__a=82, __b=26, __c=83), __b=NT_0000_P_00001(__a=79, __b=0, __c=95), __c=24, __d=30), __b=NT_0000_P_00000(__a=NT_0000_P_00000(__a=NT_0000_P_00001(__a=68, __b=4, __c=59), __b=NT_0000_P_00001(__a=75, __b=11, __c=100), __c=40, __d=95), __b=NT_0000_P_00001(__a=94, __b=76, __c=9), __c=41, __d=67), __c=77, __d=86), __b=NT_0000_P_00000(__a=NT_0000_P_00000(__a=NT_0000_P_00001(__a=18, __b=41, __c=31), __b=NT_0000_P_00000(__a=NT_0000_P_00000(__a=NT_0000_P_00001(__a=14, __b=17, __c=54), __b=NT_0000_P_00000(__a=NT_0000_P_00001(__a=24, __b=56, __c=79), __b=NT_0000_P_00000(__a=NT_0000_P_00001(__a=56, __b=11, __c=61), __b=NT_0000_P_00001(__a=86, __b=82, __c=12), __c=34, __d=10), __c=46, __d=99), __c=34, __d=82), __b=NT_0000_P_00000(__a=NT_0000_P_00000(__a=NT_0000_P_00000(__a=NT_0000_P_00000(__a=NT_0000_P_00000(__a=NT_0000_P_00001(__a=79, __b=31, __c=78), __b=NT_0000_P_00001(__a=58, __b=5, __c=18), __c=54, __d=56), __b=NT_0000_P_00001(__a=17, __b=57, __c=39), __c=86, __d=40), __b=NT_0000_P_00001(__a=56, __b=55, __c=100), __c=76, __d=64), __b=NT_0000_P_00000(__a=NT_0000_P_00001(__a=32, __b=96, __c=40), __b=NT_0000_P_00000(__a=NT_0000_P_00001(__a=58, __b=65, __c=94), __b=NT_0000_P_00000(__a=NT_0000_P_00000(__a=NT_0000_P_00001(__a=37, __b=81, __c=62), __b=NT_0000_P_00000(__a=NT_0000_P_00001(__a=73, __b=78, __c=60), __b=NT_0000_P_00001(__a=1, __b=73, __c=57), __c=9, __d=12), __c=27, __d=43), __b=NT_0000_P_00000(__a=NT_0000_P_00000(__a=NT_0000_P_00001(__a=9, __b=8, __c=7), __b=NT_0000_P_00001(__a=4, __b=52, __c=58), __c=95, __d=93), __b=NT_0000_P_00001(__a=35, __b=58, __c=47), __c=29, __d=75), __c=93, __d=61), __c=54, __d=95), __c=83, __d=5), __c=24, __d=75), __b=NT_0000_P_00000(__a=NT_0000_P_00001(__a=75, __b=11, __c=100), __b=NT_0000_P_00001(__a=58, __b=5, __c=18), __c=54, __d=56), __c=92, __d=87), __c=60, __d=50), __c=11, __d=77), __b=NT_0000_P_00001(__a=50, __b=35, __c=84), __c=50, __d=68), __c=33, __d=39), __c=9, __d=1))"
382.0,14,92,93,10.185431480407715,30050,"NT_0019_P_00000(__a=NT_0000_P_00000(__a=NT_0000_P_00000(__a=NT_0000_P_00000(__a=NT_0000_P_00000(__a=NT_0000_P_00000(__a=NT_0000_P_00001(__a=32, __b=96, __c=40), __b=NT_0000_P_00000(__a=NT_0000_P_00001(__a=58, __b=65, __c=94), __b=NT_0000_P_00000(__a=NT_0000_P_00000(__a=NT_0000_P_00001(__a=37, __b=81, __c=62), __b=NT_0000_P_00000(__a=NT_0000_P_00001(__a=73, __b=78, __c=60), __b=NT_0000_P_00001(__a=1, __b=73, __c=57), __c=9, __d=12), __c=27, __d=43), __b=NT_0000_P_00000(__a=NT_0000_P_00000(__a=NT_0000_P_00001(__a=9, __b=8, __c=7), __b=NT_0000_P_00001(__a=4, __b=52, __c=58), __c=95, __d=93), __b=NT_0000_P_00001(__a=35, __b=58, __c=47), __c=29, __d=75), __c=93, __d=61), __c=54, __d=95), __c=83, __d=5), __b=NT_0000_P_00000(__a=NT_0000_P_00001(__a=10, __b=57, __c=67), __b=NT_0000_P_00001(__a=78, __b=35, __c=0), __c=99, __d=77), __c=68, __d=78), __b=NT_0000_P_00000(__a=NT_0000_P_00001(__a=89, __b=55, __c=12), __b=NT_0000_P_00000(__a=NT_0000_P_00001(__a=18, __b=41, __c=31), __b=NT_0000_P_00000(__a=NT_0000_P_00001(__a=66, __b=12, __c=66), __b=NT_0000_P_00000(__a=NT_0000_P_00000(__a=NT_0000_P_00000(__a=NT_0000_P_00001(__a=83, __b=89, __c=39), __b=NT_0000_P_00000(__a=NT_0000_P_00001(__a=100, __b=81, __c=15), __b=NT_0000_P_00000(__a=NT_0000_P_00000(__a=NT_0000_P_00001(__a=35, __b=58, __c=47), __b=NT_0000_P_00001(__a=6, __b=5, __c=3), __c=11, __d=41), __b=NT_0000_P_00001(__a=48, __b=39, __c=4), __c=5, __d=94), __c=25, __d=12), __c=73, __d=74), __b=NT_0000_P_00001(__a=52, __b=40, __c=57), __c=68, __d=66), __b=NT_0000_P_00001(__a=62, __b=99, __c=39), __c=60, __d=33), __c=2, __d=86), __c=83, __d=73), __c=8, __d=22), __c=92, __d=19), __b=NT_0000_P_00001(__a=100, __b=81, __c=15), __c=8, __d=51), __b=NT_0000_P_00000(__a=NT_0000_P_00000(__a=NT_0000_P_00000(__a=NT_0000_P_00001(__a=82, __b=26, __c=83), __b=NT_0000_P_00001(__a=79, __b=0, __c=95), __c=24, __d=30), __b=NT_0000_P_00000(__a=NT_0000_P_00000(__a=NT_0000_P_00001(__a=68, __b=4, __c=59), __b=NT_0000_P_00001(__a=75, __b=11, __c=100), __c=40, __d=95), __b=NT_0000_P_00001(__a=94, __b=76, __c=9), __c=41, __d=67), __c=77, __d=86), __b=NT_0000_P_00000(__a=NT_0000_P_00000(__a=NT_0000_P_00001(__a=18, __b=41, __c=31), __b=NT_0000_P_00000(__a=NT_0000_P_00000(__a=NT_0000_P_00001(__a=14, __b=17, __c=54), __b=NT_0000_P_00000(__a=NT_0000_P_00001(__a=24, __b=56, __c=79), __b=NT_0000_P_00000(__a=NT_0000_P_00001(__a=56, __b=11, __c=61), __b=NT_0000_P_00001(__a=86, __b=82, __c=12), __c=34, __d=10), __c=46, __d=99), __c=34, __d=82), __b=NT_0000_P_00000(__a=NT_0000_P_00000(__a=NT_0000_P_00000(__a=NT_0000_P_00000(__a=NT_0000_P_00000(__a=NT_0000_P_00001(__a=79, __b=31, __c=78), __b=NT_0000_P_00001(__a=58, __b=5, __c=18), __c=54, __d=56), __b=NT_0000_P_00001(__a=17, __b=57, __c=39), __c=86, __d=40), __b=NT_0000_P_00001(__a=56, __b=55, __c=100), __c=76, __d=64), __b=NT_0000_P_00000(__a=NT_0000_P_00001(__a=32, __b=96, __c=40), __b=NT_0000_P_00000(__a=NT_0000_P_00001(__a=58, __b=65, __c=94), __b=NT_0000_P_00000(__a=NT_0000_P_00000(__a=NT_0000_P_00001(__a=37, __b=81, __c=62), __b=NT_0000_P_00000(__a=NT_0000_P_00001(__a=31, __b=45, __c=35), __b=NT_0000_P_00001(__a=1, __b=73, __c=57), __c=9, __d=12), __c=27, __d=43), __b=NT_0000_P_00000(__a=NT_0000_P_00000(__a=NT_0000_P_00001(__a=9, __b=8, __c=7), __b=NT_0000_P_00001(__a=4, __b=52, __c=58), __c=95, __d=93), __b=NT_0000_P_00001(__a=35, __b=58, __c=47), __c=29, __d=75), __c=93, __d=61), __c=54, __d=95), __c=83, __d=5), __c=24, __d=75), __b=NT_0000_P_00000(__a=NT_0000_P_00001(__a=75, __b=11, __c=100), __b=NT_0000_P_00001(__a=58, __b=5, __c=18), __c=54, __d=56), __c=92, __d=87), __c=60, __d=50), __c=11, __d=77), __b=NT_0000_P_00001(__a=50, __b=35, __c=84), __c=50, __d=68), __c=33, __d=39), __c=9, __d=1))"
382.0,14,92,94,10.262873411178589,30050,"NT_0019_P_00000(__a=NT_0000_P_00000(__a=NT_0000_P_00000(__a=NT_0000_P_00000(__a=NT_0000_P_00000(__a=NT_0000_P_00000(__a=NT_0000_P_00001(__a=32, __b=96, __c=40), __b=NT_0000_P_00000(__a=NT_0000_P_00001(__a=58, __b=65, __c=94), __b=NT_0000_P_00000(__a=NT_0000_P_00000(__a=NT_0000_P_00001(__a=37, __b=81, __c=62), __b=NT_0000_P_00000(__a=NT_0000_P_00001(__a=73, __b=78, __c=60), __b=NT_0000_P_00001(__a=1, __b=73, __c=57), __c=9, __d=12), __c=27, __d=43), __b=NT_0000_P_00000(__a=NT_0000_P_00000(__a=NT_0000_P_00001(__a=9, __b=8, __c=7), __b=NT_0000_P_00001(__a=4, __b=52, __c=58), __c=95, __d=93), __b=NT_0000_P_00001(__a=35, __b=58, __c=47), __c=29, __d=75), __c=93, __d=61), __c=54, __d=95), __c=83, __d=5), __b=NT_0000_P_00000(__a=NT_0000_P_00001(__a=10, __b=57, __c=67), __b=NT_0000_P_00001(__a=78, __b=35, __c=0), __c=99, __d=77), __c=68, __d=78), __b=NT_0000_P_00000(__a=NT_0000_P_00001(__a=89, __b=55, __c=12), __b=NT_0000_P_00000(__a=NT_0000_P_00001(__a=18, __b=41, __c=31), __b=NT_0000_P_00000(__a=NT_0000_P_00001(__a=66, __b=12, __c=66), __b=NT_0000_P_00000(__a=NT_0000_P_00000(__a=NT_0000_P_00000(__a=NT_0000_P_00001(__a=83, __b=89, __c=39), __b=NT_0000_P_00000(__a=NT_0000_P_00001(__a=100, __b=81, __c=15), __b=NT_0000_P_00000(__a=NT_0000_P_00000(__a=NT_0000_P_00001(__a=35, __b=58, __c=47), __b=NT_0000_P_00001(__a=6, __b=5, __c=3), __c=11, __d=41), __b=NT_0000_P_00001(__a=48, __b=39, __c=4), __c=5, __d=94), __c=25, __d=12), __c=73, __d=74), __b=NT_0000_P_00001(__a=52, __b=40, __c=57), __c=68, __d=66), __b=NT_0000_P_00001(__a=62, __b=99, __c=39), __c=60, __d=33), __c=2, __d=86), __c=83, __d=73), __c=8, __d=22), __c=92, __d=19), __b=NT_0000_P_00001(__a=100, __b=81, __c=15), __c=8, __d=51), __b=NT_0000_P_00000(__a=NT_0000_P_00000(__a=NT_0000_P_00000(__a=NT_0000_P_00001(__a=82, __b=26, __c=83), __b=NT_0000_P_00001(__a=79, __b=0, __c=95), __c=24, __d=30), __b=NT_0000_P_00000(__a=NT_0000_P_00000(__a=NT_0000_P_00001(__a=68, __b=4, __c=59), __b=NT_0000_P_00001(__a=75, __b=11, __c=100), __c=40, __d=95), __b=NT_0000_P_00001(__a=94, __b=76, __c=9), __c=41, __d=67), __c=77, __d=86), __b=NT_0000_P_00000(__a=NT_0000_P_00000(__a=NT_0000_P_00001(__a=18, __b=41, __c=31), __b=NT_0000_P_00000(__a=NT_0000_P_00000(__a=NT_0000_P_00001(__a=14, __b=17, __c=54), __b=NT_0000_P_00000(__a=NT_0000_P_00001(__a=24, __b=56, __c=79), __b=NT_0000_P_00000(__a=NT_0000_P_00001(__a=56, __b=11, __c=61), __b=NT_0000_P_00001(__a=86, __b=82, __c=12), __c=34, __d=10), __c=46, __d=99), __c=34, __d=82), __b=NT_0000_P_00000(__a=NT_0000_P_00000(__a=NT_0000_P_00000(__a=NT_0000_P_00000(__a=NT_0000_P_00000(__a=NT_0000_P_00001(__a=79, __b=31, __c=78), __b=NT_0000_P_00001(__a=58, __b=5, __c=18), __c=54, __d=56), __b=NT_0000_P_00001(__a=17, __b=57, __c=39), __c=86, __d=40), __b=NT_0000_P_00001(__a=56, __b=55, __c=100), __c=76, __d=64), __b=NT_0000_P_00000(__a=NT_0000_P_00001(__a=32, __b=96, __c=40), __b=NT_0000_P_00000(__a=NT_0000_P_00001(__a=58, __b=65, __c=94), __b=NT_0000_P_00000(__a=NT_0000_P_00000(__a=NT_0000_P_00001(__a=37, __b=81, __c=62), __b=NT_0000_P_00000(__a=NT_0000_P_00001(__a=31, __b=45, __c=35), __b=NT_0000_P_00001(__a=1, __b=73, __c=57), __c=9, __d=12), __c=27, __d=43), __b=NT_0000_P_00000(__a=NT_0000_P_00000(__a=NT_0000_P_00001(__a=9, __b=8, __c=7), __b=NT_0000_P_00001(__a=4, __b=52, __c=58), __c=95, __d=93), __b=NT_0000_P_00001(__a=35, __b=58, __c=47), __c=29, __d=75), __c=93, __d=61), __c=54, __d=95), __c=83, __d=5), __c=24, __d=75), __b=NT_0000_P_00000(__a=NT_0000_P_00001(__a=75, __b=11, __c=100), __b=NT_0000_P_00001(__a=58, __b=5, __c=18), __c=54, __d=56), __c=92, __d=87), __c=60, __d=50), __c=11, __d=77), __b=NT_0000_P_00001(__a=50, __b=35, __c=84), __c=50, __d=68), __c=33, __d=39), __c=9, __d=1))"
382.0,14,92,95,10.330492496490479,30050,"NT_0019_P_00000(__a=NT_0000_P_00000(__a=NT_0000_P_00000(__a=NT_0000_P_00000(__a=NT_0000_P_00000(__a=NT_0000_P_00000(__a=NT_0000_P_00001(__a=32, __b=96, __c=40), __b=NT_0000_P_00000(__a=NT_0000_P_00001(__a=58, __b=65, __c=94), __b=NT_0000_P_00000(__a=NT_0000_P_00000(__a=NT_0000_P_00001(__a=37, __b=81, __c=62), __b=NT_0000_P_00000(__a=NT_0000_P_00001(__a=73, __b=78, __c=60), __b=NT_0000_P_00001(__a=1, __b=73, __c=57), __c=9, __d=12), __c=27, __d=43), __b=NT_0000_P_00000(__a=NT_0000_P_00000(__a=NT_0000_P_00001(__a=9, __b=8, __c=7), __b=NT_0000_P_00001(__a=4, __b=52, __c=58), __c=95, __d=93), __b=NT_0000_P_00001(__a=35, __b=58, __c=47), __c=29, __d=75), __c=93, __d=61), __c=54, __d=95), __c=83, __d=5), __b=NT_0000_P_00000(__a=NT_0000_P_00001(__a=10, __b=57, __c=67), __b=NT_0000_P_00001(__a=78, __b=35, __c=0), __c=99, __d=77), __c=68, __d=78), __b=NT_0000_P_00000(__a=NT_0000_P_00001(__a=89, __b=55, __c=12), __b=NT_0000_P_00000(__a=NT_0000_P_00001(__a=18, __b=41, __c=31), __b=NT_0000_P_00000(__a=NT_0000_P_00001(__a=66, __b=12, __c=66), __b=NT_0000_P_00000(__a=NT_0000_P_00000(__a=NT_0000_P_00000(__a=NT_0000_P_00001(__a=83, __b=89, __c=39), __b=NT_0000_P_00000(__a=NT_0000_P_00001(__a=100, __b=81, __c=15), __b=NT_0000_P_00000(__a=NT_0000_P_00000(__a=NT_0000_P_00001(__a=35, __b=58, __c=47), __b=NT_0000_P_00001(__a=6, __b=5, __c=3), __c=11, __d=41), __b=NT_0000_P_00001(__a=48, __b=39, __c=4), __c=5, __d=94), __c=25, __d=12), __c=73, __d=74), __b=NT_0000_P_00001(__a=52, __b=40, __c=57), __c=68, __d=66), __b=NT_0000_P_00001(__a=62, __b=99, __c=39), __c=60, __d=33), __c=2, __d=86), __c=83, __d=73), __c=8, __d=22), __c=92, __d=19), __b=NT_0000_P_00001(__a=100, __b=81, __c=15), __c=8, __d=51), __b=NT_0000_P_00000(__a=NT_0000_P_00000(__a=NT_0000_P_00000(__a=NT_0000_P_00001(__a=82, __b=26, __c=83), __b=NT_0000_P_00001(__a=79, __b=0, __c=95), __c=24, __d=30), __b=NT_0000_P_00000(__a=NT_0000_P_00000(__a=NT_0000_P_00001(__a=68, __b=4, __c=59), __b=NT_0000_P_00001(__a=75, __b=11, __c=100), __c=40, __d=95), __b=NT_0000_P_00001(__a=94, __b=76, __c=9), __c=41, __d=67), __c=77, __d=86), __b=NT_0000_P_00000(__a=NT_0000_P_00000(__a=NT_0000_P_00001(__a=18, __b=41, __c=31), __b=NT_0000_P_00000(__a=NT_0000_P_00000(__a=NT_0000_P_00001(__a=14, __b=17, __c=54), __b=NT_0000_P_00000(__a=NT_0000_P_00001(__a=24, __b=56, __c=79), __b=NT_0000_P_00000(__a=NT_0000_P_00001(__a=56, __b=11, __c=61), __b=NT_0000_P_00001(__a=86, __b=82, __c=12), __c=34, __d=10), __c=46, __d=99), __c=34, __d=82), __b=NT_0000_P_00000(__a=NT_0000_P_00000(__a=NT_0000_P_00000(__a=NT_0000_P_00000(__a=NT_0000_P_00000(__a=NT_0000_P_00001(__a=79, __b=31, __c=78), __b=NT_0000_P_00001(__a=58, __b=5, __c=18), __c=54, __d=56), __b=NT_0000_P_00001(__a=17, __b=57, __c=39), __c=86, __d=40), __b=NT_0000_P_00001(__a=56, __b=55, __c=100), __c=76, __d=64), __b=NT_0000_P_00000(__a=NT_0000_P_00001(__a=32, __b=96, __c=40), __b=NT_0000_P_00000(__a=NT_0000_P_00001(__a=58, __b=65, __c=94), __b=NT_0000_P_00000(__a=NT_0000_P_00000(__a=NT_0000_P_00001(__a=37, __b=81, __c=62), __b=NT_0000_P_00000(__a=NT_0000_P_00001(__a=31, __b=45, __c=35), __b=NT_0000_P_00001(__a=1, __b=73, __c=57), __c=9, __d=12), __c=27, __d=43), __b=NT_0000_P_00000(__a=NT_0000_P_00000(__a=NT_0000_P_00001(__a=9, __b=8, __c=7), __b=NT_0000_P_00001(__a=4, __b=52, __c=58), __c=95, __d=93), __b=NT_0000_P_00001(__a=35, __b=58, __c=47), __c=29, __d=75), __c=93, __d=61), __c=54, __d=95), __c=83, __d=5), __c=24, __d=75), __b=NT_0000_P_00000(__a=NT_0000_P_00001(__a=75, __b=11, __c=100), __b=NT_0000_P_00001(__a=58, __b=5, __c=18), __c=54, __d=56), __c=92, __d=87), __c=60, __d=50), __c=11, __d=77), __b=NT_0000_P_00001(__a=50, __b=35, __c=84), __c=50, __d=68), __c=33, __d=39), __c=9, __d=1))"
382.0,14,92,96,10.400129556655884,30050,"NT_0019_P_00000(__a=NT_0000_P_00000(__a=NT_0000_P_00000(__a=NT_0000_P_00000(__a=NT_0000_P_00000(__a=NT_0000_P_00000(__a=NT_0000_P_00001(__a=32, __b=96, __c=40), __b=NT_0000_P_00000(__a=NT_0000_P_00001(__a=58, __b=65, __c=94), __b=NT_0000_P_00000(__a=NT_0000_P_00000(__a=NT_0000_P_00001(__a=37, __b=81, __c=62), __b=NT_0000_P_00000(__a=NT_0000_P_00001(__a=73, __b=78, __c=60), __b=NT_0000_P_00001(__a=1, __b=73, __c=57), __c=9, __d=12), __c=27, __d=43), __b=NT_0000_P_00000(__a=NT_0000_P_00000(__a=NT_0000_P_00001(__a=9, __b=8, __c=7), __b=NT_0000_P_00001(__a=4, __b=52, __c=58), __c=95, __d=93), __b=NT_0000_P_00001(__a=35, __b=58, __c=47), __c=29, __d=75), __c=93, __d=61), __c=54, __d=95), __c=83, __d=5), __b=NT_0000_P_00000(__a=NT_0000_P_00001(__a=10, __b=57, __c=67), __b=NT_0000_P_00001(__a=78, __b=35, __c=0), __c=99, __d=77), __c=68, __d=78), __b=NT_0000_P_00000(__a=NT_0000_P_00001(__a=89, __b=55, __c=12), __b=NT_0000_P_00000(__a=NT_0000_P_00001(__a=18, __b=41, __c=31), __b=NT_0000_P_00000(__a=NT_0000_P_00001(__a=66, __b=12, __c=66), __b=NT_0000_P_00000(__a=NT_0000_P_00000(__a=NT_0000_P_00000(__a=NT_0000_P_00001(__a=83, __b=89, __c=39), __b=NT_0000_P_00000(__a=NT_0000_P_00001(__a=100, __b=81, __c=15), __b=NT_0000_P_00000(__a=NT_0000_P_00000(__a=NT_0000_P_00001(__a=35, __b=58, __c=47), __b=NT_0000_P_00001(__a=6, __b=5, __c=3), __c=11, __d=41), __b=NT_0000_P_00001(__a=48, __b=39, __c=4), __c=5, __d=94), __c=25, __d=12), __c=73, __d=74), __b=NT_0000_P_00001(__a=52, __b=40, __c=57), __c=68, __d=66), __b=NT_0000_P_00001(__a=62, __b=99, __c=39), __c=60, __d=33), __c=2, __d=86), __c=83, __d=73), __c=8, __d=22), __c=92, __d=19), __b=NT_0000_P_00001(__a=100, __b=81, __c=15), __c=8, __d=51), __b=NT_0000_P_00000(__a=NT_0000_P_00000(__a=NT_0000_P_00000(__a=NT_0000_P_00001(__a=82, __b=26, __c=83), __b=NT_0000_P_00001(__a=79, __b=0, __c=95), __c=24, __d=30), __b=NT_0000_P_00000(__a=NT_0000_P_00000(__a=NT_0000_P_00001(__a=68, __b=4, __c=59), __b=NT_0000_P_00001(__a=75, __b=11, __c=100), __c=40, __d=95), __b=NT_0000_P_00001(__a=94, __b=76, __c=9), __c=41, __d=67), __c=77, __d=86), __b=NT_0000_P_00000(__a=NT_0000_P_00000(__a=NT_0000_P_00001(__a=18, __b=41, __c=31), __b=NT_0000_P_00000(__a=NT_0000_P_00000(__a=NT_0000_P_00001(__a=14, __b=17, __c=54), __b=NT_0000_P_00000(__a=NT_0000_P_00001(__a=24, __b=56, __c=79), __b=NT_0000_P_00000(__a=NT_0000_P_00001(__a=56, __b=11, __c=61), __b=NT_0000_P_00001(__a=86, __b=82, __c=12), __c=34, __d=10), __c=46, __d=99), __c=34, __d=82), __b=NT_0000_P_00000(__a=NT_0000_P_00000(__a=NT_0000_P_00000(__a=NT_0000_P_00000(__a=NT_0000_P_00000(__a=NT_0000_P_00001(__a=79, __b=31, __c=78), __b=NT_0000_P_00001(__a=58, __b=5, __c=18), __c=54, __d=56), __b=NT_0000_P_00001(__a=17, __b=57, __c=39), __c=86, __d=40), __b=NT_0000_P_00001(__a=56, __b=55, __c=100), __c=76, __d=64), __b=NT_0000_P_00000(__a=NT_0000_P_00001(__a=32, __b=96, __c=40), __b=NT_0000_P_00000(__a=NT_0000_P_00001(__a=58, __b=65, __c=94), __b=NT_0000_P_00000(__a=NT_0000_P_00000(__a=NT_0000_P_00001(__a=37, __b=81, __c=62), __b=NT_0000_P_00000(__a=NT_0000_P_00001(__a=31, __b=45, __c=35), __b=NT_0000_P_00001(__a=1, __b=73, __c=57), __c=9, __d=12), __c=27, __d=43), __b=NT_0000_P_00000(__a=NT_0000_P_00000(__a=NT_0000_P_00001(__a=9, __b=8, __c=7), __b=NT_0000_P_00001(__a=4, __b=52, __c=58), __c=95, __d=93), __b=NT_0000_P_00001(__a=35, __b=58, __c=47), __c=29, __d=75), __c=93, __d=61), __c=54, __d=95), __c=83, __d=5), __c=24, __d=75), __b=NT_0000_P_00000(__a=NT_0000_P_00001(__a=75, __b=11, __c=100), __b=NT_0000_P_00001(__a=58, __b=5, __c=18), __c=54, __d=56), __c=92, __d=87), __c=60, __d=50), __c=11, __d=77), __b=NT_0000_P_00001(__a=50, __b=35, __c=84), __c=50, __d=68), __c=33, __d=39), __c=9, __d=1))"
382.0,14,92,97,10.488088846206665,30050,"NT_0019_P_00000(__a=NT_0000_P_00000(__a=NT_0000_P_00000(__a=NT_0000_P_00000(__a=NT_0000_P_00000(__a=NT_0000_P_00000(__a=NT_0000_P_00001(__a=32, __b=96, __c=40), __b=NT_0000_P_00000(__a=NT_0000_P_00001(__a=58, __b=65, __c=94), __b=NT_0000_P_00000(__a=NT_0000_P_00000(__a=NT_0000_P_00001(__a=37, __b=81, __c=62), __b=NT_0000_P_00000(__a=NT_0000_P_00001(__a=73, __b=78, __c=60), __b=NT_0000_P_00001(__a=1, __b=73, __c=57), __c=9, __d=12), __c=27, __d=43), __b=NT_0000_P_00000(__a=NT_0000_P_00000(__a=NT_0000_P_00001(__a=9, __b=8, __c=7), __b=NT_0000_P_00001(__a=4, __b=52, __c=58), __c=95, __d=93), __b=NT_0000_P_00001(__a=35, __b=58, __c=47), __c=29, __d=75), __c=93, __d=61), __c=54, __d=95), __c=83, __d=5), __b=NT_0000_P_00000(__a=NT_0000_P_00001(__a=10, __b=57, __c=67), __b=NT_0000_P_00001(__a=78, __b=35, __c=0), __c=99, __d=77), __c=68, __d=78), __b=NT_0000_P_00000(__a=NT_0000_P_00001(__a=89, __b=55, __c=12), __b=NT_0000_P_00000(__a=NT_0000_P_00001(__a=18, __b=41, __c=31), __b=NT_0000_P_00000(__a=NT_0000_P_00001(__a=66, __b=12, __c=66), __b=NT_0000_P_00000(__a=NT_0000_P_00000(__a=NT_0000_P_00000(__a=NT_0000_P_00001(__a=83, __b=89, __c=39), __b=NT_0000_P_00000(__a=NT_0000_P_00001(__a=100, __b=81, __c=15), __b=NT_0000_P_00000(__a=NT_0000_P_00000(__a=NT_0000_P_00001(__a=35, __b=58, __c=47), __b=NT_0000_P_00001(__a=6, __b=5, __c=3), __c=11, __d=41), __b=NT_0000_P_00001(__a=48, __b=39, __c=4), __c=5, __d=94), __c=25, __d=12), __c=73, __d=74), __b=NT_0000_P_00001(__a=52, __b=40, __c=57), __c=68, __d=66), __b=NT_0000_P_00001(__a=62, __b=99, __c=39), __c=60, __d=33), __c=2, __d=86), __c=83, __d=73), __c=8, __d=22), __c=92, __d=19), __b=NT_0000_P_00001(__a=100, __b=81, __c=15), __c=8, __d=51), __b=NT_0000_P_00000(__a=NT_0000_P_00000(__a=NT_0000_P_00000(__a=NT_0000_P_00001(__a=82, __b=26, __c=83), __b=NT_0000_P_00001(__a=79, __b=0, __c=95), __c=24, __d=30), __b=NT_0000_P_00000(__a=NT_0000_P_00000(__a=NT_0000_P_00001(__a=68, __b=4, __c=59), __b=NT_0000_P_00001(__a=75, __b=11, __c=100), __c=40, __d=95), __b=NT_0000_P_00001(__a=94, __b=76, __c=9), __c=41, __d=67), __c=77, __d=86), __b=NT_0000_P_00000(__a=NT_0000_P_00000(__a=NT_0000_P_00001(__a=18, __b=41, __c=31), __b=NT_0000_P_00000(__a=NT_0000_P_00000(__a=NT_0000_P_00001(__a=14, __b=17, __c=54), __b=NT_0000_P_00000(__a=NT_0000_P_00001(__a=24, __b=56, __c=79), __b=NT_0000_P_00000(__a=NT_0000_P_00001(__a=56, __b=11, __c=61), __b=NT_0000_P_00001(__a=86, __b=82, __c=12), __c=34, __d=10), __c=46, __d=99), __c=34, __d=82), __b=NT_0000_P_00000(__a=NT_0000_P_00000(__a=NT_0000_P_00000(__a=NT_0000_P_00000(__a=NT_0000_P_00000(__a=NT_0000_P_00001(__a=79, __b=31, __c=78), __b=NT_0000_P_00001(__a=58, __b=5, __c=18), __c=54, __d=56), __b=NT_0000_P_00001(__a=17, __b=57, __c=39), __c=86, __d=40), __b=NT_0000_P_00001(__a=56, __b=55, __c=100), __c=76, __d=64), __b=NT_0000_P_00000(__a=NT_0000_P_00001(__a=32, __b=96, __c=40), __b=NT_0000_P_00000(__a=NT_0000_P_00001(__a=58, __b=65, __c=94), __b=NT_0000_P_00000(__a=NT_0000_P_00000(__a=NT_0000_P_00001(__a=37, __b=81, __c=62), __b=NT_0000_P_00000(__a=NT_0000_P_00001(__a=31, __b=45, __c=35), __b=NT_0000_P_00001(__a=1, __b=73, __c=57), __c=9, __d=12), __c=27, __d=43), __b=NT_0000_P_00000(__a=NT_0000_P_00000(__a=NT_0000_P_00001(__a=9, __b=8, __c=7), __b=NT_0000_P_00001(__a=4, __b=52, __c=58), __c=95, __d=93), __b=NT_0000_P_00001(__a=35, __b=58, __c=47), __c=29, __d=75), __c=93, __d=61), __c=54, __d=95), __c=83, __d=5), __c=24, __d=75), __b=NT_0000_P_00000(__a=NT_0000_P_00001(__a=75, __b=11, __c=100), __b=NT_0000_P_00001(__a=58, __b=5, __c=18), __c=54, __d=56), __c=92, __d=87), __c=60, __d=50), __c=11, __d=77), __b=NT_0000_P_00001(__a=50, __b=35, __c=84), __c=50, __d=68), __c=33, __d=39), __c=9, __d=1))"
382.0,14,92,98,10.545777559280396,30050,"NT_0019_P_00000(__a=NT_0000_P_00000(__a=NT_0000_P_00000(__a=NT_0000_P_00000(__a=NT_0000_P_00000(__a=NT_0000_P_00000(__a=NT_0000_P_00001(__a=32, __b=96, __c=40), __b=NT_0000_P_00000(__a=NT_0000_P_00001(__a=58, __b=65, __c=94), __b=NT_0000_P_00000(__a=NT_0000_P_00000(__a=NT_0000_P_00001(__a=37, __b=81, __c=62), __b=NT_0000_P_00000(__a=NT_0000_P_00001(__a=73, __b=78, __c=60), __b=NT_0000_P_00001(__a=1, __b=73, __c=57), __c=9, __d=12), __c=27, __d=43), __b=NT_0000_P_00000(__a=NT_0000_P_00000(__a=NT_0000_P_00001(__a=9, __b=8, __c=7), __b=NT_0000_P_00001(__a=4, __b=52, __c=58), __c=95, __d=93), __b=NT_0000_P_00001(__a=35, __b=58, __c=47), __c=29, __d=75), __c=93, __d=61), __c=54, __d=95), __c=83, __d=5), __b=NT_0000_P_00000(__a=NT_0000_P_00001(__a=10, __b=57, __c=67), __b=NT_0000_P_00001(__a=78, __b=35, __c=0), __c=99, __d=77), __c=68, __d=78), __b=NT_0000_P_00000(__a=NT_0000_P_00001(__a=89, __b=55, __c=12), __b=NT_0000_P_00000(__a=NT_0000_P_00001(__a=18, __b=41, __c=31), __b=NT_0000_P_00000(__a=NT_0000_P_00001(__a=66, __b=12, __c=66), __b=NT_0000_P_00000(__a=NT_0000_P_00000(__a=NT_0000_P_00000(__a=NT_0000_P_00001(__a=83, __b=89, __c=39), __b=NT_0000_P_00000(__a=NT_0000_P_00001(__a=100, __b=81, __c=15), __b=NT_0000_P_00000(__a=NT_0000_P_00000(__a=NT_0000_P_00001(__a=35, __b=58, __c=47), __b=NT_0000_P_00001(__a=6, __b=5, __c=3), __c=11, __d=41), __b=NT_0000_P_00001(__a=48, __b=39, __c=4), __c=5, __d=94), __c=25, __d=12), __c=73, __d=74), __b=NT_0000_P_00001(__a=52, __b=40, __c=57), __c=68, __d=66), __b=NT_0000_P_00001(__a=62, __b=99, __c=39), __c=60, __d=33), __c=2, __d=86), __c=83, __d=73), __c=8, __d=22), __c=92, __d=19), __b=NT_0000_P_00001(__a=100, __b=81, __c=15), __c=8, __d=51), __b=NT_0000_P_00000(__a=NT_0000_P_00000(__a=NT_0000_P_00000(__a=NT_0000_P_00001(__a=82, __b=26, __c=83), __b=NT_0000_P_00001(__a=79, __b=0, __c=95), __c=24, __d=30), __b=NT_0000_P_00000(__a=NT_0000_P_00000(__a=NT_0000_P_00001(__a=68, __b=4, __c=59), __b=NT_0000_P_00001(__a=75, __b=11, __c=100), __c=40, __d=95), __b=NT_0000_P_00001(__a=94, __b=76, __c=9), __c=41, __d=67), __c=77, __d=86), __b=NT_0000_P_00000(__a=NT_0000_P_00000(__a=NT_0000_P_00001(__a=18, __b=41, __c=31), __b=NT_0000_P_00000(__a=NT_0000_P_00000(__a=NT_0000_P_00001(__a=14, __b=17, __c=54), __b=NT_0000_P_00000(__a=NT_0000_P_00001(__a=24, __b=56, __c=79), __b=NT_0000_P_00000(__a=NT_0000_P_00001(__a=56, __b=11, __c=61), __b=NT_0000_P_00001(__a=86, __b=82, __c=12), __c=34, __d=10), __c=46, __d=99), __c=34, __d=82), __b=NT_0000_P_00000(__a=NT_0000_P_00000(__a=NT_0000_P_00000(__a=NT_0000_P_00000(__a=NT_0000_P_00000(__a=NT_0000_P_00001(__a=79, __b=31, __c=78), __b=NT_0000_P_00001(__a=58, __b=5, __c=18), __c=54, __d=56), __b=NT_0000_P_00001(__a=17, __b=57, __c=39), __c=86, __d=40), __b=NT_0000_P_00001(__a=56, __b=55, __c=100), __c=76, __d=64), __b=NT_0000_P_00000(__a=NT_0000_P_00001(__a=32, __b=96, __c=40), __b=NT_0000_P_00000(__a=NT_0000_P_00001(__a=58, __b=65, __c=94), __b=NT_0000_P_00000(__a=NT_0000_P_00000(__a=NT_0000_P_00001(__a=37, __b=81, __c=62), __b=NT_0000_P_00000(__a=NT_0000_P_00001(__a=31, __b=45, __c=35), __b=NT_0000_P_00001(__a=1, __b=73, __c=57), __c=9, __d=12), __c=27, __d=43), __b=NT_0000_P_00000(__a=NT_0000_P_00000(__a=NT_0000_P_00001(__a=9, __b=8, __c=7), __b=NT_0000_P_00001(__a=4, __b=52, __c=58), __c=95, __d=93), __b=NT_0000_P_00001(__a=35, __b=58, __c=47), __c=29, __d=75), __c=93, __d=61), __c=54, __d=95), __c=83, __d=5), __c=24, __d=75), __b=NT_0000_P_00000(__a=NT_0000_P_00001(__a=75, __b=11, __c=100), __b=NT_0000_P_00001(__a=58, __b=5, __c=18), __c=54, __d=56), __c=92, __d=87), __c=60, __d=50), __c=11, __d=77), __b=NT_0000_P_00001(__a=50, __b=35, __c=84), __c=50, __d=68), __c=33, __d=39), __c=9, __d=1))"
382.0,14,92,99,10.617435455322266,30050,"NT_0019_P_00000(__a=NT_0000_P_00000(__a=NT_0000_P_00000(__a=NT_0000_P_00000(__a=NT_0000_P_00000(__a=NT_0000_P_00000(__a=NT_0000_P_00001(__a=32, __b=96, __c=40), __b=NT_0000_P_00000(__a=NT_0000_P_00001(__a=58, __b=65, __c=94), __b=NT_0000_P_00000(__a=NT_0000_P_00000(__a=NT_0000_P_00001(__a=37, __b=81, __c=62), __b=NT_0000_P_00000(__a=NT_0000_P_00001(__a=73, __b=78, __c=60), __b=NT_0000_P_00001(__a=1, __b=73, __c=57), __c=9, __d=12), __c=27, __d=43), __b=NT_0000_P_00000(__a=NT_0000_P_00000(__a=NT_0000_P_00001(__a=9, __b=8, __c=7), __b=NT_0000_P_00001(__a=4, __b=52, __c=58), __c=95, __d=93), __b=NT_0000_P_00001(__a=35, __b=58, __c=47), __c=29, __d=75), __c=93, __d=61), __c=54, __d=95), __c=83, __d=5), __b=NT_0000_P_00000(__a=NT_0000_P_00001(__a=10, __b=57, __c=67), __b=NT_0000_P_00001(__a=78, __b=35, __c=0), __c=99, __d=77), __c=68, __d=78), __b=NT_0000_P_00000(__a=NT_0000_P_00001(__a=89, __b=55, __c=12), __b=NT_0000_P_00000(__a=NT_0000_P_00001(__a=18, __b=41, __c=31), __b=NT_0000_P_00000(__a=NT_0000_P_00001(__a=66, __b=12, __c=66), __b=NT_0000_P_00000(__a=NT_0000_P_00000(__a=NT_0000_P_00000(__a=NT_0000_P_00001(__a=83, __b=89, __c=39), __b=NT_0000_P_00000(__a=NT_0000_P_00001(__a=100, __b=81, __c=15), __b=NT_0000_P_00000(__a=NT_0000_P_00000(__a=NT_0000_P_00001(__a=35, __b=58, __c=47), __b=NT_0000_P_00001(__a=6, __b=5, __c=3), __c=11, __d=41), __b=NT_0000_P_00001(__a=48, __b=39, __c=4), __c=5, __d=94), __c=25, __d=12), __c=73, __d=74), __b=NT_0000_P_00001(__a=52, __b=40, __c=57), __c=68, __d=66), __b=NT_0000_P_00001(__a=62, __b=99, __c=39), __c=60, __d=33), __c=2, __d=86), __c=83, __d=73), __c=8, __d=22), __c=92, __d=19), __b=NT_0000_P_00001(__a=100, __b=81, __c=15), __c=8, __d=51), __b=NT_0000_P_00000(__a=NT_0000_P_00000(__a=NT_0000_P_00000(__a=NT_0000_P_00001(__a=82, __b=26, __c=83), __b=NT_0000_P_00001(__a=79, __b=0, __c=95), __c=24, __d=30), __b=NT_0000_P_00000(__a=NT_0000_P_00000(__a=NT_0000_P_00001(__a=68, __b=4, __c=59), __b=NT_0000_P_00001(__a=75, __b=11, __c=100), __c=40, __d=95), __b=NT_0000_P_00001(__a=94, __b=76, __c=9), __c=41, __d=67), __c=77, __d=86), __b=NT_0000_P_00000(__a=NT_0000_P_00000(__a=NT_0000_P_00001(__a=18, __b=41, __c=31), __b=NT_0000_P_00000(__a=NT_0000_P_00000(__a=NT_0000_P_00001(__a=14, __b=17, __c=54), __b=NT_0000_P_00000(__a=NT_0000_P_00001(__a=24, __b=56, __c=79), __b=NT_0000_P_00000(__a=NT_0000_P_00001(__a=56, __b=11, __c=61), __b=NT_0000_P_00001(__a=86, __b=82, __c=12), __c=34, __d=10), __c=46, __d=99), __c=34, __d=82), __b=NT_0000_P_00000(__a=NT_0000_P_00000(__a=NT_0000_P_00000(__a=NT_0000_P_00000(__a=NT_0000_P_00000(__a=NT_0000_P_00001(__a=79, __b=31, __c=78), __b=NT_0000_P_00001(__a=58, __b=5, __c=18), __c=54, __d=56), __b=NT_0000_P_00001(__a=17, __b=57, __c=39), __c=86, __d=40), __b=NT_0000_P_00001(__a=56, __b=55, __c=100), __c=76, __d=64), __b=NT_0000_P_00000(__a=NT_0000_P_00001(__a=32, __b=96, __c=40), __b=NT_0000_P_00000(__a=NT_0000_P_00001(__a=58, __b=65, __c=94), __b=NT_0000_P_00000(__a=NT_0000_P_00000(__a=NT_0000_P_00001(__a=37, __b=81, __c=62), __b=NT_0000_P_00000(__a=NT_0000_P_00001(__a=31, __b=45, __c=35), __b=NT_0000_P_00001(__a=1, __b=73, __c=57), __c=9, __d=12), __c=27, __d=43), __b=NT_0000_P_00000(__a=NT_0000_P_00000(__a=NT_0000_P_00001(__a=9, __b=8, __c=7), __b=NT_0000_P_00001(__a=4, __b=52, __c=58), __c=95, __d=93), __b=NT_0000_P_00001(__a=35, __b=58, __c=47), __c=29, __d=75), __c=93, __d=61), __c=54, __d=95), __c=83, __d=5), __c=24, __d=75), __b=NT_0000_P_00000(__a=NT_0000_P_00001(__a=75, __b=11, __c=100), __b=NT_0000_P_00001(__a=58, __b=5, __c=18), __c=54, __d=56), __c=92, __d=87), __c=60, __d=50), __c=11, __d=77), __b=NT_0000_P_00001(__a=50, __b=35, __c=84), __c=50, __d=68), __c=33, __d=39), __c=9, __d=1))"
382.0,14,92,100,10.68761682510376,30050,"NT_0019_P_00000(__a=NT_0000_P_00000(__a=NT_0000_P_00000(__a=NT_0000_P_00000(__a=NT_0000_P_00000(__a=NT_0000_P_00000(__a=NT_0000_P_00001(__a=32, __b=96, __c=40), __b=NT_0000_P_00000(__a=NT_0000_P_00001(__a=58, __b=65, __c=94), __b=NT_0000_P_00000(__a=NT_0000_P_00000(__a=NT_0000_P_00001(__a=37, __b=81, __c=62), __b=NT_0000_P_00000(__a=NT_0000_P_00001(__a=73, __b=78, __c=60), __b=NT_0000_P_00001(__a=1, __b=73, __c=57), __c=9, __d=12), __c=27, __d=43), __b=NT_0000_P_00000(__a=NT_0000_P_00000(__a=NT_0000_P_00001(__a=9, __b=8, __c=7), __b=NT_0000_P_00001(__a=4, __b=52, __c=58), __c=95, __d=93), __b=NT_0000_P_00001(__a=35, __b=58, __c=47), __c=29, __d=75), __c=93, __d=61), __c=54, __d=95), __c=83, __d=5), __b=NT_0000_P_00000(__a=NT_0000_P_00001(__a=10, __b=57, __c=67), __b=NT_0000_P_00001(__a=78, __b=35, __c=0), __c=99, __d=77), __c=68, __d=78), __b=NT_0000_P_00000(__a=NT_0000_P_00001(__a=89, __b=55, __c=12), __b=NT_0000_P_00000(__a=NT_0000_P_00001(__a=18, __b=41, __c=31), __b=NT_0000_P_00000(__a=NT_0000_P_00001(__a=66, __b=12, __c=66), __b=NT_0000_P_00000(__a=NT_0000_P_00000(__a=NT_0000_P_00000(__a=NT_0000_P_00001(__a=83, __b=89, __c=39), __b=NT_0000_P_00000(__a=NT_0000_P_00001(__a=100, __b=81, __c=15), __b=NT_0000_P_00000(__a=NT_0000_P_00000(__a=NT_0000_P_00001(__a=35, __b=58, __c=47), __b=NT_0000_P_00001(__a=6, __b=5, __c=3), __c=11, __d=41), __b=NT_0000_P_00001(__a=48, __b=39, __c=4), __c=5, __d=94), __c=25, __d=12), __c=73, __d=74), __b=NT_0000_P_00001(__a=52, __b=40, __c=57), __c=68, __d=66), __b=NT_0000_P_00001(__a=62, __b=99, __c=39), __c=60, __d=33), __c=2, __d=86), __c=83, __d=73), __c=8, __d=22), __c=92, __d=19), __b=NT_0000_P_00001(__a=100, __b=81, __c=15), __c=8, __d=51), __b=NT_0000_P_00000(__a=NT_0000_P_00000(__a=NT_0000_P_00000(__a=NT_0000_P_00001(__a=82, __b=26, __c=83), __b=NT_0000_P_00001(__a=79, __b=0, __c=95), __c=24, __d=30), __b=NT_0000_P_00000(__a=NT_0000_P_00000(__a=NT_0000_P_00001(__a=68, __b=4, __c=59), __b=NT_0000_P_00001(__a=75, __b=11, __c=100), __c=40, __d=95), __b=NT_0000_P_00001(__a=94, __b=76, __c=9), __c=41, __d=67), __c=77, __d=86), __b=NT_0000_P_00000(__a=NT_0000_P_00000(__a=NT_0000_P_00001(__a=18, __b=41, __c=31), __b=NT_0000_P_00000(__a=NT_0000_P_00000(__a=NT_0000_P_00001(__a=14, __b=17, __c=54), __b=NT_0000_P_00000(__a=NT_0000_P_00001(__a=24, __b=56, __c=79), __b=NT_0000_P_00000(__a=NT_0000_P_00001(__a=56, __b=11, __c=61), __b=NT_0000_P_00001(__a=86, __b=82, __c=12), __c=34, __d=10), __c=46, __d=99), __c=34, __d=82), __b=NT_0000_P_00000(__a=NT_0000_P_00000(__a=NT_0000_P_00000(__a=NT_0000_P_00000(__a=NT_0000_P_00000(__a=NT_0000_P_00001(__a=79, __b=31, __c=78), __b=NT_0000_P_00001(__a=58, __b=5, __c=18), __c=54, __d=56), __b=NT_0000_P_00001(__a=17, __b=57, __c=39), __c=86, __d=40), __b=NT_0000_P_00001(__a=56, __b=55, __c=100), __c=76, __d=64), __b=NT_0000_P_00000(__a=NT_0000_P_00001(__a=32, __b=96, __c=40), __b=NT_0000_P_00000(__a=NT_0000_P_00001(__a=58, __b=65, __c=94), __b=NT_0000_P_00000(__a=NT_0000_P_00000(__a=NT_0000_P_00001(__a=37, __b=81, __c=62), __b=NT_0000_P_00000(__a=NT_0000_P_00001(__a=31, __b=45, __c=35), __b=NT_0000_P_00001(__a=1, __b=73, __c=57), __c=9, __d=12), __c=27, __d=43), __b=NT_0000_P_00000(__a=NT_0000_P_00000(__a=NT_0000_P_00001(__a=9, __b=8, __c=7), __b=NT_0000_P_00001(__a=4, __b=52, __c=58), __c=95, __d=93), __b=NT_0000_P_00001(__a=35, __b=58, __c=47), __c=29, __d=75), __c=93, __d=61), __c=54, __d=95), __c=83, __d=5), __c=24, __d=75), __b=NT_0000_P_00000(__a=NT_0000_P_00001(__a=75, __b=11, __c=100), __b=NT_0000_P_00001(__a=58, __b=5, __c=18), __c=54, __d=56), __c=92, __d=87), __c=60, __d=50), __c=11, __d=77), __b=NT_0000_P_00001(__a=50, __b=35, __c=84), __c=50, __d=68), __c=33, __d=39), __c=9, __d=1))"
