Fitness,Depth,Nodes,Generations,time_since_the_start_of_the_evolution,seed,genotype_as_str
38.0,1,1,1,0.44545531272888184,20619,"Genotype(dna=[71785, 92976, 6289, 48097, 17866, 65501, 61432, 54566, 27817, 94874, 98665, 33719, 33716, 78240, 95198, 72298, 79247, 2589, 88444, 7536, 39549, 67641, 3435, 80787, 70889, 69190, 84870, 46608, 41743, 91351, 25511, 38513, 70409, 23693, 48360, 88153, 3942, 16626, 37976, 56746, 37455, 22967, 94678, 54043, 82072, 19744, 51225, 48224, 30324, 47769, 56357, 40365, 71610, 89841, 1750, 73885, 6889, 66540, 81203, 56199, 85005, 12154, 41599, 61666, 48776, 48297, 1452, 80655, 39215, 52547, 12481, 77328, 33175, 24466, 50733, 67819, 20322, 19497, 9448, 38008, 93875, 97880, 77981, 80067, 91799, 82854, 11875, 87158, 64979, 48, 14957, 92152, 94410, 34345, 87240, 92921, 45089, 57183, 3361, 20272, 21963, 40662, 70064, 34062, 69140, 71671, 41690, 8521, 84187, 63901, 8195, 66588, 17645, 48486, 38551, 13339, 68608, 33975, 26011, 85202, 60349, 86642, 538, 6507, 44720, 18935, 54210, 38126, 67028, 95539, 59733, 58348, 94103, 1845, 74905, 49182, 38620, 68974, 8835, 28500, 81132, 58748, 24927, 77895, 80512, 26527, 79982, 90892, 65265, 26653, 3989, 83261, 40066, 93865, 53021, 63043, 3991, 7864, 50040, 17060, 66348, 57262, 86366, 86600, 38945, 57906, 50861, 73275, 1118, 47342, 45467, 12266, 8199, 22246, 79503, 86244, 30799, 55408, 11608, 66578, 57404, 43950, 55397, 58857, 52647, 44284, 9256, 17383, 60378, 49050, 90629, 990, 34493, 41786, 11314, 25337, 304, 9518, 73807, 87461, 71837, 6451, 5084, 85889, 43877, 97351, 91431, 19453, 13409, 65340, 32706, 20193, 82373, 99331, 31097, 43413, 93225, 70047, 45319, 38310, 91395, 34251, 31230, 73813, 73136, 98429, 58725, 95487, 44648, 81837, 21243, 12527, 17106, 46581, 85205, 92294, 49386, 86547, 10569, 27032, 61819, 25383, 64186, 64864, 22623, 43394, 4932, 27616, 46199, 83143, 29382, 57191, 6781, 45849, 38672, 61448])"
38.0,1,1,2,0.6812045574188232,20619,"Genotype(dna=[29669, 7551, 61477, 17900, 21544, 56300, 29408, 90721, 24730, 84745, 30029, 64320, 98268, 55120, 56050, 13097, 78046, 13619, 55883, 30148, 69028, 73046, 16746, 34795, 52632, 63126, 57620, 38172, 69558, 86263, 42789, 26799, 71146, 52539, 90416, 49352, 47023, 86600, 70766, 76885, 62853, 76265, 92981, 74629, 75204, 23956, 64706, 13765, 12512, 20461, 34001, 82626, 51433, 55617, 2661, 70318, 77195, 12680, 15876, 73219, 22366, 7134, 20609, 75290, 74173, 2825, 24138, 67458, 69002, 13957, 66535, 5156, 87537, 45259, 91239, 10879, 6214, 12645, 4203, 17635, 41629, 50063, 45051, 48968, 56545, 99721, 65076, 98347, 31815, 58876, 25742, 7695, 85491, 90722, 16678, 37272, 20540, 20376, 30546, 56147, 73893, 9735, 58933, 98327, 57254, 64849, 40928, 34304, 57757, 39088, 94028, 50082, 77588, 59045, 23322, 59870, 52777, 43767, 43683, 14364, 90803, 74212, 78608, 10768, 85273, 35828, 98777, 29147, 62383, 32131, 81526, 92202, 38103, 67536, 87162, 41992, 7177, 73587, 71713, 1093, 72334, 82829, 25786, 42468, 37356, 85139, 35925, 19356, 63531, 67137, 33150, 55749, 68589, 2387, 56583, 14303, 69824, 98562, 73882, 36125, 95212, 63945, 42391, 10073, 41782, 60750, 56608, 39695, 40787, 71996, 6826, 19246, 23986, 40116, 29844, 86769, 22238, 40617, 78467, 95218, 7034, 39024, 5495, 39995, 28393, 87156, 3233, 59639, 37393, 7501, 47927, 58958, 43847, 80123, 9323, 16549, 59600, 72073, 17822, 92460, 67147, 45325, 18538, 79718, 80838, 76115, 77546, 91612, 58346, 58659, 981, 40111, 41585, 96460, 89634, 72115, 2081, 20014, 23519, 3635, 9885, 35415, 69261, 27850, 60225, 64262, 64474, 33113, 29295, 8976, 18091, 20394, 87843, 79736, 59139, 68352, 30010, 83972, 30457, 62596, 13524, 71121, 26411, 79231, 3832, 13882, 9993, 78429, 69216, 59261, 60645, 27346, 29805, 271, 31571, 57361])"
38.0,1,1,3,0.7608797550201416,20619,"Genotype(dna=[96067, 36051, 62711, 78795, 43359, 96940, 61395, 19240, 43449, 47096, 24379, 61175, 59002, 12065, 70732, 56112, 11049, 69589, 6372, 67194, 47771, 9325, 356, 95865, 59677, 56357, 82034, 87912, 34250, 1564, 74428, 51199, 53036, 80453, 3502, 32404, 47633, 69806, 46690, 8878, 56881, 23701, 62409, 13056, 72857, 54763, 17481, 70023, 45667, 32011, 1573, 64802, 32543, 17201, 34842, 31722, 98243, 56711, 14663, 86234, 85884, 41359, 55390, 1612, 4186, 36783, 95648, 88895, 83697, 72428, 94134, 56036, 56067, 22188, 27871, 26028, 26464, 50808, 3052, 67551, 20572, 1947, 16039, 63528, 82908, 24633, 27561, 20607, 79773, 91565, 40129, 66292, 98780, 80074, 76060, 87401, 89935, 132, 27479, 86216, 58220, 43276, 13565, 4663, 7558, 51513, 80412, 81923, 20033, 80070, 29368, 94827, 66280, 62755, 2357, 73745, 45037, 62547, 59908, 60836, 75688, 12241, 94228, 1261, 80576, 37052, 55738, 23894, 87795, 3485, 23782, 94359, 90065, 35220, 88565, 85424, 54582, 20508, 8445, 37278, 81469, 4016, 22942, 79053, 66216, 97141, 54526, 50909, 40702, 91963, 39167, 33958, 15778, 31412, 67452, 74474, 15130, 69631, 70257, 92875, 50311, 95910, 9232, 78848, 50109, 45531, 58517, 73269, 8753, 5548, 45279, 44846, 80155, 97837, 7812, 57444, 6063, 84903, 61291, 23842, 15330, 89430, 89161, 59015, 69594, 82979, 35921, 12993, 46184, 27456, 85265, 66674, 18895, 1555, 48130, 5985, 88741, 29104, 99773, 56124, 96828, 53297, 14612, 74127, 25764, 97165, 10065, 97619, 86956, 87240, 51535, 79677, 52633, 74522, 52133, 95701, 42077, 24519, 40768, 2669, 83012, 56521, 56247, 39926, 34057, 46247, 91785, 59492, 67131, 2463, 30390, 23210, 30566, 69125, 97739, 3385, 16919, 28870, 25994, 9435, 49804, 39306, 56408, 24960, 54042, 37611, 16658, 42031, 19354, 60108, 43788, 56388, 90917, 39913, 34708, 69618])"
38.0,1,1,4,0.903611421585083,20619,"Genotype(dna=[58853, 73296, 67935, 39401, 5975, 31083, 59942, 86590, 9865, 58568, 34597, 90432, 80089, 68896, 88958, 33724, 14239, 69544, 59830, 99325, 54869, 69364, 80741, 11093, 18367, 48359, 68636, 50118, 7224, 11772, 16394, 17609, 11647, 85983, 12599, 6075, 58092, 69250, 87681, 93212, 19059, 93630, 15511, 35266, 31080, 4209, 55827, 1975, 98076, 95380, 85089, 61842, 32336, 24132, 23408, 99277, 21260, 83986, 25960, 15857, 24328, 69367, 47903, 74254, 69844, 98613, 24516, 59472, 8359, 56453, 46052, 69429, 73276, 94428, 790, 3428, 46948, 58074, 10458, 12599, 35400, 101, 48294, 27058, 44745, 7089, 24373, 42186, 99768, 48054, 97521, 793, 78438, 86964, 42749, 66199, 2641, 43652, 85659, 61356, 9667, 28197, 60839, 46967, 38695, 26575, 44653, 79036, 32546, 77294, 20039, 13024, 10937, 78806, 43408, 26655, 44529, 72634, 9490, 40415, 83859, 41470, 36020, 20053, 89045, 72558, 52524, 34370, 71754, 94792, 44275, 34727, 37564, 85084, 31934, 97470, 75156, 21337, 70014, 16545, 14037, 27853, 80726, 11001, 10253, 32541, 13220, 60739, 33815, 40172, 4037, 84143, 92539, 70930, 72942, 29963, 54686, 92444, 26374, 90593, 48915, 6642, 25588, 53009, 96325, 22775, 30421, 30249, 38723, 10225, 82440, 87294, 46131, 51431, 76101, 98288, 8344, 25417, 4188, 36618, 34782, 69323, 1651, 169, 82300, 2336, 76451, 80073, 76642, 2751, 87436, 4215, 95997, 75864, 5760, 60, 8641, 46535, 26311, 21345, 27259, 41256, 72152, 85404, 16096, 95345, 27959, 12730, 71537, 95143, 77992, 48744, 78376, 84246, 44769, 26847, 84456, 15703, 46864, 95008, 31675, 25789, 21126, 84936, 96266, 57866, 16692, 47310, 71075, 45898, 93624, 16919, 77692, 69353, 15964, 34055, 87320, 23725, 83136, 12168, 81253, 8863, 2109, 61044, 46231, 77244, 29467, 91990, 86419, 33375, 38448, 16944, 39581, 96972, 93834, 46284])"
38.0,1,1,5,2.00850772857666,20619,"Genotype(dna=[14483, 91618, 49035, 75195, 1732, 30332, 94025, 56138, 32608, 46748, 52776, 90026, 46042, 73652, 50085, 12172, 34359, 27330, 19071, 404, 89036, 35349, 78288, 69052, 5633, 46525, 84531, 88859, 72457, 38318, 18094, 43995, 21084, 31249, 65189, 39082, 6830, 96756, 29350, 80218, 47529, 89005, 8126, 61944, 75821, 76052, 15532, 17403, 87466, 36228, 78275, 41427, 82625, 85990, 46310, 13793, 1819, 43842, 83369, 14264, 15054, 57392, 69493, 25190, 60802, 44695, 53797, 88516, 15133, 99383, 63487, 14406, 96081, 86759, 27890, 75148, 50725, 78591, 6672, 73758, 36561, 54104, 27514, 6605, 24512, 84336, 63712, 55845, 70802, 45906, 63940, 77862, 28976, 40574, 79572, 90326, 32010, 28185, 2071, 30930, 89820, 22888, 76805, 94735, 29033, 56818, 48074, 48820, 7496, 56545, 19629, 35996, 4167, 1158, 90656, 60377, 53890, 70585, 17740, 84704, 60205, 46285, 37235, 51163, 61983, 27478, 85301, 73453, 95652, 15432, 82701, 97555, 83335, 86481, 80935, 89331, 33055, 15032, 79349, 64809, 44487, 59776, 76511, 33630, 7395, 17496, 95648, 4028, 32335, 26441, 4777, 96698, 69252, 3529, 64681, 81748, 91191, 76723, 23859, 24463, 45159, 52833, 11999, 88742, 10283, 23222, 21952, 14999, 52808, 55379, 39341, 66129, 46040, 52513, 63718, 98866, 20255, 37993, 49063, 87511, 38134, 60594, 61361, 98346, 60670, 89323, 71452, 37872, 98231, 74603, 39873, 12161, 60725, 47238, 65519, 91214, 7395, 89405, 24406, 85218, 43121, 94121, 82881, 59341, 59232, 81890, 13948, 53433, 71588, 46441, 24510, 10726, 54562, 4469, 97276, 60417, 35246, 75762, 25715, 13267, 76312, 22866, 43798, 32065, 66640, 2349, 37528, 7902, 19804, 51743, 48903, 22807, 45172, 23940, 3634, 46096, 41876, 75799, 43466, 43807, 18256, 88974, 95497, 32623, 32146, 24520, 83257, 27019, 43969, 48058, 40041, 2390, 11411, 40816, 37478, 32997])"
38.0,1,1,6,2.651090621948242,20619,"Genotype(dna=[6215, 39044, 34477, 38737, 43942, 67574, 7555, 45608, 79101, 3203, 17392, 75363, 1685, 22578, 35518, 18832, 37309, 98762, 78950, 21912, 474, 86396, 7476, 3771, 7182, 76906, 71165, 85831, 79748, 93645, 16016, 75230, 25966, 31463, 32158, 13147, 42629, 53680, 68530, 29814, 6135, 44512, 17240, 39580, 77035, 48306, 41882, 83862, 24059, 13246, 13216, 51939, 9517, 94975, 59151, 57816, 21787, 62440, 78284, 78820, 10499, 31318, 14377, 6079, 70060, 92536, 64239, 21900, 39224, 36733, 48213, 62249, 34701, 55906, 65942, 18563, 93591, 57815, 26929, 50165, 38138, 43064, 88597, 65417, 82929, 63286, 28239, 25947, 75846, 44584, 77622, 37156, 1576, 86474, 99484, 35924, 48165, 94858, 36059, 10651, 71056, 18170, 93132, 2328, 68256, 56651, 85012, 81392, 95152, 5883, 35902, 69246, 3656, 3384, 45328, 63920, 936, 47902, 45377, 92953, 1032, 72418, 65817, 67846, 77164, 41168, 72187, 43697, 34084, 40809, 4062, 11720, 85648, 27019, 78203, 22486, 44434, 30654, 84499, 75457, 40985, 79683, 46806, 47897, 49164, 75914, 89044, 50907, 87083, 66868, 69722, 74170, 56381, 39200, 92095, 91318, 69175, 52548, 37904, 4945, 6853, 57153, 76750, 36616, 50730, 49819, 43067, 19499, 71082, 82052, 67360, 7217, 2420, 16690, 57146, 46090, 39361, 33813, 45215, 64662, 69379, 82212, 52625, 15918, 32207, 12121, 90318, 87967, 25364, 27586, 19912, 23609, 41933, 56971, 87994, 19937, 15407, 87710, 64262, 20582, 46627, 85961, 61079, 68361, 212, 2129, 89748, 4639, 67054, 40424, 71379, 57163, 2397, 55583, 52255, 95863, 88477, 89049, 47135, 82879, 97280, 83483, 83041, 60512, 3492, 3756, 96369, 76479, 80376, 10219, 93849, 78187, 55101, 71325, 63559, 71061, 2610, 33071, 10716, 37374, 41065, 87121, 72197, 42770, 4605, 94727, 11813, 2587, 79599, 8692, 66285, 11053, 12025, 33046, 94219, 46253])"
38.0,1,1,7,3.759688377380371,20619,"Genotype(dna=[84308, 65724, 13791, 84428, 32470, 12539, 50697, 60966, 50600, 94454, 24617, 5503, 93494, 65045, 17679, 93250, 18339, 4744, 64279, 69156, 13657, 50379, 91277, 90593, 79224, 8529, 66976, 58984, 49576, 47032, 19846, 18836, 31188, 58016, 49964, 65281, 30309, 99983, 63129, 88406, 66670, 73693, 93817, 10671, 37194, 20629, 85049, 33299, 92910, 78153, 78951, 20742, 31909, 22162, 47758, 80719, 28550, 53188, 46353, 28918, 29378, 43221, 54127, 1799, 46948, 63852, 20067, 42943, 46160, 21436, 34984, 29360, 36715, 3458, 47362, 24090, 22083, 22640, 10821, 25576, 24722, 12047, 76426, 81225, 47841, 3487, 59040, 73741, 33639, 22172, 39942, 66990, 80870, 23490, 55609, 99200, 40650, 45707, 55219, 73744, 23568, 40844, 36931, 58919, 3501, 9793, 13405, 84083, 63582, 82507, 51151, 69866, 25960, 93118, 47158, 62205, 94246, 4056, 83206, 53065, 2216, 10546, 82615, 20700, 76380, 79995, 79424, 38479, 78696, 16650, 32785, 82015, 63443, 7419, 87212, 53596, 31804, 81555, 85933, 81599, 16832, 78969, 96489, 76991, 528, 16065, 85421, 15938, 73170, 2415, 91152, 91786, 10954, 9084, 89132, 9215, 46153, 36915, 38485, 74495, 51383, 73419, 31439, 19676, 61102, 79756, 97324, 1804, 68004, 7895, 52844, 31680, 43126, 23689, 12071, 31728, 48384, 74641, 25864, 2014, 6001, 60884, 62178, 95161, 24914, 80388, 71225, 61180, 20653, 65897, 73769, 24582, 82089, 10189, 60018, 91593, 58879, 55710, 23006, 9533, 72366, 34757, 99948, 90417, 43380, 6881, 75145, 4283, 11822, 74478, 86700, 16448, 36468, 79855, 54189, 25167, 11925, 5689, 47068, 27547, 79768, 65957, 1312, 38022, 27852, 88589, 123, 60651, 87639, 91835, 18526, 5215, 79557, 64733, 32981, 46757, 55473, 45974, 38122, 78737, 36575, 96741, 73159, 29201, 11212, 22961, 63475, 93772, 73289, 41123, 94662, 22811, 40455, 3065, 41272, 13064])"
38.0,1,1,8,3.9219248294830322,20619,"Genotype(dna=[49060, 81092, 81791, 10460, 84498, 62186, 92039, 92803, 29417, 81381, 48301, 99171, 54083, 7247, 52288, 96718, 42601, 94681, 76346, 24948, 98778, 53129, 68285, 7458, 39941, 44171, 35817, 97508, 29662, 25027, 23412, 11883, 16755, 45628, 58415, 84167, 84064, 90762, 17044, 17722, 45421, 59378, 68658, 35532, 93164, 84677, 5956, 52899, 57194, 73648, 62191, 43189, 29211, 29456, 11988, 62664, 95571, 6448, 12367, 88777, 59119, 55930, 15422, 97673, 93881, 2556, 17887, 56885, 92924, 13645, 82828, 82109, 12003, 74070, 85210, 11289, 69182, 99028, 34657, 62021, 73082, 52101, 10448, 20181, 40526, 48739, 29582, 18330, 71966, 37312, 87234, 12513, 16965, 55204, 63090, 87868, 7408, 80841, 689, 25593, 98047, 79696, 25213, 33947, 12427, 95158, 33194, 39910, 19036, 62808, 24364, 55365, 84150, 32983, 83251, 92588, 76387, 39034, 16593, 20878, 93474, 25652, 15242, 89309, 29385, 29081, 44293, 77430, 85278, 57559, 54193, 97439, 5480, 12291, 17176, 52433, 39464, 90543, 24940, 65547, 63243, 93733, 7709, 1019, 34713, 67670, 46299, 33334, 58927, 55936, 84623, 10156, 6919, 38499, 46163, 80431, 88220, 80309, 58154, 39108, 52257, 2065, 63565, 32309, 36833, 82273, 29852, 23705, 70234, 51630, 88341, 8025, 48611, 89926, 94494, 40288, 49176, 25322, 23339, 38810, 2748, 39522, 38543, 48364, 81, 56094, 40069, 61504, 75217, 99375, 72132, 586, 64455, 82946, 89112, 47244, 47535, 8438, 78828, 6634, 36328, 38647, 60384, 13491, 58413, 15805, 14136, 25321, 94114, 41936, 67347, 77647, 10101, 56904, 24890, 26820, 40991, 60437, 9161, 26406, 13107, 21372, 68734, 55053, 40778, 86036, 66200, 11493, 65560, 67355, 20963, 44083, 48921, 79763, 44968, 87, 74499, 65009, 36010, 65807, 72976, 69830, 72552, 13535, 96507, 99952, 87510, 6069, 28068, 95520, 46014, 64412, 45966, 40206, 22655, 88633])"
38.0,1,1,9,3.9826271533966064,20619,"Genotype(dna=[26036, 35072, 69247, 99106, 65139, 77768, 72199, 43402, 86794, 52829, 65591, 43228, 30184, 73728, 53033, 42701, 7791, 13979, 47626, 41018, 18175, 91341, 84321, 73759, 32021, 7019, 34758, 51050, 55010, 69929, 27810, 22180, 82426, 78707, 42184, 56023, 35585, 13941, 14983, 85544, 78279, 53278, 68409, 85137, 71541, 14168, 85074, 63500, 89853, 52530, 27709, 70828, 65164, 4801, 23524, 25573, 48010, 70657, 71206, 82176, 24910, 63068, 12242, 27567, 59258, 2684, 30701, 19592, 44944, 53641, 53879, 25742, 51066, 93417, 43539, 39869, 50479, 47696, 58224, 66609, 72949, 13310, 22582, 46221, 40059, 18318, 25348, 41366, 68254, 12157, 77473, 11635, 60330, 59511, 37967, 24869, 88268, 51949, 13647, 89459, 11051, 74048, 82950, 11220, 82676, 45759, 18660, 85662, 77082, 50705, 49569, 21215, 94884, 9710, 1704, 97895, 54575, 11104, 27824, 20976, 93114, 84121, 11686, 2312, 66399, 68352, 29871, 69052, 76392, 46950, 38215, 35936, 32599, 13438, 26286, 32986, 28603, 33770, 14845, 73366, 61961, 78851, 34746, 77529, 75186, 45449, 73531, 21181, 28780, 65728, 24969, 78886, 13397, 5126, 53090, 76417, 90404, 77994, 75177, 10333, 979, 64192, 86146, 45073, 22483, 85439, 67815, 63426, 28178, 11939, 36289, 23145, 80322, 7571, 3008, 90824, 7706, 28357, 97298, 14550, 22312, 63264, 5871, 47510, 57210, 74202, 58619, 84790, 15904, 69762, 63784, 73785, 46612, 1647, 97460, 67708, 88490, 55634, 13411, 70993, 25608, 6560, 91259, 64368, 44643, 42744, 82485, 78622, 64866, 87140, 45199, 75848, 34757, 64333, 79981, 97672, 5832, 97820, 85265, 88105, 77022, 63847, 45796, 84167, 7505, 51957, 54749, 89826, 89286, 63069, 59510, 52132, 99658, 45197, 16691, 29958, 41142, 53100, 21474, 25444, 9312, 51323, 89226, 36475, 75342, 20484, 73935, 63692, 58485, 21186, 19562, 45450, 4964, 5437, 5879, 39682])"
38.0,1,1,10,4.292209625244141,20619,"Genotype(dna=[58319, 84028, 19485, 75654, 80405, 19123, 27884, 61845, 956, 32724, 93781, 24786, 29881, 31284, 29080, 61330, 23943, 76959, 12252, 1841, 95122, 28159, 50196, 68879, 90139, 35752, 93622, 45152, 82897, 2179, 67933, 76412, 50761, 83323, 80666, 20627, 40409, 54058, 4070, 89360, 53071, 19932, 58435, 35826, 89635, 93377, 48965, 24973, 49627, 18849, 34478, 78355, 98150, 10837, 22089, 89973, 97464, 65508, 5452, 99715, 92190, 96671, 94929, 37997, 33710, 39654, 50422, 27367, 64729, 43663, 73189, 24889, 73209, 16767, 10702, 64350, 41601, 6811, 62330, 28796, 56860, 57257, 64341, 84311, 85739, 33788, 43890, 13070, 23077, 56683, 26265, 78310, 61789, 7353, 57153, 35608, 43367, 8446, 87453, 50503, 33227, 86884, 48859, 59557, 80162, 475, 21462, 97556, 22136, 18506, 36384, 70301, 78876, 35784, 73425, 24325, 18046, 52769, 33464, 57795, 88390, 36221, 40928, 55700, 66394, 7241, 37183, 73312, 19021, 83646, 78515, 54283, 92146, 48440, 72834, 28870, 89559, 81345, 37696, 7222, 65743, 25120, 67583, 11631, 62326, 51972, 41001, 32926, 68217, 26092, 88611, 5827, 34509, 51348, 50975, 15593, 12455, 15302, 92167, 30987, 35408, 57445, 91625, 84381, 12375, 12249, 37187, 90051, 62445, 8849, 68506, 30633, 3436, 81835, 68836, 82007, 70089, 28299, 51787, 88709, 46908, 32680, 89525, 40094, 56527, 94519, 87832, 76954, 50865, 36049, 54972, 42074, 69805, 9647, 78805, 25298, 13192, 59254, 71562, 22051, 42801, 16228, 14559, 65654, 60408, 22914, 24033, 96880, 39962, 9318, 18812, 36738, 68187, 85348, 82467, 75296, 38099, 42282, 16176, 39193, 67541, 7637, 62229, 42449, 96485, 75481, 94942, 80877, 69864, 6218, 57942, 83681, 35496, 87840, 14697, 72593, 46160, 26961, 29952, 99876, 92815, 55006, 43275, 78659, 85412, 45818, 80906, 18018, 48137, 73457, 2355, 12138, 59848, 78728, 91233, 65547])"
38.0,1,1,11,4.331904649734497,20619,"Genotype(dna=[4467, 70504, 77465, 80119, 81436, 90412, 41643, 77801, 38662, 26911, 69827, 24131, 62652, 42633, 30978, 18076, 91183, 52044, 29879, 90654, 67899, 44794, 44985, 35489, 97498, 52161, 17803, 29510, 3103, 99848, 69203, 84751, 89248, 83798, 22311, 52454, 34158, 88535, 94025, 92996, 38678, 62537, 73782, 77380, 56945, 33075, 34816, 67531, 82010, 35082, 10606, 70142, 67818, 84514, 57788, 40686, 45211, 39071, 48591, 5310, 18065, 64698, 43801, 82584, 64638, 78499, 79370, 17943, 2786, 95479, 20183, 45560, 47054, 51715, 97643, 88061, 68561, 57881, 49843, 56324, 15837, 11123, 47024, 34418, 99929, 34714, 52621, 79669, 929, 86853, 82522, 72176, 13808, 5317, 98461, 22368, 45598, 18407, 57812, 88303, 54071, 59108, 58154, 60555, 20863, 94974, 35001, 93898, 1829, 86988, 60700, 28526, 98185, 96802, 18261, 71755, 22657, 4939, 22107, 52287, 77033, 1634, 12507, 99220, 11534, 25750, 50769, 43937, 66151, 32621, 26019, 59939, 4229, 88712, 32179, 30755, 72836, 7477, 22577, 19752, 64489, 1019, 57658, 62711, 4481, 58493, 36480, 99118, 65183, 65734, 85444, 44177, 62362, 27616, 53760, 79587, 96431, 20875, 21293, 7190, 15975, 92025, 87375, 31820, 85970, 71695, 65139, 2571, 53579, 21827, 66938, 97585, 45080, 40929, 54777, 24618, 16232, 70359, 154, 40220, 22776, 92237, 94116, 7686, 14764, 34475, 99980, 12461, 76490, 95528, 96397, 60981, 86463, 38808, 55426, 70657, 79185, 83270, 57671, 25915, 14782, 84263, 45717, 19140, 77839, 77446, 39453, 74500, 21098, 86851, 89297, 43892, 19478, 86403, 77847, 94143, 77793, 61902, 58687, 19274, 4758, 84728, 86316, 71563, 54099, 93203, 52140, 22372, 13371, 61098, 50280, 12561, 38991, 70213, 49004, 78609, 47028, 59069, 43895, 65774, 90010, 35555, 51869, 23588, 73083, 92892, 63640, 98763, 47896, 53897, 26464, 88406, 23394, 62792, 1340, 63283])"
38.0,1,1,12,4.366986036300659,20619,"Genotype(dna=[57620, 6126, 17061, 37186, 49583, 67270, 10610, 26665, 91516, 90108, 26588, 12482, 89504, 57772, 86080, 8547, 61094, 18247, 7828, 41195, 52149, 86972, 83859, 65091, 71836, 86852, 27634, 27053, 50893, 59150, 18105, 86480, 29818, 2272, 8513, 33480, 35564, 38510, 68292, 23523, 6742, 3709, 70577, 82271, 78462, 94835, 30598, 66497, 41161, 62097, 95696, 88828, 38389, 87717, 30732, 35091, 3766, 69377, 47280, 95783, 9005, 84539, 89435, 93998, 99159, 50038, 4595, 81423, 82357, 87805, 87601, 20122, 6286, 232, 2798, 89328, 18231, 18444, 10179, 88276, 28643, 95789, 61940, 38513, 88913, 30927, 10374, 96310, 63676, 57513, 10976, 72111, 84790, 18018, 77357, 52527, 91147, 57130, 18138, 53549, 22002, 94196, 87440, 72710, 2227, 10353, 36396, 46307, 60472, 35047, 3587, 54865, 38464, 92970, 90472, 51225, 96453, 35115, 48764, 15970, 10047, 70915, 9813, 35863, 62907, 98774, 91425, 63208, 38941, 21763, 69256, 50068, 84047, 69875, 34790, 49243, 32965, 79078, 46473, 66900, 87946, 68657, 80818, 42412, 64583, 12650, 13017, 88873, 73644, 61189, 32175, 50062, 17974, 77419, 53232, 66950, 76769, 40619, 28083, 96818, 77252, 9457, 37156, 16463, 91355, 9593, 5742, 66506, 62040, 39587, 91132, 22163, 81560, 11467, 4805, 47076, 87904, 74309, 55509, 75344, 96106, 80465, 61541, 64740, 74340, 14855, 59058, 29994, 43881, 40856, 20110, 38752, 116, 56537, 66434, 22035, 84188, 80509, 38439, 74577, 59830, 70966, 28491, 68224, 64255, 27633, 34480, 85045, 87663, 22253, 59795, 78314, 40644, 62573, 51403, 8360, 46319, 78688, 10256, 65967, 99292, 14490, 74824, 38809, 98761, 77433, 67604, 45599, 2626, 24689, 16414, 9064, 1829, 3349, 76060, 98275, 41831, 46950, 75107, 95008, 88183, 99605, 72, 48425, 52701, 78411, 43163, 87495, 49263, 78078, 47444, 63727, 18836, 97200, 11032, 33599])"
38.0,1,1,13,4.514957666397095,20619,"Genotype(dna=[63997, 31623, 94769, 31237, 26585, 69573, 3444, 40637, 10897, 44152, 52721, 54693, 46600, 33114, 3761, 60789, 20251, 63914, 435, 808, 29638, 7269, 74615, 41558, 78207, 48457, 37244, 54965, 7478, 19321, 75318, 40878, 49081, 93632, 58914, 1304, 2906, 25207, 98166, 54355, 62731, 37170, 86534, 29769, 48605, 31755, 31458, 34867, 81990, 17127, 35655, 78979, 42600, 4313, 95507, 45643, 21727, 19639, 11671, 66329, 26399, 65649, 21310, 62043, 74601, 70378, 24878, 46512, 77677, 6124, 90596, 66897, 26023, 14864, 13161, 74835, 55947, 32894, 62305, 95929, 97220, 35845, 88359, 95718, 46837, 33184, 21464, 41149, 2279, 71326, 68662, 36156, 84079, 75552, 86254, 14716, 54256, 92218, 47149, 27576, 76727, 62165, 32887, 12260, 18792, 51620, 94568, 88745, 14705, 47275, 43772, 15380, 22953, 43617, 72849, 34801, 53550, 28412, 21423, 4090, 86138, 59466, 88901, 36958, 92389, 44508, 29687, 38031, 60323, 83226, 68795, 90100, 57562, 26547, 63588, 48500, 11687, 84282, 52909, 85433, 66377, 24887, 36483, 86097, 10767, 69521, 58485, 97763, 45085, 70587, 90731, 34370, 55868, 15855, 21712, 11621, 13436, 54969, 14047, 23917, 27531, 90182, 75819, 99700, 47183, 78115, 34085, 62147, 11328, 60738, 78452, 95377, 72127, 47104, 23792, 2889, 26878, 20233, 86779, 20817, 50865, 86485, 35537, 80782, 93216, 95279, 20130, 96841, 92439, 97452, 66209, 21188, 75808, 82023, 58526, 66697, 71639, 37985, 64494, 10038, 50143, 51809, 68544, 51444, 52735, 72562, 60494, 81220, 74893, 48281, 26246, 64052, 19918, 13958, 65558, 2659, 62728, 40067, 42706, 68102, 65412, 38786, 33980, 2107, 35362, 46055, 37052, 3558, 85514, 30712, 98181, 33598, 93740, 61084, 37655, 23624, 34330, 48013, 76625, 20169, 90874, 49259, 47224, 79598, 41762, 99889, 38683, 61755, 13669, 71425, 71929, 33970, 1027, 35674, 76030, 86895])"
38.0,1,1,14,5.350346803665161,20619,"Genotype(dna=[65437, 40157, 40873, 19087, 15137, 66491, 78050, 25690, 24800, 13295, 62422, 5860, 32672, 61582, 85746, 25402, 70711, 66224, 66639, 86436, 31279, 13516, 70662, 55794, 24650, 38175, 65481, 1461, 68106, 48603, 37959, 3358, 52342, 84630, 69707, 96713, 62109, 32657, 9233, 60592, 15918, 54127, 71654, 53293, 66633, 14894, 76888, 760, 82474, 56304, 27631, 98709, 42165, 93164, 29710, 92933, 47400, 27836, 15515, 2818, 10180, 60282, 27599, 16070, 76410, 76399, 99012, 86176, 15768, 92543, 32686, 36751, 4724, 18102, 95528, 40434, 42348, 89593, 26431, 2535, 62839, 92430, 44967, 65575, 17279, 94811, 82404, 25372, 36320, 45040, 21703, 32039, 17414, 25542, 91114, 55596, 47430, 68914, 86085, 25743, 66702, 82518, 7896, 11298, 11370, 84769, 5050, 13499, 65416, 62232, 68775, 67274, 6024, 81776, 72153, 45451, 6593, 99843, 10931, 42508, 13394, 99579, 18433, 55706, 87096, 84824, 15052, 82267, 24132, 20461, 21105, 89463, 15633, 93607, 94315, 91404, 43768, 42627, 79650, 31992, 89485, 12900, 26171, 99813, 96838, 13526, 15147, 45072, 46680, 56556, 54036, 22661, 91190, 60326, 42567, 37047, 50095, 57092, 27066, 56625, 15496, 89092, 80839, 92942, 62260, 47090, 90442, 42019, 22725, 72641, 77521, 30379, 32512, 99541, 9574, 81371, 45897, 77621, 52820, 93626, 51489, 59250, 28120, 87643, 99274, 18701, 59059, 65741, 23592, 74653, 25551, 49329, 32351, 98023, 45387, 27275, 43, 28921, 97743, 41758, 44141, 43946, 55334, 74548, 86715, 73659, 70475, 21590, 30115, 12576, 55479, 39205, 18695, 84533, 14104, 8395, 8382, 58218, 59576, 93770, 61664, 98938, 44641, 80044, 41004, 86087, 61051, 16725, 74983, 75101, 46384, 66826, 89610, 15051, 32722, 70572, 21792, 30115, 19895, 46023, 3254, 62531, 6887, 55491, 97657, 10055, 13129, 43688, 14189, 50796, 73541, 61800, 20960, 92077, 7015, 59212])"
38.0,1,1,15,5.427960157394409,20619,"Genotype(dna=[20674, 92080, 3753, 25652, 56893, 56343, 99289, 8585, 25998, 582, 21510, 74558, 71807, 78592, 21877, 56466, 12290, 83552, 94845, 26203, 16628, 24758, 12526, 36327, 57956, 25203, 23110, 65053, 46354, 89112, 2600, 27071, 48266, 75976, 86724, 17659, 79688, 70750, 56900, 18903, 90548, 79691, 10037, 81161, 25341, 50712, 39894, 11903, 65823, 1691, 83800, 90931, 89569, 15484, 21148, 20771, 20753, 21816, 78389, 8023, 71958, 35690, 66535, 8810, 50231, 99849, 27051, 23360, 21263, 28437, 81558, 66889, 11980, 67922, 18980, 14078, 24682, 54382, 91316, 32473, 69632, 4017, 88480, 41091, 29936, 78462, 97535, 73687, 17858, 74624, 17665, 14645, 55351, 85197, 69637, 85162, 86618, 32727, 21189, 42962, 17620, 76458, 76883, 31925, 62541, 36041, 80966, 32869, 35378, 63440, 24490, 59560, 79808, 95578, 67506, 9995, 24427, 32311, 69610, 53376, 54542, 99127, 4254, 73826, 63590, 94048, 88537, 91109, 35289, 92216, 40101, 18019, 14016, 86087, 66551, 38419, 79312, 47575, 1012, 8208, 73024, 11612, 22008, 65255, 65357, 74658, 52887, 39334, 4310, 94436, 50099, 83072, 85173, 50428, 39819, 18542, 40440, 9706, 24069, 7796, 82519, 93502, 29824, 72252, 77369, 69402, 98049, 84418, 35364, 75083, 611, 35769, 37879, 79872, 76371, 72465, 29801, 43118, 42189, 17934, 96785, 90582, 77040, 67856, 12739, 47629, 85466, 34565, 32919, 50257, 30854, 56643, 83783, 16958, 97425, 39095, 23645, 66081, 10896, 1688, 82592, 80138, 32984, 39088, 58380, 59445, 14422, 62004, 84604, 34931, 8524, 77909, 81228, 55942, 44302, 64569, 53239, 84849, 86046, 37540, 80373, 56836, 40821, 33189, 64374, 53354, 6856, 56095, 95338, 12544, 20495, 18933, 1222, 21641, 98951, 77567, 68031, 14353, 97007, 73830, 29746, 99040, 90260, 62327, 1087, 82903, 86585, 618, 66405, 3316, 94224, 59933, 50873, 35708, 24400, 79010])"
38.0,1,1,16,5.52654767036438,20619,"Genotype(dna=[77121, 48564, 18055, 33032, 30536, 85811, 20731, 32867, 3914, 10682, 99277, 64249, 38609, 99886, 22136, 82844, 73054, 38371, 52688, 58784, 96441, 41760, 37785, 18452, 67321, 80627, 95246, 40499, 69997, 39838, 11636, 28382, 9153, 76612, 82981, 62990, 53364, 33166, 37282, 28676, 21204, 94399, 9253, 4423, 54259, 14143, 81488, 93584, 5918, 2462, 71612, 42124, 83874, 31327, 73415, 6064, 28436, 49132, 76745, 96566, 42162, 95109, 37613, 64131, 91581, 60699, 18907, 38494, 96853, 16092, 32848, 21191, 90302, 88141, 80583, 35288, 32061, 46728, 28584, 94197, 3625, 67032, 39068, 95044, 15175, 9284, 57159, 49390, 54310, 83890, 83063, 66682, 5647, 52021, 62509, 11935, 56841, 73736, 1547, 95542, 36383, 98416, 95999, 53006, 34120, 73438, 86001, 22079, 70479, 29327, 74880, 21669, 86019, 52663, 73702, 26871, 48104, 59110, 82946, 20956, 17638, 66370, 1711, 15086, 64983, 67579, 80217, 81995, 92896, 83320, 91199, 22918, 15590, 1689, 28946, 52287, 17079, 50593, 41524, 32385, 98248, 44542, 9487, 94566, 34723, 3147, 47244, 46404, 95623, 22380, 40290, 4285, 1438, 44058, 72852, 2547, 73648, 37206, 71534, 38378, 89128, 31135, 3058, 89631, 97407, 54047, 80136, 97959, 61602, 83587, 84469, 70958, 32570, 44699, 83673, 28873, 46295, 95028, 23713, 91316, 26444, 96126, 99759, 34166, 8355, 49685, 81407, 11006, 74094, 54093, 9332, 65963, 32858, 42012, 84598, 48644, 86808, 37395, 20835, 15539, 99021, 50446, 38330, 86616, 17388, 41595, 79778, 90195, 89954, 47665, 67655, 77873, 52494, 93924, 93110, 90530, 57612, 87407, 78552, 40932, 26793, 12121, 38091, 6015, 57808, 54229, 64930, 29777, 36640, 4155, 12726, 54282, 96182, 59375, 88223, 59281, 65959, 94297, 80799, 88504, 82056, 42581, 6724, 24195, 7548, 62096, 74401, 83911, 96074, 59508, 19631, 61586, 35633, 2424, 33660, 93374])"
38.0,1,1,17,5.684651613235474,20619,"Genotype(dna=[77121, 48564, 18055, 33032, 30536, 85811, 20731, 32867, 3914, 10682, 99277, 64249, 38609, 99886, 22136, 82844, 73054, 38371, 52688, 58784, 96441, 41760, 37785, 18452, 67321, 80627, 95246, 40499, 69997, 39838, 11636, 28382, 9153, 76612, 82981, 62990, 53364, 33166, 37282, 28676, 21204, 94399, 9253, 4423, 54259, 14143, 81488, 93584, 5918, 2462, 71612, 42124, 83874, 31327, 73415, 6064, 28436, 49132, 76745, 96566, 42162, 95109, 37613, 64131, 91581, 60699, 18907, 38494, 96853, 16092, 32848, 21191, 90302, 88141, 80583, 35288, 32061, 46728, 28584, 94197, 3625, 67032, 39068, 95044, 15175, 9284, 57159, 49390, 54310, 83890, 83063, 66682, 5647, 52021, 62509, 11935, 56841, 73736, 1547, 95542, 36383, 98416, 95999, 53006, 34120, 73438, 86001, 22079, 70479, 29327, 74880, 21669, 86019, 52663, 73702, 26871, 48104, 59110, 82946, 20956, 17638, 66370, 1711, 15086, 64983, 67579, 80217, 81995, 92896, 83320, 91199, 22918, 15590, 1689, 28946, 52287, 17079, 50593, 41524, 32385, 98248, 44542, 9487, 94566, 34723, 3147, 47244, 46404, 95623, 22380, 40290, 4285, 1438, 44058, 72852, 2547, 73648, 37206, 71534, 38378, 89128, 31135, 3058, 89631, 97407, 54047, 80136, 97959, 61602, 83587, 84469, 70958, 32570, 44699, 83673, 28873, 46295, 95028, 23713, 91316, 26444, 96126, 99759, 34166, 8355, 49685, 81407, 11006, 74094, 54093, 9332, 65963, 32858, 42012, 84598, 48644, 86808, 37395, 20835, 15539, 99021, 50446, 38330, 86616, 17388, 41595, 79778, 90195, 89954, 47665, 67655, 77873, 52494, 93924, 93110, 90530, 57612, 87407, 78552, 40932, 26793, 12121, 38091, 6015, 57808, 54229, 64930, 29777, 36640, 4155, 12726, 54282, 96182, 59375, 88223, 59281, 65959, 94297, 80799, 88504, 82056, 42581, 6724, 24195, 7548, 62096, 74401, 83911, 96074, 59508, 19631, 61586, 35633, 2424, 33660, 93374])"
38.0,1,1,18,5.757853031158447,20619,"Genotype(dna=[69571, 23553, 93203, 47328, 32573, 75032, 18778, 12288, 21354, 76019, 43744, 99884, 66714, 20291, 72958, 84634, 63395, 52708, 33715, 15906, 38832, 69796, 45138, 74969, 97707, 48176, 84411, 83296, 74733, 51764, 98073, 57153, 5657, 39128, 46129, 98823, 25375, 97273, 46843, 29753, 65633, 76613, 53218, 48303, 87745, 72285, 52341, 30419, 65262, 24096, 87664, 4796, 82753, 34309, 20374, 89433, 77607, 51690, 35896, 31404, 71304, 40010, 78774, 96817, 57203, 36007, 16625, 55188, 3547, 50398, 56784, 18480, 26272, 77880, 68660, 66410, 62009, 52043, 95900, 24288, 64330, 99106, 42465, 69784, 13632, 56883, 25355, 35417, 64479, 81443, 12880, 82100, 41593, 76688, 37424, 19918, 44295, 85731, 14570, 96628, 33969, 49456, 1678, 94876, 99375, 11306, 22001, 67330, 58847, 46304, 17969, 89064, 66555, 21579, 5429, 43834, 33543, 61164, 14051, 10184, 94267, 17124, 75136, 8846, 49704, 54790, 27990, 7219, 76065, 75981, 76073, 19643, 49774, 15711, 64096, 8507, 17702, 56317, 75126, 84701, 78580, 3181, 46906, 49438, 68270, 11617, 48681, 8282, 54026, 93837, 3974, 36810, 99066, 1498, 1266, 63476, 79551, 74539, 70496, 24965, 69896, 79145, 93216, 7197, 86886, 18083, 71808, 43537, 26211, 8717, 33916, 84707, 21436, 27017, 79228, 45015, 4520, 59025, 12897, 72996, 10502, 22963, 15902, 38614, 32750, 25154, 30124, 75201, 68317, 14466, 56409, 67856, 37802, 26836, 1886, 26398, 14111, 75884, 94152, 4181, 55708, 27553, 22560, 94082, 55463, 48414, 62803, 44598, 9847, 78156, 16644, 18864, 42904, 81672, 66017, 90390, 89058, 71856, 37785, 68335, 79135, 7936, 72258, 80750, 15096, 82781, 44767, 2097, 55732, 74431, 3116, 91154, 83517, 56541, 43427, 51753, 2970, 18410, 35466, 7108, 13851, 9167, 67923, 42040, 26882, 40404, 66667, 19363, 64260, 71706, 73855, 42489, 91569, 84037, 40404, 13413])"
38.0,1,1,19,5.828983783721924,20619,"Genotype(dna=[69571, 23553, 93203, 47328, 32573, 75032, 18778, 12288, 21354, 76019, 43744, 99884, 66714, 20291, 72958, 84634, 63395, 52708, 33715, 15906, 38832, 69796, 45138, 74969, 97707, 48176, 84411, 83296, 74733, 51764, 98073, 57153, 5657, 39128, 46129, 98823, 25375, 97273, 46843, 29753, 65633, 76613, 53218, 48303, 87745, 72285, 52341, 30419, 65262, 24096, 87664, 4796, 82753, 34309, 20374, 89433, 77607, 51690, 35896, 31404, 71304, 40010, 78774, 96817, 57203, 36007, 16625, 55188, 3547, 50398, 56784, 18480, 26272, 77880, 68660, 66410, 62009, 52043, 95900, 24288, 64330, 99106, 42465, 69784, 13632, 56883, 25355, 35417, 64479, 81443, 12880, 82100, 41593, 76688, 37424, 19918, 44295, 85731, 14570, 96628, 33969, 49456, 1678, 94876, 99375, 11306, 22001, 67330, 58847, 46304, 17969, 89064, 66555, 21579, 5429, 43834, 33543, 61164, 14051, 10184, 94267, 17124, 75136, 8846, 49704, 54790, 27990, 7219, 76065, 75981, 76073, 19643, 49774, 15711, 64096, 8507, 17702, 56317, 75126, 84701, 78580, 3181, 46906, 49438, 68270, 11617, 48681, 8282, 54026, 93837, 3974, 36810, 99066, 1498, 1266, 63476, 79551, 74539, 70496, 24965, 69896, 79145, 93216, 7197, 86886, 18083, 71808, 43537, 26211, 8717, 33916, 84707, 21436, 27017, 79228, 45015, 4520, 59025, 12897, 72996, 10502, 22963, 15902, 38614, 32750, 25154, 30124, 75201, 68317, 14466, 56409, 67856, 37802, 26836, 1886, 26398, 14111, 75884, 94152, 4181, 55708, 27553, 22560, 94082, 55463, 48414, 62803, 44598, 9847, 78156, 16644, 18864, 42904, 81672, 66017, 90390, 89058, 71856, 37785, 68335, 79135, 7936, 72258, 80750, 15096, 82781, 44767, 2097, 55732, 74431, 3116, 91154, 83517, 56541, 43427, 51753, 2970, 18410, 35466, 7108, 13851, 9167, 67923, 42040, 26882, 40404, 66667, 19363, 64260, 71706, 73855, 42489, 91569, 84037, 40404, 13413])"
38.0,1,1,20,5.904604911804199,20619,"Genotype(dna=[75468, 23132, 92723, 91546, 88791, 87964, 69375, 53603, 63632, 92522, 91731, 37464, 82306, 3406, 75130, 66367, 88104, 37358, 79988, 37505, 87409, 4643, 65001, 22516, 19211, 37185, 69331, 7796, 23009, 21295, 85057, 25215, 79170, 78005, 50539, 29365, 53754, 80121, 18181, 85152, 2330, 54465, 2293, 29258, 68174, 84188, 54100, 54145, 49902, 28673, 67985, 14151, 52297, 74307, 32979, 9694, 5857, 67570, 70746, 51075, 24521, 10113, 88274, 50907, 12576, 36473, 52503, 204, 71814, 83028, 67789, 19456, 2023, 23858, 41386, 61051, 54138, 70383, 44895, 334, 8925, 77129, 51392, 13141, 69408, 53723, 64384, 83669, 14129, 45942, 19195, 25251, 4153, 78589, 67581, 63585, 63869, 87459, 34907, 7457, 28776, 14148, 66246, 26762, 38107, 99474, 90228, 65567, 56842, 12425, 25829, 97498, 46612, 89077, 52921, 75291, 33033, 92555, 40525, 58002, 9846, 53593, 82310, 45048, 79270, 25848, 83860, 87978, 43501, 10346, 68767, 96291, 98079, 57865, 81350, 23942, 64173, 54876, 69588, 33640, 58959, 3452, 48824, 73393, 73661, 379, 9811, 90117, 95842, 81445, 46088, 5241, 25398, 51436, 28528, 20476, 24677, 17323, 41891, 47214, 59995, 6239, 74552, 90444, 82516, 5821, 81502, 63028, 91145, 10998, 23210, 8789, 22636, 69484, 55229, 42889, 14183, 24187, 54015, 66412, 45141, 18056, 10125, 87667, 40053, 45005, 54555, 36748, 39656, 56697, 37997, 65820, 6387, 53046, 64259, 18197, 61175, 2405, 78250, 80820, 7803, 21505, 7767, 77744, 89422, 68895, 87611, 91717, 8367, 16220, 50369, 69539, 1298, 89825, 18643, 49926, 10551, 91449, 3843, 47803, 29562, 75433, 69752, 68672, 36904, 75728, 85139, 63598, 96180, 39221, 77655, 43214, 25886, 23352, 59561, 9497, 58615, 4736, 84645, 36475, 36237, 48672, 98990, 99949, 45134, 7409, 70717, 6187, 26763, 1725, 64456, 78152, 98501, 84841, 35002, 741])"
38.0,1,1,21,6.00419545173645,20619,"Genotype(dna=[86748, 42871, 95005, 53105, 47631, 26381, 67860, 15271, 91653, 20493, 43323, 40324, 97932, 5549, 94302, 11317, 90271, 82094, 76727, 70815, 11012, 25224, 52321, 57631, 29071, 15741, 31994, 92995, 50074, 28360, 84724, 80256, 65014, 93604, 23411, 12182, 69644, 40798, 50426, 95113, 90770, 40771, 23303, 72820, 97547, 17841, 1461, 25108, 80993, 78881, 38566, 68441, 21538, 820, 40716, 16729, 61140, 90606, 88685, 3932, 70086, 62677, 76613, 72393, 49434, 16847, 57731, 78186, 44257, 485, 98243, 16691, 89508, 26753, 80360, 53813, 22245, 45015, 46997, 94481, 4176, 69147, 78506, 9240, 25409, 2576, 86807, 28576, 2623, 85670, 60841, 78332, 87736, 90641, 86978, 94096, 23473, 83452, 9086, 7080, 70038, 17605, 23059, 65579, 86610, 70605, 80685, 27336, 69162, 44601, 92157, 98436, 11369, 46371, 79776, 39255, 77507, 4986, 5280, 14388, 84741, 85988, 27616, 65567, 45811, 98873, 67283, 51391, 33434, 18937, 332, 44780, 74517, 67696, 99041, 45687, 82847, 31710, 87358, 1163, 35428, 63515, 27204, 59729, 54305, 18464, 26669, 14314, 6170, 22720, 25075, 45555, 45914, 97295, 65839, 63295, 57499, 66736, 70975, 58728, 44691, 93525, 45522, 63307, 72269, 93173, 64014, 76810, 45570, 79660, 45522, 41578, 69802, 38465, 45327, 76576, 8257, 10546, 44843, 18393, 78837, 55996, 52545, 16508, 99777, 21868, 34660, 77457, 47734, 13784, 10384, 83950, 50260, 17506, 35353, 21888, 50504, 98102, 87114, 37627, 98853, 21158, 74236, 26145, 33182, 63188, 67310, 87195, 4641, 45391, 95418, 93677, 50156, 31843, 37215, 24269, 56302, 17907, 10626, 87606, 25292, 13725, 8126, 19422, 45114, 43865, 77848, 22824, 82472, 79330, 86846, 86573, 68215, 59484, 47203, 46430, 79792, 56872, 94836, 26823, 62284, 6321, 16059, 49917, 33538, 43853, 15136, 66304, 24247, 48767, 56195, 3326, 63344, 61967, 21326, 464])"
38.0,1,1,22,6.041893243789673,20619,"Genotype(dna=[4052, 71870, 42875, 50776, 57474, 28715, 33494, 87214, 24557, 79611, 18407, 63669, 73251, 14698, 24070, 97017, 72347, 48094, 91017, 5151, 53633, 69260, 11698, 3597, 12264, 18119, 20895, 89857, 11165, 51285, 91888, 21325, 30535, 36525, 24167, 16555, 32223, 34177, 10492, 33885, 52411, 1789, 52713, 88341, 31936, 22255, 92640, 50294, 28654, 50600, 6859, 15735, 88432, 32575, 27289, 68650, 55324, 41059, 58790, 33846, 35353, 34921, 60740, 19901, 62033, 49612, 31437, 41409, 12344, 84546, 27239, 30169, 5503, 32797, 90045, 22107, 96958, 42961, 35425, 40942, 89611, 46877, 18185, 5841, 7833, 51016, 96947, 75299, 81607, 28337, 49309, 17685, 92859, 63320, 86223, 37314, 12726, 80954, 10508, 71111, 81984, 48039, 98540, 69876, 51382, 12754, 11810, 45880, 12161, 16686, 25679, 10852, 44524, 31769, 28134, 97079, 68585, 19422, 31703, 19463, 33383, 72324, 67770, 16292, 47410, 20785, 25243, 82443, 57500, 88777, 38616, 68757, 54014, 13811, 61691, 27557, 75563, 91956, 36364, 74849, 20378, 90308, 8763, 23089, 68984, 39541, 54863, 6463, 63129, 35066, 22379, 90929, 66286, 82513, 2574, 78789, 95276, 92273, 1641, 74057, 43737, 42708, 18793, 99792, 63119, 89920, 78883, 21258, 22098, 53193, 9699, 42371, 43786, 16045, 83497, 70205, 80618, 12161, 41079, 58393, 85779, 86375, 82108, 2209, 51774, 63943, 80896, 47664, 8759, 32324, 55609, 95501, 50518, 54020, 43427, 20147, 15532, 82356, 7751, 48147, 36570, 93585, 19762, 38353, 32863, 4985, 72413, 95109, 80248, 62944, 6277, 60021, 29764, 56889, 36180, 39147, 56589, 58518, 13831, 69557, 78428, 13372, 44520, 82254, 6880, 70134, 10823, 5133, 33321, 73874, 24637, 62072, 47824, 76335, 80582, 84843, 52614, 4101, 24087, 75696, 77403, 6828, 48815, 38919, 37248, 71706, 74596, 37919, 39085, 58869, 51045, 28435, 82077, 20095, 65539, 85706])"
38.0,1,1,23,6.116443157196045,20619,"Genotype(dna=[49901, 98415, 43081, 27863, 92964, 98246, 34362, 54928, 71760, 75480, 52907, 13118, 44140, 27668, 59071, 14562, 51697, 83171, 68741, 40549, 23715, 88356, 50771, 90088, 52376, 38842, 15758, 65669, 53953, 96570, 69926, 56342, 85576, 17644, 98706, 33603, 86897, 5379, 28272, 9824, 4724, 11721, 49369, 8719, 68450, 97425, 21831, 71533, 6677, 52330, 8467, 29819, 87728, 26628, 52443, 97684, 99596, 51747, 98505, 38630, 66492, 43369, 19857, 61121, 84186, 1670, 50403, 80031, 71131, 14312, 20615, 69222, 19649, 50849, 81005, 84777, 13788, 86211, 12037, 76338, 22239, 90461, 26618, 43979, 49420, 82271, 53372, 76140, 3730, 34886, 19242, 78185, 45047, 29224, 16485, 60148, 43479, 7110, 19782, 3430, 34165, 1699, 73203, 75976, 96109, 53660, 3560, 14294, 83353, 27905, 5766, 60391, 80525, 40388, 97345, 33701, 87068, 48895, 35301, 76417, 29113, 9602, 68208, 3025, 71204, 26994, 90464, 60129, 33051, 26835, 48529, 31776, 22921, 90341, 19377, 96496, 36064, 45535, 93971, 48400, 49165, 94786, 58655, 19188, 78751, 19464, 93282, 50201, 30344, 6014, 77272, 98712, 81298, 77199, 11121, 77806, 43830, 9758, 54523, 51342, 46018, 33930, 12882, 77631, 65696, 7363, 86115, 19945, 54491, 42220, 34687, 45887, 61827, 43719, 39923, 92074, 3957, 5050, 21165, 50158, 73740, 19207, 72263, 39855, 51150, 17285, 88941, 96529, 14427, 32539, 46887, 86234, 40931, 92289, 1916, 36956, 47140, 71062, 4510, 79499, 94091, 84166, 92029, 46989, 19563, 44633, 98081, 15736, 85565, 94384, 6864, 9690, 49978, 41602, 94992, 74592, 96748, 27400, 81944, 31804, 76469, 39102, 23833, 63650, 4599, 42569, 79707, 13710, 89959, 77223, 72818, 31997, 19495, 43870, 18803, 35407, 74419, 78438, 71489, 89814, 48723, 51808, 75217, 88927, 24466, 58990, 9498, 10001, 1038, 14614, 187, 3490, 60045, 22806, 5699, 52688])"
38.0,1,1,24,6.1748127937316895,20619,"Genotype(dna=[30713, 92711, 12871, 58518, 67193, 48669, 68535, 85486, 43188, 42402, 25156, 23457, 52542, 66510, 6185, 93865, 39566, 77796, 96695, 85175, 17644, 5877, 87167, 94876, 71804, 30710, 73699, 89528, 86663, 78508, 2278, 68114, 20591, 25794, 40744, 70093, 89835, 92247, 85381, 66435, 7904, 85956, 41642, 28097, 5937, 70245, 75441, 18861, 79596, 84947, 45566, 62165, 18770, 33832, 47219, 57132, 6986, 11376, 35258, 63275, 2092, 55093, 1779, 13097, 36643, 50495, 39709, 32695, 89416, 33460, 51170, 32193, 89499, 17456, 94033, 46778, 546, 76804, 81787, 56041, 74943, 32779, 52707, 57793, 10641, 69750, 29277, 27487, 3487, 20229, 11814, 74217, 1144, 36425, 57785, 48459, 92164, 97147, 67016, 67545, 48316, 13197, 65513, 52759, 23949, 71522, 92434, 82304, 63406, 25476, 37774, 61720, 55818, 52935, 18798, 15525, 86153, 68662, 23171, 17697, 67524, 90276, 94305, 58988, 48618, 96901, 42018, 78307, 2281, 865, 169, 91041, 92537, 35650, 86032, 95387, 14777, 52313, 45985, 18470, 78793, 98824, 70380, 72950, 45328, 59650, 97062, 94482, 65241, 17995, 12243, 68096, 41494, 45797, 53914, 72154, 84832, 44839, 65610, 41308, 69533, 42693, 33440, 213, 19177, 31966, 80687, 9305, 54012, 11438, 46974, 59283, 55655, 54298, 14872, 86290, 98885, 69867, 15067, 30143, 70320, 45855, 49546, 48018, 81742, 59241, 91500, 339, 33840, 49114, 47420, 2246, 98009, 68276, 6742, 59193, 74390, 60462, 70222, 83442, 28325, 65460, 24671, 10270, 91471, 54161, 92582, 20978, 54444, 70930, 9330, 90642, 77759, 50666, 38450, 7944, 77493, 627, 6312, 17581, 91882, 73411, 71069, 48764, 35277, 47180, 47112, 76770, 88530, 79690, 13674, 20958, 20069, 88262, 87145, 99614, 36137, 20120, 66164, 54029, 42300, 83221, 31426, 71720, 48328, 904, 57489, 36799, 69436, 99585, 68906, 41896, 21654, 77989, 72128, 11840])"
38.0,1,1,25,6.22830057144165,20619,"Genotype(dna=[93996, 19966, 62039, 98576, 41051, 63905, 2691, 73742, 15927, 99019, 11641, 40384, 4268, 77740, 48351, 90342, 64579, 71345, 39777, 2211, 13097, 57106, 74194, 5505, 97116, 25067, 13551, 98590, 34541, 79075, 83474, 92766, 17011, 79340, 81772, 39694, 63865, 85420, 15309, 63264, 45605, 11632, 66917, 94744, 27578, 79209, 89459, 43920, 44919, 20165, 79149, 18280, 19830, 78884, 61750, 85802, 27273, 71154, 66706, 14281, 67313, 14574, 1163, 30649, 49269, 68535, 82031, 40364, 30741, 74157, 43753, 6482, 30571, 21718, 44228, 59413, 58671, 78633, 63035, 85228, 93009, 11003, 10114, 65274, 63226, 27631, 87346, 96540, 86621, 42597, 83463, 81882, 6003, 78764, 96469, 30313, 95533, 23436, 66841, 92024, 26574, 59455, 2411, 98922, 60987, 90721, 9029, 29162, 38938, 51270, 73017, 66538, 45774, 41538, 27637, 52157, 18081, 47619, 11021, 69941, 54455, 37457, 92490, 99256, 25114, 10979, 98806, 59380, 35203, 57060, 12792, 99760, 43531, 66217, 54197, 44792, 79126, 48420, 70992, 55457, 33691, 50670, 37092, 41056, 40699, 53750, 84741, 55033, 31802, 34317, 56075, 31518, 19291, 27083, 26641, 1771, 97361, 68205, 69588, 19456, 77159, 78545, 62531, 1403, 48397, 48565, 94465, 20071, 69304, 64530, 59554, 36382, 60259, 82729, 17216, 25966, 4995, 44365, 33580, 8166, 41176, 98626, 5052, 44827, 84140, 80415, 52704, 84777, 25060, 2286, 2286, 27422, 31883, 88229, 77482, 19485, 15643, 47574, 42600, 96561, 56957, 13607, 78726, 52786, 1346, 93162, 69290, 79388, 79815, 87181, 98126, 94083, 72718, 10486, 57615, 79671, 92477, 89619, 60467, 63501, 82294, 17387, 87532, 18115, 76682, 28114, 46482, 81545, 57720, 44279, 67554, 1339, 82570, 69060, 68249, 44077, 40293, 84851, 98633, 36146, 11333, 27620, 19304, 26218, 44558, 36105, 20632, 21053, 90621, 81204, 58319, 49434, 15809, 41750, 49679, 20581])"
38.0,1,1,26,6.26693868637085,20619,"Genotype(dna=[71637, 90555, 43497, 45343, 72873, 90676, 7, 19899, 40099, 4836, 40726, 21486, 15524, 97165, 33495, 40149, 1076, 36184, 41301, 98, 88976, 80944, 70375, 94516, 53945, 37851, 35413, 84719, 43196, 60226, 11629, 33328, 30584, 98000, 90102, 47665, 26986, 61219, 39389, 58058, 60566, 99220, 25618, 84961, 57861, 55449, 91607, 1676, 13563, 2288, 60200, 25772, 14597, 62540, 76884, 84691, 12863, 55761, 57918, 5330, 8589, 32757, 52825, 77240, 34140, 20994, 41507, 99246, 35020, 11504, 66444, 80, 10012, 38911, 27216, 53209, 7666, 26255, 21474, 17885, 42369, 5188, 41023, 99828, 84155, 40515, 43060, 92724, 93274, 13113, 86282, 36421, 63009, 39620, 41092, 26986, 44398, 21154, 89146, 72440, 48666, 52985, 97461, 50948, 54860, 60474, 58515, 96456, 97176, 45301, 64355, 28258, 6463, 18215, 61389, 67389, 37676, 61151, 5445, 41431, 72826, 2190, 92359, 53343, 45203, 5635, 96812, 71958, 38601, 33981, 83043, 47061, 52439, 66149, 22503, 99151, 67091, 39053, 90008, 55870, 17104, 1963, 4997, 15526, 17027, 48992, 36498, 25935, 87140, 90895, 90899, 37819, 4676, 1986, 31370, 5519, 86756, 58979, 65139, 5413, 86619, 36665, 94925, 34710, 8162, 66857, 44931, 18227, 36881, 86392, 33263, 59470, 62889, 46732, 63818, 25458, 15772, 48671, 21508, 73770, 49284, 4435, 27400, 74643, 40519, 66123, 99900, 2184, 68768, 46733, 29901, 10006, 75048, 4457, 15550, 60038, 5081, 38641, 33469, 9777, 26482, 70783, 45023, 32592, 50999, 42194, 64218, 3974, 59142, 13183, 56771, 59721, 90057, 59630, 9648, 67333, 463, 61096, 29135, 27094, 77924, 39732, 81791, 45212, 41586, 86142, 78007, 28029, 41656, 30595, 62174, 88720, 46117, 74583, 93064, 44596, 11, 12876, 39748, 18477, 68580, 19134, 62905, 67057, 25274, 46942, 58154, 40710, 38976, 8080, 19031, 87141, 26042, 26396, 14370, 97452])"
38.0,1,1,27,6.308097839355469,20619,"Genotype(dna=[78937, 60549, 84417, 51104, 4103, 11005, 8017, 13532, 66515, 82985, 41417, 67307, 94387, 9830, 24574, 19203, 26202, 80019, 31197, 92867, 61514, 57342, 73467, 98361, 93971, 81623, 26825, 8423, 65035, 31378, 5342, 33960, 71147, 82752, 7060, 42809, 23181, 509, 51793, 22116, 88243, 912, 73417, 16922, 5843, 43401, 90425, 85450, 91745, 71349, 49092, 42998, 8247, 40907, 93015, 41281, 91205, 88873, 22822, 16576, 51075, 75456, 78828, 37431, 15683, 29505, 79710, 11942, 62445, 30475, 24283, 40349, 76835, 3855, 1564, 77586, 19855, 73303, 92481, 31527, 76264, 3374, 18361, 55962, 26768, 11286, 50456, 76685, 99681, 98245, 56012, 39021, 1766, 26695, 9337, 78963, 59086, 12228, 31711, 17951, 39445, 64122, 68192, 65755, 25311, 63604, 71185, 72274, 33254, 40388, 20293, 15283, 99349, 82555, 84057, 83330, 58552, 50337, 41798, 75057, 23022, 49990, 47813, 35676, 86924, 5298, 84652, 41528, 89040, 14763, 31817, 16945, 72225, 55453, 67093, 17706, 97422, 90340, 96943, 82330, 2284, 26796, 68714, 8473, 22849, 5592, 32382, 33898, 49857, 78103, 17227, 66821, 14854, 26280, 23166, 89168, 36990, 78402, 94474, 73019, 85748, 7181, 1915, 81588, 80116, 80606, 78894, 55803, 38801, 10799, 94116, 59074, 13741, 2737, 75735, 11343, 26361, 1376, 30594, 43987, 97755, 5781, 71182, 49878, 43929, 22842, 33532, 4997, 87344, 61129, 67561, 67377, 58717, 18656, 49543, 18674, 30209, 78071, 39962, 27277, 60667, 17973, 11538, 9442, 1080, 89857, 63739, 48103, 55131, 33982, 94285, 67710, 17940, 87789, 97239, 2674, 51235, 68546, 5382, 66825, 22209, 87861, 98333, 45639, 42829, 44401, 23977, 50635, 37620, 51121, 77179, 36548, 7768, 6192, 62518, 77784, 9279, 86, 54404, 58773, 19551, 58305, 20313, 15183, 4078, 99375, 51285, 46562, 89764, 94327, 60892, 26244, 20298, 92755, 14335, 31700])"
38.0,1,1,28,6.34369421005249,20619,"Genotype(dna=[51054, 43947, 89605, 97724, 34386, 2123, 37911, 52291, 21005, 81229, 82054, 30439, 53646, 56514, 73357, 3640, 16732, 25125, 60044, 95183, 92568, 45597, 18524, 75221, 83306, 71096, 95932, 77135, 60819, 35241, 19743, 5717, 60345, 26004, 91353, 57201, 82038, 470, 66341, 13655, 7126, 66265, 71518, 3848, 41206, 82381, 76713, 83557, 14745, 89589, 47861, 84943, 18848, 84871, 57116, 67176, 79791, 43240, 46357, 94158, 32303, 1891, 97393, 42845, 20252, 90454, 39387, 182, 70726, 36104, 97884, 40515, 23896, 83896, 92533, 43542, 16984, 96893, 57864, 4902, 77073, 8157, 83, 80493, 69165, 97523, 87864, 35027, 14700, 37470, 16435, 23707, 96734, 25948, 22815, 59166, 51909, 81637, 95629, 61235, 79649, 89045, 43906, 12956, 32830, 40834, 58212, 28575, 61312, 60377, 23107, 57438, 50705, 33650, 21005, 18565, 55928, 28984, 75567, 51730, 46701, 4824, 95992, 63969, 93684, 63027, 1554, 6354, 43930, 24139, 88564, 54835, 36814, 49759, 66778, 72495, 16167, 17288, 56521, 28286, 92821, 60154, 36224, 64798, 23316, 33655, 92851, 81243, 18070, 12158, 73660, 57393, 45356, 31705, 76280, 33683, 62890, 50875, 28182, 13054, 33446, 37953, 14422, 47331, 63106, 27527, 93635, 42186, 21880, 81179, 12329, 36731, 92612, 59520, 35048, 21509, 29136, 56119, 72772, 25393, 82399, 6628, 67162, 24191, 34678, 30353, 98551, 70799, 59909, 93813, 97374, 26100, 76021, 48100, 44985, 3121, 93839, 23319, 72175, 46341, 91678, 81150, 86032, 19825, 96373, 34304, 11645, 28521, 21442, 91763, 20599, 15705, 97057, 71028, 76751, 11413, 54046, 36596, 12649, 31379, 59110, 965, 3531, 91279, 55819, 57877, 70474, 25315, 37006, 71215, 45301, 92305, 39666, 71276, 10122, 70079, 9713, 27066, 15456, 59774, 6402, 6054, 74603, 83286, 26954, 23407, 34281, 32475, 56660, 76018, 90202, 97467, 95068, 13096, 90651, 92551])"
38.0,1,1,29,6.385005474090576,20619,"Genotype(dna=[51054, 43947, 89605, 97724, 34386, 2123, 37911, 52291, 21005, 81229, 82054, 30439, 53646, 56514, 73357, 3640, 16732, 25125, 60044, 95183, 92568, 45597, 18524, 75221, 83306, 71096, 95932, 77135, 60819, 35241, 19743, 5717, 60345, 26004, 91353, 57201, 82038, 470, 66341, 13655, 7126, 66265, 71518, 3848, 41206, 82381, 76713, 83557, 14745, 89589, 47861, 84943, 18848, 84871, 57116, 67176, 79791, 43240, 46357, 94158, 32303, 1891, 97393, 42845, 20252, 90454, 39387, 182, 70726, 36104, 97884, 40515, 23896, 83896, 92533, 43542, 16984, 96893, 57864, 4902, 77073, 8157, 83, 80493, 69165, 97523, 87864, 35027, 14700, 37470, 16435, 23707, 96734, 25948, 22815, 59166, 51909, 81637, 95629, 61235, 79649, 89045, 43906, 12956, 32830, 40834, 58212, 28575, 61312, 60377, 23107, 57438, 50705, 33650, 21005, 18565, 55928, 28984, 75567, 51730, 46701, 4824, 95992, 63969, 93684, 63027, 1554, 6354, 43930, 24139, 88564, 54835, 36814, 49759, 66778, 72495, 16167, 17288, 56521, 28286, 92821, 60154, 36224, 64798, 23316, 33655, 92851, 81243, 18070, 12158, 73660, 57393, 45356, 31705, 76280, 33683, 62890, 50875, 28182, 13054, 33446, 37953, 14422, 47331, 63106, 27527, 93635, 42186, 21880, 81179, 12329, 36731, 92612, 59520, 35048, 21509, 29136, 56119, 72772, 25393, 82399, 6628, 67162, 24191, 34678, 30353, 98551, 70799, 59909, 93813, 97374, 26100, 76021, 48100, 44985, 3121, 93839, 23319, 72175, 46341, 91678, 81150, 86032, 19825, 96373, 34304, 11645, 28521, 21442, 91763, 20599, 15705, 97057, 71028, 76751, 11413, 54046, 36596, 12649, 31379, 59110, 965, 3531, 91279, 55819, 57877, 70474, 25315, 37006, 71215, 45301, 92305, 39666, 71276, 10122, 70079, 9713, 27066, 15456, 59774, 6402, 6054, 74603, 83286, 26954, 23407, 34281, 32475, 56660, 76018, 90202, 97467, 95068, 13096, 90651, 92551])"
38.0,1,1,30,6.474909543991089,20619,"Genotype(dna=[19923, 95820, 36973, 62947, 91222, 60540, 6118, 71792, 56222, 91991, 13897, 51509, 58703, 70489, 29598, 62323, 61325, 12124, 78463, 89682, 63482, 60134, 49391, 9094, 11392, 86248, 69590, 34094, 76786, 84427, 98761, 38873, 58574, 42311, 90350, 71101, 40928, 99149, 95286, 66631, 8463, 14925, 56504, 20760, 30912, 21796, 91195, 75869, 47355, 53519, 75078, 94988, 77808, 57812, 92939, 68418, 84998, 41910, 2982, 65656, 80413, 71873, 60003, 45875, 70474, 75793, 30155, 34549, 64007, 39954, 96860, 54639, 44897, 74827, 17807, 84011, 67647, 96092, 544, 23589, 72746, 17769, 54443, 59855, 57374, 51671, 16610, 46649, 18910, 79276, 67319, 59204, 38733, 7829, 9725, 42983, 93183, 90448, 91940, 44236, 76304, 54279, 95672, 45361, 71250, 13444, 64975, 29525, 65654, 46858, 38470, 92703, 5148, 68471, 98467, 41407, 90095, 77840, 36192, 45115, 69164, 7594, 10410, 35527, 53313, 52078, 91776, 52661, 44525, 59008, 90491, 67803, 31203, 35756, 99161, 51441, 33576, 57383, 33725, 13956, 11612, 65967, 12876, 99133, 7366, 84731, 92767, 26485, 73229, 84039, 13995, 95746, 68402, 44322, 35237, 41181, 53988, 53097, 80185, 51651, 15112, 95581, 76736, 7429, 42869, 85285, 36626, 86171, 63004, 67284, 46469, 8664, 77659, 90296, 18809, 86011, 47427, 77690, 63762, 83185, 35213, 63789, 13508, 95464, 14885, 12231, 91237, 48798, 69108, 34922, 37788, 89012, 11345, 33571, 36237, 22304, 88910, 34226, 52333, 79447, 40669, 79933, 74790, 40902, 44500, 20392, 66018, 9683, 87559, 4183, 76764, 49717, 22321, 91398, 91477, 96433, 54537, 30574, 67557, 30716, 35685, 99493, 134, 13927, 81672, 64660, 4388, 91859, 71718, 45529, 47661, 66198, 35201, 69774, 49620, 89414, 69992, 2948, 79705, 58118, 44827, 36436, 70228, 86431, 59743, 87425, 11800, 77537, 86814, 37377, 1764, 58368, 52396, 25382, 38497, 29193])"
38.0,1,1,31,6.507361888885498,20619,"Genotype(dna=[28939, 46946, 70239, 29395, 9155, 3577, 99833, 94573, 62689, 94430, 52608, 97328, 40833, 46049, 97911, 82989, 11410, 92358, 93179, 8421, 50144, 57394, 989, 70015, 30087, 26450, 24400, 54013, 25617, 53169, 39908, 68277, 12526, 43199, 48386, 71650, 14282, 47448, 95464, 37657, 88764, 76579, 15899, 94140, 42820, 84834, 39148, 13959, 96942, 23899, 44631, 25572, 41962, 14401, 44051, 24550, 13116, 57809, 75922, 26035, 28498, 93419, 44575, 23027, 68739, 85851, 47127, 94143, 1411, 57157, 68013, 36498, 53786, 1831, 15403, 69400, 33191, 69911, 39912, 98064, 2829, 57838, 88082, 79447, 25829, 98214, 85998, 73500, 38885, 93217, 37718, 63574, 22410, 13614, 87441, 52018, 51773, 35077, 19415, 27358, 66239, 93216, 36213, 48412, 23726, 25442, 88093, 42841, 56055, 54293, 15600, 86048, 96931, 12940, 64493, 73388, 28894, 71507, 22360, 84459, 36148, 64024, 63582, 428, 90490, 36088, 52013, 53272, 14603, 18025, 82211, 18381, 66165, 85620, 95066, 39130, 91696, 43586, 93367, 53030, 59897, 37798, 90732, 221, 74768, 31961, 70900, 74487, 38663, 96279, 42380, 93062, 80034, 83415, 53343, 83402, 23356, 2820, 54649, 64513, 8352, 65395, 48935, 58839, 44209, 92780, 99809, 2188, 55738, 88525, 90980, 7190, 26942, 59735, 87265, 76160, 8919, 25353, 75151, 77089, 11159, 39377, 81542, 57060, 44787, 57686, 70661, 8738, 51774, 56578, 6732, 73607, 26053, 94917, 73191, 32559, 73632, 57120, 13530, 24029, 42430, 49317, 82058, 54021, 91067, 45190, 99180, 37574, 53572, 60281, 40738, 39181, 23136, 69557, 75877, 20439, 7999, 53681, 69189, 12901, 69882, 49543, 97376, 63424, 23210, 60596, 76560, 7704, 17780, 62408, 12198, 72411, 12197, 37769, 19363, 31084, 53869, 27142, 26404, 20873, 31910, 50901, 69660, 80309, 20365, 78359, 35013, 17589, 17953, 77104, 2278, 18605, 72904, 26292, 39716, 6359])"
38.0,1,1,32,6.536001443862915,20619,"Genotype(dna=[26376, 45392, 89755, 12505, 39885, 98812, 60550, 25071, 82482, 62681, 44832, 61663, 41294, 61167, 37074, 68330, 73348, 6606, 24853, 33226, 42837, 91921, 59727, 97043, 85343, 3984, 62413, 18937, 27603, 33727, 77962, 62155, 19249, 74249, 51766, 65819, 50659, 15993, 9308, 49621, 47458, 19845, 14689, 1904, 95066, 39193, 96140, 95538, 92215, 22769, 70496, 67561, 57419, 68620, 41929, 58770, 22090, 9638, 86184, 72625, 21003, 1188, 60211, 16790, 42252, 93791, 23668, 63690, 61190, 48254, 32537, 69678, 27466, 39768, 50611, 29217, 97360, 59720, 78959, 76338, 27521, 88059, 83098, 13678, 28848, 56194, 25081, 99707, 82034, 50445, 51684, 24666, 41126, 55586, 68047, 14364, 92999, 30871, 85708, 65120, 18249, 87551, 27736, 10242, 66128, 97653, 57234, 88723, 51002, 97371, 80875, 82726, 30454, 31647, 92839, 60979, 4432, 64195, 72601, 44523, 57149, 86991, 13048, 40300, 27695, 10685, 80654, 72572, 51942, 4891, 91767, 71413, 98719, 77569, 3537, 80992, 94408, 71844, 78807, 34378, 5436, 62039, 17743, 61950, 42852, 21854, 45354, 13738, 78441, 40173, 3241, 5879, 82678, 72191, 62467, 51869, 58162, 66278, 11986, 29600, 9630, 94282, 17258, 42036, 81291, 93382, 13562, 16874, 59650, 62403, 41063, 28158, 76764, 96535, 50934, 2748, 30306, 94265, 59376, 73986, 80590, 62593, 91780, 85524, 26508, 35935, 98514, 6796, 51380, 14749, 29433, 2338, 65709, 74025, 35216, 87682, 55107, 59104, 52029, 41720, 72237, 37474, 89920, 37934, 27516, 4432, 72841, 40308, 46199, 20516, 86977, 77267, 75389, 85630, 67379, 95508, 74163, 5360, 98543, 38409, 42934, 73486, 70170, 74170, 22745, 47313, 97596, 5369, 77123, 82339, 42545, 23622, 7952, 51063, 82657, 48478, 47780, 70240, 59082, 11899, 32658, 28548, 11014, 1794, 33017, 83884, 39455, 52228, 16667, 34308, 27851, 63277, 64233, 75570, 49836, 62962])"
38.0,1,1,33,6.573472023010254,20619,"Genotype(dna=[50444, 63152, 52227, 86915, 72771, 407, 1262, 66074, 50961, 84370, 37723, 78470, 58402, 12437, 32196, 42957, 26387, 62847, 38637, 92250, 60503, 6429, 51709, 56027, 9706, 82697, 90409, 98733, 22712, 34271, 13230, 11761, 82229, 37654, 85517, 4345, 12196, 4179, 40772, 20628, 89587, 30385, 79902, 12566, 18383, 11013, 65839, 15653, 1352, 26074, 56920, 4979, 70978, 78030, 73409, 29263, 239, 48947, 32224, 33931, 50015, 63599, 29771, 55875, 64304, 88954, 90117, 93429, 89791, 82989, 67962, 56199, 295, 13543, 12736, 79794, 12381, 92428, 69432, 51663, 36694, 91489, 69616, 87145, 41886, 18197, 1468, 50974, 63999, 56860, 21301, 23935, 80007, 40905, 2935, 64549, 68364, 69195, 70911, 22849, 85263, 54005, 20426, 11628, 55370, 32348, 95784, 39377, 93997, 42773, 11668, 82888, 51161, 98373, 627, 88098, 7810, 49461, 78083, 82154, 6262, 41388, 88450, 74759, 71595, 78750, 81300, 91774, 34233, 44502, 53917, 26946, 31462, 21678, 24046, 29441, 21698, 95882, 52691, 89447, 83249, 71126, 28043, 63602, 46387, 95411, 90395, 38954, 13988, 29509, 78916, 77469, 66957, 81270, 5480, 8147, 51551, 38608, 84910, 76184, 41693, 15783, 40356, 45571, 14562, 4538, 1279, 17816, 8266, 71081, 55627, 13281, 97626, 98022, 20825, 49141, 55060, 45061, 41167, 15949, 78894, 24321, 27244, 22905, 39602, 6950, 74470, 67146, 61373, 70522, 31329, 81346, 60877, 2864, 99499, 5348, 71873, 59703, 25500, 6888, 87466, 66529, 75515, 50649, 71665, 88105, 79647, 10343, 59049, 70171, 20855, 17274, 87602, 95248, 81777, 87191, 7203, 34999, 30403, 9781, 48302, 50546, 19702, 58529, 92545, 25363, 11439, 16406, 81788, 74723, 64595, 43956, 99965, 64893, 75767, 31181, 34092, 91858, 10350, 67598, 84734, 44043, 20976, 5895, 70861, 11151, 23145, 41425, 1976, 5032, 21827, 2899, 13308, 42389, 71324, 37258])"
38.0,1,1,34,6.606496572494507,20619,"Genotype(dna=[45400, 31662, 2001, 69534, 7152, 41299, 10719, 51200, 49067, 50876, 65048, 45780, 19942, 9087, 32996, 2696, 56972, 20584, 40558, 39008, 36807, 82879, 74553, 37453, 72267, 23066, 20790, 50282, 12514, 39600, 17464, 78619, 53323, 51139, 78053, 90030, 559, 24468, 64385, 83126, 3638, 75244, 71547, 44742, 41216, 40529, 43100, 96499, 5490, 49361, 89118, 60996, 66304, 60752, 11544, 97142, 68917, 14212, 35765, 92148, 50403, 37299, 12212, 31609, 60488, 96096, 4442, 71054, 66761, 58825, 78601, 6817, 89505, 61344, 33211, 40146, 71487, 43308, 22251, 55717, 17714, 43544, 96929, 25047, 22283, 50494, 54758, 66026, 64855, 59562, 59263, 11674, 94569, 49173, 84286, 54361, 3490, 72995, 24441, 79022, 53136, 54698, 30050, 34207, 18562, 46843, 86275, 81022, 41226, 33184, 99734, 90590, 67655, 97519, 89264, 23225, 43392, 63230, 96297, 12124, 3351, 88037, 70593, 76964, 27544, 992, 95572, 6268, 74952, 88989, 9809, 23587, 40003, 22296, 38644, 56717, 15804, 83280, 6223, 34947, 47517, 9430, 9366, 20178, 42382, 74247, 45112, 12887, 14067, 16852, 79240, 20581, 57867, 62694, 85287, 91492, 68238, 9903, 16486, 79444, 11425, 98668, 57765, 33295, 63021, 72850, 63802, 61127, 49015, 38970, 29305, 5272, 28080, 45053, 12321, 20735, 12797, 44452, 54491, 24390, 99067, 55180, 98722, 87480, 56232, 39307, 88901, 67996, 21308, 48192, 23531, 21397, 52570, 7952, 62010, 83957, 70797, 56154, 24000, 80797, 9820, 88173, 98032, 73987, 41888, 85452, 14824, 26594, 48278, 68824, 50559, 9117, 28638, 1126, 64925, 3066, 22795, 37631, 1979, 70332, 25317, 284, 44905, 28951, 8783, 65281, 46346, 33780, 60230, 99233, 48604, 89065, 91869, 11676, 80226, 31191, 29028, 67219, 65551, 24341, 80077, 76273, 72629, 99662, 58266, 34693, 70530, 54238, 99155, 65217, 37160, 52152, 63049, 77604, 23305, 34717])"
38.0,1,1,35,6.6373724937438965,20619,"Genotype(dna=[81302, 92976, 46917, 84222, 62821, 24400, 37315, 18057, 44474, 84032, 17055, 24883, 81653, 99773, 12337, 24824, 60994, 30310, 60571, 39001, 74452, 5038, 81340, 31675, 21228, 14716, 66789, 84451, 81961, 90319, 90056, 22920, 57145, 8791, 62613, 17603, 74091, 56037, 62362, 88984, 15611, 50304, 43869, 20515, 17650, 42238, 22377, 47333, 66383, 90571, 92631, 79572, 97277, 52767, 28037, 41806, 52055, 86974, 92668, 30423, 67607, 30511, 27521, 70676, 88238, 20841, 9525, 92996, 52566, 32002, 80103, 58152, 46127, 75463, 72270, 43716, 28950, 13564, 59543, 6992, 29343, 69107, 37533, 16407, 59525, 80347, 52267, 33752, 6290, 13103, 10660, 36916, 48711, 27439, 17299, 51583, 33310, 67552, 95333, 67855, 56695, 58107, 38206, 58976, 71212, 56353, 99457, 71367, 10422, 71392, 70197, 30094, 81104, 60220, 19362, 69009, 589, 36426, 61964, 35030, 84853, 53337, 30949, 18209, 8969, 32685, 78753, 30001, 98738, 86146, 15833, 75463, 53933, 13776, 89039, 17221, 96345, 81035, 33302, 14512, 46688, 24180, 78302, 73210, 23034, 18640, 25822, 72838, 6737, 91849, 83772, 55431, 54014, 37299, 55711, 64201, 93372, 55107, 22900, 26550, 37911, 41933, 51933, 39725, 60862, 69236, 7713, 15478, 26394, 43954, 76424, 63995, 25210, 89419, 68674, 837, 9165, 17318, 1832, 71595, 32698, 29363, 77378, 51093, 74955, 94260, 82073, 53390, 739, 9573, 67862, 90463, 29881, 55488, 72381, 17137, 71687, 75426, 85997, 66321, 42522, 40314, 98848, 34875, 19306, 72783, 65910, 36519, 98131, 60465, 9215, 69618, 26368, 5328, 12603, 81654, 93310, 10860, 77470, 83384, 35287, 33279, 49608, 61853, 10573, 2055, 91644, 16506, 66533, 83039, 96277, 73593, 26796, 69307, 70354, 48639, 68475, 235, 51256, 17563, 91164, 35726, 22982, 59262, 47206, 20735, 14778, 5658, 49521, 8001, 76317, 87898, 36545, 8908, 48432, 93260])"
38.0,1,1,36,6.66851544380188,20619,"Genotype(dna=[37063, 93806, 91485, 58871, 28360, 57807, 91765, 86284, 77560, 76998, 18096, 92507, 69259, 42816, 1191, 22459, 23327, 98910, 50411, 61931, 89304, 15619, 22121, 3582, 19606, 493, 94396, 97690, 54008, 52088, 44036, 28206, 38811, 29262, 38760, 70693, 40891, 11839, 47374, 44594, 79171, 48272, 1571, 98127, 24851, 79629, 74843, 57666, 3654, 66631, 18753, 25089, 24269, 44687, 30389, 36267, 90244, 93702, 35764, 62239, 50670, 91907, 23734, 55555, 52920, 14891, 23682, 53093, 58920, 86378, 18795, 76533, 15504, 42620, 39450, 73828, 22251, 79827, 28188, 39750, 32103, 2532, 28496, 5942, 35843, 61750, 97800, 15489, 53987, 63009, 3586, 64537, 44738, 89281, 41924, 54814, 94937, 97241, 75859, 76836, 49589, 71647, 11649, 76379, 51452, 84322, 34209, 78101, 19524, 89163, 63176, 46879, 17456, 98117, 2397, 90320, 25808, 12631, 7779, 7886, 92583, 68436, 86748, 82577, 67874, 47824, 3808, 19993, 98604, 40539, 56697, 27438, 49051, 34244, 74685, 2697, 20420, 82985, 48490, 32176, 22236, 98905, 55050, 1231, 97371, 95890, 48722, 26718, 30870, 67991, 87722, 43907, 77178, 44849, 72029, 2596, 49821, 99507, 65398, 44774, 13608, 46558, 27491, 71535, 85709, 37321, 84780, 38359, 76043, 51559, 64683, 95631, 1679, 55164, 70441, 15597, 85593, 29279, 80070, 60402, 23813, 51050, 25755, 58840, 86598, 40924, 54573, 64901, 5766, 35780, 96368, 13162, 43770, 98470, 26219, 93507, 78840, 2150, 31886, 62850, 67147, 53024, 2220, 54144, 19325, 91170, 2781, 23876, 92875, 61153, 7771, 90382, 71273, 47463, 72236, 65792, 44613, 78769, 58023, 96308, 53267, 54118, 98048, 55681, 35011, 75144, 65185, 74893, 26282, 91517, 61783, 57241, 15293, 38359, 22484, 65780, 29895, 5490, 18221, 8841, 76132, 53882, 52246, 13312, 42813, 6167, 30300, 30962, 16086, 59311, 92131, 478, 92763, 4417, 46058, 41142])"
38.0,1,1,37,6.699927568435669,20619,"Genotype(dna=[3252, 61273, 82481, 25496, 77717, 5937, 20303, 49234, 55062, 46259, 66141, 62118, 9630, 16870, 39940, 63065, 79634, 86304, 1053, 32471, 74106, 87675, 80805, 90024, 6099, 84711, 96596, 86510, 56103, 11399, 88991, 28109, 57913, 93705, 61425, 14490, 87680, 38223, 63740, 90698, 45027, 93545, 75206, 12795, 41829, 21032, 61355, 50681, 53789, 35130, 6724, 64014, 25333, 63342, 77676, 99081, 43734, 13367, 83978, 12611, 33324, 96505, 18671, 26301, 89504, 43290, 38829, 39986, 97099, 10376, 50761, 35142, 60376, 11603, 2170, 3201, 98864, 38639, 29528, 33838, 86612, 73871, 35352, 2261, 31136, 70223, 51061, 64241, 99548, 63941, 71227, 67800, 79136, 3711, 5876, 4598, 86802, 45198, 16399, 11748, 1523, 20189, 45196, 96303, 95414, 72197, 43790, 77161, 20179, 79422, 1700, 49692, 51638, 87424, 2242, 51717, 63070, 48634, 32309, 9995, 72084, 64708, 90528, 64475, 99420, 79229, 52836, 75998, 82015, 71842, 59515, 37921, 47535, 41586, 41381, 41901, 87999, 90215, 74705, 16984, 41651, 71481, 9238, 67163, 3101, 26092, 81475, 95260, 20544, 12848, 66325, 18247, 69923, 34438, 22294, 32874, 81936, 37015, 24009, 14139, 22247, 92565, 52260, 39604, 59923, 16585, 9035, 48986, 44379, 64264, 93369, 4411, 46362, 74558, 5761, 1318, 11088, 77154, 66714, 21657, 52143, 77705, 11058, 34211, 29865, 41859, 12385, 52777, 75586, 82351, 29871, 43505, 21705, 80323, 99945, 68707, 48900, 97420, 57278, 24192, 35028, 83800, 49837, 70763, 21660, 21590, 77273, 39292, 25562, 12687, 94215, 58497, 83300, 28658, 33396, 95739, 4930, 65959, 99244, 47292, 71938, 58632, 88715, 38416, 86720, 6410, 44032, 37284, 7113, 23249, 15562, 6534, 51882, 75178, 61550, 53018, 11603, 76291, 57058, 4021, 24152, 51807, 63814, 83270, 20067, 57366, 75781, 6022, 7094, 92951, 53728, 65933, 4191, 25606, 81134, 10062])"
38.0,1,1,38,6.732940912246704,20619,"Genotype(dna=[91822, 8780, 50769, 25686, 81798, 52767, 44548, 13818, 55308, 40106, 6371, 82148, 32256, 4884, 26772, 39609, 4675, 35208, 11354, 96379, 59026, 63515, 45332, 80069, 31374, 62463, 3236, 9093, 96128, 8856, 40382, 4408, 56856, 49107, 4942, 99298, 58270, 18994, 88252, 38026, 29434, 19451, 97393, 59628, 47846, 56091, 88970, 13436, 91774, 58472, 9679, 89599, 97731, 20821, 51354, 30980, 9557, 30280, 64579, 2153, 24226, 74110, 5674, 27546, 40758, 36786, 99938, 58089, 71564, 20202, 82210, 18128, 78504, 67902, 39579, 19035, 10740, 27490, 74143, 40063, 10356, 74383, 55506, 76266, 76020, 12494, 8690, 12394, 82883, 17374, 68682, 26191, 21348, 90548, 31016, 95692, 34198, 72305, 91684, 91001, 41399, 53301, 77110, 34847, 1794, 36335, 4428, 52924, 13773, 42431, 68579, 88697, 35693, 14451, 58055, 16761, 85884, 30742, 40446, 5057, 90036, 23117, 7906, 89586, 61622, 24958, 14366, 69300, 55853, 40990, 90320, 45515, 78046, 23662, 81751, 83415, 98111, 70187, 41058, 43226, 73505, 27214, 45406, 16211, 67290, 76084, 74580, 81943, 50067, 34656, 9729, 70267, 98547, 44251, 32971, 8284, 16793, 73450, 5137, 55151, 55276, 5268, 44278, 36319, 21947, 93128, 66705, 28240, 9756, 37500, 58352, 84069, 16307, 98338, 64687, 56584, 26461, 58550, 43344, 5197, 39379, 75231, 53053, 92667, 81243, 49232, 59587, 98297, 74867, 10792, 17351, 43815, 97151, 73525, 64189, 55397, 31409, 89195, 98752, 41869, 57412, 30486, 11333, 85465, 34027, 68801, 35614, 65324, 48569, 20491, 37004, 81484, 91743, 3743, 42033, 15730, 49638, 2569, 45266, 48187, 54932, 24447, 1285, 58657, 94145, 21526, 25397, 26613, 37294, 26588, 48388, 83945, 82991, 32783, 66894, 70142, 89526, 514, 5612, 46119, 43609, 87584, 20613, 59489, 82293, 7740, 71677, 66205, 13276, 16170, 56205, 72806, 13671, 7028, 41876, 12643])"
38.0,1,1,39,6.761719226837158,20619,"Genotype(dna=[19181, 4440, 70553, 10741, 11836, 38149, 91886, 86943, 7194, 4654, 58873, 12448, 53715, 60507, 87732, 13931, 24710, 22165, 20707, 15453, 84929, 71627, 57877, 61277, 71486, 75457, 6889, 32345, 67404, 49970, 2810, 80395, 13141, 28233, 3673, 84540, 24000, 89956, 72120, 9094, 30044, 63344, 79781, 11202, 88236, 88214, 47046, 50134, 5651, 95465, 46879, 54393, 77786, 37984, 66976, 71270, 61155, 40478, 61104, 54311, 12937, 62203, 63992, 38216, 93703, 46819, 97647, 63667, 5007, 65327, 66054, 70101, 20908, 14245, 45360, 47978, 5366, 38704, 77363, 82678, 35651, 88122, 59313, 9887, 93286, 4073, 59311, 3370, 30468, 98214, 33374, 19521, 65862, 95851, 62585, 60985, 30729, 9904, 40696, 28918, 23279, 49478, 8732, 87563, 18568, 88621, 95357, 91180, 40529, 57170, 69927, 30632, 31276, 40650, 40886, 52694, 99293, 89472, 46620, 73167, 26071, 95057, 14717, 34010, 58888, 13316, 31085, 44102, 63327, 95379, 23269, 87689, 9213, 71608, 64574, 87766, 81620, 39265, 99628, 8652, 7948, 35351, 30951, 78749, 51305, 47550, 72290, 33584, 63526, 85428, 45573, 30301, 74150, 99228, 235, 72045, 84868, 68519, 54408, 40478, 71563, 74168, 29459, 9004, 47339, 52628, 41213, 60062, 94829, 4747, 10052, 80722, 54501, 92226, 53157, 47378, 39653, 68911, 40527, 56797, 59283, 56599, 31318, 35161, 83560, 32833, 7712, 82519, 33451, 78291, 36424, 20697, 65889, 80730, 38252, 47836, 80663, 13637, 67816, 48251, 69640, 91254, 35500, 36270, 23959, 2417, 30787, 56633, 41003, 34449, 37529, 34649, 68382, 61768, 73831, 14597, 58132, 74658, 92203, 82517, 23638, 87491, 59046, 66451, 4654, 5091, 57691, 89757, 67747, 16110, 46660, 18437, 42863, 93881, 66599, 61807, 90030, 50991, 90892, 14935, 74649, 29710, 52923, 53854, 49521, 69042, 65950, 85417, 68085, 14128, 21930, 41531, 84841, 1486, 91419, 76332])"
38.0,1,1,40,6.87328839302063,20619,"Genotype(dna=[12057, 48605, 98133, 1137, 51638, 8957, 93726, 25590, 57596, 69322, 55123, 12958, 67028, 12098, 87534, 50512, 63014, 22048, 68456, 47345, 53986, 86246, 61994, 62727, 75797, 76284, 21579, 86791, 87512, 10746, 14614, 55688, 70274, 11524, 84702, 64039, 88661, 80668, 54815, 67414, 5182, 10722, 47576, 5628, 29829, 61842, 62268, 92236, 23356, 21706, 58263, 90569, 1737, 3171, 15202, 41051, 20896, 97861, 28054, 80742, 54373, 24551, 6320, 69469, 67950, 94534, 26627, 24468, 43857, 17021, 97919, 71717, 19492, 89921, 54023, 41352, 93299, 76661, 74886, 25846, 73141, 997, 39535, 96396, 53805, 65958, 24800, 16824, 77520, 11507, 90345, 95151, 63386, 10393, 27625, 43719, 99419, 29926, 72376, 84364, 57238, 80823, 47520, 82426, 72882, 37738, 8329, 68943, 2936, 70120, 77938, 63213, 2005, 31825, 27498, 76047, 80487, 29994, 41361, 22723, 92005, 47747, 79495, 91216, 74022, 64522, 42412, 19197, 58370, 28197, 99522, 19214, 57525, 99779, 99405, 54453, 95070, 36435, 56684, 30455, 94820, 70200, 599, 43940, 23592, 85483, 33644, 80451, 30411, 18836, 2961, 44371, 90323, 91629, 36265, 43919, 77565, 47229, 38414, 21072, 38979, 39318, 49429, 50873, 97546, 49125, 76002, 7789, 60826, 69004, 27805, 80544, 16465, 60965, 55084, 573, 28090, 81178, 6277, 42351, 98769, 46585, 87154, 35011, 46065, 29865, 65886, 21130, 77068, 9965, 2097, 46508, 58582, 76135, 8244, 40720, 93256, 60209, 77983, 79398, 85233, 58946, 54766, 14481, 20776, 97705, 52804, 61486, 19258, 56130, 62488, 55548, 7019, 48052, 30373, 65390, 23904, 15755, 14410, 69126, 26330, 72045, 78533, 58293, 88388, 72888, 4069, 52589, 25743, 64513, 84131, 99075, 29210, 87295, 65648, 90188, 31806, 27223, 47099, 1139, 22545, 14938, 58152, 3792, 70776, 99264, 57780, 97998, 99163, 15068, 45629, 62171, 13022, 67556, 94272, 41908])"
38.0,1,1,41,6.9017653465271,20619,"Genotype(dna=[31257, 53976, 19265, 20280, 66939, 31772, 11296, 67401, 71605, 45259, 70532, 46524, 96414, 4466, 15879, 67587, 95994, 73168, 95795, 9541, 82712, 14163, 84609, 65539, 8148, 52449, 32052, 97988, 12000, 69664, 66932, 32193, 85394, 77033, 63379, 50086, 13588, 97345, 72075, 11682, 57717, 41339, 56111, 21183, 92998, 43000, 83520, 7829, 2238, 6163, 44950, 84851, 58392, 54583, 80888, 92914, 93124, 27219, 33363, 44458, 43697, 25000, 69407, 42050, 41865, 51073, 16442, 71222, 21486, 29223, 91586, 36846, 74751, 78881, 22179, 55902, 13675, 23238, 25517, 78194, 4233, 20211, 22065, 85169, 51625, 7006, 30691, 29613, 845, 35983, 68170, 31823, 33615, 19782, 30556, 68584, 55385, 62058, 68579, 62414, 3683, 44479, 20460, 54013, 36472, 83816, 8033, 49917, 72454, 77124, 18135, 16843, 31595, 60309, 5527, 2094, 88576, 64627, 21690, 69, 76901, 66659, 45541, 91177, 53538, 88197, 76604, 13117, 53579, 70025, 80648, 76219, 24039, 62460, 17073, 62243, 59240, 58946, 32908, 57079, 33358, 17807, 86187, 14457, 42389, 27702, 13080, 34603, 43329, 32930, 36267, 83300, 99136, 65492, 77200, 5320, 39773, 26083, 44024, 60054, 33813, 19672, 52492, 63250, 43123, 23386, 49088, 67542, 75880, 8860, 66753, 91671, 60760, 10404, 96244, 25406, 43953, 28270, 13324, 62340, 36713, 68925, 925, 17109, 81441, 67691, 82880, 79721, 68947, 30390, 77842, 79184, 29309, 94783, 20085, 63265, 69528, 529, 17721, 56507, 67270, 93073, 39269, 94671, 7149, 68552, 38185, 72023, 23881, 7652, 92165, 36241, 20214, 32279, 75030, 76886, 14452, 36463, 69941, 63569, 78967, 83678, 3177, 41359, 14937, 24376, 9589, 32303, 64486, 745, 73417, 81641, 9514, 51645, 5148, 55805, 34573, 94923, 89919, 21702, 36441, 61260, 42594, 74446, 57780, 10692, 15738, 95383, 27082, 87205, 4600, 54451, 8753, 39729, 5450, 34241])"
38.0,1,1,42,6.943968296051025,20619,"Genotype(dna=[84091, 50892, 61565, 41710, 81169, 90836, 6034, 75768, 51181, 37410, 23124, 11131, 45567, 77471, 80316, 35572, 15533, 5347, 24860, 49090, 71234, 65111, 20882, 50416, 96713, 38346, 29867, 83143, 16962, 38857, 18843, 91778, 82557, 67130, 64325, 84456, 86773, 31164, 80615, 24053, 11383, 38040, 7022, 75311, 47335, 6060, 14257, 14656, 60273, 22149, 50963, 80876, 16961, 75779, 85518, 13452, 4169, 63693, 99504, 32517, 42939, 92051, 18621, 81463, 67532, 54461, 69742, 56667, 37950, 11421, 10277, 5179, 93213, 91584, 51452, 72670, 68599, 53748, 11409, 98133, 62012, 47317, 96774, 88192, 5459, 79290, 87053, 92253, 97959, 61936, 34840, 92773, 97270, 87371, 31532, 11312, 65764, 23625, 55092, 85826, 39221, 62786, 59128, 41506, 15297, 11846, 40661, 98659, 2420, 31960, 63365, 6452, 16622, 78957, 12163, 27295, 82698, 12923, 67227, 19899, 99878, 36229, 32693, 93621, 55000, 87625, 16305, 54041, 65656, 24324, 9588, 43846, 85118, 31088, 45342, 66649, 19859, 94018, 59132, 43698, 91147, 63464, 13510, 452, 85670, 68090, 48064, 22922, 92, 49454, 73551, 88774, 9188, 33795, 30025, 19004, 73445, 10188, 53606, 38241, 13681, 98736, 67476, 75556, 44117, 261, 71224, 59886, 18040, 93119, 17083, 22285, 76254, 86046, 81667, 35985, 12613, 65077, 49022, 90858, 47983, 49229, 22543, 1029, 39685, 12152, 5799, 87513, 60599, 28419, 51515, 98784, 18412, 64188, 21534, 3263, 40694, 43636, 1162, 65402, 74182, 65931, 72681, 9228, 78323, 19333, 1194, 86237, 75392, 72679, 17445, 8375, 13165, 18556, 48673, 40771, 32353, 21662, 45190, 9185, 62150, 45348, 86162, 98797, 94856, 72218, 68407, 93006, 92284, 1208, 46658, 27451, 743, 40681, 26711, 9614, 66924, 17072, 27885, 14490, 79161, 81968, 28244, 700, 98408, 22140, 94267, 68476, 73015, 83769, 31033, 5754, 80657, 76916, 14481, 54100])"
38.0,1,1,43,6.966578006744385,20619,"Genotype(dna=[9293, 29763, 84203, 28717, 45248, 328, 33931, 44756, 40182, 27283, 27310, 73233, 48925, 16488, 80037, 8719, 25901, 57232, 20516, 44573, 63258, 73664, 71170, 79516, 63384, 20272, 41176, 55621, 22412, 67688, 43824, 29607, 20417, 59415, 37608, 12554, 53009, 82059, 49130, 45371, 21817, 40519, 81152, 54994, 19686, 62764, 15265, 54065, 81105, 24254, 57137, 8603, 87610, 26833, 50505, 70441, 66255, 75384, 64335, 15935, 41360, 98301, 74839, 38940, 38729, 65443, 83334, 4570, 17198, 79195, 57959, 15427, 19916, 90835, 45019, 6081, 58466, 85493, 43389, 97228, 78409, 44446, 1075, 37177, 64666, 36348, 95842, 82566, 13051, 76314, 90277, 62240, 3079, 50988, 2079, 78487, 95249, 99812, 93778, 36819, 89952, 17903, 78810, 32908, 74681, 12080, 4086, 19162, 83390, 92954, 40496, 1009, 95324, 83113, 49145, 74062, 78920, 85523, 11611, 73883, 17402, 76902, 33446, 48498, 72850, 30339, 58634, 40669, 71195, 94402, 17524, 66089, 13179, 94409, 60874, 66902, 72029, 674, 62055, 45057, 66253, 62242, 74767, 32466, 41968, 15229, 42778, 64527, 41515, 72324, 34146, 81788, 27767, 88486, 25419, 20323, 67551, 64678, 26353, 10124, 16077, 31028, 58414, 4042, 22820, 58331, 60716, 64659, 53788, 70252, 63396, 74452, 79245, 34497, 19218, 60702, 24109, 17323, 93866, 79181, 40475, 91020, 64925, 92027, 69332, 63322, 29697, 14656, 41419, 74741, 75649, 11378, 71401, 76114, 95135, 55160, 62511, 69779, 33539, 45564, 41484, 82556, 83721, 54207, 12422, 80702, 35390, 6381, 84676, 43924, 29081, 71479, 46530, 11516, 96795, 51246, 94956, 31431, 13612, 77070, 45092, 78062, 37886, 28615, 59442, 11534, 56057, 50588, 15225, 65853, 50724, 25267, 17283, 50103, 84971, 50805, 46016, 80099, 39260, 40452, 90758, 6086, 6786, 73286, 26051, 93469, 3493, 76815, 89281, 37018, 11636, 26559, 58423, 28634, 10019, 19799])"
38.0,1,1,44,6.992781400680542,20619,"Genotype(dna=[33696, 43119, 5005, 80236, 55483, 92419, 13089, 5516, 57410, 23504, 37766, 76491, 12322, 48955, 19761, 7563, 66316, 92284, 78363, 13266, 35253, 88128, 82613, 78642, 75152, 51190, 47181, 21954, 45403, 85125, 28614, 1196, 39788, 75475, 84370, 7261, 14822, 2740, 58227, 7575, 11634, 54989, 63013, 86032, 23658, 91883, 76760, 1463, 84869, 7935, 20913, 98520, 10794, 62753, 64116, 22758, 74267, 50992, 3374, 83292, 33942, 48960, 44608, 43684, 62748, 74204, 33881, 8523, 89543, 48908, 47378, 74452, 84853, 37842, 20310, 66938, 30047, 14411, 39723, 42795, 67930, 65422, 38834, 72994, 93655, 49936, 91786, 20318, 96460, 95426, 75805, 20428, 88421, 25325, 12378, 58250, 61760, 99871, 60411, 2985, 24474, 94598, 80770, 73165, 30317, 83796, 68037, 1655, 23696, 28313, 29999, 6373, 54347, 32646, 77051, 76702, 19305, 82654, 7462, 20009, 65366, 45863, 63560, 28689, 78449, 463, 86282, 37443, 68780, 8430, 78777, 4221, 79169, 6317, 11047, 14522, 68499, 17, 160, 37267, 69136, 57429, 3085, 83096, 53282, 91529, 81272, 25399, 85972, 5601, 16868, 73534, 52452, 63809, 16852, 25138, 65136, 3450, 93484, 21341, 75389, 64654, 29984, 73067, 68180, 12915, 90981, 4012, 23156, 367, 2356, 70020, 97923, 75482, 26252, 36624, 46341, 58261, 10155, 34196, 84559, 53463, 38993, 88490, 4832, 107, 68201, 67560, 33956, 83623, 40511, 29108, 60954, 5754, 90200, 34848, 57904, 20456, 70319, 49832, 15475, 29093, 78505, 6199, 33034, 91197, 15702, 65892, 63575, 83105, 63103, 29851, 94305, 26029, 71787, 11614, 49008, 72179, 68243, 69845, 69299, 53900, 35592, 81735, 62532, 1475, 39036, 6232, 26391, 39049, 71685, 82978, 37717, 41951, 14740, 85688, 22486, 67907, 27081, 24925, 39012, 97297, 48428, 39174, 96441, 54103, 22058, 77472, 15303, 13488, 83606, 99012, 3445, 75029, 98347, 53427])"
38.0,1,1,45,7.02736234664917,20619,"Genotype(dna=[43800, 19896, 20359, 40620, 99792, 16557, 35578, 1604, 734, 89991, 85991, 28170, 66212, 19205, 7412, 7699, 9403, 10752, 89747, 7443, 2506, 44655, 2684, 17485, 22895, 255, 29141, 81585, 13009, 60550, 74171, 8935, 27073, 23035, 2565, 26356, 4472, 30134, 70005, 925, 9636, 3282, 47841, 43340, 1243, 42629, 55494, 24672, 50892, 14809, 54750, 27016, 3594, 19202, 9325, 84179, 82562, 11866, 8114, 77317, 89594, 72873, 56118, 23626, 8966, 35219, 75674, 50076, 33899, 29247, 68750, 64212, 7915, 26619, 90475, 52471, 85674, 9384, 95821, 42472, 33097, 58102, 22332, 29781, 49148, 1971, 68357, 21511, 27723, 40212, 4498, 65283, 56833, 67054, 52081, 27260, 55608, 21797, 49747, 25989, 25963, 40260, 6593, 26778, 68507, 75943, 4570, 95920, 18009, 58481, 70801, 23780, 70685, 61273, 52318, 65621, 17390, 16522, 44578, 93414, 8204, 55690, 13948, 70903, 85675, 40899, 17674, 54963, 95243, 24023, 68946, 90003, 21365, 15910, 96693, 81135, 33403, 64167, 95857, 52556, 39730, 73760, 93617, 12280, 26205, 99650, 91439, 13951, 97622, 14507, 72992, 43295, 87821, 27780, 51470, 16284, 19556, 81871, 16030, 79780, 74060, 15259, 13971, 46634, 55702, 97725, 64400, 5552, 98309, 8130, 55587, 83901, 51078, 67723, 11112, 25210, 71625, 36810, 17810, 87360, 37549, 30048, 6406, 22699, 66781, 4850, 1951, 44106, 73998, 21742, 68565, 13141, 19057, 57660, 50358, 43331, 97901, 77407, 39855, 81136, 15711, 28328, 91873, 51610, 68000, 2954, 77484, 74791, 2014, 49577, 65773, 42154, 23693, 45407, 20342, 14720, 54372, 60940, 82134, 69225, 27428, 91751, 88069, 72263, 92402, 5523, 70695, 54330, 72462, 81741, 37827, 13456, 23635, 57505, 937, 22261, 36774, 56798, 64236, 63532, 32817, 83093, 30037, 37086, 92044, 41202, 84887, 34460, 79449, 22908, 90647, 82144, 85182, 87764, 51675, 40665])"
38.0,1,1,46,7.064980983734131,20619,"Genotype(dna=[90726, 63410, 65843, 40044, 86733, 44133, 79117, 36861, 52272, 77472, 12559, 32648, 24854, 7597, 28675, 60372, 58012, 85593, 4350, 85180, 80746, 74607, 4523, 17490, 14777, 83001, 65806, 89118, 36012, 38248, 91259, 27053, 82941, 28729, 74628, 75243, 97152, 71095, 5616, 30378, 58890, 43304, 74049, 45055, 79342, 69064, 54748, 86758, 29826, 77686, 62871, 8690, 4405, 73016, 51258, 77972, 73978, 70536, 98291, 55854, 41786, 12450, 86399, 51066, 7436, 97617, 63567, 31832, 87555, 97580, 56756, 72635, 91731, 90406, 43781, 324, 74194, 51334, 62295, 84731, 52425, 63918, 62786, 84543, 1519, 17939, 81842, 90329, 87149, 5554, 77820, 25682, 54001, 83913, 23603, 17399, 5593, 78051, 10854, 82960, 89239, 65686, 47595, 64526, 57943, 45606, 24731, 45510, 61529, 37780, 70631, 34553, 98916, 83949, 25530, 32141, 31616, 85138, 32195, 44957, 62873, 52158, 21376, 94367, 62732, 18883, 92474, 31945, 5450, 86713, 52521, 21814, 21832, 83373, 34275, 21955, 32522, 21454, 99995, 46207, 85331, 65720, 73045, 15590, 78382, 7272, 99854, 68959, 77625, 49432, 92770, 66249, 6351, 24508, 90735, 38103, 6251, 99899, 60541, 87794, 31135, 20831, 4348, 13503, 36558, 32703, 76173, 59732, 48634, 2207, 53962, 57234, 66149, 21451, 69457, 65930, 87325, 5943, 59676, 81347, 87710, 80730, 52994, 92482, 46250, 36812, 85680, 97539, 94993, 46823, 32603, 828, 51390, 13059, 4425, 61696, 12621, 84250, 75937, 84485, 87626, 91191, 31918, 72256, 82318, 68246, 96289, 78347, 83691, 59356, 63548, 49610, 76671, 46465, 46878, 26622, 72909, 29885, 82225, 28819, 77787, 40635, 55018, 69435, 69753, 28718, 1751, 45620, 39281, 85839, 7677, 95352, 11564, 43141, 67021, 13940, 73197, 1718, 23485, 76315, 34101, 85613, 93737, 99706, 6661, 70014, 357, 68890, 69655, 50944, 48720, 8529, 84982, 56913, 59006, 93024])"
38.0,1,1,47,7.10631799697876,20619,"Genotype(dna=[50155, 8216, 38647, 19892, 16457, 50731, 14035, 30021, 20574, 63928, 71489, 74045, 88593, 67560, 75322, 65203, 19052, 31844, 83121, 77895, 4223, 67489, 18354, 27660, 81284, 47353, 4905, 45815, 61149, 28930, 91734, 53194, 37820, 3031, 32925, 17584, 65358, 63039, 2667, 5130, 7535, 68449, 28999, 8707, 99840, 35049, 86534, 8180, 28856, 13925, 14703, 66915, 57543, 83309, 74422, 5057, 44302, 16864, 32611, 87883, 82454, 30730, 88857, 82762, 85531, 2583, 11178, 97039, 68753, 25930, 7431, 16021, 862, 64367, 30458, 50157, 78873, 40451, 13379, 28413, 37165, 91297, 1110, 7350, 4143, 87307, 52559, 49965, 81263, 98424, 38159, 57462, 84466, 85048, 88476, 31707, 15611, 63695, 33919, 5945, 63937, 50226, 84752, 99684, 61848, 46385, 91049, 27825, 88869, 87103, 10547, 90975, 54349, 91541, 51533, 88660, 45796, 34609, 36456, 62854, 31139, 42932, 82586, 68993, 42391, 12286, 53247, 706, 77715, 98855, 9878, 56337, 89627, 50139, 80697, 66698, 55438, 1930, 70830, 88359, 85229, 95092, 61907, 18334, 26032, 73447, 823, 31878, 36139, 38655, 96465, 94888, 59841, 91278, 36343, 45259, 59277, 34607, 47881, 82777, 9285, 57328, 20229, 56354, 15071, 90055, 3222, 9421, 72201, 36760, 80907, 4604, 66125, 39820, 33961, 2755, 19304, 92439, 22386, 64824, 91253, 48651, 45705, 15266, 3371, 9917, 34351, 66160, 92179, 26902, 79315, 41348, 72358, 89538, 11363, 47479, 77011, 5010, 60242, 36504, 9729, 45205, 77873, 49095, 47868, 71181, 46771, 15849, 64971, 61270, 24972, 14629, 49069, 63172, 33623, 14318, 52781, 30360, 59814, 16115, 34295, 86331, 28088, 54567, 62739, 7632, 7265, 92301, 19607, 95057, 48350, 56409, 55008, 82743, 89559, 42736, 45408, 46521, 26579, 32345, 40668, 47620, 84404, 16473, 87756, 38459, 6256, 7277, 6211, 69846, 64959, 34686, 28937, 4894, 55237, 34013])"
38.0,1,1,48,7.131621360778809,20619,"Genotype(dna=[35517, 98253, 44203, 79297, 67651, 36320, 85479, 12282, 52897, 60129, 46140, 56848, 5878, 9220, 21869, 51825, 40350, 84712, 85404, 12465, 2390, 98434, 46601, 23955, 31890, 53835, 95173, 40459, 3470, 98838, 76762, 66979, 59458, 7179, 84924, 10075, 52867, 62452, 57887, 54423, 70808, 77526, 16374, 76652, 63063, 53948, 80691, 44989, 80391, 92493, 60259, 32205, 20078, 94561, 38044, 34638, 96677, 42453, 94695, 7260, 90348, 56955, 94282, 82745, 79319, 49893, 95737, 24920, 50973, 43628, 27614, 27379, 68440, 24620, 51014, 2899, 30015, 39256, 78461, 40863, 34375, 4489, 90210, 92792, 58114, 99685, 44096, 12998, 37499, 92493, 19374, 59063, 42853, 223, 73348, 74862, 26021, 67450, 38317, 6522, 49829, 15054, 7587, 89904, 94092, 94320, 82908, 38350, 16099, 26634, 1241, 16754, 43136, 52994, 84018, 9, 11444, 5504, 54432, 67671, 9279, 62607, 48787, 14099, 18750, 38400, 21136, 2934, 89176, 41088, 13548, 80339, 8983, 54545, 87584, 442, 45735, 26195, 34503, 62579, 95347, 8538, 73633, 7984, 88114, 320, 10055, 91121, 20222, 74873, 77406, 70357, 98104, 76334, 66600, 18264, 83442, 22681, 65543, 42037, 90905, 87624, 63998, 3656, 31066, 17094, 31522, 38273, 90320, 61841, 88965, 86557, 65328, 57995, 94922, 83731, 97048, 21028, 52787, 16229, 18614, 85549, 72102, 22958, 81437, 85328, 59839, 77157, 12089, 89730, 36531, 17645, 97754, 38872, 84372, 32877, 97539, 18579, 53412, 7463, 44122, 2701, 45317, 42651, 53689, 9809, 2517, 66621, 32801, 72034, 77910, 56818, 77067, 65661, 43221, 43060, 27797, 61372, 7396, 37829, 15885, 95267, 1549, 1576, 27990, 8520, 98186, 97247, 14345, 80428, 51034, 51205, 67563, 50214, 87929, 24926, 64866, 85385, 13042, 74515, 11177, 82504, 33836, 10670, 33785, 15268, 13811, 59237, 1594, 93575, 91918, 79703, 60791, 82342, 2072, 72733])"
38.0,1,1,49,7.166846752166748,20619,"Genotype(dna=[12941, 1087, 45075, 9188, 88827, 72569, 80447, 72580, 86150, 55678, 26331, 86750, 52059, 98302, 14993, 74483, 50988, 22193, 42646, 68031, 61782, 25719, 13945, 56023, 89271, 90953, 80999, 37021, 93897, 18843, 79659, 88776, 19477, 12083, 39342, 91005, 6474, 33802, 30134, 1767, 82621, 76005, 8951, 58177, 27899, 79870, 11691, 8685, 53335, 9653, 69948, 92296, 58543, 6619, 40515, 65713, 4351, 95694, 43492, 55299, 35938, 24717, 95182, 91226, 70613, 44691, 56794, 49492, 19046, 28758, 46650, 1019, 48536, 73039, 50097, 15519, 35912, 70220, 44136, 5798, 93114, 99193, 5240, 13773, 42322, 3633, 6781, 4133, 13814, 55097, 46588, 90529, 41472, 91289, 10384, 90662, 2480, 46, 31052, 29600, 99756, 53802, 20036, 54084, 86820, 47736, 95366, 36609, 92401, 1284, 34952, 5136, 7302, 62116, 14605, 43593, 61655, 13352, 67430, 26465, 29899, 42594, 59096, 67042, 49079, 25492, 21602, 7232, 32969, 38307, 18976, 53258, 84004, 62547, 42475, 84929, 41162, 80601, 41639, 11535, 7345, 50605, 94315, 90128, 64100, 23565, 25826, 28452, 82104, 74172, 66234, 56771, 63505, 82334, 87049, 61885, 99255, 68510, 36504, 15558, 63304, 3740, 49537, 29122, 25489, 49222, 87416, 18858, 87392, 49078, 68856, 28202, 87782, 47600, 68509, 15921, 3445, 55116, 21350, 80679, 61840, 47126, 23493, 12457, 86877, 64621, 86761, 20875, 74762, 37539, 90941, 99955, 99152, 39618, 5687, 35535, 38398, 30623, 54806, 96365, 58661, 19110, 3304, 6291, 44991, 58012, 41353, 36810, 69590, 99854, 14694, 78574, 39656, 46737, 40748, 19141, 65733, 28247, 48417, 71343, 76941, 62878, 29148, 2669, 61393, 44578, 74427, 19993, 77324, 59801, 85624, 88428, 28753, 78890, 83290, 13421, 53336, 15459, 40556, 53679, 27968, 60749, 26442, 82820, 73063, 34832, 15026, 23663, 13407, 61862, 37733, 30769, 89189, 19782, 47928, 66850])"
38.0,1,1,50,7.266389846801758,20619,"Genotype(dna=[13920, 38949, 3415, 91230, 79978, 75115, 93220, 5789, 69814, 7758, 57260, 48347, 67386, 42286, 81938, 81605, 22078, 24602, 93669, 8364, 42904, 22206, 17103, 75121, 82171, 59996, 41688, 62873, 17794, 8339, 88945, 21861, 11504, 20630, 53940, 33518, 23885, 34553, 22259, 66080, 65950, 72512, 18891, 98488, 86137, 32077, 1340, 23420, 47350, 50378, 49912, 82049, 70679, 31354, 72581, 71638, 94605, 2960, 81017, 57131, 11006, 67667, 17032, 62335, 31303, 16298, 88646, 95422, 71111, 16098, 46310, 83897, 77705, 45314, 11569, 88766, 81128, 6649, 4917, 13464, 57502, 53079, 34095, 35881, 61775, 42855, 31786, 56736, 48209, 73650, 14065, 97398, 77230, 67384, 78875, 20499, 21018, 88941, 91177, 88031, 6973, 80721, 75421, 20848, 89640, 18431, 89917, 38702, 51644, 74861, 30446, 88452, 9429, 55694, 59270, 97399, 31181, 31625, 56479, 46090, 94406, 88230, 28788, 88198, 50809, 69338, 46603, 40269, 97000, 78629, 35933, 32140, 49896, 7202, 54390, 19404, 24929, 94733, 20541, 76576, 80130, 12203, 56899, 86040, 37096, 62824, 72406, 28908, 46851, 33188, 25234, 33763, 54274, 43167, 51414, 12668, 64451, 6952, 49543, 23176, 58449, 37909, 66228, 90040, 60687, 63710, 53641, 1853, 51591, 67545, 64569, 90394, 30137, 74604, 91163, 71057, 67736, 81674, 2151, 45616, 3400, 18222, 29293, 18728, 67803, 51817, 15691, 97522, 44701, 30071, 92699, 81497, 64609, 49288, 36160, 62184, 98472, 5924, 30987, 32038, 52092, 3889, 2944, 93539, 12444, 97785, 10827, 258, 40160, 10392, 73504, 56151, 11753, 82711, 60381, 5075, 53859, 19230, 8558, 72234, 94761, 42248, 98858, 14742, 28263, 64741, 35096, 76830, 46138, 77522, 36844, 98114, 10028, 47743, 39586, 50654, 5656, 21621, 37418, 13939, 19703, 45710, 23651, 60918, 49592, 69341, 63486, 81985, 22908, 94222, 78097, 62746, 7324, 1555, 49239, 99101])"
38.0,1,1,51,7.293307065963745,20619,"Genotype(dna=[73386, 35988, 28639, 60157, 13082, 5353, 27616, 52689, 40843, 8734, 75508, 7682, 8604, 10236, 16529, 30796, 33941, 13965, 68270, 97094, 65855, 29272, 33689, 95378, 77808, 91407, 97099, 86967, 45925, 23999, 66309, 12089, 33778, 79080, 90121, 36303, 22383, 75007, 1674, 67183, 41877, 24569, 99579, 41115, 44086, 26737, 47708, 68339, 947, 22238, 84250, 71589, 42331, 86272, 14193, 77052, 73356, 69390, 48185, 1853, 14189, 45083, 63026, 93742, 41104, 28910, 42480, 38441, 37612, 5270, 11289, 42917, 44840, 52875, 53534, 27343, 11013, 47228, 59418, 99370, 39335, 30983, 5321, 13115, 73092, 15368, 92556, 76718, 20624, 4934, 65536, 32979, 58559, 45150, 99387, 20740, 60516, 53825, 63800, 7123, 92206, 26553, 41113, 79007, 40473, 4347, 22981, 27861, 70640, 63974, 37307, 8354, 4279, 65983, 74036, 71353, 81048, 14311, 77846, 56622, 36132, 46322, 59634, 46857, 28909, 27652, 6520, 78681, 61902, 51091, 42111, 98679, 38935, 93652, 77528, 42321, 60408, 7910, 19081, 41349, 19592, 32054, 59934, 45631, 40335, 74795, 19994, 73237, 9505, 15686, 31296, 7348, 44849, 46871, 8649, 74807, 30480, 91353, 30688, 42876, 24421, 3381, 22538, 60393, 85277, 80835, 51838, 26370, 5618, 36358, 57094, 24111, 77742, 50483, 38627, 69799, 16208, 85057, 92667, 27219, 29851, 52927, 57023, 77303, 90393, 97149, 31366, 36637, 38307, 39722, 35186, 96988, 65371, 89784, 39217, 25671, 68856, 61432, 10300, 23987, 78229, 83809, 24138, 93773, 4282, 68428, 51107, 35453, 92216, 27250, 2913, 66956, 65316, 31571, 82720, 57129, 23809, 72458, 18692, 70298, 55438, 275, 88277, 65282, 61853, 82280, 27387, 66078, 88622, 49293, 7661, 34672, 93526, 76476, 95897, 42558, 40877, 20366, 61734, 99483, 26653, 43773, 81800, 20054, 31964, 88948, 31756, 62956, 64493, 21664, 44763, 10956, 85238, 99557, 52616, 89302])"
38.0,1,1,52,7.328603744506836,20619,"Genotype(dna=[73386, 35988, 28639, 60157, 13082, 5353, 27616, 52689, 40843, 8734, 75508, 7682, 8604, 10236, 16529, 30796, 33941, 13965, 68270, 97094, 65855, 29272, 33689, 95378, 77808, 91407, 97099, 86967, 45925, 23999, 66309, 12089, 33778, 79080, 90121, 36303, 22383, 75007, 1674, 67183, 41877, 24569, 99579, 41115, 44086, 26737, 47708, 68339, 947, 22238, 84250, 71589, 42331, 86272, 14193, 77052, 73356, 69390, 48185, 1853, 14189, 45083, 63026, 93742, 41104, 28910, 42480, 38441, 37612, 5270, 11289, 42917, 44840, 52875, 53534, 27343, 11013, 47228, 59418, 99370, 39335, 30983, 5321, 13115, 73092, 15368, 92556, 76718, 20624, 4934, 65536, 32979, 58559, 45150, 99387, 20740, 60516, 53825, 63800, 7123, 92206, 26553, 41113, 79007, 40473, 4347, 22981, 27861, 70640, 63974, 37307, 8354, 4279, 65983, 74036, 71353, 81048, 14311, 77846, 56622, 36132, 46322, 59634, 46857, 28909, 27652, 6520, 78681, 61902, 51091, 42111, 98679, 38935, 93652, 77528, 42321, 60408, 7910, 19081, 41349, 19592, 32054, 59934, 45631, 40335, 74795, 19994, 73237, 9505, 15686, 31296, 7348, 44849, 46871, 8649, 74807, 30480, 91353, 30688, 42876, 24421, 3381, 22538, 60393, 85277, 80835, 51838, 26370, 5618, 36358, 57094, 24111, 77742, 50483, 38627, 69799, 16208, 85057, 92667, 27219, 29851, 52927, 57023, 77303, 90393, 97149, 31366, 36637, 38307, 39722, 35186, 96988, 65371, 89784, 39217, 25671, 68856, 61432, 10300, 23987, 78229, 83809, 24138, 93773, 4282, 68428, 51107, 35453, 92216, 27250, 2913, 66956, 65316, 31571, 82720, 57129, 23809, 72458, 18692, 70298, 55438, 275, 88277, 65282, 61853, 82280, 27387, 66078, 88622, 49293, 7661, 34672, 93526, 76476, 95897, 42558, 40877, 20366, 61734, 99483, 26653, 43773, 81800, 20054, 31964, 88948, 31756, 62956, 64493, 21664, 44763, 10956, 85238, 99557, 52616, 89302])"
38.0,1,1,53,7.358986854553223,20619,"Genotype(dna=[22477, 27326, 59685, 37711, 49425, 84870, 33774, 3180, 1428, 96187, 6891, 5025, 88253, 50377, 50596, 21150, 3573, 44544, 75040, 24836, 16386, 8145, 21574, 46575, 34349, 99492, 99087, 67612, 75010, 98710, 43762, 67568, 61, 45196, 96344, 90436, 77714, 55946, 56289, 51953, 16446, 84831, 11066, 45456, 18163, 37083, 11323, 94053, 68364, 46074, 45271, 26239, 78581, 18998, 31715, 78134, 45473, 19034, 38880, 41723, 72347, 57892, 21343, 44215, 90741, 94743, 30829, 46809, 29635, 70000, 66383, 35426, 86358, 50543, 5067, 28478, 14604, 32126, 30354, 86455, 3035, 44295, 17659, 60818, 23512, 75794, 29671, 24641, 94825, 4489, 54118, 63402, 77505, 428, 31060, 21015, 41070, 39523, 19912, 23922, 79655, 58762, 22147, 9643, 80990, 25180, 61093, 55081, 61693, 35755, 70219, 97248, 29229, 21603, 45065, 83015, 25297, 54620, 23065, 8341, 47649, 28364, 47816, 13602, 61936, 45515, 8001, 47749, 98247, 36208, 19240, 81877, 28379, 70901, 56757, 90041, 79589, 32637, 64794, 6881, 37384, 69933, 64232, 52460, 6665, 21581, 33187, 94384, 90760, 40643, 68729, 85926, 18392, 75736, 16682, 31022, 21690, 21361, 45594, 20336, 75870, 97372, 50102, 91250, 23160, 86274, 24957, 21634, 43339, 87334, 94230, 74237, 61440, 88337, 12238, 87626, 40142, 59730, 60429, 69221, 85493, 17596, 8746, 4849, 27379, 40780, 71491, 58914, 74486, 69635, 10277, 75077, 47631, 97488, 4285, 14950, 86454, 9468, 62351, 77194, 78136, 33759, 35409, 3871, 46533, 11161, 9325, 54313, 37207, 70034, 19809, 14632, 72739, 34983, 6810, 773, 35355, 2113, 49287, 84178, 15121, 33152, 68995, 57271, 69420, 86474, 51324, 67802, 77752, 85030, 46584, 5202, 11358, 39663, 92930, 98166, 48755, 89434, 35903, 77466, 76707, 37199, 46329, 25860, 63624, 36085, 6442, 69246, 98783, 55657, 41909, 72188, 4316, 35513, 23652, 26822])"
38.0,1,1,54,7.388240814208984,20619,"Genotype(dna=[56279, 41325, 69785, 58527, 51094, 84029, 99360, 20154, 51294, 34003, 94014, 49153, 47982, 74849, 31204, 63383, 32279, 37287, 54811, 77425, 19879, 6261, 93202, 53046, 97643, 61521, 96579, 91668, 11409, 97847, 85980, 53842, 95155, 96186, 57951, 55517, 6073, 79915, 22888, 21638, 99930, 40390, 28881, 99423, 64876, 17586, 3949, 24104, 85159, 32054, 42482, 85688, 11204, 73046, 44920, 15265, 25780, 26342, 93363, 14216, 27622, 5225, 76992, 37767, 17131, 9612, 29493, 78678, 42920, 19278, 41299, 68822, 41488, 54037, 68147, 20778, 22659, 54446, 36028, 61102, 56446, 95196, 89091, 52488, 48844, 13375, 14127, 43764, 90082, 40632, 4971, 94279, 20372, 7686, 20808, 34932, 68689, 15087, 8458, 74285, 25855, 67712, 2437, 9934, 9909, 98493, 62885, 62767, 48494, 84961, 72450, 53403, 18314, 97298, 26327, 63109, 88922, 63395, 34998, 94760, 60541, 5626, 62344, 79587, 85713, 53940, 28241, 26718, 95194, 70543, 79511, 88302, 40467, 74712, 84442, 36811, 45082, 61232, 67731, 38708, 40723, 64578, 555, 65380, 1703, 87638, 67058, 18973, 63767, 18943, 28592, 80092, 3898, 95437, 27593, 54076, 80778, 97927, 54156, 87517, 82054, 67112, 71177, 52071, 76606, 67127, 19252, 46366, 33415, 27313, 95039, 95415, 79924, 85004, 67530, 9884, 25672, 28025, 30304, 1070, 99871, 95799, 79646, 29370, 76533, 37671, 47992, 18988, 37175, 43171, 79848, 30542, 89556, 35451, 290, 93578, 24167, 26374, 50416, 70216, 46117, 96938, 11305, 13769, 58400, 31402, 62407, 30842, 57171, 33493, 34917, 34793, 72541, 56812, 29660, 85711, 24206, 74873, 15309, 54101, 24607, 26591, 51590, 55884, 13541, 74781, 12399, 52851, 71600, 74026, 40569, 31107, 8473, 54646, 43921, 3813, 97226, 30806, 12981, 43105, 11826, 26631, 52419, 63366, 20457, 66868, 40496, 91993, 77990, 85180, 72076, 17465, 79684, 12223, 17328, 202])"
38.0,1,1,55,7.421349287033081,20619,"Genotype(dna=[43179, 25575, 14627, 66471, 39853, 55914, 93250, 55399, 20802, 18367, 80802, 51630, 86649, 19220, 82651, 8399, 92782, 40227, 90925, 49211, 5620, 20114, 64435, 70149, 13281, 90744, 3750, 36171, 30651, 4772, 97572, 30363, 59558, 93798, 45248, 61355, 38601, 45045, 43481, 10733, 67893, 84860, 58803, 66425, 19204, 92087, 10130, 4690, 25972, 4217, 1564, 25217, 39823, 37339, 43978, 86610, 80387, 53092, 52705, 11407, 52918, 9192, 2900, 3796, 9181, 51507, 64892, 94343, 33367, 23995, 57624, 13492, 23461, 4038, 9035, 83919, 53995, 54179, 44521, 98128, 6741, 73348, 9968, 60499, 2425, 22204, 48626, 40235, 44419, 40669, 53685, 10770, 60060, 50909, 19215, 18780, 77841, 83192, 37696, 10798, 81314, 21903, 61225, 68982, 56707, 83042, 81770, 11062, 51960, 12863, 55985, 68774, 47098, 57948, 17484, 90231, 72305, 22080, 44739, 66156, 88394, 96131, 90026, 58716, 99438, 40010, 9266, 52989, 50338, 63964, 25321, 24864, 1043, 61937, 54368, 84930, 17877, 75294, 5315, 27231, 23083, 58451, 75502, 3729, 61347, 19176, 83074, 81522, 90887, 28069, 43173, 1152, 71638, 47973, 86090, 31275, 64813, 35789, 91767, 4717, 59687, 35154, 84952, 9155, 9867, 95726, 26636, 49874, 46093, 48419, 35889, 69302, 65319, 51429, 73636, 45543, 33236, 79074, 90728, 73096, 80964, 19383, 31815, 93914, 7361, 16316, 15973, 55709, 65101, 87583, 71629, 15686, 65876, 87540, 26548, 95742, 69927, 69068, 67938, 88671, 81392, 32054, 78218, 58350, 19214, 7955, 26651, 62803, 48022, 24539, 99526, 54792, 5895, 50552, 11704, 46522, 6259, 33759, 1160, 4308, 63180, 23261, 76330, 97296, 41842, 14713, 65955, 10108, 59715, 53844, 88044, 38575, 80938, 35988, 55935, 69785, 16355, 87871, 13825, 4755, 34746, 56091, 35252, 13973, 9324, 87708, 9956, 73554, 66599, 69966, 32048, 84178, 24206, 52067, 73930, 20867])"
38.0,1,1,56,7.445923089981079,20619,"Genotype(dna=[33138, 86725, 30175, 73310, 65898, 69124, 76619, 68618, 99885, 21920, 55071, 49960, 98830, 13270, 74873, 46480, 39149, 91926, 25866, 15683, 96120, 64710, 19335, 22646, 21089, 525, 81749, 34608, 52352, 34249, 40675, 51702, 38500, 16796, 66978, 9991, 15942, 81893, 50500, 9442, 14562, 19992, 27473, 89669, 98792, 56739, 85918, 15849, 48871, 18992, 57121, 77155, 78882, 33026, 61602, 35242, 14300, 85696, 66217, 81456, 60612, 7463, 27761, 13533, 45798, 81733, 1811, 23354, 44561, 74854, 98540, 18541, 19361, 57462, 5619, 60442, 87017, 67011, 20231, 41606, 8333, 96571, 52719, 32837, 94729, 91738, 69471, 26574, 69942, 95327, 24430, 21195, 41012, 35438, 5712, 27943, 90538, 24507, 40075, 50977, 3840, 14269, 26109, 42231, 8303, 47378, 31401, 51479, 79849, 4577, 31289, 20549, 61562, 13253, 23437, 51, 68638, 4845, 57383, 99543, 73424, 21321, 17533, 97202, 81621, 56188, 79330, 2800, 88231, 77638, 38129, 99679, 69110, 76972, 23174, 61430, 94615, 3411, 38757, 8797, 66671, 26743, 49524, 25473, 29921, 43076, 27287, 15998, 90411, 37729, 75705, 77392, 84022, 12948, 88811, 58622, 40178, 8833, 56578, 15781, 93685, 81116, 41768, 51897, 13124, 76095, 63721, 64481, 49743, 37641, 42419, 98370, 92616, 2382, 30351, 39755, 7891, 54357, 73428, 47292, 61042, 90922, 44345, 38126, 39114, 55286, 82458, 89963, 59821, 75530, 84209, 82835, 53229, 4252, 95769, 31377, 19311, 37589, 91134, 40986, 81944, 62949, 66222, 464, 62376, 28976, 39708, 48050, 89874, 54222, 72308, 15186, 21200, 78047, 70577, 14274, 73982, 50292, 22602, 64710, 32538, 48019, 77884, 42931, 12596, 30790, 16118, 30944, 43135, 36004, 67371, 28501, 64723, 78323, 37422, 48297, 52824, 85655, 824, 72782, 96715, 8910, 54081, 24859, 43951, 38702, 6657, 36941, 98896, 64374, 49151, 99849, 23173, 33944, 21884, 89893])"
38.0,1,1,57,7.486644983291626,20619,"Genotype(dna=[33138, 86725, 30175, 73310, 65898, 69124, 76619, 68618, 99885, 21920, 55071, 49960, 98830, 13270, 74873, 46480, 39149, 91926, 25866, 15683, 96120, 64710, 19335, 22646, 21089, 525, 81749, 34608, 52352, 34249, 40675, 51702, 38500, 16796, 66978, 9991, 15942, 81893, 50500, 9442, 14562, 19992, 27473, 89669, 98792, 56739, 85918, 15849, 48871, 18992, 57121, 77155, 78882, 33026, 61602, 35242, 14300, 85696, 66217, 81456, 60612, 7463, 27761, 13533, 45798, 81733, 1811, 23354, 44561, 74854, 98540, 18541, 19361, 57462, 5619, 60442, 87017, 67011, 20231, 41606, 8333, 96571, 52719, 32837, 94729, 91738, 69471, 26574, 69942, 95327, 24430, 21195, 41012, 35438, 5712, 27943, 90538, 24507, 40075, 50977, 3840, 14269, 26109, 42231, 8303, 47378, 31401, 51479, 79849, 4577, 31289, 20549, 61562, 13253, 23437, 51, 68638, 4845, 57383, 99543, 73424, 21321, 17533, 97202, 81621, 56188, 79330, 2800, 88231, 77638, 38129, 99679, 69110, 76972, 23174, 61430, 94615, 3411, 38757, 8797, 66671, 26743, 49524, 25473, 29921, 43076, 27287, 15998, 90411, 37729, 75705, 77392, 84022, 12948, 88811, 58622, 40178, 8833, 56578, 15781, 93685, 81116, 41768, 51897, 13124, 76095, 63721, 64481, 49743, 37641, 42419, 98370, 92616, 2382, 30351, 39755, 7891, 54357, 73428, 47292, 61042, 90922, 44345, 38126, 39114, 55286, 82458, 89963, 59821, 75530, 84209, 82835, 53229, 4252, 95769, 31377, 19311, 37589, 91134, 40986, 81944, 62949, 66222, 464, 62376, 28976, 39708, 48050, 89874, 54222, 72308, 15186, 21200, 78047, 70577, 14274, 73982, 50292, 22602, 64710, 32538, 48019, 77884, 42931, 12596, 30790, 16118, 30944, 43135, 36004, 67371, 28501, 64723, 78323, 37422, 48297, 52824, 85655, 824, 72782, 96715, 8910, 54081, 24859, 43951, 38702, 6657, 36941, 98896, 64374, 49151, 99849, 23173, 33944, 21884, 89893])"
38.0,1,1,58,7.506706953048706,20619,"Genotype(dna=[11709, 45892, 43211, 9546, 10346, 4901, 95995, 77441, 93119, 14849, 18074, 79006, 43319, 20253, 89715, 76374, 99646, 90967, 38419, 8389, 17560, 29785, 82508, 88245, 1764, 82280, 85828, 5763, 55597, 43105, 4801, 73428, 49405, 78623, 34958, 92270, 48924, 97025, 5433, 69986, 98372, 68255, 23942, 79358, 42106, 56359, 78206, 98258, 97805, 25881, 23796, 21482, 8363, 80396, 16128, 14948, 20659, 14360, 84105, 30965, 11714, 18171, 33111, 51791, 74423, 41754, 4993, 52310, 40070, 39220, 22082, 52938, 66669, 38387, 25855, 25545, 5368, 65769, 97453, 83351, 47714, 93174, 13594, 37538, 16990, 2933, 22488, 17668, 40046, 99304, 80667, 38183, 4558, 90546, 74788, 99005, 45021, 30037, 23683, 13002, 13510, 73256, 22008, 27497, 87887, 82778, 78877, 11167, 94145, 82873, 12584, 41690, 57393, 97604, 98614, 43249, 29179, 65164, 70706, 64191, 185, 50920, 60590, 45422, 72968, 16827, 46638, 51602, 42120, 58195, 7266, 14977, 53275, 76177, 47030, 76929, 55220, 30705, 30131, 32501, 31583, 44993, 36552, 24592, 77234, 41546, 61501, 94982, 84523, 59477, 50873, 31736, 74223, 57803, 74082, 29569, 91047, 28147, 63645, 62121, 85211, 8387, 18269, 14842, 12625, 51531, 65443, 56888, 16405, 76446, 42183, 23639, 4086, 58152, 48680, 51699, 31759, 95062, 33010, 92270, 49377, 35844, 21468, 82872, 22383, 48073, 16541, 76897, 56405, 5338, 51256, 99143, 51308, 69224, 89043, 56641, 18914, 2627, 29047, 79011, 39059, 14725, 29710, 88616, 10471, 48148, 45376, 432, 76001, 10406, 36976, 82586, 45409, 31298, 80641, 39804, 7374, 83585, 7176, 69090, 86331, 516, 85620, 87737, 85341, 12082, 58651, 74320, 62170, 87341, 64963, 87252, 83040, 87794, 7974, 68336, 73626, 43477, 89385, 63120, 26707, 38852, 24770, 97928, 28495, 16517, 58842, 39194, 90324, 24058, 27022, 81399, 97659, 49328, 64418, 60242])"
38.0,1,1,59,7.5407798290252686,20619,"Genotype(dna=[15539, 11420, 42427, 42415, 59368, 67043, 82170, 59237, 33324, 29510, 41852, 12051, 85250, 18601, 26285, 39461, 84976, 1655, 9404, 19569, 65071, 46651, 81472, 88513, 19258, 7993, 16228, 44309, 17086, 46761, 54003, 29889, 30607, 9253, 82605, 75356, 87433, 64947, 23925, 45632, 7990, 89045, 71918, 76049, 26318, 41086, 25025, 14226, 68837, 60713, 79978, 99726, 74163, 44076, 9475, 76422, 86401, 78180, 39367, 78921, 58368, 18489, 65446, 3565, 61175, 62721, 32175, 17000, 46388, 43012, 9733, 29137, 20877, 4044, 65948, 34290, 79808, 83385, 53099, 38662, 74349, 70367, 30208, 17391, 27442, 57078, 30273, 71684, 8375, 73679, 24049, 79509, 40577, 30917, 46643, 83017, 1658, 1878, 80156, 14533, 8538, 51553, 11706, 33324, 92335, 7670, 60987, 16178, 6530, 58374, 92756, 16434, 27533, 4885, 41333, 52329, 92738, 60658, 76632, 3561, 41622, 69833, 25037, 36653, 81961, 52533, 19954, 68798, 71741, 68882, 53714, 18848, 72985, 8046, 23716, 9924, 1544, 48486, 62466, 29054, 30421, 45468, 55390, 64493, 64718, 78732, 91085, 48500, 80224, 52500, 36570, 65006, 52295, 52531, 31562, 84760, 47726, 53313, 37503, 48680, 3617, 50068, 7693, 10128, 9287, 24876, 36812, 69277, 85820, 42807, 7590, 3701, 95481, 14260, 5950, 10687, 56988, 81554, 14275, 91596, 98531, 64941, 3775, 73920, 11804, 29118, 68166, 8282, 38702, 49683, 16025, 7047, 51953, 96761, 67393, 77613, 51048, 25847, 60682, 30267, 64002, 21284, 26120, 4899, 36516, 47679, 83647, 57494, 68783, 2006, 46040, 5347, 67613, 30784, 30767, 43800, 1784, 111, 23605, 54306, 51253, 15815, 35101, 92211, 64516, 42328, 82934, 18287, 86584, 23115, 3595, 15803, 20799, 56550, 37240, 9992, 22230, 86519, 22841, 63453, 31678, 9480, 82655, 61959, 14676, 60640, 10545, 57712, 3356, 24586, 19900, 46453, 77949, 87783, 21196, 20360])"
38.0,1,1,60,7.570742607116699,20619,"Genotype(dna=[72654, 31061, 41437, 76095, 37182, 90759, 38101, 53157, 65393, 65621, 78111, 55729, 74275, 41073, 76663, 40092, 87167, 32054, 12331, 12500, 42556, 80218, 91616, 14695, 39553, 43632, 50360, 1798, 64880, 12172, 22785, 50351, 67085, 17924, 63594, 2579, 6589, 22577, 22339, 67559, 623, 97644, 55090, 67536, 56171, 17945, 97721, 84545, 63429, 63153, 76483, 89901, 83896, 16407, 43380, 1504, 34793, 62874, 19351, 56643, 1824, 14379, 82036, 6867, 95880, 81445, 55974, 62587, 56110, 19818, 90669, 93323, 37511, 90015, 62764, 6701, 56350, 30845, 43616, 21483, 47660, 80281, 71486, 44265, 17377, 91229, 69747, 64701, 10620, 54139, 55304, 1110, 70373, 4899, 61445, 77817, 67322, 41601, 73200, 30106, 57167, 97947, 91124, 47484, 57942, 36227, 2442, 81026, 68943, 98874, 36967, 90130, 70343, 97398, 61296, 88656, 31398, 69815, 46251, 79990, 74675, 9646, 1467, 28673, 61634, 6183, 41873, 96062, 5586, 3528, 79410, 82354, 28075, 21997, 86400, 70656, 73112, 96412, 25911, 99169, 42753, 32852, 82083, 89835, 46189, 30048, 7359, 714, 56128, 61237, 90043, 93423, 75267, 98889, 51196, 5232, 77918, 93550, 41777, 28371, 17090, 99027, 47412, 7859, 36701, 5657, 71988, 96331, 5043, 45179, 52259, 59003, 97098, 11661, 17903, 20752, 39793, 70471, 49339, 21949, 44303, 25561, 94173, 27073, 50715, 28378, 36960, 2955, 10242, 5856, 58540, 77277, 25163, 3393, 41703, 51754, 96591, 86107, 60803, 64935, 37452, 50630, 4018, 41243, 93751, 91590, 37717, 9497, 4558, 88160, 19567, 38134, 49775, 35126, 55714, 13957, 40410, 64053, 71403, 15482, 1845, 4766, 70384, 8075, 39053, 82562, 59409, 76264, 56455, 59902, 25787, 37453, 52643, 33825, 24768, 42917, 95564, 65295, 88472, 36023, 28243, 96468, 5426, 38449, 75041, 31143, 45848, 56321, 98058, 63682, 3528, 70824, 22784, 45041, 33039, 73333])"
38.0,1,1,61,7.595999479293823,20619,"Genotype(dna=[21490, 28560, 43401, 77791, 70182, 63795, 24294, 59685, 1405, 33438, 36889, 39466, 9033, 19224, 66413, 51584, 88686, 56476, 87356, 13207, 12820, 31362, 77864, 61608, 76588, 23841, 14327, 76138, 11188, 63778, 59658, 82949, 87901, 83175, 59000, 94589, 87459, 74817, 49710, 48140, 51503, 30081, 97238, 57659, 25822, 94422, 5202, 23562, 76818, 5749, 30551, 49223, 30595, 15734, 49419, 16084, 17814, 16924, 73544, 27284, 72733, 11700, 46748, 51106, 69737, 15171, 83812, 14669, 14709, 15369, 28779, 55094, 21599, 5299, 14328, 19771, 12305, 5319, 55953, 33083, 35086, 36125, 12472, 71534, 96891, 68452, 22004, 47392, 48611, 95011, 33515, 57171, 30781, 43036, 3053, 99887, 80047, 45863, 94340, 75064, 44591, 14558, 56314, 94362, 6747, 63350, 23739, 40663, 29533, 71385, 32286, 64587, 50306, 57565, 69247, 94343, 12736, 18490, 58874, 4833, 77743, 86339, 96616, 44903, 57818, 21400, 46369, 49908, 45208, 8222, 94349, 80936, 88282, 51867, 98851, 3925, 23713, 11534, 32514, 18858, 28231, 68816, 83463, 70907, 2830, 58015, 41004, 32634, 59395, 37261, 32464, 39075, 92811, 50026, 37666, 90423, 72767, 59854, 67064, 11462, 59676, 50851, 45235, 37533, 87340, 34815, 21360, 56633, 98584, 78637, 70128, 93964, 22817, 94195, 16456, 93197, 35707, 42121, 5701, 65365, 99759, 42089, 36254, 48609, 80270, 82297, 94332, 44443, 46234, 81837, 17836, 31747, 15993, 54080, 76004, 815, 92341, 15720, 88861, 2123, 78806, 36223, 56307, 83976, 81529, 75792, 73955, 15177, 92048, 50391, 47995, 94879, 70080, 71845, 19915, 98695, 5643, 68999, 24159, 59298, 74319, 14674, 23485, 71224, 22805, 2411, 33161, 1625, 79142, 24941, 29475, 77252, 78591, 78937, 283, 16252, 87353, 26193, 70531, 93343, 28778, 49603, 2698, 60250, 71351, 21314, 5521, 81741, 74052, 38671, 97445, 32603, 83270, 80567, 97809, 95393])"
38.0,1,1,62,7.6180970668792725,20619,"Genotype(dna=[9477, 46548, 60731, 62348, 918, 46105, 21532, 72645, 10325, 67146, 51352, 70919, 59784, 30172, 83696, 99739, 60535, 1976, 78780, 46376, 84733, 56494, 68652, 803, 782, 75193, 65850, 96859, 79740, 30164, 21530, 29754, 71638, 77312, 8080, 93526, 35066, 59300, 79285, 49240, 76340, 59360, 19191, 87061, 39480, 48496, 90557, 6409, 76413, 85785, 5952, 49698, 37996, 93516, 68717, 99945, 50600, 75270, 62747, 89447, 54575, 25014, 91072, 28146, 6313, 63348, 66152, 7459, 2296, 40785, 72562, 96422, 73261, 94576, 90028, 32326, 12824, 86225, 65682, 83508, 26098, 87847, 42252, 73696, 94167, 61833, 60389, 4900, 79557, 42193, 28904, 45471, 38958, 65227, 2607, 33699, 37002, 83604, 24149, 78428, 60873, 9920, 69645, 49747, 42765, 61117, 68817, 52483, 82197, 16067, 88779, 96947, 13968, 16573, 52051, 3625, 19128, 36649, 62542, 98822, 52121, 31591, 300, 64082, 16775, 961, 31149, 49688, 81694, 90628, 21603, 41073, 19340, 10336, 98731, 80903, 38547, 68250, 91278, 24296, 37050, 51581, 98542, 78195, 14778, 25125, 68119, 12902, 44267, 13438, 51934, 55055, 74057, 10115, 90336, 46847, 82668, 78113, 11432, 22989, 3207, 83816, 1079, 16768, 31382, 51620, 25474, 69795, 42653, 95686, 88128, 1811, 41432, 17902, 78244, 9473, 89901, 29390, 87039, 28331, 75709, 25084, 49945, 48613, 51159, 41605, 50604, 37368, 32202, 87060, 4742, 42612, 59014, 83688, 77821, 54346, 89865, 88469, 16459, 52663, 87913, 70189, 54593, 78670, 36369, 1664, 21597, 54311, 89103, 95157, 89801, 44215, 14380, 1046, 42669, 67170, 45663, 64071, 70459, 22284, 8290, 58199, 10858, 13873, 31701, 22712, 91262, 86336, 73598, 97233, 16439, 25791, 14608, 8096, 48200, 6328, 19999, 44993, 15721, 56136, 51135, 4083, 53799, 22196, 71894, 58543, 73617, 65753, 38168, 95268, 61272, 94396, 49863, 89467, 10447, 65322])"
38.0,1,1,63,7.644298076629639,20619,"Genotype(dna=[73840, 10318, 57071, 84666, 25501, 44538, 56768, 16764, 26493, 67447, 18318, 96984, 42821, 9956, 58673, 52553, 12088, 66302, 41298, 13085, 91685, 51167, 98567, 41787, 12437, 14952, 22675, 31491, 39636, 56247, 28174, 43355, 64335, 16300, 35430, 87606, 65474, 21256, 21836, 47819, 16718, 71133, 75810, 69458, 39928, 57165, 34319, 47120, 8738, 81423, 58174, 50693, 96263, 2025, 96183, 54736, 42502, 58064, 16285, 48422, 83098, 18177, 3808, 83474, 55308, 96689, 34985, 75857, 43733, 49362, 99986, 64123, 44317, 5209, 74491, 42141, 24719, 35387, 97509, 14560, 63344, 1575, 57189, 56636, 13088, 95192, 65047, 97993, 54308, 99969, 44820, 38472, 80060, 54322, 82833, 82518, 17339, 61313, 19539, 96608, 64865, 60447, 61961, 7085, 74396, 54082, 34218, 52848, 50552, 91206, 91245, 30400, 30820, 95848, 8464, 51952, 85396, 11190, 8038, 92027, 80428, 86960, 87320, 50544, 199, 7513, 5820, 9384, 3699, 96284, 67196, 66962, 81107, 66933, 36050, 59066, 19339, 21831, 63355, 12469, 58947, 28546, 57367, 13872, 84411, 82463, 7515, 27732, 43147, 42669, 59919, 91473, 18147, 10066, 70833, 92431, 4017, 70071, 43884, 41495, 4721, 26676, 15560, 73726, 90933, 44370, 92616, 29407, 68859, 79230, 23380, 9758, 93187, 48291, 28327, 62497, 90131, 9318, 11734, 65625, 38642, 86606, 31095, 27439, 56582, 74842, 33307, 24590, 70979, 60743, 12646, 11275, 46253, 48927, 93850, 25927, 49846, 12927, 19564, 31757, 65330, 50901, 77068, 84427, 69331, 27736, 78471, 39898, 52888, 12954, 46692, 38441, 80139, 7301, 40344, 25850, 80618, 5728, 50576, 38722, 89532, 15635, 20201, 76520, 75776, 66965, 72750, 87905, 54938, 70044, 74240, 7405, 44991, 77504, 82152, 22564, 90382, 50725, 12257, 89962, 17330, 26228, 36387, 95397, 28129, 72668, 74289, 50182, 3608, 86246, 81912, 84299, 65040, 88746, 38560, 21988])"
38.0,1,1,64,7.672951936721802,20619,"Genotype(dna=[12397, 56042, 42877, 9132, 32988, 75849, 56691, 34399, 53030, 86101, 42011, 86685, 75448, 24134, 57611, 51439, 76449, 19218, 35220, 21174, 11171, 52107, 53616, 66865, 72060, 3317, 72449, 59591, 93614, 26088, 11352, 27889, 39549, 45022, 43307, 77741, 35925, 22349, 61509, 27538, 32073, 73715, 90270, 77972, 61839, 1668, 78291, 90538, 37794, 66739, 15224, 31415, 44756, 80600, 65509, 1718, 55831, 91252, 94698, 1470, 42421, 39563, 46527, 16144, 93404, 47341, 3506, 73240, 2228, 24035, 41932, 67482, 59548, 51013, 64780, 30749, 66567, 85602, 48412, 33494, 28213, 70115, 20832, 77101, 2631, 61511, 71989, 81821, 10964, 43516, 67874, 60967, 21638, 48190, 85069, 65125, 7128, 82070, 79029, 98274, 37489, 68111, 80717, 53242, 3985, 21137, 11511, 90907, 97157, 84120, 47741, 50791, 38196, 34776, 33801, 77572, 19713, 77901, 30053, 90648, 92555, 90612, 73399, 69108, 68068, 42629, 40217, 77854, 98384, 24584, 95930, 69721, 23423, 10834, 90258, 89919, 26730, 35291, 18783, 78127, 56706, 3415, 40041, 1551, 6421, 24562, 61716, 58354, 32510, 67321, 79528, 94733, 69606, 79133, 27332, 7410, 33000, 24653, 54134, 34877, 20274, 84410, 50302, 53457, 41946, 86716, 4722, 2308, 25397, 42497, 14913, 33942, 93940, 30974, 10336, 99013, 67947, 36275, 52649, 89220, 26245, 71239, 83120, 94236, 55606, 82078, 60783, 41539, 14457, 802, 77309, 51810, 30696, 57075, 30476, 6755, 36886, 43100, 80933, 59608, 18855, 52055, 48293, 29288, 55498, 45401, 20520, 48286, 80130, 44086, 99096, 43787, 55626, 71718, 6707, 90383, 6986, 72120, 48654, 91124, 63318, 60075, 59084, 20739, 16263, 54922, 35538, 69242, 65101, 184, 47189, 77326, 60846, 25140, 65141, 83809, 11472, 34314, 48344, 93166, 97427, 36291, 41197, 64720, 24686, 2207, 74312, 6532, 20319, 81269, 58729, 36662, 40753, 57933, 79004, 78625])"
38.0,1,1,65,7.697523593902588,20619,"Genotype(dna=[78938, 79821, 58721, 55307, 38583, 56302, 44691, 26289, 70192, 26369, 6764, 59999, 46539, 6536, 84286, 939, 96399, 35645, 10528, 99761, 60408, 86510, 8165, 17125, 79223, 91070, 94836, 51394, 59245, 24915, 80967, 68595, 5578, 44854, 67997, 91512, 42073, 12221, 4590, 89566, 44943, 41996, 72872, 19434, 34598, 69877, 16731, 19410, 39084, 24164, 68782, 28032, 10634, 89800, 88807, 60218, 21763, 14699, 87399, 44206, 7677, 42842, 54685, 23616, 87649, 62869, 76875, 67648, 60665, 48466, 18544, 80385, 25625, 34006, 84110, 44920, 69074, 76273, 63854, 58127, 1104, 26847, 10411, 21470, 14376, 14596, 92896, 1479, 49286, 14770, 3558, 75456, 58838, 78861, 75586, 57955, 29187, 19942, 12660, 75312, 46383, 11427, 83546, 69117, 97952, 72716, 75714, 83286, 62811, 92821, 55003, 7609, 24567, 5075, 69388, 77137, 36937, 30569, 32818, 95884, 13031, 46971, 87133, 24170, 61874, 44574, 12684, 68215, 34433, 48166, 209, 49460, 61970, 77228, 15626, 36177, 18892, 51541, 37989, 33782, 72379, 67893, 92170, 77244, 5114, 76780, 5220, 19425, 74105, 93244, 98891, 68716, 65910, 29408, 34692, 91042, 56388, 71627, 4406, 5667, 21215, 30130, 54713, 29963, 45102, 94479, 99710, 50071, 66053, 70163, 56590, 24192, 78014, 94544, 64010, 24520, 14007, 25405, 75207, 45963, 46288, 34837, 3568, 47446, 937, 27166, 42935, 23151, 83062, 46907, 20865, 62612, 24910, 49428, 65711, 72239, 36394, 62446, 65790, 90180, 49742, 15097, 53051, 73566, 84233, 4754, 44544, 1810, 18025, 53947, 83834, 2964, 7217, 58998, 69870, 29614, 71256, 62855, 13675, 658, 1849, 58386, 83074, 553, 48349, 13303, 82301, 38631, 70420, 96515, 10291, 82859, 12442, 29476, 75411, 75395, 78784, 38667, 37674, 38826, 64965, 94662, 34053, 11298, 54910, 50145, 80786, 24825, 96057, 98130, 25021, 6562, 20403, 56317, 86219, 31716])"
38.0,1,1,66,7.721336603164673,20619,"Genotype(dna=[29064, 918, 68595, 15027, 50632, 55301, 50249, 49109, 7835, 80796, 23845, 71284, 67872, 80292, 16298, 29226, 12831, 9493, 87203, 99528, 90684, 92427, 3567, 48005, 19251, 36955, 73576, 58599, 69804, 11292, 32714, 66179, 5027, 27372, 80152, 48832, 19612, 17469, 88994, 51162, 5305, 23325, 43650, 24055, 88266, 59791, 80950, 67321, 17158, 3374, 88574, 95321, 74096, 45239, 70421, 82755, 84248, 14498, 88202, 55149, 50795, 3256, 21056, 41357, 37970, 39187, 95220, 26014, 68274, 5590, 86920, 80293, 30204, 90446, 79940, 74025, 2824, 48557, 39933, 87657, 27075, 4907, 48001, 54793, 20015, 34600, 34381, 86066, 69536, 6063, 48688, 58707, 8644, 71247, 61182, 32284, 33072, 96648, 94898, 98326, 82789, 54535, 57013, 19771, 83890, 3880, 35426, 69954, 3661, 91738, 24686, 30822, 2495, 25790, 34943, 63013, 79921, 67468, 49265, 55701, 2524, 75309, 23949, 22816, 95087, 63696, 42242, 94428, 58687, 48290, 93733, 840, 24816, 9018, 72865, 27683, 80445, 10293, 91997, 28354, 42732, 13808, 85631, 88185, 4748, 8795, 36249, 13653, 78483, 58359, 32026, 44499, 73462, 63436, 59552, 41978, 59927, 36739, 84645, 39447, 56106, 5757, 93135, 54920, 49195, 90814, 57471, 79790, 72602, 203, 64615, 47316, 84482, 21640, 28799, 64394, 99278, 91330, 4627, 6202, 65997, 78550, 89788, 46218, 38608, 85888, 29702, 62775, 17838, 26932, 72059, 79207, 78586, 68334, 54204, 92649, 609, 55714, 73145, 12128, 19558, 20535, 18145, 26185, 80481, 79809, 75110, 56654, 27670, 55345, 30363, 18940, 95270, 70843, 61774, 30110, 1705, 37850, 75022, 18575, 94239, 2752, 94302, 73182, 63922, 26780, 83774, 80687, 68102, 10170, 31454, 44208, 70798, 76152, 85140, 77383, 15711, 1584, 65520, 76407, 35167, 6813, 71939, 11101, 6882, 25193, 7052, 64802, 74381, 34998, 31744, 60808, 3739, 17986, 68723, 86399])"
38.0,1,1,67,7.742780447006226,20619,"Genotype(dna=[88437, 52, 21421, 81277, 94173, 34423, 46045, 95091, 3869, 82373, 35896, 8622, 33011, 15630, 50463, 21060, 2509, 26593, 77601, 43921, 56738, 3936, 28044, 68277, 76324, 70787, 89179, 44092, 45049, 35447, 1441, 16444, 79946, 98541, 79800, 97757, 46832, 88568, 15685, 43163, 76940, 91840, 82184, 88586, 97922, 4277, 25457, 87645, 76149, 91806, 63330, 90562, 38156, 83880, 72581, 21188, 17372, 97579, 73963, 27806, 19859, 94681, 39702, 39765, 10648, 64573, 95956, 81897, 86639, 35051, 26534, 78728, 12374, 25088, 64693, 97872, 55349, 60694, 9437, 99141, 35325, 29171, 81685, 96750, 65108, 96853, 51984, 32758, 39003, 9331, 2405, 99151, 73117, 24851, 6020, 81319, 27265, 35596, 19901, 24003, 74522, 65912, 87133, 71126, 65, 82155, 85265, 35994, 77747, 46826, 34980, 79538, 31572, 48258, 57633, 55706, 19698, 67578, 64139, 17769, 88576, 29936, 68075, 46205, 58142, 50233, 51292, 62230, 43272, 46287, 63517, 23992, 3325, 66660, 78693, 37888, 28685, 65521, 54487, 49231, 24226, 55538, 35642, 7194, 49894, 31693, 48967, 8977, 90416, 73489, 5505, 88779, 61316, 34683, 92656, 78886, 72027, 59824, 14720, 35969, 31640, 31410, 31924, 93300, 85774, 15722, 32825, 81914, 90173, 98103, 70849, 95481, 47889, 3597, 2693, 55298, 41064, 16842, 87360, 95728, 49424, 36489, 37013, 14010, 14852, 96777, 24438, 80338, 89465, 6408, 13396, 99072, 50646, 78930, 38744, 31154, 88154, 3916, 53148, 23780, 49875, 4994, 24837, 21237, 30593, 21609, 57723, 4214, 81085, 36959, 77051, 9393, 89603, 97260, 60516, 61628, 814, 73439, 96835, 73962, 92837, 6653, 14031, 41501, 63626, 44996, 22512, 49801, 62432, 30014, 45565, 3859, 58298, 63995, 47431, 70544, 10385, 13812, 24501, 83306, 59025, 72042, 48594, 29245, 82441, 26893, 294, 33617, 22671, 73199, 59726, 10075, 99182, 23703, 21551, 66618])"
38.0,1,1,68,7.765520811080933,20619,"Genotype(dna=[97936, 76522, 11499, 2503, 33037, 12787, 85071, 27562, 75298, 12386, 18994, 24106, 82935, 9886, 27475, 19049, 96207, 95265, 98909, 8391, 73801, 27231, 99121, 83844, 14684, 22641, 44494, 71892, 7838, 25281, 36827, 47268, 8015, 59724, 16236, 32797, 51067, 87386, 16804, 29746, 24593, 40223, 2932, 81466, 67831, 75412, 8607, 85128, 58648, 22027, 67864, 81943, 8031, 95227, 68442, 44649, 15235, 90544, 7145, 77546, 50702, 27592, 3100, 6305, 22176, 81173, 62233, 13603, 5839, 34448, 69773, 88, 67962, 99882, 68171, 68023, 94081, 45761, 38582, 41935, 86240, 97271, 83124, 14210, 77940, 53142, 76869, 65584, 87146, 82669, 83717, 8259, 64469, 29163, 14029, 73737, 18887, 10607, 27243, 49176, 41195, 73557, 52720, 5087, 76398, 12175, 81171, 87298, 64401, 83013, 79383, 9701, 65943, 33960, 30411, 15392, 16643, 42989, 81432, 80617, 94081, 63442, 26773, 30333, 45773, 28552, 72427, 40411, 82252, 69682, 13793, 46208, 94744, 39103, 45336, 52105, 75804, 58731, 76623, 18700, 86500, 99659, 61630, 27989, 18474, 44544, 73175, 7703, 6623, 94421, 72490, 15632, 5088, 34033, 15953, 63743, 5688, 63573, 41613, 26068, 94321, 12071, 28923, 23914, 64842, 96633, 51720, 50961, 53329, 38044, 87020, 67001, 6770, 23164, 41528, 97962, 67096, 39395, 75756, 26550, 67080, 68333, 26685, 83175, 91556, 65819, 37331, 98988, 51482, 30654, 70403, 96031, 13867, 36310, 37153, 23040, 4585, 66455, 84772, 67542, 5202, 64434, 28202, 31951, 36044, 85999, 66293, 13131, 52672, 41581, 33440, 24604, 41183, 81653, 83439, 49839, 40355, 30239, 51172, 2392, 71556, 90512, 64474, 47483, 36358, 65690, 71178, 67363, 18164, 44209, 33634, 42668, 40575, 37842, 86003, 49815, 66907, 13713, 10327, 38585, 46518, 47847, 68666, 67280, 71510, 88992, 20850, 70028, 46633, 97765, 81685, 12739, 49879, 5190, 70448, 50551])"
38.0,1,1,69,7.792648077011108,20619,"Genotype(dna=[7487, 81323, 64915, 43629, 40159, 82381, 72156, 95423, 943, 69643, 98286, 44061, 96823, 48555, 81806, 61865, 71444, 34402, 14933, 13539, 57882, 90789, 70886, 9851, 24665, 64823, 63837, 82473, 87700, 74581, 7251, 70805, 80936, 81341, 55540, 25623, 51702, 98226, 95955, 32918, 80213, 1350, 17463, 82569, 45717, 4030, 42296, 20759, 96406, 48723, 93241, 80862, 54380, 39634, 1174, 61645, 38537, 1060, 28713, 22356, 51322, 5984, 65241, 3995, 1436, 88216, 47480, 72590, 98419, 2930, 65957, 1751, 37891, 9571, 18066, 47148, 21945, 28154, 79565, 50848, 84664, 13852, 24274, 33293, 23904, 26570, 56072, 34652, 68772, 37699, 16622, 88158, 57672, 4828, 63589, 42299, 98930, 12211, 95890, 46984, 43152, 18041, 81097, 84469, 29454, 36675, 57543, 36573, 33434, 76335, 90490, 43319, 65537, 16764, 57796, 95547, 42924, 53022, 71391, 41702, 7149, 40753, 25980, 43468, 31661, 40660, 47825, 40367, 28631, 22046, 86941, 76757, 93366, 70830, 88309, 14059, 71308, 71717, 59098, 23010, 76304, 64050, 81774, 34890, 39380, 86628, 18448, 43086, 27481, 65943, 5730, 68297, 63797, 63530, 41172, 8709, 18679, 933, 95550, 93055, 8032, 70173, 20373, 11659, 15021, 58944, 15086, 25127, 41382, 33353, 63991, 5468, 6603, 93358, 39260, 38084, 84260, 28478, 66786, 92778, 95507, 62682, 23124, 63567, 28242, 46946, 52002, 86788, 71525, 3218, 83665, 89647, 59536, 18322, 12545, 39038, 55285, 81431, 69791, 1183, 21475, 51309, 72493, 74698, 36201, 56002, 17226, 43847, 81180, 67791, 56385, 80646, 33241, 86599, 90328, 93627, 26686, 44960, 27719, 96591, 3039, 68602, 96988, 35924, 75278, 32173, 22260, 74585, 54248, 99750, 73020, 40493, 14467, 19280, 4330, 59667, 52992, 34116, 44399, 35311, 90901, 56696, 6762, 18338, 6468, 5215, 39993, 79721, 563, 97376, 67674, 42092, 17262, 60952, 83879, 89704])"
38.0,1,1,70,7.8147947788238525,20619,"Genotype(dna=[45841, 89565, 97549, 2895, 42324, 98729, 40355, 30142, 35827, 37731, 49600, 96348, 44410, 75695, 17848, 53417, 58965, 56362, 9754, 15633, 48338, 66556, 64283, 74738, 95632, 79087, 91864, 23018, 78177, 49063, 81456, 56215, 34990, 4681, 84596, 82908, 80302, 27119, 7853, 44652, 53647, 92199, 9094, 98007, 59240, 51168, 34728, 2315, 64022, 80237, 77239, 20209, 45296, 53927, 88070, 48084, 2920, 55946, 48172, 21791, 54617, 20850, 93145, 61985, 5292, 72108, 10076, 89557, 40107, 50174, 64255, 6571, 55300, 17591, 69339, 6115, 61215, 30948, 64301, 38165, 51131, 28424, 89855, 56242, 2021, 77737, 66961, 11073, 19094, 17334, 84739, 62313, 38925, 96773, 62167, 6537, 73314, 57071, 27221, 35486, 26435, 83057, 25381, 94680, 26737, 45640, 29555, 85498, 27177, 57975, 47617, 48007, 57696, 77672, 41100, 67357, 24316, 87223, 93560, 52071, 65098, 5786, 58038, 60919, 97833, 70761, 89462, 58331, 82744, 89886, 91431, 13622, 98532, 44231, 39891, 61566, 68980, 795, 75876, 42341, 48433, 13229, 91403, 70289, 28999, 58874, 54820, 68, 31148, 24335, 3271, 64249, 99353, 78497, 75139, 61596, 9421, 22122, 72708, 15899, 5819, 51133, 4773, 78980, 5698, 19251, 48441, 49965, 83681, 19650, 77261, 66706, 20972, 33119, 78560, 2989, 28447, 45072, 13621, 43021, 47811, 77814, 32262, 92494, 74677, 24264, 88636, 73935, 22859, 81688, 33110, 96003, 14793, 43505, 16914, 58757, 41448, 65387, 87975, 81757, 31913, 86221, 61623, 17465, 65131, 84643, 61874, 30723, 45800, 29125, 97189, 48652, 965, 10356, 21995, 4909, 64945, 12750, 17513, 38955, 25169, 3971, 50450, 94999, 76199, 73495, 71755, 83987, 16902, 49547, 7369, 80869, 4872, 56052, 87469, 68232, 80140, 79492, 2924, 68642, 53570, 40525, 40637, 12735, 74984, 87179, 57847, 38830, 91496, 84293, 85286, 1691, 84435, 54274, 52366, 2051])"
38.0,1,1,71,7.894535541534424,20619,"Genotype(dna=[22572, 89384, 49821, 9678, 82049, 51778, 26940, 84839, 84540, 42037, 52282, 88083, 6737, 87733, 92980, 48455, 39300, 74886, 37561, 12238, 37259, 39673, 60079, 63155, 54029, 8837, 64818, 94985, 35063, 29183, 37920, 38229, 59615, 2157, 37365, 81877, 64905, 18693, 81190, 19090, 57463, 55357, 89126, 2685, 8963, 83939, 95405, 79014, 87851, 21695, 76135, 38278, 53853, 73269, 102, 18049, 98633, 66971, 11003, 27773, 72063, 73192, 45370, 53619, 75218, 96744, 85035, 14386, 46728, 70141, 68941, 93055, 48455, 47241, 75119, 61341, 24619, 80526, 71004, 48150, 51006, 40599, 57446, 10169, 14217, 84107, 43685, 62911, 75091, 90122, 15334, 89621, 6911, 9490, 29684, 78171, 23342, 71014, 27013, 2110, 54080, 70377, 21491, 78518, 86809, 94951, 57508, 9312, 13673, 53950, 9932, 77264, 54567, 24340, 97312, 54237, 16233, 62564, 99049, 57230, 67571, 23155, 16044, 54443, 86929, 24741, 88736, 29955, 59701, 44559, 42417, 46383, 7467, 45954, 94126, 96773, 15607, 1291, 24252, 29314, 89447, 43449, 52471, 97364, 97058, 38839, 7877, 89348, 42692, 3596, 98467, 39067, 32405, 56074, 12176, 11467, 85394, 16268, 83007, 83395, 20843, 93148, 82054, 44049, 80230, 68917, 15501, 92353, 91247, 20531, 3634, 31317, 60167, 32997, 17480, 64595, 7265, 10955, 71650, 29584, 37408, 64563, 21152, 48094, 17328, 75722, 26880, 88151, 73520, 66434, 41654, 90036, 51057, 77603, 70453, 28053, 47439, 99730, 64906, 77594, 51320, 70953, 94658, 71071, 57544, 94070, 24914, 5193, 39508, 99241, 51876, 57461, 88484, 29490, 28603, 69604, 31983, 55868, 44644, 4277, 19859, 32400, 91543, 71704, 4532, 20795, 18496, 48984, 2314, 50435, 73767, 96906, 99458, 24370, 14403, 87916, 50956, 49492, 38900, 36703, 36996, 26501, 68539, 33444, 25636, 59582, 4259, 7357, 1108, 60559, 7010, 49587, 5523, 47332, 93277, 14240])"
38.0,1,1,72,7.915588617324829,20619,"Genotype(dna=[33049, 11684, 31819, 63650, 82788, 25208, 58868, 73192, 9125, 62087, 49198, 99925, 32002, 1117, 76108, 32791, 88223, 55302, 31404, 74643, 40442, 46145, 26422, 69303, 43436, 29563, 89763, 51206, 88375, 3894, 1137, 23895, 59151, 71245, 55059, 24784, 96122, 60264, 14564, 97298, 98334, 81569, 72077, 9052, 91153, 53106, 62706, 19728, 91556, 75563, 52440, 98073, 70714, 15752, 65272, 86088, 30272, 48400, 36676, 2337, 1020, 7877, 22466, 90554, 64475, 9295, 23927, 51135, 32652, 36044, 26507, 36077, 59123, 50527, 1208, 34545, 71751, 42764, 73862, 18865, 71402, 88866, 30075, 24776, 60818, 33066, 55327, 72893, 51795, 87533, 16669, 80744, 41412, 84506, 49335, 19190, 489, 892, 50455, 10261, 98115, 15187, 12403, 56850, 38682, 57091, 37899, 9337, 27195, 66020, 21384, 892, 73015, 37842, 84431, 68632, 85034, 48619, 65080, 19986, 94953, 67256, 17859, 57872, 22872, 1176, 16446, 42750, 62608, 39825, 38128, 28117, 16836, 85891, 70710, 85014, 4335, 36996, 96652, 91288, 36782, 95290, 90285, 14803, 18705, 65373, 95131, 31622, 14811, 95920, 39836, 76467, 82159, 10651, 88145, 54979, 63996, 11687, 54338, 57520, 52099, 9783, 92032, 14654, 15856, 93200, 79660, 31726, 4442, 78078, 98602, 60738, 57470, 10274, 77660, 98683, 28157, 55514, 20285, 60525, 37445, 97291, 87952, 76009, 10865, 28548, 24089, 45374, 92394, 72266, 25066, 14946, 67719, 17265, 27328, 35940, 67812, 93732, 20687, 80304, 17978, 31727, 9324, 63650, 14281, 29002, 97607, 20660, 9861, 84797, 23625, 26487, 41752, 96230, 18277, 98106, 71692, 57189, 6356, 22198, 22159, 19699, 75887, 51223, 19108, 213, 43471, 83822, 95852, 65695, 50423, 1189, 72989, 16126, 32366, 57382, 28577, 37279, 45133, 82927, 55613, 77365, 66875, 29010, 62936, 34430, 7809, 46025, 40324, 73503, 183, 8481, 75703, 60097, 4359, 95953])"
38.0,1,1,73,7.932663202285767,20619,"Genotype(dna=[6462, 67947, 54179, 37469, 47128, 2092, 36395, 53340, 89917, 61662, 63871, 23353, 17690, 43597, 21269, 61413, 57091, 56366, 84985, 19780, 3150, 80744, 17746, 46603, 52014, 60675, 63400, 63673, 48446, 93492, 37055, 142, 97796, 16927, 26479, 98716, 31679, 98365, 9581, 54425, 41951, 52599, 38221, 11616, 42264, 89231, 65517, 81338, 77008, 97218, 98247, 52612, 83962, 51278, 73538, 89955, 76980, 18137, 43479, 67437, 13420, 91480, 26796, 98140, 71930, 55272, 36278, 76461, 41341, 45390, 40976, 94752, 28487, 54296, 28193, 17032, 34309, 5576, 13007, 50489, 35585, 15931, 9500, 66047, 18922, 57695, 46921, 60192, 10708, 47143, 90631, 16614, 92112, 11087, 2756, 19755, 37783, 86104, 84889, 53100, 29099, 61244, 78889, 59240, 82493, 2709, 71296, 19397, 59020, 24691, 8971, 23534, 67950, 11034, 87720, 23196, 87972, 72826, 84710, 39405, 83621, 58000, 4904, 6133, 33067, 44450, 27584, 90569, 95098, 28463, 6444, 7521, 58019, 40376, 28244, 87893, 59308, 9546, 67199, 71228, 43607, 45190, 88510, 71871, 70574, 71524, 68925, 29789, 96238, 49628, 76913, 77496, 51726, 15092, 36541, 5999, 81495, 13758, 76438, 41231, 95695, 4480, 54172, 63430, 88405, 89953, 45227, 96193, 97768, 8021, 36010, 19933, 42211, 87897, 54274, 40893, 53643, 22559, 84185, 2459, 81643, 41973, 22859, 59095, 86409, 53068, 12855, 26141, 1977, 70741, 33661, 25492, 91208, 19412, 83995, 77189, 75444, 3807, 70278, 69635, 48051, 81754, 54331, 10995, 60508, 24868, 72343, 27830, 81719, 32040, 31285, 15945, 45444, 54013, 93146, 30253, 14171, 9648, 32853, 31527, 41138, 61688, 29329, 79147, 26354, 22689, 82727, 5330, 8413, 23339, 8513, 68592, 74779, 60930, 19059, 73115, 89074, 63487, 98343, 43164, 45411, 59134, 35638, 87486, 85381, 12073, 63450, 92740, 96587, 51680, 82308, 39195, 74377, 59960, 153, 65258])"
38.0,1,1,74,7.957179307937622,20619,"Genotype(dna=[62013, 33904, 90949, 56142, 58683, 36183, 83851, 81703, 66102, 1997, 25488, 64759, 69062, 4143, 32565, 44830, 69247, 15090, 54667, 58319, 98033, 46625, 76075, 3538, 24616, 19779, 41417, 13084, 9689, 43940, 82225, 84538, 20842, 30739, 26693, 39817, 8239, 43128, 68205, 43672, 53062, 91163, 74936, 59252, 68129, 51258, 32227, 85748, 21202, 71280, 17727, 69314, 73025, 53991, 5580, 5083, 83492, 88811, 56694, 19171, 26852, 45419, 89785, 85128, 92714, 72347, 25229, 62749, 30505, 47485, 6954, 640, 50267, 15870, 82310, 86896, 80694, 68552, 75883, 12705, 43953, 2135, 85973, 94325, 2139, 13483, 13868, 66740, 72622, 19999, 54798, 80019, 18686, 2492, 47395, 62426, 88703, 97816, 15413, 2227, 90739, 13952, 70792, 22616, 2438, 46867, 83952, 14977, 25029, 21314, 79097, 63390, 71881, 65835, 48299, 98725, 15160, 20580, 79335, 79170, 39804, 20965, 94954, 90089, 27794, 2698, 72892, 81219, 90976, 41489, 29359, 29155, 88504, 35356, 96896, 76842, 8677, 58968, 33440, 71639, 40049, 18041, 9857, 41240, 66437, 12173, 48364, 86388, 3151, 909, 59053, 89194, 10184, 82316, 32065, 29127, 9823, 52137, 30039, 17221, 15235, 33885, 73033, 14669, 39804, 47929, 59136, 5637, 4014, 41379, 58621, 85626, 87527, 3639, 23888, 8552, 46489, 2243, 986, 1363, 597, 26718, 47186, 10652, 57374, 37405, 8718, 64979, 15120, 39255, 96389, 89277, 18344, 44147, 38637, 23215, 39731, 52774, 48418, 9917, 63827, 58593, 49871, 43158, 90961, 95589, 25042, 89404, 9994, 575, 23090, 47826, 14634, 88766, 47392, 97649, 13700, 55390, 56761, 25112, 76995, 65208, 71761, 81874, 84947, 25644, 5974, 44508, 60925, 84193, 71912, 30747, 37744, 47598, 61799, 10813, 26414, 5275, 39535, 96202, 94511, 2500, 97161, 34318, 73444, 74619, 61831, 89466, 70020, 38695, 64676, 63267, 27286, 92881, 25280, 38548])"
38.0,1,1,75,7.978610515594482,20619,"Genotype(dna=[83960, 38179, 87347, 79269, 21454, 1497, 75313, 64193, 56545, 90472, 39417, 6073, 60427, 36631, 70309, 70507, 61909, 5474, 3565, 15752, 13038, 29776, 23839, 21161, 29768, 45563, 87295, 77592, 80371, 57081, 42559, 924, 83882, 34557, 19440, 5278, 89487, 53433, 64081, 56302, 43996, 23183, 64669, 6231, 52177, 98228, 61485, 69290, 4814, 17399, 14942, 61759, 74748, 979, 51028, 72061, 1103, 47551, 81372, 51290, 96262, 55990, 74993, 80724, 13580, 932, 55458, 7434, 53329, 42860, 49051, 8053, 13576, 48609, 37273, 81547, 39714, 4611, 32808, 14868, 63355, 22542, 52784, 93154, 98520, 93064, 65292, 64218, 25344, 9934, 42180, 19812, 17942, 22074, 30840, 86089, 46936, 16168, 11238, 77842, 52438, 24830, 95593, 90610, 90441, 75227, 8992, 34169, 63002, 85682, 42955, 50352, 96807, 51943, 94232, 70610, 48296, 51167, 7429, 75732, 49703, 56830, 8968, 10033, 90462, 61754, 99253, 92377, 2004, 8947, 34821, 96707, 40584, 57904, 34306, 6343, 34113, 27990, 30793, 77683, 78, 59849, 84705, 14202, 15218, 18119, 50694, 49405, 66486, 41234, 39221, 95626, 66605, 84223, 14393, 77710, 57669, 87971, 54551, 95494, 34460, 60193, 51294, 57866, 45936, 87026, 14438, 53213, 34749, 74621, 49872, 73762, 90181, 42083, 22211, 97317, 43844, 67185, 25206, 42546, 9208, 24548, 39720, 14860, 99618, 54812, 23766, 83600, 96374, 19441, 45334, 44762, 39626, 50534, 64443, 61959, 30950, 59619, 68842, 48900, 55791, 38230, 51979, 1033, 656, 95358, 96793, 59437, 96709, 83580, 84244, 74861, 19223, 85866, 67083, 46253, 68606, 60145, 76067, 76955, 10337, 44416, 17494, 42239, 30964, 7993, 40660, 34244, 31975, 96309, 98904, 38966, 73609, 24314, 9225, 47928, 35812, 78976, 28898, 2046, 90085, 17618, 78620, 16352, 93507, 82116, 99676, 79261, 16093, 67269, 1649, 32931, 41632, 54251, 79508, 32111])"
38.0,1,1,76,8.003106117248535,20619,"Genotype(dna=[39649, 16368, 92875, 59566, 57535, 77579, 85502, 99313, 65850, 19930, 95666, 66333, 72901, 46436, 83510, 26119, 58810, 28683, 897, 13677, 41716, 37492, 68443, 33168, 59016, 91730, 70227, 31826, 16511, 57983, 27323, 5814, 22084, 1709, 63588, 36566, 95313, 92165, 45232, 46992, 27928, 6518, 12272, 88641, 58924, 89482, 61348, 38950, 78435, 61451, 81443, 52136, 60633, 14779, 16411, 12755, 17790, 16511, 13825, 96738, 9946, 11918, 53907, 52777, 30281, 8267, 48363, 39729, 13576, 40353, 37505, 7230, 41163, 69504, 71957, 31701, 8146, 11500, 6368, 73201, 1723, 46439, 70482, 18101, 86083, 72772, 65356, 42751, 27645, 25790, 22314, 71322, 28725, 34452, 34894, 66972, 14348, 84022, 60680, 1208, 55336, 49140, 53060, 65754, 74286, 44769, 26254, 47068, 477, 22178, 46346, 66550, 74049, 7930, 39744, 86535, 79885, 95692, 73231, 16470, 61574, 78694, 12766, 95843, 40383, 84132, 84951, 95588, 79476, 10061, 92564, 54081, 86927, 16588, 33248, 90412, 64856, 66526, 62697, 63758, 22880, 58687, 57182, 13886, 59620, 23091, 53243, 4868, 42012, 16071, 39892, 91581, 36024, 49986, 5615, 52841, 49810, 1678, 5885, 17975, 77765, 63440, 8442, 67115, 87946, 98844, 85932, 2704, 10336, 32077, 93035, 86401, 36804, 99532, 76265, 65753, 63288, 36135, 27494, 75104, 61741, 37393, 67750, 5047, 25775, 50456, 4477, 71359, 93069, 51016, 72785, 45761, 39621, 36497, 32760, 20184, 46464, 63008, 49472, 85545, 83817, 82634, 16511, 79357, 39669, 96377, 5213, 56388, 19509, 64995, 80553, 48428, 39519, 18336, 70424, 22250, 3604, 72440, 66615, 8081, 25037, 7102, 77312, 11063, 34754, 13337, 30525, 20725, 6758, 48153, 8992, 5591, 98972, 63015, 20888, 15917, 54908, 48115, 10377, 17475, 62454, 93560, 37393, 21347, 53924, 85932, 31674, 97660, 48856, 58760, 74301, 13410, 85759, 75628, 97784, 34119])"
38.0,1,1,77,8.025789976119995,20619,"Genotype(dna=[23882, 44047, 56923, 19690, 56471, 68170, 54209, 6630, 37784, 39519, 89799, 47953, 93603, 21231, 4066, 1501, 217, 38816, 31523, 82871, 70702, 11924, 31035, 35819, 13876, 8654, 54883, 31422, 59711, 5840, 10426, 36704, 1005, 57567, 36879, 26861, 49404, 16604, 43742, 13209, 67866, 80540, 48617, 38230, 89876, 97851, 48056, 29268, 90641, 31593, 69705, 72981, 45836, 22490, 30454, 71393, 96646, 44962, 61225, 78002, 23696, 3226, 42249, 32181, 3375, 4480, 95765, 36741, 87375, 52784, 49021, 39497, 6060, 38273, 58526, 38175, 45393, 63468, 71334, 63218, 46130, 6275, 52715, 59001, 60386, 17192, 69152, 8432, 29736, 75589, 43192, 24077, 98432, 74327, 23914, 57673, 71243, 70089, 6401, 16377, 27641, 1021, 12910, 20943, 32135, 50489, 16408, 53905, 6702, 77763, 44476, 64125, 67385, 62270, 75700, 43415, 76821, 21113, 54153, 56154, 38366, 95158, 73034, 81626, 41529, 59456, 53714, 42673, 74524, 69477, 73502, 85028, 66574, 10324, 38026, 52213, 1673, 84645, 18956, 9856, 99478, 24554, 59451, 51944, 48283, 11800, 60953, 2084, 47641, 87828, 63033, 73640, 58695, 87980, 43888, 54930, 45033, 54898, 51802, 92970, 83112, 91395, 61242, 74876, 43229, 27548, 97047, 28929, 36844, 92408, 60889, 97302, 73898, 86289, 67767, 12533, 23576, 34516, 19426, 54522, 67984, 22989, 48993, 76453, 6231, 8735, 67898, 45403, 43201, 48554, 11160, 4818, 36680, 5376, 23408, 98794, 40930, 95344, 31804, 46177, 64452, 51370, 56366, 67899, 21457, 49194, 58245, 43674, 15360, 78669, 16992, 70396, 42878, 84760, 63965, 26512, 84189, 82401, 41509, 37500, 49400, 17420, 44068, 58933, 13320, 93381, 19417, 18076, 99828, 27903, 38245, 68125, 67457, 76154, 22951, 92223, 92755, 26460, 55575, 14240, 48916, 72739, 1823, 74660, 69848, 97429, 7505, 41673, 10386, 55151, 99197, 62527, 6782, 41066, 2315, 1792])"
38.0,1,1,78,8.047548055648804,20619,"Genotype(dna=[37886, 80044, 80077, 74466, 45258, 47593, 73589, 17989, 86452, 32713, 92117, 37372, 33442, 38260, 3397, 59293, 61621, 87584, 34158, 36513, 85678, 49095, 32960, 77369, 5347, 13170, 94810, 12699, 15809, 65784, 17995, 66554, 47002, 64572, 70617, 56736, 21213, 36976, 24323, 28006, 87823, 11397, 12007, 47895, 77947, 31366, 58684, 53894, 47670, 8128, 8402, 32825, 50573, 28628, 51766, 85701, 4182, 66171, 23504, 85542, 30917, 50580, 56701, 27779, 38920, 47658, 68303, 6020, 38211, 49175, 7150, 92379, 41139, 36758, 54930, 92112, 97378, 39090, 53089, 41440, 23426, 58857, 2120, 8973, 99258, 86973, 30008, 46309, 72656, 61627, 21188, 32777, 85076, 93006, 63024, 12291, 89928, 49911, 29289, 3093, 16491, 69932, 10651, 45221, 90948, 14520, 50629, 32859, 77589, 71727, 80667, 38465, 72901, 90082, 76432, 14812, 77331, 8964, 99106, 2452, 13766, 83014, 15551, 89200, 99568, 71723, 97799, 84462, 47032, 13754, 29415, 46874, 58360, 1826, 55013, 22996, 40393, 55962, 49463, 85692, 20333, 80096, 83859, 47624, 77449, 65740, 86943, 38416, 80904, 31446, 49221, 78441, 22208, 67520, 35497, 13909, 49831, 31783, 57111, 41370, 28033, 47760, 51766, 81935, 36765, 5841, 65507, 78464, 47193, 7601, 47704, 73866, 3170, 469, 69514, 81686, 13477, 8587, 59693, 34185, 87630, 72501, 37112, 46338, 36910, 34712, 18641, 34798, 40349, 48641, 94931, 72896, 78584, 83423, 26406, 64, 56426, 28006, 42897, 73400, 99425, 50662, 37102, 5556, 24422, 32304, 28704, 18250, 53290, 95245, 77579, 74718, 50010, 38464, 48343, 14187, 55095, 84576, 19756, 56789, 18709, 97724, 51177, 50734, 22717, 91182, 55548, 46209, 60870, 64992, 63473, 8750, 41970, 59366, 94957, 86310, 76494, 69274, 12118, 37688, 87513, 35147, 93030, 19487, 97414, 74238, 68337, 83847, 3713, 3456, 44185, 60279, 78441, 34591, 8619, 90255])"
38.0,1,1,79,8.070761919021606,20619,"Genotype(dna=[6167, 17775, 7793, 92128, 38654, 81067, 73508, 42052, 7307, 11992, 21356, 35961, 8851, 50692, 80166, 54064, 17232, 57758, 56884, 53190, 45554, 13187, 75475, 12704, 55277, 46805, 52525, 93039, 15375, 71447, 76381, 31877, 66344, 21271, 59023, 24120, 43916, 40235, 4169, 75900, 1998, 17870, 87243, 22971, 54437, 37545, 49931, 53300, 26289, 49250, 17636, 4614, 56599, 88785, 59378, 39876, 15537, 17013, 75921, 40794, 3140, 65404, 91424, 89978, 60276, 2401, 77955, 65494, 65053, 32528, 13844, 83621, 61127, 46806, 20890, 26236, 3998, 30174, 26962, 39, 36996, 82022, 64893, 78309, 74241, 93919, 89739, 58546, 88996, 50751, 55312, 41572, 54471, 32060, 94291, 5977, 91810, 60811, 91022, 55207, 99867, 35410, 12566, 92206, 6942, 15460, 7514, 45572, 73106, 65303, 71971, 20097, 23198, 18293, 2585, 23642, 70206, 46141, 37352, 98553, 26278, 44756, 86683, 30866, 9485, 76200, 97542, 34495, 579, 20869, 25862, 59025, 58158, 22326, 90371, 99277, 25230, 81158, 94494, 28187, 64798, 37252, 93528, 63106, 62980, 17496, 36348, 80070, 95359, 96370, 67761, 59749, 99363, 88487, 24431, 59461, 85785, 97001, 19559, 31068, 73482, 2041, 38990, 22189, 45604, 50009, 86440, 95482, 21170, 67570, 38853, 25618, 86620, 2707, 39817, 17457, 11755, 65097, 34088, 24974, 45056, 67711, 88192, 9538, 3998, 3992, 38054, 78672, 17779, 84664, 85327, 65652, 35385, 81764, 94432, 91353, 86409, 48621, 30185, 30549, 30704, 48273, 41957, 11174, 19142, 92847, 29264, 49588, 27073, 10464, 24319, 67386, 10917, 53410, 19026, 85342, 78818, 98332, 45383, 74292, 92161, 22490, 99297, 38471, 33885, 48151, 45870, 7627, 35313, 47282, 19148, 20623, 11894, 24673, 47257, 69609, 54123, 92138, 29584, 60383, 97237, 4291, 23309, 89298, 12033, 11025, 98349, 73872, 49629, 91973, 52911, 88119, 62898, 50784, 97463, 29280])"
38.0,1,1,80,8.096213579177856,20619,"Genotype(dna=[73537, 20246, 51845, 14891, 90961, 89277, 65558, 24490, 17303, 31028, 37271, 29980, 81105, 53326, 26047, 34544, 47422, 13094, 50808, 41409, 96692, 73467, 48278, 37998, 97542, 89903, 42129, 8347, 37113, 4738, 19211, 82255, 40196, 54280, 25793, 30963, 40843, 41598, 39519, 66014, 20210, 91718, 42332, 50575, 5157, 39043, 71037, 88489, 52280, 5279, 56581, 60992, 556, 71843, 31479, 14734, 53156, 18953, 66037, 14473, 47170, 77475, 85215, 34336, 69278, 35145, 37635, 6868, 34939, 77372, 83152, 7340, 50350, 19592, 81140, 89023, 76570, 41466, 55835, 67250, 93276, 28069, 42436, 35527, 78827, 24363, 26584, 72622, 9390, 73459, 23160, 93193, 37584, 96979, 23529, 65335, 85290, 59002, 27842, 8405, 87536, 21854, 39332, 43645, 32407, 65577, 49525, 44285, 40740, 32524, 8655, 58082, 81810, 28476, 14222, 97570, 73087, 62567, 66832, 77008, 34466, 73113, 36665, 87123, 26448, 22712, 6162, 67522, 56300, 61517, 6783, 4090, 42218, 95583, 51778, 45883, 22067, 59216, 59204, 34517, 40343, 72509, 68678, 94670, 77044, 87312, 79859, 46727, 3710, 84160, 9690, 38905, 25969, 56889, 60353, 75159, 9966, 24789, 4097, 60553, 41659, 8215, 50598, 46495, 78600, 92582, 14261, 54698, 86872, 16100, 39979, 20973, 19791, 48937, 77816, 14912, 71374, 79869, 55071, 38684, 29342, 30518, 36327, 80819, 65784, 67759, 74775, 71022, 59128, 62931, 43780, 59258, 36011, 824, 73582, 68036, 49674, 81177, 6609, 86991, 37, 24206, 75544, 65338, 34275, 87996, 46269, 94867, 91862, 70478, 24938, 9757, 69126, 93402, 83178, 53793, 12506, 36160, 90150, 19469, 6411, 36896, 93113, 76909, 1162, 42911, 45922, 97567, 99446, 90642, 14761, 91272, 44702, 65238, 12465, 87973, 16845, 68876, 2422, 28630, 45469, 38199, 99323, 67927, 87753, 48238, 67078, 40642, 93700, 14622, 68059, 76702, 67506, 63129, 42236, 49593])"
38.0,1,1,81,8.11777138710022,20619,"Genotype(dna=[46166, 99197, 88441, 16137, 320, 98015, 25403, 4271, 81730, 67047, 14673, 77058, 87235, 35776, 24406, 22602, 70417, 91646, 36010, 20389, 15804, 13121, 78014, 36203, 2380, 61241, 32853, 89477, 19380, 69391, 57414, 65885, 93012, 98125, 44225, 75780, 68473, 25491, 752, 86691, 46688, 46153, 79759, 88766, 39407, 68320, 82747, 66485, 97211, 63595, 23318, 79185, 58511, 35756, 98244, 14382, 45002, 69714, 98407, 71185, 99779, 13204, 64020, 75903, 88939, 56088, 97588, 34488, 52012, 6989, 39403, 31965, 61356, 63203, 38759, 7298, 53650, 96405, 60200, 17054, 73823, 3349, 25233, 32871, 12435, 83941, 38501, 32713, 79631, 43805, 3988, 96006, 65206, 233, 7158, 63304, 80319, 79864, 52730, 47699, 37651, 88137, 93121, 37539, 80078, 43189, 52982, 48634, 23064, 18016, 39140, 58242, 89294, 76354, 77556, 53684, 22448, 46790, 36008, 4494, 995, 770, 79754, 44946, 93825, 37056, 38198, 63896, 25479, 4900, 85820, 55638, 63562, 57284, 35509, 67741, 61168, 40081, 92497, 93795, 95370, 83042, 73111, 60445, 37579, 44870, 46144, 42501, 43984, 18854, 76762, 79990, 68644, 6113, 79590, 5133, 52122, 83253, 89318, 90588, 50775, 37581, 23318, 65162, 83431, 97268, 73792, 10684, 39196, 53955, 306, 85800, 34919, 38991, 73162, 51964, 50149, 93836, 13940, 10364, 89758, 61249, 33398, 39338, 23680, 47911, 11641, 64954, 86360, 99840, 46857, 66002, 44847, 61967, 86409, 75090, 10796, 8961, 80780, 52574, 38244, 76968, 34282, 81394, 57912, 90022, 96546, 64626, 78116, 82598, 87192, 51389, 96366, 36564, 67116, 74106, 73341, 68880, 4443, 75328, 65660, 47512, 11396, 30069, 39219, 98855, 55293, 75687, 27082, 81635, 95695, 49576, 52077, 93272, 27807, 65224, 13694, 18293, 66817, 89261, 28190, 18248, 66021, 81639, 75791, 56078, 41390, 8378, 38095, 55641, 95412, 35274, 64294, 94532, 18385, 66030])"
38.0,1,1,82,8.142468690872192,20619,"Genotype(dna=[69033, 49448, 68455, 54907, 50468, 16284, 56539, 26202, 8601, 36901, 39097, 14929, 52853, 24592, 96187, 97240, 17992, 54406, 94181, 96017, 94530, 87982, 20616, 16749, 27092, 23648, 11970, 82143, 92, 66109, 84759, 28653, 7061, 59801, 35342, 98568, 68338, 20179, 46033, 39126, 64642, 29975, 40753, 20433, 10904, 78049, 39608, 23082, 4878, 14104, 26304, 35693, 8074, 6586, 9597, 3986, 22851, 97135, 67412, 13078, 22815, 85874, 72793, 44155, 87325, 23762, 56833, 55113, 43261, 87609, 10046, 71239, 32867, 64533, 76832, 35636, 74864, 95252, 32026, 79659, 19613, 47043, 25142, 62900, 90115, 13285, 40283, 92843, 89508, 29267, 44939, 2778, 58910, 56411, 29632, 48986, 77416, 97882, 56005, 92633, 63875, 78479, 78714, 86352, 3450, 80989, 88723, 99757, 89349, 4238, 50089, 88152, 87934, 86815, 2229, 31114, 7548, 43197, 51670, 10435, 69651, 64997, 29231, 64951, 25642, 91844, 89138, 88577, 63709, 90752, 34059, 83299, 42798, 85771, 97324, 83913, 26474, 99338, 64349, 314, 35293, 82921, 44420, 90272, 96150, 77643, 83002, 66222, 94827, 32996, 17323, 14219, 77626, 6091, 6887, 97612, 72642, 35639, 40500, 54184, 75170, 13848, 96218, 93507, 17598, 61613, 48765, 7427, 98008, 66885, 98087, 70767, 99931, 8556, 45596, 20952, 13272, 95562, 96752, 93716, 82509, 88863, 6826, 70828, 38713, 77236, 11364, 91917, 55464, 95793, 73084, 49162, 13257, 97256, 53972, 73322, 6803, 59516, 25310, 88222, 16881, 51446, 99637, 72901, 96496, 69313, 29511, 79479, 80950, 1777, 29541, 25641, 11839, 43029, 1531, 69638, 91148, 32636, 69387, 59087, 32190, 61263, 64029, 29046, 11712, 32233, 3536, 38072, 30174, 96104, 74405, 22254, 43954, 23325, 66997, 61172, 58061, 56202, 17248, 54234, 60917, 33830, 21224, 11893, 96962, 22298, 97047, 61994, 46753, 26984, 61546, 63560, 50669, 14467, 62801, 6385])"
38.0,1,1,83,8.1613609790802,20619,"Genotype(dna=[28222, 18264, 91035, 5721, 78070, 80326, 20601, 67461, 5294, 71848, 25391, 44426, 88577, 98362, 16394, 75738, 34713, 71331, 7218, 77949, 51357, 32122, 49443, 82988, 95491, 93148, 35149, 46632, 76777, 11558, 95092, 16241, 80627, 94867, 51251, 36710, 44623, 14711, 67937, 65083, 36117, 19089, 24508, 38471, 73214, 73423, 6212, 21577, 89940, 18365, 85489, 41996, 11631, 76648, 42704, 64484, 35178, 25674, 32817, 14142, 6998, 52956, 8452, 270, 7663, 1488, 39838, 5818, 55246, 69780, 88560, 59422, 51660, 94196, 20612, 44086, 37012, 67402, 44390, 89961, 99522, 39495, 13091, 7914, 72406, 44664, 76747, 94108, 82865, 85908, 39221, 28090, 50362, 96249, 36034, 95402, 52381, 16319, 19869, 13621, 77679, 955, 58759, 84177, 71631, 87961, 88190, 74855, 5406, 30160, 49570, 62839, 12478, 91256, 60057, 12311, 9887, 67848, 10961, 30460, 92832, 62607, 83987, 56211, 62923, 6635, 85522, 9345, 60963, 34118, 64939, 74486, 13408, 58350, 8628, 99575, 55368, 71590, 45315, 16703, 47421, 99229, 28491, 30052, 24211, 1990, 5902, 20524, 78610, 72994, 93291, 60270, 68187, 66215, 38297, 29959, 56713, 24848, 95823, 83987, 2978, 24520, 31671, 43376, 6068, 6233, 95031, 84955, 68062, 80884, 46482, 49090, 13309, 12829, 52790, 74180, 2104, 6910, 36636, 41191, 39442, 49179, 35822, 30268, 75366, 41505, 59793, 79828, 20730, 45559, 24117, 23082, 19253, 92110, 36008, 57095, 8958, 93719, 7911, 32025, 51417, 34186, 53072, 16895, 49117, 40490, 62679, 80422, 22955, 16123, 21292, 97541, 20534, 19216, 19432, 89816, 28624, 874, 38335, 96230, 47721, 46652, 45840, 35093, 59364, 6436, 57796, 10214, 59842, 43452, 57497, 73604, 39633, 39508, 56966, 63685, 78695, 6799, 15507, 98560, 76578, 87315, 94592, 29068, 4882, 18959, 77273, 28194, 14273, 84887, 34927, 80228, 63890, 72417, 87209, 87039])"
38.0,1,1,84,8.185665607452393,20619,"Genotype(dna=[46712, 5105, 95549, 68382, 77336, 74760, 85239, 68993, 87038, 76893, 77044, 45152, 3215, 92611, 18924, 69569, 65605, 26596, 71627, 69047, 29115, 3494, 37705, 78480, 79957, 49442, 78667, 78064, 53703, 82432, 33018, 85508, 85688, 41767, 59148, 41048, 54072, 96602, 76778, 30706, 54568, 69313, 9204, 68100, 79443, 73161, 26302, 41024, 48076, 79671, 97409, 76485, 45155, 76939, 49223, 24928, 73768, 9345, 71343, 36596, 81321, 90424, 18236, 92384, 87628, 96285, 45516, 23334, 68755, 2225, 86600, 84562, 94853, 78844, 2972, 48286, 53847, 99991, 54554, 62425, 15233, 77674, 81520, 43428, 19799, 93753, 52375, 23567, 53920, 51856, 382, 43310, 1248, 65067, 41740, 53728, 35703, 79800, 37661, 14731, 27004, 83701, 7247, 64147, 20084, 27538, 74227, 21966, 59787, 54688, 48132, 28347, 24367, 35683, 58024, 66759, 82811, 82860, 55995, 78809, 67966, 5835, 46381, 56127, 75472, 64127, 27192, 19651, 88408, 42782, 94455, 20942, 16248, 71764, 24233, 79304, 53857, 27982, 87089, 64149, 64523, 20800, 54476, 92520, 25926, 59792, 79438, 67548, 372, 8026, 22726, 64956, 98938, 68106, 38810, 48230, 16007, 70835, 26128, 52639, 67853, 57460, 38923, 77446, 98780, 34795, 90605, 9424, 88771, 21060, 27335, 39950, 52233, 96703, 29762, 46005, 92287, 58341, 94653, 36621, 26656, 9752, 73096, 6192, 3227, 55701, 76013, 42429, 15568, 88117, 25250, 6405, 9779, 88327, 81683, 86687, 53903, 5558, 21576, 25192, 44226, 85207, 78244, 67480, 80300, 70893, 58875, 13871, 64542, 28296, 85673, 95181, 75847, 56818, 40712, 6322, 14190, 75978, 6517, 40815, 93045, 7739, 94755, 50113, 93961, 59720, 97829, 33399, 80763, 97387, 62791, 7260, 44080, 13113, 32106, 9667, 39104, 74593, 97677, 45878, 95075, 81393, 97402, 49773, 23698, 15610, 33898, 83541, 24320, 43150, 42551, 31573, 2577, 13479, 41270, 34757])"
38.0,1,1,85,8.208154439926147,20619,"Genotype(dna=[73432, 29042, 52097, 49634, 78172, 8042, 93959, 70175, 96395, 46762, 10084, 80733, 88477, 87612, 88703, 84755, 97987, 4545, 86866, 88222, 35972, 85362, 71486, 89387, 90688, 27035, 5212, 9457, 86342, 27980, 36296, 23761, 36825, 30017, 33709, 12686, 91191, 13969, 20062, 853, 73252, 99147, 60350, 33254, 55588, 41647, 45500, 7399, 4563, 96691, 45614, 29802, 6544, 86184, 48630, 43927, 26910, 28951, 15825, 50831, 87982, 77173, 45246, 21430, 42475, 86752, 1250, 38697, 15254, 14441, 64045, 22636, 8829, 55370, 42404, 7622, 51034, 57060, 45923, 83355, 59805, 14302, 90469, 57146, 97891, 26180, 51527, 20190, 35268, 14281, 97644, 13950, 32611, 594, 63328, 11965, 90685, 84179, 19805, 43738, 40577, 12818, 37805, 33832, 57692, 51391, 90048, 21254, 86140, 43140, 54126, 8027, 60638, 85179, 52737, 56936, 10472, 80253, 20054, 61054, 3030, 12228, 87152, 34294, 27486, 53224, 74561, 71098, 39950, 78017, 69427, 14454, 59753, 36047, 94109, 26891, 53395, 95052, 49816, 38882, 22699, 65723, 31334, 35849, 22619, 52219, 47288, 53521, 81572, 59047, 8058, 23878, 63619, 94937, 14118, 46750, 78173, 22755, 20688, 78419, 91793, 72854, 16433, 3284, 8110, 96131, 51563, 81503, 77486, 79047, 73518, 69607, 57788, 81147, 3949, 12542, 87548, 58809, 57982, 32772, 7110, 63935, 38323, 79696, 1039, 10294, 13896, 73922, 82574, 86572, 14331, 9593, 13013, 36305, 64663, 8520, 75214, 35732, 50612, 20908, 68029, 50521, 21374, 82008, 14791, 56801, 35699, 94056, 75746, 58663, 98211, 55616, 56039, 55469, 64917, 76937, 66488, 30189, 18876, 34779, 29242, 53815, 37271, 85785, 66784, 59057, 86083, 17412, 2915, 87820, 16764, 27729, 32670, 76585, 38862, 59341, 61034, 76187, 94788, 86993, 76166, 96392, 98184, 31078, 9077, 89801, 77267, 88152, 46623, 48412, 27823, 86220, 98609, 94911, 99887, 42936])"
38.0,1,1,86,8.229656219482422,20619,"Genotype(dna=[69943, 8306, 2191, 63825, 58208, 39154, 47598, 57258, 12426, 20075, 87866, 99444, 56193, 25257, 81625, 62353, 47271, 19079, 31107, 38479, 87165, 24948, 54359, 80292, 64848, 94921, 98963, 49431, 90683, 94537, 36121, 83625, 93641, 60133, 97401, 160, 75444, 85150, 42970, 70718, 22213, 70547, 87499, 33843, 29405, 2086, 14798, 5604, 38456, 42140, 44243, 29134, 61465, 71050, 34689, 40352, 7816, 71681, 37422, 19404, 73608, 68577, 41877, 4212, 60799, 21881, 46315, 73406, 11282, 23627, 89720, 92027, 82261, 85946, 3951, 30737, 26716, 78613, 46969, 13376, 54775, 34943, 98959, 1604, 8821, 53381, 88584, 70690, 46782, 84415, 6036, 30472, 40494, 15858, 23748, 19188, 79267, 78561, 46879, 6798, 97607, 76033, 32750, 17277, 73619, 58480, 25122, 23277, 76839, 75949, 37751, 38057, 38651, 18985, 47270, 71692, 604, 56645, 49372, 39313, 24756, 70827, 61347, 6754, 73241, 61577, 54202, 17698, 34896, 61940, 85263, 35632, 22551, 56716, 98590, 73914, 69597, 28676, 59404, 99353, 32373, 48153, 74370, 33701, 13930, 77593, 46122, 62283, 88221, 87449, 85432, 86617, 82353, 13909, 4797, 97578, 17363, 39843, 48673, 76476, 49558, 12517, 70861, 73387, 49089, 156, 85408, 13909, 95168, 33514, 47226, 32717, 85583, 79900, 12761, 46396, 4081, 20516, 94429, 86124, 55603, 78846, 63502, 17049, 27085, 65134, 34869, 35727, 31511, 54619, 23620, 3379, 21980, 69141, 12192, 78616, 49180, 73872, 6468, 68727, 4656, 25841, 62805, 96085, 47560, 57650, 34304, 8095, 60597, 89878, 30957, 46559, 77705, 27894, 49117, 39927, 56082, 64590, 20521, 34622, 18494, 28950, 97940, 10411, 73313, 6652, 75828, 49454, 11331, 11142, 92271, 78189, 40290, 99327, 34970, 27904, 76022, 89929, 58207, 87842, 99873, 51373, 30069, 65131, 84268, 62404, 75293, 16553, 45803, 38886, 67957, 28191, 617, 10687, 80646, 52191])"
38.0,1,1,87,8.271880865097046,20619,"Genotype(dna=[36990, 75668, 9653, 34959, 3582, 15831, 24572, 58175, 48250, 60993, 17959, 90227, 26463, 83126, 70152, 80698, 4398, 23022, 46806, 89965, 25205, 44855, 29202, 67282, 26911, 39705, 35144, 15691, 75904, 22894, 34952, 81854, 57993, 49959, 78573, 57336, 97404, 36381, 23824, 85441, 83740, 77167, 85064, 40913, 74526, 23141, 19621, 30023, 74168, 59259, 37503, 33185, 3314, 37644, 30872, 45015, 42462, 83438, 68019, 80530, 99323, 59148, 28261, 3913, 98410, 49897, 83431, 91467, 78070, 882, 22317, 57183, 70876, 24154, 62188, 38691, 33817, 28791, 20015, 1388, 38499, 16712, 11019, 5340, 56739, 81082, 48816, 78468, 67951, 41685, 85254, 32533, 71597, 67130, 31784, 92583, 19265, 74001, 84024, 63837, 66506, 41048, 39422, 7079, 9763, 87104, 27860, 96856, 97857, 82038, 21057, 13589, 318, 43338, 24309, 91972, 80195, 65068, 18279, 37851, 11458, 12443, 61842, 31555, 28392, 72699, 44323, 99031, 65876, 30008, 72927, 73676, 89679, 71474, 60258, 79202, 39303, 93939, 61845, 20320, 37417, 97637, 18450, 4453, 88581, 85600, 86599, 15274, 21342, 62050, 39694, 68624, 7660, 71987, 51349, 37930, 14150, 65417, 13045, 72046, 23779, 21359, 25462, 26265, 58776, 65307, 87688, 54450, 77478, 92384, 4680, 53098, 40699, 74502, 98487, 77746, 35234, 28135, 16307, 52334, 16789, 56608, 11565, 28032, 77881, 91959, 43259, 81441, 20868, 80887, 31179, 59838, 35954, 47553, 93432, 6656, 14678, 54025, 58946, 4613, 64868, 11149, 16309, 49421, 19043, 41627, 37934, 36620, 89347, 74607, 83325, 95657, 80082, 89748, 72049, 45040, 29863, 16739, 39385, 54372, 3887, 98028, 16658, 60810, 83675, 32274, 66205, 47213, 33192, 71401, 5496, 93540, 8449, 21317, 50187, 14842, 5790, 15124, 49074, 17384, 70759, 67142, 14623, 82942, 27683, 20837, 19125, 8734, 42442, 93670, 51831, 82570, 90216, 88689, 74424, 6137])"
38.0,1,1,88,8.365428447723389,20619,"Genotype(dna=[69311, 60949, 26177, 47939, 7692, 77759, 456, 7209, 1089, 10867, 1375, 42875, 49597, 63475, 89104, 16777, 86109, 6004, 36560, 72433, 87342, 36744, 70299, 95908, 59264, 41048, 27824, 29124, 42468, 77130, 18252, 45653, 33053, 82574, 83539, 93209, 9051, 91274, 49473, 89548, 24970, 11878, 90627, 18044, 2160, 8873, 31714, 15871, 17466, 22110, 50563, 35786, 47343, 60545, 27481, 56382, 74708, 36230, 96612, 46393, 52753, 28494, 36871, 39831, 22964, 69575, 42825, 73912, 35886, 41207, 36642, 17979, 86148, 16152, 65748, 79560, 43455, 95141, 71229, 96424, 60184, 6621, 6963, 6047, 10817, 44374, 84761, 57468, 71640, 27695, 61248, 9215, 54074, 17106, 64532, 31059, 78888, 56455, 83694, 18969, 87975, 74659, 54577, 5221, 77062, 50561, 3528, 75382, 52459, 98003, 65356, 68715, 16307, 61414, 62141, 18653, 22236, 98883, 98185, 50920, 61318, 97531, 8501, 53092, 50859, 70940, 92086, 978, 90355, 76199, 33701, 16289, 16206, 16205, 30225, 79591, 72529, 87228, 70406, 83411, 63527, 83273, 67555, 39666, 61181, 60751, 67944, 65379, 84424, 25389, 53792, 39220, 19333, 81236, 92608, 88639, 79032, 89978, 95974, 67081, 61290, 69893, 7445, 48017, 31140, 77899, 52155, 8530, 37395, 91345, 27000, 8718, 4752, 72750, 54613, 68803, 77198, 34681, 93334, 48086, 49005, 58326, 24129, 66023, 5221, 57033, 96147, 80044, 49, 81445, 87949, 64579, 12374, 58871, 23230, 54692, 49264, 68946, 90286, 41497, 40146, 34312, 12046, 50443, 40588, 93765, 81706, 96099, 38948, 95638, 33103, 46370, 7656, 45672, 45191, 73270, 71391, 87106, 67756, 70717, 43395, 95205, 9139, 58420, 15093, 79343, 67722, 72627, 21104, 54667, 97743, 80752, 4285, 77668, 8819, 95236, 51271, 69256, 14678, 1069, 70158, 4895, 93389, 17781, 36108, 85474, 44024, 72200, 41298, 68764, 12269, 2812, 14944, 52350, 23665, 13720])"
38.0,1,1,89,8.41289210319519,20619,"Genotype(dna=[14009, 11028, 81017, 33394, 82524, 18901, 51050, 67699, 34606, 3622, 56185, 39868, 43453, 8683, 96130, 23645, 57551, 48263, 66600, 94061, 45250, 68462, 48842, 53219, 16040, 25128, 19941, 9411, 94386, 54528, 70595, 96513, 42841, 67638, 63868, 58175, 96908, 66180, 8680, 70562, 30519, 49753, 64551, 63053, 11303, 26017, 79339, 87485, 4672, 97367, 90754, 73090, 19653, 84569, 69160, 98739, 90947, 2866, 37165, 33683, 40440, 35804, 92032, 43438, 7644, 63710, 87284, 74002, 75834, 825, 92257, 91696, 91955, 41265, 76611, 84039, 57215, 69539, 5837, 97874, 89118, 86547, 64014, 95936, 21085, 3920, 44135, 32639, 14835, 14735, 46288, 91650, 89580, 96539, 41463, 2242, 41449, 39997, 79732, 7046, 26957, 13339, 81617, 58719, 98240, 68775, 94196, 78787, 29772, 88123, 8917, 47017, 82650, 48015, 32712, 61627, 45322, 26522, 86707, 81277, 26997, 15979, 6909, 53884, 41822, 36003, 25957, 22869, 5202, 34901, 82597, 65548, 50888, 96339, 72081, 13987, 46362, 5352, 62111, 17618, 88644, 40083, 24968, 30382, 55267, 10718, 20055, 47547, 63048, 8614, 23866, 38611, 10905, 47635, 41706, 52109, 6397, 23085, 19417, 47891, 64775, 45986, 67366, 11766, 80975, 61872, 97201, 23247, 87202, 45956, 82159, 60251, 82507, 77378, 29990, 58671, 35516, 55068, 94767, 85218, 50576, 985, 35918, 23090, 63189, 68586, 43835, 44415, 98478, 10135, 74578, 57948, 7415, 92488, 72780, 46611, 16133, 24412, 26671, 17356, 39584, 92638, 38568, 83626, 38686, 57340, 91982, 81382, 7862, 15436, 96669, 11955, 41299, 10100, 91289, 30137, 5877, 73055, 39253, 48263, 82191, 55334, 98237, 39340, 47957, 71843, 61486, 24351, 75906, 66938, 8568, 80028, 60586, 52921, 56576, 19009, 45631, 87927, 98670, 19872, 38695, 21311, 11664, 91803, 99142, 1130, 62755, 73597, 4943, 85542, 62018, 29221, 53112, 62893, 79625, 78707])"
38.0,1,1,90,8.456526279449463,20619,"Genotype(dna=[96111, 83833, 82111, 36968, 4496, 85687, 79368, 61867, 95485, 50228, 22208, 8729, 70888, 41259, 58746, 74230, 45271, 3580, 66091, 30897, 1219, 39964, 87059, 68170, 42574, 98088, 65429, 10534, 21004, 24768, 20246, 75281, 30212, 96504, 92993, 46547, 62217, 5737, 38621, 13941, 6932, 44935, 71091, 14348, 49770, 69388, 7223, 42553, 78744, 60417, 23094, 92426, 70153, 39525, 42101, 31646, 93548, 87827, 81826, 40890, 16575, 35392, 24678, 78358, 52755, 45303, 82168, 83542, 55611, 40548, 47593, 39498, 72298, 90635, 50880, 73208, 45130, 9619, 52688, 51543, 67591, 60532, 975, 17987, 97459, 96014, 56111, 26540, 83047, 79464, 71246, 4866, 90784, 21925, 32543, 74991, 80874, 49897, 47849, 72610, 78791, 59928, 62630, 53965, 36713, 6877, 69028, 97302, 46705, 96534, 1598, 37136, 37919, 90281, 16400, 46716, 542, 63426, 47669, 94296, 2073, 29620, 31409, 74453, 82774, 89529, 36188, 94916, 27981, 16966, 98086, 55955, 43086, 26237, 86678, 18546, 29361, 54077, 5003, 33722, 55556, 36747, 35402, 46628, 65565, 39468, 73968, 75413, 64337, 77595, 27936, 8074, 85075, 34292, 2849, 28937, 6034, 6205, 29659, 38191, 41418, 15799, 64406, 20871, 44011, 83441, 521, 14311, 49708, 92006, 86048, 99472, 559, 19006, 26510, 9326, 4066, 88679, 70366, 52987, 6557, 33129, 84938, 11731, 73578, 10740, 87159, 53395, 78359, 10499, 9426, 16813, 62136, 62423, 35638, 27456, 11047, 11751, 52549, 38973, 48921, 95121, 11428, 75664, 39923, 18006, 75516, 23527, 41543, 13851, 95180, 68875, 59449, 5783, 56343, 57794, 54295, 95512, 79189, 3425, 73878, 84114, 72574, 20532, 23853, 66205, 51220, 46299, 26037, 95387, 9147, 26895, 3730, 20185, 95896, 4204, 30856, 39678, 79513, 17310, 2291, 94630, 22765, 13589, 47781, 30435, 55193, 50022, 13990, 45826, 28162, 14191, 93785, 49801, 77032, 14455])"
38.0,1,1,91,8.493793487548828,20619,"Genotype(dna=[1748, 2787, 69169, 47245, 24641, 56825, 33663, 87273, 50235, 81071, 31827, 86150, 27138, 90504, 27654, 426, 88624, 59089, 41767, 79890, 60142, 25034, 40267, 54403, 45986, 54010, 85936, 57946, 17305, 10420, 23060, 40653, 91093, 56708, 33982, 27743, 80178, 28196, 88686, 86267, 69591, 81534, 30303, 79342, 75915, 1391, 94461, 45159, 80296, 68472, 94088, 22834, 66716, 57996, 86422, 32637, 6412, 43656, 61844, 6001, 54918, 79235, 98545, 17599, 58950, 9482, 72471, 59719, 89717, 60089, 63494, 79114, 17885, 103, 48383, 67935, 74659, 80076, 70215, 45848, 46156, 79005, 6256, 66309, 17308, 78322, 71220, 27178, 24, 67296, 87437, 73422, 42087, 38071, 7646, 89318, 22357, 11607, 96457, 80578, 71587, 4426, 16669, 36657, 1430, 99798, 31662, 24687, 30858, 88997, 64169, 80032, 15071, 2301, 44632, 1261, 35430, 933, 80668, 56425, 90267, 4490, 47885, 51641, 18333, 89103, 22706, 4575, 81295, 80635, 43211, 88417, 27158, 87044, 44100, 64224, 98489, 40858, 95710, 22166, 97804, 4768, 77767, 16930, 82771, 1794, 53718, 94431, 62437, 68933, 72923, 13677, 80397, 71752, 27788, 58377, 9160, 91064, 58412, 53378, 5683, 11096, 55691, 31400, 72153, 5762, 80815, 13535, 40976, 67337, 16079, 72089, 40694, 99018, 14567, 81668, 62508, 87158, 19940, 68043, 6853, 41794, 54848, 298, 49375, 45630, 28931, 21523, 87899, 83624, 74439, 82337, 94163, 15238, 15795, 309, 82239, 63358, 45994, 79786, 37445, 28859, 80551, 94611, 99612, 18439, 67685, 89358, 26991, 14565, 30856, 4038, 54123, 88832, 7967, 45496, 63566, 17050, 7968, 86238, 75881, 26385, 7912, 72062, 56636, 26613, 91480, 73284, 11071, 97449, 63231, 20518, 11901, 69890, 20558, 46613, 17840, 52981, 1628, 14342, 62925, 29234, 31154, 56566, 6587, 36207, 57251, 45429, 88402, 9470, 28317, 29620, 60565, 61305, 95638, 88529])"
38.0,1,1,92,8.511922836303711,20619,"Genotype(dna=[91243, 68057, 79639, 95825, 57920, 75612, 93404, 31005, 16034, 15878, 32780, 522, 78876, 99005, 96757, 37637, 65263, 10418, 48727, 16619, 954, 98515, 20665, 5347, 92905, 66761, 68260, 18333, 80175, 60442, 62903, 17958, 21676, 41583, 71705, 13696, 17016, 39008, 69445, 93112, 40647, 6498, 5069, 16035, 31930, 620, 6875, 29627, 3361, 4776, 73050, 34389, 3214, 48445, 61455, 1790, 68349, 65525, 66032, 87781, 24585, 21799, 93258, 74774, 38160, 28046, 55045, 92818, 62051, 40382, 54008, 25029, 38811, 39814, 65905, 1284, 68271, 79090, 11635, 20681, 77740, 5853, 93748, 94590, 44420, 35866, 44346, 96296, 26428, 59296, 11906, 98984, 54456, 51190, 47591, 99414, 25272, 49213, 5329, 98144, 7973, 9578, 690, 27049, 23742, 70449, 20695, 73784, 8558, 43025, 98764, 41858, 64802, 27282, 28114, 87045, 22134, 36776, 97867, 49919, 17553, 31178, 12141, 6379, 55731, 36415, 60108, 66596, 64007, 86221, 40277, 71366, 6040, 12913, 37174, 14944, 77298, 33030, 76387, 84018, 76138, 21536, 37080, 8705, 89172, 59360, 21668, 71628, 6501, 42858, 5737, 16509, 54137, 43767, 59366, 83413, 92458, 68635, 79467, 64353, 27092, 60062, 28502, 83728, 66721, 64321, 2405, 53388, 64436, 6264, 15379, 94969, 38742, 61184, 65280, 21748, 9733, 71106, 25607, 66625, 39335, 6551, 92065, 202, 65417, 25715, 8540, 69097, 25415, 53612, 9384, 30323, 86963, 87839, 81389, 57093, 26931, 84039, 62694, 83991, 53873, 88421, 49468, 9425, 66020, 95891, 58787, 81107, 8968, 98839, 26735, 71804, 65068, 56040, 87944, 20273, 22567, 94313, 41801, 82653, 60659, 14362, 9983, 57526, 29491, 64987, 16153, 57855, 54147, 57197, 90427, 36170, 97974, 88707, 64032, 62750, 24133, 38175, 27667, 24967, 73736, 20788, 56521, 48285, 59319, 88276, 79406, 34591, 75170, 41698, 15380, 92198, 57221, 80404, 85697, 87509])"
38.0,1,1,93,8.548389911651611,20619,"Genotype(dna=[92495, 28190, 85645, 2325, 26801, 53647, 41629, 51037, 77418, 30514, 67194, 95686, 93744, 61920, 12008, 43335, 91053, 39898, 90818, 71887, 67381, 53839, 98991, 40016, 9437, 12826, 37880, 37218, 54759, 83908, 40239, 23449, 50406, 53052, 16560, 22893, 7591, 33658, 27555, 55190, 23759, 55857, 91830, 22175, 18056, 3157, 53944, 11868, 93616, 75716, 3909, 2708, 86699, 96755, 17590, 90876, 30043, 69374, 21405, 36029, 18721, 47825, 42376, 58082, 21645, 8239, 21799, 1978, 15649, 67373, 51625, 27933, 39548, 55534, 71896, 16039, 22705, 7806, 70080, 32383, 60725, 96861, 86224, 62516, 24631, 88064, 64178, 39572, 80690, 39604, 79796, 23705, 14389, 30208, 38044, 43983, 18677, 41516, 164, 33067, 64435, 74748, 88539, 28177, 28194, 18004, 21513, 90829, 89994, 99848, 3383, 39801, 4408, 28779, 80012, 26497, 79019, 10268, 93952, 81578, 81520, 35203, 14422, 37397, 37675, 46130, 4899, 96796, 84157, 23913, 75075, 86732, 51573, 72448, 6321, 64324, 57672, 97615, 32083, 73381, 92393, 60213, 498, 25737, 66181, 99525, 3316, 74894, 61572, 48355, 13086, 40372, 28267, 288, 25380, 9810, 72310, 22836, 34582, 61349, 50327, 77331, 69538, 69308, 75055, 4304, 44611, 52424, 3181, 69410, 76311, 20234, 26560, 93139, 64038, 21662, 82656, 68385, 84422, 88216, 94357, 34297, 40808, 90411, 98451, 2937, 51694, 90517, 12892, 44634, 82006, 81015, 5401, 3732, 52477, 50909, 29157, 74883, 73639, 76665, 96639, 51160, 77148, 35097, 99954, 79628, 94896, 74033, 13238, 50364, 2557, 74282, 18949, 91420, 84166, 73156, 5195, 62318, 90765, 88658, 11672, 27028, 29664, 38799, 89375, 4531, 20801, 45775, 67400, 31192, 51293, 11298, 18898, 88004, 14469, 41696, 9525, 16554, 41105, 49060, 85242, 39354, 88412, 62183, 36996, 13236, 98420, 47818, 88626, 13682, 8168, 12580, 63409, 10475, 99471, 78938])"
38.0,1,1,94,8.566661834716797,20619,"Genotype(dna=[13134, 63291, 25995, 1949, 10991, 53246, 47183, 58266, 44274, 46555, 59901, 73580, 20687, 2768, 6752, 81314, 13783, 95901, 124, 99482, 63852, 80258, 40336, 23762, 73983, 96008, 23960, 29545, 72891, 23385, 90395, 12499, 17220, 42893, 10774, 99842, 82368, 54409, 87827, 7827, 84424, 62967, 38740, 65637, 49804, 30571, 19327, 53164, 54944, 13520, 78959, 73880, 41510, 75397, 78287, 61619, 30374, 89517, 56411, 46119, 62045, 90639, 89242, 62979, 16637, 53544, 83797, 89780, 88327, 40905, 57755, 2487, 83164, 89640, 42826, 32806, 78383, 80858, 9527, 7160, 36134, 54114, 62267, 71382, 8630, 94941, 37157, 54026, 47196, 21888, 17786, 50406, 35294, 34371, 84398, 83736, 87788, 73250, 82414, 69367, 62886, 60025, 44306, 69485, 47444, 39227, 95215, 36721, 45835, 59170, 95606, 56848, 82931, 84593, 13718, 65447, 64458, 43288, 76578, 89051, 25168, 81797, 61598, 10997, 75367, 98191, 46229, 54734, 99147, 24703, 22228, 16024, 78813, 35968, 65888, 69419, 93292, 16158, 73943, 77403, 84261, 90962, 6818, 53266, 97916, 25557, 79275, 15367, 51925, 29711, 8342, 34711, 39944, 25856, 50877, 73804, 88146, 78798, 35063, 72243, 42001, 41076, 14973, 66702, 14037, 89520, 1955, 32639, 10368, 62754, 88534, 97561, 94763, 85529, 21230, 81906, 66716, 98822, 49821, 43146, 36002, 47543, 14019, 28567, 65363, 69757, 3352, 76872, 42281, 36399, 78639, 75233, 36036, 35473, 46503, 93161, 16706, 16777, 33672, 7992, 25640, 20520, 13178, 6206, 89902, 57642, 35988, 38391, 98740, 81244, 51410, 16643, 27053, 14182, 65819, 79632, 42026, 20925, 75526, 89571, 59375, 63633, 97770, 21712, 72650, 51717, 13896, 96768, 79157, 72368, 53025, 62038, 31384, 68217, 77905, 55237, 85204, 32409, 57685, 4182, 13201, 68552, 52948, 5721, 33153, 98091, 87709, 17016, 75397, 28803, 83234, 37854, 39771, 77977, 15259, 3357])"
38.0,1,1,95,8.588099718093872,20619,"Genotype(dna=[81911, 87695, 1871, 42491, 97449, 10894, 49732, 11780, 45886, 23428, 45978, 7968, 61841, 90626, 77766, 58634, 19396, 45286, 20298, 99628, 2486, 9954, 41063, 44966, 7901, 79317, 4241, 81194, 58164, 53830, 71224, 71357, 51881, 44838, 22243, 39623, 85859, 7101, 28453, 36191, 27127, 73417, 47299, 87181, 92919, 61001, 6907, 81470, 29647, 7929, 26795, 68495, 4681, 81868, 69952, 62991, 14508, 4264, 67974, 25943, 26620, 76892, 41844, 54559, 50059, 36775, 92964, 41308, 22297, 8914, 96173, 89766, 40286, 6731, 82489, 82337, 71497, 43089, 58684, 9791, 55773, 47082, 87287, 38881, 84070, 17241, 94926, 73835, 33133, 87302, 51370, 84394, 79069, 47199, 89639, 97376, 2537, 61237, 92304, 9491, 6279, 69613, 76222, 85197, 82714, 82666, 95572, 44055, 25876, 20780, 39759, 34677, 41587, 52877, 35974, 49474, 69693, 55606, 489, 39882, 64195, 13673, 77886, 55905, 18226, 13099, 10845, 75185, 56936, 67496, 53408, 24144, 72858, 32173, 12173, 28642, 44688, 23244, 23182, 93348, 90835, 87761, 46765, 63368, 27156, 49354, 79801, 8523, 57428, 76994, 5593, 422, 35553, 83012, 7602, 26823, 78494, 66720, 26392, 78552, 22362, 65326, 94323, 76738, 64454, 72388, 69976, 72708, 82910, 6604, 44222, 10666, 41530, 49336, 94345, 92989, 76470, 97842, 44862, 46378, 78098, 43717, 77505, 74157, 98179, 26895, 64260, 87348, 73190, 8858, 92257, 85555, 31784, 77950, 12019, 33056, 66772, 59094, 40599, 95728, 23723, 75762, 89687, 16824, 56793, 21595, 17283, 46743, 69856, 24587, 63092, 81423, 29458, 46442, 57411, 76658, 94918, 30651, 58633, 93086, 32993, 7754, 74126, 92771, 78409, 50917, 16107, 36651, 74845, 88015, 7643, 85631, 24084, 74627, 5223, 54493, 92426, 31172, 13063, 47436, 85998, 49738, 10315, 29328, 73069, 93866, 27758, 17698, 19679, 3701, 13739, 51611, 56426, 72557, 74693, 8868])"
38.0,1,1,96,8.609442710876465,20619,"Genotype(dna=[69851, 627, 83287, 59961, 87191, 93584, 19018, 18525, 5411, 35460, 72033, 78889, 2981, 50862, 1901, 75459, 25323, 26809, 39234, 12306, 76358, 14064, 64924, 67355, 24887, 15890, 79646, 91217, 59472, 46266, 99492, 2208, 68157, 89993, 87813, 33054, 21844, 48130, 7465, 9974, 49985, 2182, 77989, 21544, 77794, 6802, 83394, 67071, 8481, 38022, 20741, 94090, 2942, 15223, 23331, 37551, 54679, 22980, 67494, 38229, 32440, 19420, 12724, 49102, 55091, 42925, 8711, 26516, 39492, 81306, 97142, 76704, 12360, 42999, 76189, 88678, 44447, 78828, 9414, 77870, 44817, 39355, 79858, 95039, 3496, 80899, 92985, 5911, 70552, 80124, 69455, 34121, 79409, 80571, 16874, 1049, 5168, 23138, 68188, 69499, 32832, 67922, 51678, 52500, 39065, 33852, 19533, 743, 85114, 99235, 92155, 22992, 88398, 58177, 64874, 99837, 74172, 25439, 29920, 13629, 77864, 80325, 21845, 89127, 79337, 26355, 85607, 19982, 24348, 36295, 48976, 49289, 9266, 72412, 81788, 54592, 11387, 43932, 13839, 5379, 31649, 22934, 3045, 6093, 68633, 4192, 87031, 57190, 34239, 17588, 17095, 30201, 86633, 19541, 10427, 69706, 17031, 89955, 39031, 48580, 5377, 50788, 53548, 33597, 7367, 10402, 11527, 336, 91706, 41853, 85673, 45101, 79069, 67724, 93423, 36864, 57420, 737, 3252, 87266, 99290, 83842, 51746, 55327, 7997, 46868, 867, 59337, 72501, 88407, 21102, 65685, 70120, 33154, 26245, 79984, 89435, 34800, 32607, 78430, 97513, 85807, 27766, 13652, 58230, 81477, 15637, 62106, 57188, 7586, 61123, 90561, 19564, 25060, 69228, 13304, 89941, 82281, 6244, 82788, 81853, 5552, 3128, 97043, 9761, 93067, 65833, 13954, 38815, 37482, 75810, 22292, 98561, 61098, 21550, 43858, 43128, 8396, 50612, 29080, 34895, 79427, 94760, 72338, 11460, 65736, 26131, 5021, 93644, 87436, 89356, 84895, 97437, 44362, 43826, 87643])"
38.0,1,1,97,8.63369083404541,20619,"Genotype(dna=[93065, 56538, 87401, 78486, 31871, 41988, 66859, 21492, 68247, 76220, 95121, 87619, 97500, 62867, 22951, 28117, 46763, 55929, 92029, 65701, 34975, 25066, 28696, 56778, 84362, 64050, 62815, 80835, 14370, 55932, 76627, 60432, 99615, 29087, 95127, 5997, 19006, 34331, 92994, 61019, 28681, 19165, 12668, 35691, 75069, 43068, 35666, 29060, 14241, 34666, 89446, 50736, 194, 50349, 56213, 856, 28152, 56584, 56247, 64336, 29881, 31727, 78944, 87461, 47583, 90141, 7638, 69032, 12395, 69933, 31145, 57232, 37830, 43177, 7124, 7954, 91658, 38994, 17899, 22649, 59003, 527, 92100, 32378, 2391, 87988, 93762, 314, 21100, 44202, 26460, 48524, 12671, 12483, 80787, 84812, 58315, 14146, 27909, 2931, 80479, 69439, 38469, 39249, 99400, 94987, 19368, 35187, 78116, 70161, 29446, 68683, 66925, 25181, 58783, 74311, 32263, 75292, 8176, 94649, 86537, 66195, 36117, 55179, 63749, 87636, 81870, 88275, 24838, 4409, 71523, 38241, 84356, 10640, 11018, 29981, 25282, 79857, 59950, 86041, 5988, 67316, 47052, 72548, 85003, 51317, 83641, 71537, 94472, 70958, 63040, 41806, 15328, 54417, 86657, 62226, 35684, 66418, 6898, 25548, 87641, 8276, 49386, 8902, 15866, 78256, 73940, 87965, 49101, 14392, 76754, 19786, 63155, 92638, 56586, 30265, 24387, 48981, 11341, 10721, 64271, 52830, 56088, 87363, 93, 39115, 84515, 11223, 22782, 57217, 92220, 87530, 80214, 35102, 60934, 57479, 73662, 65902, 42289, 69173, 57394, 50459, 35142, 21400, 307, 68437, 86973, 71953, 24020, 51009, 82640, 30605, 34927, 97953, 54871, 12079, 66549, 2999, 20404, 66846, 5831, 88079, 85102, 30119, 86200, 37381, 40221, 2268, 32463, 68349, 5498, 80145, 90960, 50146, 8584, 42684, 50742, 34237, 9197, 21961, 10601, 83536, 966, 82195, 98235, 93994, 57891, 33528, 15230, 9565, 27795, 74928, 71523, 79001, 41854, 80958])"
38.0,1,1,98,8.658515453338623,20619,"Genotype(dna=[27237, 90165, 75427, 59934, 63786, 42051, 69324, 41468, 67146, 50621, 47773, 40824, 27926, 10774, 84854, 46555, 64574, 85464, 92538, 57338, 89740, 97752, 19162, 46790, 76147, 22182, 10218, 23564, 72487, 58495, 4466, 89333, 20599, 93778, 40402, 19763, 27141, 53155, 7454, 50067, 16542, 50939, 23461, 60195, 72182, 39103, 22420, 49206, 92915, 12569, 41549, 41511, 5962, 34888, 94398, 98948, 7440, 63164, 30749, 91484, 77148, 75696, 49877, 38257, 79248, 75308, 77848, 26978, 34494, 43625, 49299, 70343, 39203, 96972, 97876, 60088, 24001, 3884, 74719, 42544, 62257, 7876, 50843, 49500, 15230, 68412, 48642, 51049, 75770, 46915, 75229, 50450, 27579, 38981, 37038, 23755, 98167, 93629, 6200, 90426, 17298, 33418, 57574, 45235, 94213, 92820, 71773, 74019, 26255, 1930, 95656, 95673, 91399, 20144, 7087, 98088, 80376, 9541, 43411, 19939, 92301, 57018, 44810, 91979, 55530, 21194, 74587, 93577, 82210, 38226, 26593, 41259, 67763, 10082, 56674, 51672, 72503, 14418, 59196, 78800, 71713, 24252, 95024, 2903, 58912, 98218, 75733, 34811, 84279, 4813, 52764, 6681, 97615, 80221, 98704, 29055, 7307, 78563, 79071, 19199, 17761, 48216, 3469, 8963, 13457, 87546, 40013, 4584, 58732, 14921, 52446, 92628, 79572, 67193, 66934, 60455, 3185, 15117, 73860, 11941, 37137, 93837, 1691, 78652, 4283, 77124, 72316, 71428, 36251, 9131, 95027, 5030, 47763, 25118, 96439, 62951, 47356, 85956, 21752, 81569, 3333, 49648, 6915, 74707, 95626, 81047, 8002, 97122, 71712, 12852, 59737, 18438, 63901, 39927, 74987, 30084, 23860, 12104, 2566, 28583, 50396, 51203, 2312, 36627, 3856, 23084, 7321, 22765, 13795, 53018, 59708, 267, 10890, 25363, 32563, 11797, 73804, 69499, 93069, 38060, 62419, 39503, 16526, 23811, 21303, 39084, 59965, 4245, 66940, 68339, 59036, 16359, 29614, 28498, 62836, 76029])"
38.0,1,1,99,8.6927170753479,20619,"Genotype(dna=[50501, 50605, 68009, 66858, 58881, 65350, 48608, 97304, 18383, 74207, 33822, 38952, 21141, 29714, 72281, 55982, 82739, 50113, 61034, 94702, 6544, 81476, 37035, 68637, 3303, 71042, 45818, 75466, 8115, 96980, 7705, 43355, 73400, 16408, 52226, 92982, 16122, 50120, 45020, 98521, 62295, 58337, 26936, 56401, 54121, 25991, 82830, 23670, 41942, 10212, 9968, 96548, 42889, 53834, 9499, 95165, 1543, 70271, 79391, 82684, 45593, 26330, 44239, 32731, 62944, 36344, 8591, 89227, 47662, 10539, 94341, 50842, 9658, 93432, 54221, 2064, 82405, 88716, 67921, 51395, 89247, 3500, 98073, 54357, 66179, 71064, 71473, 29321, 66740, 69105, 8652, 36521, 20663, 15779, 79683, 86173, 68446, 71038, 60640, 12519, 65232, 97236, 90117, 69780, 50912, 62514, 95631, 31988, 26823, 66185, 13032, 60860, 34705, 43880, 25471, 61684, 1711, 57199, 72498, 25358, 63603, 79684, 2158, 32871, 19065, 85935, 1945, 15475, 56466, 8471, 926, 74090, 35495, 99756, 86156, 6281, 56314, 65942, 41231, 6450, 61806, 42625, 46827, 14516, 48123, 16479, 32585, 20568, 47104, 60418, 32153, 22460, 71268, 15017, 96943, 52340, 85459, 71347, 42951, 18235, 71265, 19623, 71866, 16774, 21209, 35161, 22208, 78093, 25862, 70244, 85401, 82804, 2126, 45895, 41609, 56795, 12287, 4905, 48064, 31944, 25602, 88140, 44552, 78767, 87343, 20274, 75867, 18657, 73908, 48750, 11760, 66158, 55632, 79890, 70327, 36811, 92969, 65002, 25031, 70109, 40913, 2024, 90800, 17972, 77557, 29894, 59866, 76562, 24202, 17915, 64654, 97139, 81663, 61549, 99779, 97771, 75660, 59365, 38655, 32289, 68541, 72424, 90104, 54319, 81036, 16562, 71433, 23847, 84025, 72717, 22499, 8632, 82566, 6799, 3425, 18541, 55935, 38457, 8951, 1015, 46193, 30638, 91231, 48504, 10850, 85885, 27405, 6735, 14557, 95787, 78868, 89683, 62861, 28544, 6439, 78873])"
38.0,1,1,100,8.715073347091675,20619,"Genotype(dna=[40383, 7425, 88109, 45071, 12004, 56442, 16927, 30044, 62661, 35872, 66228, 54765, 556, 81787, 51364, 29075, 17842, 50631, 66758, 76987, 4082, 14742, 79533, 4762, 67258, 75760, 16104, 37958, 5465, 8430, 81298, 83044, 8086, 5668, 78977, 74734, 15091, 59950, 86054, 53511, 40241, 12749, 21340, 57274, 2137, 30508, 29123, 89977, 39766, 96475, 88286, 16959, 54732, 46948, 23079, 49952, 56478, 99696, 2872, 22405, 62182, 7178, 98196, 30159, 28057, 45782, 24643, 75053, 21066, 13939, 41531, 30734, 10459, 84958, 83006, 78797, 95340, 74057, 6285, 57420, 50135, 48320, 58559, 71756, 65569, 75291, 78236, 83334, 64687, 45829, 10918, 66503, 24569, 28911, 27803, 35337, 87085, 80812, 1105, 30457, 69512, 89046, 60378, 45359, 30471, 91328, 48786, 95910, 1607, 61577, 98764, 27837, 84247, 8715, 29839, 69332, 21931, 6370, 9106, 18237, 44642, 3519, 78789, 74983, 77901, 22, 19131, 28248, 16278, 43224, 63482, 43489, 37050, 3318, 21308, 97142, 87701, 25962, 58098, 78834, 58298, 79856, 97453, 68056, 65924, 62724, 66789, 26377, 53202, 89878, 50665, 48457, 23182, 69518, 48924, 73603, 30091, 85961, 16224, 93763, 61375, 94423, 30062, 16293, 6989, 42006, 2223, 39614, 55292, 48354, 53328, 23644, 94610, 56585, 7553, 15611, 98052, 43215, 45992, 65865, 33366, 76834, 47281, 47071, 24326, 37724, 78897, 13434, 55492, 46648, 39688, 88608, 91070, 81361, 94587, 6996, 38578, 73254, 43947, 15848, 47793, 97522, 90468, 37919, 24335, 97386, 49953, 48184, 9591, 74730, 65599, 9591, 19150, 79027, 26767, 45552, 61594, 74324, 90453, 3425, 51601, 11032, 33708, 73624, 94204, 25809, 18694, 11395, 61065, 85537, 77253, 86017, 43611, 61107, 13924, 16594, 13570, 11270, 36926, 37140, 56275, 73277, 38120, 31773, 69586, 75495, 99106, 45196, 34201, 17184, 42452, 5796, 54343, 41400, 58140, 93250])"
